1 22 68 32 19 37 68 28 27 27 17 33 28
2 22 69 41 39 33 5 26 38 22 10 34 28
3 22 57 42 37 31 57 22 45 32 15 34 28
4 22 76 24 19 33 43 24 25 20 27 34 27
5 22 82 43 45 23 1 11 26 30 23 33 28
6 22 65 32 20 35 60 15 41 23 23 33 27
7 22 50 9 7 25 3 23 34 28 11 34 27
8 22 102 22 25 30 36 13 38 17 7 33 28
9 22 118 34 23 34 65 18 37 32 12 33 28
10 22 164 12 15 30 1 14 21 26 23 33 27
11 22 219 30 33 32 8 25 24 32 19 33 27
12 22 219 19 21 21 1 16 22 29 23 33 27
13 22 43 26 30 32 43 20 28 27 9 33 28
14 22 88 28 28 31 39 19 28 27 13 33 28
15 22 72 35 20 39 1 23 27 20 19 33 27
16 22 170 22 26 20 19 20 21 31 26 33 27
17 22 80 38 28 31 1 25 18 28 26 34 27
18 22 136 29 33 30 1 24 34 26 19 33 28
19 22 169 35 20 32 71 21 42 29 22 33 27
20 22 192 39 41 28 109 25 33 31 18 33 27
21 22 63 32 43 24 1 18 35 25 18 33 28
22 22 92 31 9 36 30 24 11 27 31 34 27
23 22 57 20 25 19 45 18 14 26 26 34 28
24 22 249 18 19 21 1 15 5 22 29 34 27
25 22 89 28 34 24 1 17 26 24 19 33 28
26 22 99 31 27 40 1 26 47 32 7 34 28
27 22 93 23 28 24 30 20 17 28 26 33 27
28 22 1 26 29 36 27 16 47 17 1 33 27
29 22 163 42 39 31 1 24 27 26 25 33 27
30 22 88 19 22 31 1 17 20 28 19 33 27
31 22 120 25 13 32 16 27 45 23 16 33 27
32 22 145 26 22 35 51 17 33 26 13 33 28
33 22 60 39 40 28 29 20 44 26 11 33 28
34 22 49 21 22 27 1 26 23 33 30 34 27
35 22 83 38 28 28 23 17 33 35 25 33 28
36 22 80 30 28 33 34 22 21 29 19 33 27
37 22 107 32 23 35 1 23 20 19 33 34 28
38 22 70 40 39 28 45 25 53 28 1 34 28
39 22 119 42 48 23 13 17 48 26 18 33 28
40 22 121 42 35 34 1 17 41 20 15 33 28
41 22 63 25 29 32 29 28 32 21 3 33 28
42 22 50 21 23 31 67 30 33 22 14 33 27
43 22 67 35 27 22 1 20 18 23 25 33 27
44 22 143 35 23 42 19 29 46 29 8 33 27
45 22 56 37 36 28 72 25 34 32 18 33 28
46 22 67 20 18 27 18 22 28 25 23 33 27
47 22 26 16 30 23 31 22 43 23 1 33 28
48 22 114 33 26 27 86 23 22 23 25 33 27
49 22 109 15 37 17 1 15 38 15 11 33 28
50 22 121 37 23 42 1 22 38 30 14 33 28
51 22 102 31 24 31 1 19 29 26 17 33 28
52 22 140 16 24 22 10 18 22 28 24 33 27
53 22 99 46 22 36 30 23 23 33 27 34 27
54 22 70 38 32 37 48 23 25 31 18 34 28
55 22 89 27 25 39 60 26 40 21 16 33 28
56 22 106 26 9 41 81 17 25 35 32 34 27
57 22 63 22 8 27 1 20 25 37 21 33 27
58 22 69 38 35 26 68 19 27 28 25 34 28
59 22 48 33 43 17 12 22 30 22 14 33 27
60 22 82 27 17 39 19 24 44 30 7 33 27
61 22 150 44 28 29 66 22 21 29 24 33 28
62 22 119 34 24 37 19 21 24 31 22 33 28
63 22 53 31 32 31 1 17 15 24 21 33 27
64 22 85 39 34 28 25 26 28 36 25 34 27
65 22 74 41 39 27 1 17 20 27 21 33 28
66 22 69 28 26 29 54 22 37 26 9 33 28
67 22 95 28 18 35 64 30 33 24 17 33 27
68 22 191 40 22 28 71 18 25 31 23 33 27
69 22 147 25 14 29 17 28 23 36 25 33 27
70 22 164 30 21 32 21 24 29 30 18 33 28
71 22 68 25 25 33 2 19 35 29 13 33 28
72 22 112 34 14 33 18 19 9 36 37 34 27
73 22 83 19 31 28 1 22 31 29 12 33 27
74 22 105 17 26 29 1 18 6 30 33 34 27
75 22 94 22 41 14 29 24 27 24 25 33 28
76 22 62 21 21 34 36 25 51 32 8 33 27
77 22 63 37 34 29 28 27 17 32 30 34 28
78 22 93 24 11 37 42 19 27 23 23 33 28
79 22 113 28 13 28 24 21 29 26 47 34 27
80 22 81 45 34 32 57 18 25 25 24 34 28
81 22 87 14 18 29 21 22 33 17 16 33 28
82 22 97 38 30 34 57 22 21 27 24 34 28
83 22 62 34 34 33 41 20 50 30 1 34 27
84 22 98 31 34 28 46 22 16 27 31 34 28
85 22 95 36 35 25 7 20 26 26 19 34 28
86 22 231 35 34 30 1 16 14 25 28 34 27
87 22 124 44 29 27 12 22 15 26 31 34 28
88 22 142 18 19 31 1 17 15 25 35 34 27
89 22 67 33 35 22 24 16 18 14 30 34 28
90 22 95 27 28 24 1 22 15 20 28 34 27
91 22 118 25 25 33 47 18 50 32 12 33 28
92 22 238 8 20 32 1 25 37 61 15 33 28
93 22 67 22 33 21 12 15 14 31 30 34 27
94 22 112 32 37 31 34 18 28 26 17 33 28
95 22 101 39 45 22 51 25 38 36 18 33 27
96 22 78 28 25 31 13 20 45 29 12 33 28
97 22 86 35 31 34 19 19 29 27 15 33 28
98 22 76 38 27 37 84 25 27 18 23 33 28
99 22 93 26 19 31 46 24 41 34 14 33 28
100 22 89 24 22 28 34 21 39 17 13 33 28
101 22 87 41 46 25 60 22 28 26 16 33 28
102 22 72 36 19 28 85 18 21 32 32 34 27
103 22 163 21 18 32 16 20 27 30 26 33 27
104 22 70 45 47 23 44 14 26 30 35 34 28
105 22 120 40 20 31 45 17 14 28 32 34 28
106 22 149 35 27 26 28 21 21 26 21 33 27
107 22 88 10 19 25 7 23 45 30 6 33 27
108 22 102 37 29 30 87 27 43 37 17 33 28
109 22 122 39 32 29 26 20 40 26 16 34 28
110 22 84 10 14 27 14 16 19 24 26 34 27
111 22 133 22 14 36 1 21 12 35 36 34 27
112 22 74 37 42 30 1 22 27 30 16 33 28
113 22 63 27 18 30 56 22 51 30 10 33 28
114 22 66 24 28 29 84 27 47 27 13 34 28
115 22 81 34 22 36 35 20 34 31 23 33 28
116 22 91 44 35 34 67 21 33 33 20 33 28
117 22 84 15 5 27 1 23 11 29 23 33 27
118 22 56 26 37 28 51 20 44 27 13 33 28
119 22 311 33 22 32 107 30 46 26 12 33 28
120 22 83 35 27 28 66 24 23 20 33 34 28
121 22 70 36 45 22 1 18 23 26 23 33 28
122 22 118 28 41 24 69 22 46 29 7 33 28
123 22 102 36 33 37 1 20 35 27 18 33 28
124 22 114 25 14 24 1 22 19 26 25 33 27
125 22 135 22 31 29 18 19 39 28 8 33 27
126 22 188 26 40 26 12 46 36 20 10 33 28
127 22 140 32 42 25 59 18 33 45 16 33 28
128 22 86 35 36 33 1 17 22 34 28 34 27
129 22 50 33 26 38 71 22 42 28 12 33 28
130 22 93 40 30 32 44 19 42 27 16 34 28
131 22 153 22 14 31 14 21 34 24 17 33 28
132 22 96 25 22 32 1 20 19 28 25 33 27
133 22 69 19 24 24 1 23 4 25 37 34 28
134 22 41 12 15 33 7 25 47 28 7 33 27
135 22 99 32 20 25 23 27 29 17 20 33 28
136 22 138 41 25 37 85 28 41 19 14 33 27
137 22 107 24 18 26 26 18 19 33 29 34 27
138 22 163 26 13 30 25 22 26 34 33 34 28
139 22 69 33 12 40 11 27 12 29 30 34 28
140 22 51 16 19 29 16 24 39 22 17 33 27
141 22 75 43 23 34 44 18 25 28 25 33 27
142 22 79 34 19 31 39 26 20 31 28 33 27
143 22 63 36 21 35 1 20 15 33 36 34 27
144 22 77 23 14 31 9 22 27 25 23 33 27
145 22 67 33 30 29 3 27 23 30 22 33 27
146 22 87 34 21 41 107 21 33 24 17 33 28
147 22 58 25 28 23 69 31 34 23 19 33 28
148 22 161 22 28 29 18 18 41 35 21 33 27
149 22 80 25 18 34 13 14 32 34 25 33 27
150 22 92 36 40 27 1 22 41 28 8 33 28
151 22 83 35 39 26 1 23 32 27 16 33 28
152 22 84 37 25 34 40 18 43 30 12 33 28
153 22 131 29 17 29 25 20 22 28 23 33 28
154 22 56 22 26 18 1 20 45 31 11 33 27
155 22 95 31 27 31 13 23 43 29 12 33 28
156 22 162 32 28 29 2 29 26 33 27 34 28
157 22 153 26 1 50 38 21 1 24 45 34 27
158 22 46 18 24 29 1 24 42 35 12 33 27
159 22 184 35 42 28 26 22 39 27 9 33 28
160 22 58 24 20 30 3 22 20 25 21 33 28
161 22 149 25 21 33 3 28 20 17 21 33 27
162 22 188 37 28 32 69 26 32 30 16 34 28
163 22 116 25 28 32 33 19 41 23 15 33 27
164 22 125 39 43 22 40 24 27 26 19 33 28
165 22 94 37 24 34 1 18 14 34 37 34 27
166 22 78 35 28 28 22 17 22 22 20 34 28
167 22 138 25 27 25 9 22 1 32 36 34 28
168 22 109 35 40 22 43 22 39 27 12 33 28
169 22 48 24 27 25 54 28 42 26 11 33 28
170 22 62 29 21 40 1 23 44 31 18 33 28
171 22 97 21 10 35 1 19 28 27 22 34 28
172 22 53 29 29 28 29 31 52 27 9 33 28
173 22 129 40 42 29 1 28 32 25 13 33 28
174 22 86 29 13 33 1 21 20 24 26 33 27
175 22 201 30 22 32 59 22 44 32 16 33 27
176 22 95 16 29 23 31 22 42 22 10 33 27
177 22 54 17 21 35 1 27 39 26 13 33 28
178 22 80 28 37 27 26 20 52 21 4 33 28
179 22 135 20 14 28 1 16 23 26 23 33 27
180 22 110 29 24 24 1 19 24 27 18 33 28
181 22 117 42 45 27 1 13 41 30 20 33 28
182 22 82 31 31 29 1 18 18 20 20 33 27
183 22 55 27 34 34 1 24 32 29 18 33 28
184 22 145 10 20 24 1 21 28 27 29 34 27
185 22 97 46 42 23 1 22 28 27 27 34 27
186 22 104 31 24 32 84 27 45 30 21 33 27
187 22 115 35 23 31 40 22 19 28 21 33 28
188 22 71 16 6 25 1 21 14 22 29 34 27
189 22 84 18 9 32 1 22 23 31 28 34 27
190 22 80 31 24 35 22 27 38 25 18 33 28
191 22 208 31 22 34 42 29 37 28 24 33 27
192 22 97 24 7 35 1 22 22 35 32 34 27
193 22 91 29 32 21 1 17 9 14 25 33 27
194 22 195 39 26 32 27 25 30 28 20 33 27
195 22 143 34 20 28 12 20 14 29 35 34 27
196 22 108 42 46 23 42 22 39 22 11 34 28
197 22 122 42 23 31 12 15 19 28 37 34 28
198 22 200 15 21 33 20 19 40 26 12 33 27
199 22 85 39 30 27 27 23 30 33 23 33 28
200 22 83 30 11 38 42 27 36 34 26 34 28
201 22 84 27 8 34 19 22 30 31 28 34 27
202 22 538 42 33 27 24 23 29 29 25 34 28
203 22 119 36 36 30 1 19 11 24 17 33 27
204 22 117 27 18 36 20 20 29 21 23 33 27
205 22 76 30 31 21 34 22 43 26 14 34 28
206 22 108 14 8 32 1 14 1 27 34 34 27
207 22 158 32 28 38 1 23 33 37 25 34 28
208 22 61 25 37 23 20 19 35 30 1 33 28
209 22 77 22 22 28 59 25 33 20 16 33 28
210 22 336 21 17 26 17 22 26 20 27 34 27
211 22 113 39 39 30 1 21 14 26 24 33 27
212 22 56 34 28 35 52 22 39 30 21 33 28
213 22 62 11 25 25 9 22 43 29 19 33 27
214 22 147 48 17 44 4 25 22 36 37 34 27
215 22 62 20 14 30 69 19 39 25 16 33 27
216 22 147 38 27 31 69 25 49 32 15 33 28
217 22 74 32 17 34 20 27 9 30 23 33 27
218 22 104 25 9 41 3 20 25 32 28 34 27
219 22 179 32 14 34 39 21 36 24 23 34 27
220 22 76 17 14 32 1 25 34 28 18 33 28
221 22 33 20 35 27 1 14 40 28 14 33 28
222 22 67 40 32 26 66 20 32 19 17 33 28
223 22 111 36 29 38 1 21 13 28 20 33 28
224 22 78 31 27 29 43 23 30 34 19 33 27
225 22 68 38 48 26 66 25 46 29 8 34 28
226 22 153 18 11 28 54 19 36 26 18 33 27
227 22 118 41 27 41 29 23 14 20 28 34 28
228 22 124 39 20 28 35 22 18 32 33 34 28
229 22 112 42 27 39 2 13 24 31 27 33 28
230 22 140 46 45 20 67 26 22 29 19 33 28
231 22 117 27 23 32 25 28 30 29 24 33 28
232 22 68 33 27 33 33 23 42 25 18 33 28
233 22 72 39 47 21 2 21 24 26 16 33 28
234 22 70 35 33 32 1 20 20 22 13 33 27
235 22 39 18 34 18 21 28 32 33 13 33 27
236 22 87 35 40 28 57 28 34 21 11 33 28
237 22 101 36 5 46 20 13 1 22 39 34 27
238 22 74 23 20 32 1 20 35 30 18 33 28
239 22 89 15 8 41 1 24 27 30 21 33 27
240 22 152 31 34 26 31 24 33 23 12 33 28
241 22 154 36 16 23 79 19 23 23 27 33 27
242 22 107 46 45 37 12 22 33 20 18 33 27
243 22 80 38 36 27 78 20 38 27 12 33 28
244 22 57 32 39 25 53 25 45 23 20 33 27
245 22 71 34 29 36 34 15 28 22 23 33 28
246 22 56 38 47 22 1 22 32 20 13 33 28
247 22 67 36 34 33 20 20 18 24 15 33 28
248 22 175 36 26 28 45 27 22 29 32 34 28
249 22 66 33 11 34 26 23 16 32 30 34 27
250 22 91 30 29 29 77 22 30 26 17 33 28
251 22 106 25 6 37 45 22 29 25 32 34 27
252 22 180 21 20 28 25 26 32 27 25 33 28
253 22 133 34 39 22 13 17 17 29 24 33 28
254 22 89 23 9 38 44 30 29 35 28 34 28
255 22 103 31 24 34 10 14 28 27 30 34 28
256 22 67 37 40 21 1 20 44 31 24 34 28
257 22 92 38 38 27 1 16 39 18 18 33 28
258 22 151 21 1 23 1 19 6 30 31 34 28
259 22 78 25 22 36 1 20 41 29 11 33 28
260 22 225 31 28 29 44 16 13 17 26 33 28
261 22 48 26 34 31 1 18 20 27 22 33 27
262 22 106 38 22 31 31 26 44 19 17 33 27
263 22 111 36 31 30 1 17 11 29 33 34 28
264 22 69 38 39 31 30 19 28 27 23 33 28
265 22 92 25 8 36 9 14 20 25 30 34 27
266 22 68 38 32 31 54 18 8 27 29 34 28
267 22 157 26 29 16 1 20 6 24 26 33 27
268 22 43 29 35 26 37 24 29 23 15 33 28
269 22 94 32 21 29 1 23 30 36 21 33 27
270 22 71 26 33 26 1 23 42 28 13 33 28
271 22 358 20 31 16 16 30 49 29 11 33 27
272 22 275 52 25 38 35 23 31 28 27 34 28
273 22 88 19 20 28 28 23 31 31 24 33 27
274 22 63 14 15 26 60 21 35 24 11 33 27
275 22 79 20 15 34 50 22 21 25 29 34 27
276 22 86 26 31 15 9 16 38 23 17 33 27
277 22 84 36 12 37 37 30 28 34 36 34 28
278 22 152 28 16 27 1 14 10 28 33 34 27
279 22 140 40 33 39 43 20 40 34 17 33 28
280 22 122 16 19 25 46 18 25 22 16 33 27
281 22 78 41 36 32 13 28 19 29 23 34 28
282 22 64 26 23 27 55 21 28 31 27 34 27
283 22 114 32 28 23 48 22 25 29 33 34 27
284 22 91 38 35 29 17 16 30 28 18 33 28
285 22 121 38 32 32 1 22 7 28 31 34 27
286 22 174 41 32 33 26 19 39 30 20 34 28
287 22 152 35 35 30 41 21 60 27 14 33 28
288 22 131 34 24 31 50 21 19 30 31 34 27
289 22 54 26 20 31 19 17 23 29 19 33 28
290 22 47 43 46 29 29 22 35 24 15 33 28
291 22 77 23 32 31 73 27 26 17 13 33 28
292 22 133 34 31 20 56 25 23 32 24 33 27
293 22 80 31 26 29 57 21 37 21 17 33 27
294 22 59 16 26 19 1 24 27 20 16 33 27
295 22 56 31 34 28 1 25 39 30 19 33 28
296 22 137 28 47 16 22 20 22 18 10 33 27
297 22 159 36 49 14 27 21 30 30 19 33 28
298 22 52 37 27 29 44 21 44 16 15 33 28
299 22 79 42 41 29 76 21 37 26 16 34 28
300 22 120 40 33 36 7 25 30 28 25 34 28
301 22 88 35 39 37 26 22 30 21 10 33 28
302 22 81 39 19 37 62 24 42 28 18 33 28
303 22 52 38 40 28 32 22 23 33 24 33 28
304 22 100 14 31 22 1 19 27 29 22 33 27
305 22 77 29 24 36 23 26 36 31 19 33 28
306 22 94 28 27 21 1 23 3 29 27 33 28
307 22 53 40 38 33 6 16 29 35 34 34 28
308 22 121 34 29 23 2 21 17 30 35 34 28
309 22 215 37 17 35 20 16 16 27 34 34 28
310 22 83 9 18 29 1 23 33 32 15 33 27
311 22 91 33 29 31 40 18 24 28 20 34 27
312 22 62 27 16 35 56 28 40 22 14 33 27
313 22 83 43 31 37 34 20 27 31 15 34 28
314 22 66 35 47 22 1 19 37 24 13 33 28
315 22 134 34 22 37 23 26 48 31 7 33 28
316 22 133 40 32 28 19 25 1 31 37 34 28
317 22 203 36 31 26 26 19 38 22 15 33 28
318 22 214 37 14 34 91 21 8 17 27 34 28
319 22 156 9 23 22 1 27 25 25 23 33 27
320 22 45 37 41 29 23 13 38 24 10 33 28
321 22 69 19 27 21 9 24 21 22 25 33 27
322 22 133 15 10 30 20 24 39 24 20 33 27
323 22 151 38 26 34 57 21 43 25 8 33 27
324 22 92 29 24 34 1 17 20 22 32 34 28
325 22 45 34 31 31 67 20 50 28 15 33 28
326 22 39 33 22 38 55 20 48 26 13 34 27
327 22 143 39 26 36 58 27 33 18 14 33 28
328 22 210 42 17 35 33 20 24 29 27 34 27
329 22 103 26 18 32 1 17 31 29 24 33 28
330 22 54 37 41 37 15 21 29 22 18 33 27
331 22 224 23 26 18 23 19 23 27 33 34 27
332 22 155 27 29 26 1 26 26 32 24 33 27
333 22 138 26 39 26 6 24 49 26 1 33 28
334 22 56 29 37 22 31 23 25 29 21 33 28
335 22 59 27 21 22 32 21 32 34 24 33 27
336 22 75 19 27 21 24 26 25 25 27 34 27
337 22 125 22 26 33 9 24 34 25 19 33 28
338 22 70 30 21 29 65 19 38 25 18 33 28
339 22 61 27 37 31 15 19 27 29 16 33 28
340 22 85 16 19 29 1 19 26 27 17 33 28
341 22 102 43 37 32 1 27 21 31 28 34 28
342 22 28 31 43 22 19 18 39 28 16 33 28
343 22 111 33 17 32 63 21 38 19 13 33 28
344 22 99 46 25 33 1 13 12 23 33 34 28
345 22 117 31 19 28 1 22 1 29 34 34 27
346 22 105 41 19 37 27 24 23 31 25 33 27
347 22 76 42 36 28 15 26 20 30 29 34 28
348 22 50 18 15 36 1 23 17 33 29 34 27
349 22 413 36 36 25 1 25 40 24 12 33 28
350 22 81 23 33 17 45 18 28 30 25 33 27
351 22 82 35 34 30 1 20 19 27 30 34 27
352 22 179 26 21 27 49 23 32 27 13 33 27
353 22 68 37 32 32 42 24 37 28 13 34 28
354 22 106 34 32 30 4 18 21 28 29 34 28
355 22 72 29 30 20 1 23 17 32 32 34 27
356 22 108 34 30 33 58 26 35 28 6 33 28
357 22 63 31 33 24 33 22 3 26 37 34 28
358 22 92 30 24 32 21 24 10 23 25 33 28
359 22 224 45 33 27 20 19 26 28 22 33 28
360 22 119 24 25 24 7 16 37 25 14 33 28
361 22 57 14 32 24 1 23 44 29 9 33 28
362 22 112 28 24 33 7 16 22 29 26 33 27
363 22 193 22 15 26 1 21 25 25 30 34 27
364 22 143 39 38 24 2 25 28 25 23 33 27
365 22 81 22 23 31 11 20 49 11 13 33 27
366 22 185 23 18 27 46 18 29 27 25 33 28
367 22 57 34 25 28 6 22 33 30 13 33 28
368 22 71 29 29 36 1 22 32 35 17 33 27
369 22 57 27 19 33 71 23 40 26 12 33 27
370 22 187 34 32 26 17 16 27 27 21 33 28
371 22 53 33 39 26 1 23 28 23 18 33 28
372 22 78 34 18 44 2 24 35 29 18 33 27
373 22 156 38 27 41 48 19 45 27 15 34 28
374 22 84 9 20 20 1 23 4 24 27 34 27
375 22 101 23 35 25 32 19 41 34 5 34 28
376 22 86 20 21 22 63 18 29 29 25 33 27
377 22 103 41 26 40 51 21 24 23 29 34 28
378 22 104 21 17 27 1 20 27 27 23 33 27
379 22 83 21 28 29 1 27 36 28 21 33 28
380 22 94 26 21 34 1 21 34 24 18 33 27
381 22 61 21 28 31 1 25 39 24 11 33 28
382 22 70 13 23 19 18 19 30 22 17 33 27
383 22 87 41 35 30 51 21 32 14 21 33 28
384 22 81 41 32 27 23 25 23 27 23 33 28
385 22 128 33 20 35 7 24 32 24 18 33 28
386 22 103 33 32 28 33 25 30 30 30 34 28
387 22 143 18 31 20 44 19 47 30 14 33 28
388 22 124 20 4 35 9 19 24 35 36 34 27
389 22 141 38 33 27 17 25 30 32 23 33 28
390 22 103 25 16 32 19 24 35 31 14 33 28
391 22 62 22 11 31 38 20 45 28 14 33 27
392 22 248 35 20 43 13 27 44 26 8 33 27
393 22 153 13 21 31 1 22 38 33 12 33 27
394 22 105 19 15 35 1 27 36 25 12 33 27
395 22 79 19 28 17 22 16 19 21 22 33 27
396 22 79 24 5 40 1 31 23 31 33 34 28
397 22 248 46 25 40 90 26 43 33 19 33 28
398 22 104 26 9 36 16 15 22 33 32 34 27
399 22 247 25 27 40 27 18 40 23 13 33 27
400 22 101 34 37 23 16 24 19 17 20 33 28
401 22 123 28 6 37 12 30 34 31 21 33 28
402 22 102 33 31 28 39 26 34 28 17 33 28
403 22 154 31 33 34 51 27 42 32 9 33 28
404 22 88 35 23 33 76 18 31 32 18 33 28
405 22 71 33 11 33 42 24 30 23 23 33 28
406 22 152 30 38 22 24 19 20 30 29 34 28
407 22 199 25 17 31 35 18 22 24 25 33 28
408 22 56 35 43 32 1 20 42 25 13 33 28
409 22 58 21 35 14 1 18 34 17 10 33 28
410 22 85 32 33 26 79 21 30 31 23 33 28
411 22 50 35 44 25 1 24 23 22 21 33 28
412 22 94 24 32 23 28 23 43 23 9 33 27
413 22 115 18 28 19 99 19 32 16 12 33 27
414 22 195 26 22 30 3 17 23 17 20 33 27
415 22 129 37 38 24 1 24 40 19 9 33 27
416 22 59 32 24 33 49 25 27 31 11 33 28
417 22 227 28 21 31 1 26 44 32 11 33 28
418 22 77 30 35 28 1 19 28 32 18 33 28
419 22 268 35 34 24 1 22 8 22 32 34 28
420 22 114 26 7 34 34 15 14 33 39 34 28
421 22 114 41 17 28 3 19 10 25 38 34 28
422 22 86 32 37 33 1 24 42 34 10 33 27
423 22 90 16 15 29 23 25 29 18 17 33 27
424 22 114 31 44 24 1 24 42 16 13 33 28
425 22 101 36 13 39 18 19 13 32 27 34 27
426 22 131 30 21 26 2 15 18 31 34 34 27
427 22 99 29 26 37 95 19 34 30 16 33 28
428 22 195 35 24 37 72 22 40 26 15 34 28
429 22 89 11 6 29 14 18 32 32 20 33 27
430 22 86 29 17 41 38 25 41 15 11 33 27
431 22 75 37 18 45 1 20 16 21 29 34 28
432 22 78 19 22 32 1 28 29 32 14 33 27
433 22 69 36 27 32 22 21 39 21 7 34 28
434 22 76 14 10 30 7 22 26 22 20 33 27
435 22 90 28 23 23 69 25 31 25 14 33 27
436 22 117 33 30 26 1 26 20 34 25 33 28
437 22 85 12 9 32 28 21 34 28 24 33 27
438 22 116 24 29 33 1 24 37 28 12 33 28
439 22 129 23 28 29 2 21 37 17 17 33 28
440 22 81 31 44 24 1 16 27 28 14 33 27
441 22 75 20 32 25 1 17 35 31 22 33 27
442 22 126 40 38 31 1 16 33 37 22 34 28
443 22 232 32 15 25 49 23 11 24 36 34 27
444 22 82 24 33 23 7 25 34 27 23 33 28
445 22 497 39 38 20 78 17 22 24 16 33 27
446 22 103 32 36 29 61 27 34 22 11 34 28
447 22 86 37 25 35 93 20 33 31 18 34 28
448 22 102 39 12 39 96 21 17 28 36 34 28
449 22 129 17 12 33 1 23 29 30 29 34 27
450 21 1 16 28 23 50 25 49 26 1 33 27
451 22 61 29 26 24 44 17 25 28 21 33 28
452 22 113 32 36 27 30 24 39 18 11 33 28
453 22 120 38 31 30 47 16 14 26 32 34 27
454 22 129 21 21 35 1 27 29 39 12 33 28
455 22 69 37 33 22 69 14 38 30 21 33 28
456 22 85 156 23 24 1 26 38 22 5 33 27
457 22 161 38 25 35 30 21 20 18 28 34 27
458 22 158 30 32 31 22 18 39 21 12 33 28
459 22 139 24 29 30 1 19 26 25 20 33 27
460 22 77 32 26 35 62 23 37 30 9 33 28
461 22 105 26 14 34 16 11 11 31 37 34 27
462 22 100 37 28 35 28 19 32 28 15 33 28
463 22 103 41 26 31 82 24 38 33 20 33 27
464 22 104 23 14 38 74 15 22 17 21 33 27
465 22 39 33 43 22 1 21 37 21 12 33 27
466 22 77 18 22 26 42 16 33 27 17 33 27
467 22 134 51 24 34 60 25 13 26 29 34 28
468 22 101 28 9 36 46 19 24 27 25 34 28
469 22 111 24 23 31 35 20 37 20 13 33 27
470 22 114 40 28 28 65 26 27 32 34 34 27
471 22 146 20 26 29 1 17 4 25 36 34 27
472 22 169 38 14 48 64 22 23 23 25 33 27
473 22 73 26 29 26 1 23 34 10 10 33 27
474 22 43 31 45 23 12 19 24 26 20 33 28
475 22 114 38 38 30 18 21 22 27 26 34 28
476 22 122 31 22 38 36 25 32 29 12 33 28
477 22 67 33 20 35 40 18 21 26 28 34 28
478 22 113 42 25 38 1 21 15 37 27 34 28
479 22 114 32 36 18 3 22 8 28 31 34 28
480 22 165 38 23 41 1 17 20 32 31 34 27
481 22 94 22 24 32 44 24 39 21 11 33 27
482 22 186 31 18 41 26 17 39 23 12 33 28
483 22 72 38 27 37 4 23 35 23 9 33 28
484 22 128 22 9 41 12 18 21 25 21 33 27
485 22 77 40 33 33 43 30 41 24 22 33 28
486 22 67 14 22 26 53 20 38 31 9 33 27
487 22 95 28 27 23 52 26 27 29 18 33 27
488 22 114 28 36 28 45 24 40 20 8 33 27
489 22 30 26 40 28 1 15 44 28 18 33 28
490 22 142 34 22 34 23 22 38 35 21 33 27
491 22 352 26 39 26 1 17 31 28 25 33 28
492 22 148 55 31 33 38 25 9 30 32 34 28
493 22 126 31 34 31 57 21 27 27 17 33 28
494 22 138 32 35 20 8 21 17 24 22 33 27
495 22 136 24 19 34 41 24 39 24 24 33 27
496 22 55 21 17 32 34 24 36 25 21 33 27
497 22 80 31 18 39 89 18 19 23 27 34 27
498 22 163 23 34 27 19 18 34 22 18 33 27
499 22 62 21 34 18 22 26 30 26 26 33 28
500 22 159 28 7 40 1 24 26 34 37 34 27
501 22 148 30 14 40 1 18 28 24 23 33 27
502 22 258 21 27 23 18 25 16 29 23 33 28
503 22 60 35 37 37 1 21 23 24 22 33 27
504 22 35 33 39 34 20 15 41 32 16 34 28
505 22 145 31 34 22 16 22 43 22 13 33 27
506 22 162 40 33 42 1 18 28 20 24 33 28
507 22 171 33 4 42 50 19 23 24 30 34 28
508 22 80 42 30 35 1 18 22 12 30 34 28
509 22 67 38 36 36 44 23 45 21 12 33 27
510 22 120 34 30 32 1 26 7 36 32 34 28
511 22 80 35 17 41 1 17 8 25 27 34 27
512 22 193 39 33 30 20 21 27 28 22 33 28
513 22 147 34 36 17 25 22 4 28 28 34 27
514 22 158 16 18 23 38 21 17 19 22 33 27
515 22 78 24 39 20 1 17 17 28 20 33 27
516 22 209 34 30 31 55 21 45 27 15 34 28
517 22 97 36 26 34 21 24 26 28 31 34 27
518 22 96 21 26 22 1 17 13 28 24 33 27
519 22 109 21 24 29 19 29 28 20 17 33 27
520 22 66 31 42 20 11 18 35 20 12 33 28
521 22 129 28 34 35 1 13 43 24 12 33 28
522 22 93 32 23 23 52 18 20 28 33 34 28
523 22 106 12 20 23 21 22 33 32 15 33 27
524 22 94 27 15 36 22 26 40 24 12 33 28
525 22 97 22 20 28 1 15 34 32 21 33 27
526 22 81 14 29 22 1 21 22 32 26 34 27
527 22 126 39 23 34 27 15 22 34 35 34 28
528 22 136 29 38 20 39 23 31 22 9 33 27
529 22 108 32 37 29 14 20 30 25 17 33 28
530 22 64 35 27 31 38 26 47 32 15 33 27
531 22 77 32 33 32 61 14 41 28 22 33 28
532 22 271 45 14 41 29 20 12 27 36 34 27
533 22 184 32 27 28 1 24 18 23 22 33 27
534 22 166 31 18 31 71 18 34 26 19 33 28
535 22 55 28 32 19 22 21 23 27 22 33 27
536 22 309 15 25 25 1 24 29 27 18 33 27
537 22 92 18 18 30 28 22 28 21 14 33 27
538 22 170 36 24 27 31 20 11 31 30 34 28
539 22 96 30 27 30 69 24 38 26 15 33 27
540 22 413 19 26 19 1 23 13 16 26 34 28
541 22 100 44 21 32 10 29 22 26 30 34 28
542 22 147 17 9 35 1 16 17 21 25 33 28
543 22 125 36 25 31 44 18 34 38 18 33 28
544 22 66 11 13 33 46 20 23 22 14 33 27
545 22 84 38 27 31 89 15 30 22 25 34 28
546 22 52 35 33 33 3 21 47 31 14 33 28
547 22 207 35 28 30 13 24 35 36 18 33 27
548 22 99 43 20 30 27 16 17 32 27 34 28
549 22 80 34 37 30 57 24 20 22 19 33 28
550 22 60 22 11 29 1 25 29 28 25 33 27
551 22 70 22 13 32 33 19 28 31 24 33 27
552 22 101 37 24 30 68 24 48 28 16 33 28
553 22 48 30 29 29 30 24 38 30 18 33 28
554 22 121 36 48 23 37 29 25 26 13 33 28
555 22 92 35 28 32 38 23 29 32 23 33 28
556 22 134 29 27 30 44 19 7 22 23 33 28
557 22 62 39 43 18 24 20 25 28 15 33 27
558 22 102 43 34 31 1 29 20 30 33 34 28
559 22 461 29 26 29 1 16 15 21 16 33 28
560 22 100 45 31 35 1 20 21 28 21 33 27
561 22 40 36 47 16 20 28 40 31 8 33 28
562 22 73 21 22 23 63 17 27 14 17 33 28
563 22 177 18 13 38 9 22 39 19 20 33 27
564 22 74 31 26 35 32 24 38 26 14 33 28
565 22 76 24 31 28 1 24 32 20 16 33 28
566 22 145 15 22 30 1 25 47 29 17 33 27
567 22 104 37 42 19 1 18 21 23 19 33 27
568 22 152 39 24 26 52 22 27 36 23 34 28
569 22 77 45 39 33 1 24 29 26 15 33 28
570 22 82 34 36 26 7 22 8 34 25 33 28
571 22 78 21 27 24 11 27 57 23 4 33 28
572 22 71 17 13 31 21 21 34 29 23 33 27
573 22 215 41 24 38 43 18 7 34 33 34 28
574 22 93 33 37 30 48 25 43 28 14 33 28
575 22 164 44 30 36 44 20 36 28 24 33 28
576 22 218 20 37 15 1 24 56 31 5 33 27
577 22 198 46 34 34 36 23 39 27 13 34 27
578 22 93 30 11 31 48 21 22 23 25 34 28
579 22 106 45 31 29 1 24 23 31 27 34 27
580 22 101 45 41 28 16 15 17 15 27 34 27
581 22 197 29 40 26 1 27 52 20 1 33 28
582 22 178 22 19 28 25 23 19 21 29 34 27
583 22 85 26 16 28 18 20 37 30 15 33 27
584 22 70 33 23 32 1 15 17 24 35 34 28
585 22 124 30 35 34 1 25 48 21 18 33 28
586 22 173 27 35 20 16 20 24 35 11 33 27
587 22 75 26 27 26 26 26 27 37 23 33 28
588 22 123 42 22 46 38 27 36 38 25 34 28
589 22 43 20 29 33 1 23 54 28 9 33 27
590 22 91 30 3 35 29 24 17 22 35 34 27
591 22 67 21 13 32 37 19 30 17 16 33 27
592 22 58 22 33 26 30 19 38 29 4 33 27
593 22 6 15 25 28 1 26 54 21 1 33 27
594 22 129 25 28 30 33 20 38 31 18 33 27
595 22 72 29 40 21 55 24 17 23 13 33 27
596 22 149 27 17 35 37 20 43 30 14 33 27
597 22 15 19 33 14 23 24 56 30 1 33 27
598 22 150 32 22 26 46 22 22 32 30 34 28
599 22 75 32 34 20 57 22 30 29 12 33 28
600 22 195 39 32 25 6 24 20 24 18 34 27
601 22 102 18 10 34 29 18 39 15 23 33 27
602 22 104 39 29 39 3 22 49 27 22 34 28
603 22 62 34 33 26 21 23 28 30 21 34 28
604 22 131 25 27 27 39 20 26 24 24 33 28
605 22 105 31 44 23 10 20 10 16 22 33 28
606 21 1 26 39 17 19 20 51 23 2 33 27
607 22 88 31 26 28 40 18 6 27 29 34 28
608 22 204 32 20 38 4 18 17 31 25 33 27
609 22 100 9 7 35 8 25 35 24 16 33 27
610 22 129 31 30 21 1 20 41 23 11 33 28
611 22 191 37 41 21 44 19 31 33 18 33 28
612 22 77 31 23 35 60 25 46 32 15 33 28
613 22 71 28 27 34 1 19 11 27 24 33 27
614 22 104 36 21 32 18 23 36 29 17 33 28
615 22 130 39 35 14 24 20 21 26 33 34 27
616 22 156 37 33 28 1 15 11 26 37 34 27
617 22 40 4 11 32 1 24 34 25 20 33 28
618 22 80 19 11 27 1 24 33 29 14 34 28
619 22 129 30 12 40 41 17 28 34 32 34 28
620 22 82 29 37 24 1 17 44 28 12 33 28
621 22 213 33 20 33 68 18 33 24 12 34 28
622 22 59 35 32 32 38 19 15 22 32 34 27
623 22 100 30 29 33 18 27 38 26 21 33 28
624 22 88 26 33 30 37 21 31 20 7 33 27
625 22 232 40 21 35 91 22 31 32 26 34 27
626 22 126 31 27 28 39 16 25 27 27 34 28
627 22 109 33 27 28 25 26 20 28 23 33 27
628 22 144 19 16 29 1 21 38 25 15 33 27
629 22 245 14 18 18 20 26 6 24 30 34 27
630 22 68 30 18 33 29 29 31 26 19 33 27
631 22 80 17 25 17 4 21 21 29 35 34 27
632 22 219 31 28 29 35 25 34 24 23 33 27
633 22 74 21 22 30 1 17 18 21 24 33 27
634 22 56 13 12 27 43 24 24 25 13 33 27
635 22 97 23 28 28 46 23 18 30 13 33 28
636 22 59 37 23 34 75 23 43 29 15 34 28
637 22 181 16 22 27 32 22 49 26 8 33 28
638 22 126 37 16 32 97 17 24 36 36 34 28
639 22 151 29 23 30 1 17 10 27 36 34 28
640 22 65 38 24 39 1 20 23 37 29 34 28
641 40 224 41 26 58 96 53 39 52 35 56 49
642 22 90 31 29 37 32 26 41 25 11 34 28
643 22 144 28 22 32 14 21 6 26 29 34 27
644 22 106 30 21 36 3 21 35 27 17 33 28
645 22 57 26 15 41 54 25 47 28 20 33 27
646 22 44 35 41 21 10 21 33 28 6 33 28
647 22 146 13 18 27 1 22 35 36 20 33 27
648 22 58 9 23 26 39 17 39 28 16 33 28
649 22 78 41 42 24 58 28 44 35 13 34 28
650 22 80 22 39 21 6 21 41 32 16 33 28
651 22 60 24 32 30 78 17 38 22 12 33 28
652 22 82 26 28 22 1 24 35 24 15 33 27
653 22 39 21 24 31 23 24 24 27 21 33 28
654 22 99 39 28 30 38 26 24 30 30 34 27
655 22 84 35 35 30 60 16 25 42 31 34 28
656 22 58 35 41 29 59 23 34 29 18 33 28
657 22 126 39 25 36 68 26 39 34 10 33 28
658 22 104 31 18 35 58 24 26 26 31 34 27
659 22 203 33 12 43 41 17 21 31 29 34 28
660 22 37 21 27 23 26 23 47 32 16 33 27
661 28 275 51 30 40 28 24 33 37 44 41 35
662 22 74 35 27 31 24 16 21 20 14 33 27
663 22 123 29 24 26 75 24 17 20 17 33 28
664 22 69 40 29 32 85 17 17 27 36 34 28
665 22 104 20 16 36 1 26 32 27 15 33 27
666 22 132 33 9 44 83 22 20 21 26 34 27
667 22 122 31 42 14 20 15 23 32 28 34 27
668 22 113 37 29 27 18 23 43 29 13 33 28
669 22 111 36 21 38 65 24 24 29 15 33 28
670 22 63 34 23 31 56 28 40 29 19 33 28
671 22 272 31 19 34 9 19 32 28 24 33 27
672 22 78 25 30 31 11 29 40 25 15 33 28
673 22 99 31 30 32 13 15 20 22 31 34 28
674 22 187 25 6 46 9 22 30 30 19 33 27
675 22 85 23 33 25 1 25 27 30 18 33 27
676 22 186 37 31 22 1 20 1 25 37 34 27
677 22 77 15 25 19 1 13 25 27 18 33 27
678 22 225 34 14 31 87 25 12 15 36 34 27
679 22 138 33 19 33 9 28 29 25 29 34 28
680 22 75 30 35 24 2 23 23 33 18 33 28
681 22 92 34 17 23 67 19 12 38 35 34 27
682 22 78 32 40 25 77 19 36 27 13 33 28
683 22 101 41 14 44 76 19 13 30 34 34 27
684 22 152 36 33 26 41 23 23 28 24 34 28
685 22 86 30 19 29 25 18 15 33 24 33 27
686 22 220 24 23 29 1 27 25 29 26 33 28
687 22 83 27 12 38 66 23 29 25 21 33 28
688 22 115 33 27 32 13 19 42 30 14 33 27
689 22 117 31 27 36 20 28 42 24 12 33 28
690 22 129 25 30 23 2 20 41 22 15 34 28
691 22 62 39 35 32 35 18 33 20 13 33 27
692 22 55 37 33 31 87 25 28 26 18 33 27
693 22 122 39 27 37 23 26 23 33 21 34 28
694 22 94 47 27 39 12 27 16 22 28 34 28
695 22 123 35 40 25 12 28 19 27 22 33 27
696 22 395 32 33 24 24 22 21 26 27 34 27
697 22 192 21 24 23 41 21 25 29 18 33 28
698 22 90 37 30 26 54 19 16 23 22 33 28
699 22 80 24 26 35 32 16 50 28 7 33 28
700 22 143 40 32 26 16 23 32 37 25 33 27
701 22 205 36 36 18 1 19 16 30 27 34 28
702 22 96 10 16 29 1 22 18 29 32 34 27
703 22 39 31 43 14 1 26 39 35 6 33 28
704 22 166 26 25 34 15 26 31 21 9 33 27
705 22 84 42 32 29 13 21 20 34 30 34 27
706 22 283 59 31 57 220 22 20 23 24 33 28
707 22 153 18 20 27 20 21 23 20 23 33 27
708 22 22 18 33 13 34 25 39 22 2 33 27
709 22 187 38 33 32 72 24 42 44 16 33 28
710 22 153 31 26 35 93 21 31 27 14 33 27
711 22 142 15 33 12 31 20 31 19 4 33 27
712 22 284 24 22 33 3 25 33 28 15 33 28
713 22 157 29 71 29 1 27 24 22 18 33 27
714 22 87 25 28 29 53 27 20 28 19 33 28
715 22 299 27 21 35 70 20 46 25 11 33 27
716 22 916 40 22 28 58 24 1 29 49 34 27
717 22 78 16 25 20 12 27 21 28 22 33 27
718 22 101 30 20 34 41 24 40 21 9 33 28
719 21 1 29 38 21 1 22 47 32 5 33 27
720 22 264 26 7 32 21 14 37 40 26 33 28
721 22 191 21 28 21 2 18 14 31 33 34 27
722 22 105 22 22 29 2 23 50 26 7 33 28
723 22 171 29 20 27 88 27 29 20 15 33 28
724 22 53 25 23 33 1 17 14 20 26 33 28
725 22 127 39 30 29 48 17 20 24 36 34 28
726 22 109 30 26 37 62 17 32 21 19 33 28
727 22 141 41 20 40 70 30 10 32 38 34 27
728 22 98 26 20 34 1 18 24 31 23 33 27
729 22 181 23 20 25 42 26 26 30 23 33 27
730 22 275 40 35 28 35 24 34 38 18 33 28
731 22 196 34 24 37 6 15 31 27 14 33 28
732 22 83 40 35 37 52 15 36 30 16 33 28
733 22 102 36 22 27 2 26 13 33 21 33 28
734 22 42 41 44 24 44 24 42 38 15 34 28
735 22 96 37 25 38 12 23 29 32 21 33 27
736 22 113 20 21 28 1 18 9 21 36 34 27
737 22 86 35 34 19 1 25 3 25 31 34 27
738 22 77 28 22 27 30 22 27 25 21 33 27
739 22 233 40 35 32 1 21 38 27 17 33 28
740 22 80 38 25 33 43 21 20 34 25 33 28
741 22 88 28 31 27 1 28 16 20 38 34 28
742 22 158 32 34 23 1 22 22 29 34 34 28
743 22 215 29 22 32 68 24 28 28 19 33 27
744 22 41 24 25 25 1 24 35 30 18 33 27
745 22 89 23 26 32 5 23 36 24 16 33 28
746 22 64 34 24 38 63 28 46 23 12 33 27
747 22 221 21 27 30 1 26 26 33 20 33 28
748 22 65 29 15 32 21 18 29 29 15 33 28
749 22 91 48 37 29 61 22 31 36 25 33 28
750 22 85 19 38 22 1 20 26 30 21 33 27
751 22 172 20 13 29 15 26 43 25 15 33 28
752 22 50 33 39 30 25 20 44 24 12 33 28
753 22 168 24 17 32 17 24 30 19 22 33 27
754 22 51 21 9 38 56 27 39 28 11 33 27
755 22 123 37 15 38 1 21 30 28 23 33 27
756 22 102 28 17 39 26 19 36 31 26 34 28
757 22 96 32 37 23 51 26 35 28 11 34 28
758 22 97 30 15 21 1 21 1 31 40 34 27
759 22 159 27 14 38 27 18 46 28 10 33 28
760 22 243 26 16 29 38 20 26 26 26 33 27
761 22 86 30 13 33 53 23 32 26 15 33 28
762 22 65 38 32 33 46 22 43 33 5 33 27
763 22 133 50 37 33 59 25 9 27 36 34 28
764 22 132 32 22 30 50 18 33 24 21 33 27
765 22 75 32 38 22 36 24 40 26 10 34 28
766 22 68 33 26 36 22 22 35 16 6 33 28
767 22 74 36 42 22 67 26 15 22 31 34 27
768 22 105 29 30 26 13 23 13 31 32 34 28
769 22 141 22 17 33 1 29 30 26 22 33 27
770 22 49 29 20 36 55 26 45 18 11 33 27
771 22 187 47 30 29 30 16 18 24 32 34 27
772 22 90 34 35 34 1 26 23 25 23 33 27
773 22 118 45 41 26 25 18 30 28 22 33 27
774 22 96 17 23 31 1 20 27 28 23 33 27
775 22 135 35 9 23 53 25 8 39 42 34 28
776 22 81 29 28 30 22 18 20 19 26 33 27
777 22 85 28 28 37 62 22 45 27 12 33 28
778 22 56 43 33 36 30 21 37 29 14 34 28
779 22 201 31 19 27 69 21 30 26 24 33 28
780 22 66 43 33 36 33 25 30 26 18 33 27
781 22 107 27 13 37 45 22 21 39 38 34 27
782 22 221 35 19 33 35 19 15 21 29 34 27
783 22 113 29 17 31 28 26 24 28 22 33 27
784 22 38 34 34 36 1 20 47 26 4 34 28
785 22 128 31 27 30 55 26 17 18 17 33 28
786 22 115 35 37 27 1 27 33 23 17 33 28
787 22 58 44 42 30 11 23 18 29 24 33 28
788 22 54 32 29 34 10 24 36 31 13 33 28
789 22 91 28 18 28 1 24 15 22 39 34 28
790 22 86 30 15 34 50 17 12 31 36 34 27
791 22 147 33 37 32 23 21 35 22 17 33 28
792 22 51 20 31 15 19 22 42 20 10 33 27
793 22 109 46 25 35 50 16 12 30 39 34 28
794 22 106 24 30 23 27 25 31 20 15 33 28
795 22 154 35 37 28 82 20 34 23 8 34 28
796 22 81 29 34 27 1 21 5 26 34 34 28
797 22 110 44 34 27 22 19 13 30 34 34 27
798 22 61 27 41 23 24 24 35 26 14 33 28
799 22 106 30 35 30 10 25 34 23 15 33 28
800 22 59 46 32 35 1 18 32 25 18 33 28
801 22 179 30 16 24 39 20 4 29 34 34 27
802 22 91 24 23 24 6 22 28 23 25 33 27
803 22 78 43 27 39 47 13 35 27 17 34 28
804 22 86 36 33 28 1 19 15 26 27 34 27
805 22 186 34 23 33 33 26 34 27 22 33 28
806 22 114 39 43 20 1 19 14 26 23 33 28
807 22 165 40 41 31 1 18 30 20 14 33 27
808 22 62 49 49 25 7 25 27 31 25 34 28
809 22 97 25 25 32 1 19 29 18 15 33 27
810 22 123 33 40 19 1 23 26 31 26 34 27
811 21 5 38 49 25 1 21 53 36 1 33 27
812 22 181 26 28 21 32 21 40 23 15 33 28
813 22 104 24 16 33 80 23 21 32 32 34 28
814 22 75 33 18 36 1 15 29 26 15 34 28
815 22 235 24 18 24 32 20 19 26 23 33 28
816 22 220 16 19 25 1 23 20 28 24 33 27
817 22 341 25 14 27 22 23 13 24 31 34 27
818 22 95 43 36 29 1 24 33 22 13 33 28
819 22 139 36 26 34 1 22 17 27 22 33 28
820 22 120 39 23 31 44 19 24 28 24 33 28
821 22 100 25 35 24 21 18 37 22 9 33 27
822 22 84 16 21 23 29 22 38 16 8 33 27
823 22 63 18 23 27 16 23 53 24 5 33 27
824 22 143 31 31 33 45 21 22 31 21 33 28
825 22 82 25 19 31 52 23 26 17 25 33 27
826 22 117 42 36 30 51 20 30 33 15 33 28
827 22 61 36 23 36 57 18 38 29 17 33 28
828 22 82 33 5 42 96 17 25 29 36 34 28
829 22 73 21 32 27 1 21 40 26 9 33 28
830 22 71 33 21 30 48 27 6 23 28 34 27
831 22 106 23 28 18 6 15 11 24 28 34 27
832 22 130 46 22 34 73 20 33 42 32 34 28
833 22 84 18 27 21 1 25 48 33 15 33 27
834 22 110 21 5 37 1 16 22 32 22 33 27
835 22 147 43 38 26 39 23 26 30 21 33 28
836 22 60 29 45 23 1 25 49 30 6 33 27
837 22 265 24 9 32 1 24 16 20 27 33 27
838 22 99 31 32 28 1 25 28 32 23 33 27
839 22 60 39 41 27 11 19 33 29 18 33 28
840 22 128 37 26 34 46 16 34 28 22 33 28
841 22 54 36 22 37 43 24 41 29 16 33 28
842 22 89 42 34 31 36 19 33 35 35 34 27
843 22 101 38 24 42 88 19 41 24 20 33 28
844 22 73 28 14 37 49 13 26 24 27 34 27
845 22 336 37 36 37 1 18 36 32 16 34 28
846 22 67 36 34 35 40 20 48 28 10 33 28
847 22 197 39 19 34 91 16 36 27 19 33 28
848 22 79 42 31 25 36 28 20 36 29 34 27
849 22 63 12 21 20 5 28 21 32 15 34 28
850 22 96 39 24 30 17 23 22 28 35 34 27
851 22 150 27 31 34 1 16 36 26 15 33 28
852 22 61 35 28 37 58 19 50 22 9 33 28
853 22 206 36 44 25 23 19 18 26 18 33 28
854 22 137 22 24 22 35 28 36 27 11 33 28
855 22 87 32 21 36 46 26 21 29 25 34 27
856 22 95 33 43 30 1 22 30 27 11 33 28
857 22 179 20 28 27 20 27 34 17 14 34 28
858 22 81 31 9 37 21 24 29 36 30 34 28
859 35 215 18 13 55 32 49 78 38 32 50 44
860 22 105 25 29 25 17 16 30 25 26 33 27
861 22 136 39 42 23 1 25 14 32 25 34 27
862 22 85 45 41 22 33 18 25 26 27 34 28
863 22 89 28 33 26 1 20 18 23 24 33 28
864 22 73 21 30 18 12 22 34 24 17 33 28
865 22 197 33 26 28 10 23 10 24 29 34 28
866 22 51 18 23 28 13 22 42 29 15 33 27
867 22 152 37 39 24 6 16 17 30 23 33 28
868 22 145 28 8 37 49 24 32 36 31 34 28
869 22 109 29 30 34 61 26 41 27 13 34 28
870 22 186 42 29 27 87 17 33 30 19 33 28
871 22 216 28 27 28 33 16 5 17 28 34 28
872 22 158 22 35 19 27 23 25 20 9 33 27
873 22 86 22 27 28 1 21 26 17 14 33 28
874 22 102 35 15 39 65 27 24 25 28 34 27
875 22 342 43 42 34 42 21 36 31 19 33 27
876 22 55 21 21 30 51 29 32 30 13 33 27
877 22 86 22 21 31 1 13 24 23 20 33 27
878 22 125 20 26 18 8 16 26 24 21 33 27
879 22 60 37 30 34 42 19 25 31 23 33 28
880 22 87 39 40 36 19 23 32 24 6 33 27
881 22 84 35 45 20 1 24 21 65 16 34 28
882 22 94 33 33 19 5 22 22 36 25 34 28
883 22 102 23 28 26 30 22 19 28 22 33 27
884 22 76 33 17 31 57 23 24 33 32 34 27
885 22 115 19 9 33 1 22 2 33 33 34 27
886 22 55 32 38 27 1 21 33 32 16 33 28
887 22 264 35 34 26 6 16 14 28 25 33 28
888 22 178 37 37 30 29 20 28 30 22 33 27
889 22 41 10 22 25 1 19 46 14 12 33 27
890 22 222 42 28 35 39 19 37 25 22 33 28
891 22 64 31 39 26 1 18 39 39 20 33 27
892 22 82 36 23 38 33 26 39 23 20 33 28
893 22 69 39 24 35 59 25 45 30 16 33 28
894 22 81 36 46 21 17 22 45 33 13 33 28
895 22 106 28 32 18 1 19 22 29 20 33 28
896 22 65 23 12 27 11 19 27 31 22 33 28
897 22 87 37 35 23 1 23 30 27 31 34 28
898 22 113 27 16 31 34 17 30 25 27 34 27
899 22 191 38 23 31 34 26 43 29 29 34 28
900 22 78 31 39 23 1 26 13 32 21 33 27
901 22 111 31 28 29 34 21 33 26 15 33 27
902 22 98 29 26 32 48 19 27 34 23 33 28
903 22 285 1 27 19 1 18 40 21 4 33 27
904 22 68 21 14 34 12 17 28 32 27 34 27
905 22 132 37 20 31 22 23 19 22 21 33 27
906 22 81 35 24 34 68 28 38 33 15 33 28
907 22 66 13 11 27 1 22 23 29 25 33 27
908 22 69 15 18 27 21 21 28 27 16 33 27
909 22 135 23 10 29 27 18 24 20 29 34 27
910 22 45 15 15 38 15 22 40 32 15 33 27
911 22 140 38 17 40 18 21 14 29 25 33 27
912 22 145 47 20 35 1 23 13 25 27 34 28
913 22 110 19 17 25 33 19 35 19 17 33 27
914 22 157 27 27 27 1 15 19 27 27 33 28
915 22 136 16 10 29 34 26 17 25 22 33 27
916 22 172 30 37 25 35 24 36 29 8 33 28
917 22 110 24 13 30 57 21 27 24 23 33 27
918 22 47 31 35 24 1 23 36 29 13 33 28
919 22 49 16 29 28 1 25 27 17 17 33 27
920 22 86 32 37 29 4 24 41 24 21 33 28
921 22 96 42 30 32 75 17 38 20 19 33 28
922 22 298 36 13 40 80 22 24 29 28 34 27
923 22 78 26 26 37 1 24 19 33 27 34 28
924 22 113 34 21 34 1 19 15 30 38 34 27
925 22 100 29 10 35 60 21 18 38 30 34 27
926 22 43 30 33 26 35 20 27 24 23 33 28
927 22 159 44 28 32 23 26 31 36 30 34 27
928 22 147 37 19 29 93 26 27 30 29 34 28
929 22 99 34 10 33 111 24 20 31 30 34 28
930 22 89 39 28 33 101 26 48 23 4 34 28
931 22 71 44 33 34 40 24 35 35 11 33 27
932 22 126 13 17 27 1 21 8 22 18 33 27
933 22 184 28 12 34 18 21 14 39 43 34 27
934 22 22 21 42 11 1 18 27 26 12 33 27
935 22 82 41 30 34 31 16 39 27 8 34 28
936 22 89 30 34 29 33 22 39 27 16 33 28
937 22 96 47 30 32 57 21 33 19 21 33 27
938 22 61 32 24 26 38 25 29 16 18 33 28
939 22 69 35 39 29 15 20 37 19 3 33 27
940 22 90 17 26 18 1 26 16 30 33 34 27
941 22 63 40 37 19 58 18 13 33 32 34 28
942 22 94 35 34 22 2 17 18 29 21 33 28
943 22 50 31 39 32 1 23 38 26 13 33 28
944 22 79 41 36 35 46 24 24 21 14 33 27
945 22 67 40 29 37 7 30 26 26 24 33 28
946 22 154 37 27 26 17 19 25 26 28 34 28
947 22 90 35 40 27 1 17 38 19 6 33 27
948 22 56 37 41 23 14 26 33 25 23 34 28
949 22 169 40 39 23 1 20 12 34 30 34 28
950 22 98 19 27 26 1 20 33 23 12 33 27
951 22 148 56 34 27 59 15 1 28 36 34 28
952 22 119 17 25 20 11 21 15 19 21 33 27
953 22 62 34 28 27 5 19 11 27 30 34 28
954 22 75 26 20 31 71 19 29 23 27 34 28
955 22 109 23 9 32 9 22 31 18 21 33 28
956 22 108 36 26 33 17 21 22 31 25 33 27
957 22 81 40 17 37 40 23 24 31 29 34 27
958 22 116 32 29 28 43 27 26 29 11 33 27
959 22 124 30 9 36 79 22 24 440 33 34 27
960 22 195 23 28 21 15 19 35 26 17 33 27
961 22 154 19 15 24 1 22 47 17 10 33 27
962 22 97 28 31 25 19 22 14 24 26 33 28
963 22 130 22 21 32 1 20 24 27 26 33 28
964 22 74 33 33 28 24 25 23 23 20 33 28
965 22 36 20 27 30 1 24 47 31 9 33 27
966 22 30 17 29 20 1 23 42 27 8 33 27
967 22 84 33 38 28 54 24 40 34 23 33 28
968 22 118 43 34 27 3 18 7 26 26 33 27
969 22 205 44 42 33 24 17 27 21 11 33 28
970 22 84 24 11 22 40 24 30 32 24 33 27
971 22 76 49 25 32 55 21 16 31 31 34 28
972 22 88 38 26 36 19 17 26 27 25 33 27
973 22 79 28 32 24 59 22 36 14 7 33 27
974 22 70 31 33 29 21 18 21 26 28 34 27
975 22 80 43 33 36 20 27 24 21 20 33 28
976 22 117 33 13 34 68 10 16 23 32 34 28
977 22 139 27 27 24 23 18 23 30 25 33 28
978 22 54 33 38 27 67 23 46 24 13 34 28
979 22 113 9 15 27 1 15 47 18 7 33 27
980 22 59 14 19 30 1 18 36 25 8 33 27
981 22 75 20 16 28 1 25 20 33 28 34 27
982 22 81 39 9 48 67 25 29 29 24 33 27
983 22 278 26 17 30 20 26 34 29 20 33 28
984 22 115 26 21 23 21 22 31 20 14 33 28
985 22 141 39 30 37 45 28 53 20 1 33 27
986 22 59 23 34 25 1 21 35 21 10 33 28
987 22 72 26 22 37 29 16 37 34 17 33 28
988 22 130 30 30 34 1 23 37 28 14 33 27
989 22 61 27 32 29 39 24 35 22 12 33 27
990 22 59 24 8 29 38 24 35 26 17 33 27
991 22 244 27 10 40 37 20 14 31 30 34 27
992 22 67 36 28 30 15 24 24 28 23 33 27
993 22 170 30 27 29 39 23 21 25 30 34 28
994 22 105 27 28 29 5 22 51 24 1 33 27
995 22 71 15 29 30 1 17 46 17 1 33 27
996 22 98 34 24 30 70 21 31 27 20 34 28
997 22 79 25 28 29 1 17 13 30 28 34 27
998 22 110 26 13 21 1 20 15 27 31 34 27
999 22 45 37 42 37 20 23 41 29 13 34 28
1000 22 44 33 37 21 78 26 42 21 14 33 28
