1 22 40 46 43 123 1 24 10 29 729 34 27
2 22 39 47 37 130 19 15 24 28 910 34 27
3 22 29 25 44 88 1 14 26 18 357 34 27
4 22 40 44 20 173 3 24 24 34 322 34 27
5 22 31 34 30 70 40 29 37 35 644 34 27
6 22 34 39 24 126 6 22 48 33 897 34 27
7 22 33 42 25 156 68 25 50 20 1900 34 27
8 22 34 37 3 115 31 17 13 34 939 34 27
9 22 36 41 28 118 47 23 35 22 1252 34 27
10 22 28 18 14 104 16 20 30 26 678 34 27
11 22 36 28 11 113 23 25 15 29 664 34 27
12 22 30 33 39 117 1 12 42 26 667 34 27
13 22 36 41 28 89 38 20 20 29 2006 34 27
14 22 35 33 31 78 53 23 9 30 1445 34 27
15 22 33 26 21 86 1 18 4 36 666 34 27
16 22 28 27 32 133 21 20 38 27 583 34 27
17 22 24 14 20 76 6 24 19 30 856 34 27
18 22 38 45 27 91 1 24 29 29 1030 34 27
19 22 34 37 41 89 58 21 34 28 755 34 27
20 22 37 40 15 102 18 19 19 32 666 34 27
21 22 32 32 33 106 18 23 27 26 820 34 27
22 22 45 54 36 82 64 28 17 30 1623 34 27
23 22 27 16 24 77 29 25 26 23 734 34 27
24 22 32 32 24 136 85 28 40 31 639 34 27
25 22 24 27 20 81 4 17 33 26 377 34 27
26 22 23 12 17 126 3 22 24 21 596 34 27
27 22 33 40 39 91 51 15 17 29 596 34 27
28 22 34 29 12 160 28 19 29 25 855 34 27
29 22 21 12 12 101 31 29 45 29 1203 34 27
30 22 39 42 27 97 1 25 16 28 777 34 27
31 22 29 23 22 156 1 22 16 25 850 34 27
32 22 32 33 14 108 47 26 28 23 938 34 27
33 22 33 23 24 143 1 25 6 33 725 34 27
34 22 37 39 30 104 24 24 33 27 1486 34 27
35 22 22 110 20 117 37 23 40 28 349 34 27
36 22 27 28 31 85 29 21 43 33 1029 34 27
37 22 29 29 21 92 1 18 19 35 711 34 27
38 22 34 37 23 206 30 26 29 27 1127 34 27
39 22 30 26 33 215 1 18 23 22 811 34 27
40 22 28 23 25 108 1 19 30 27 491 34 27
41 22 31 24 30 67 1 18 14 20 852 34 27
42 22 36 40 29 134 43 20 32 33 1009 34 28
43 22 28 29 36 91 16 24 32 32 930 34 27
44 22 30 28 29 173 85 23 32 19 733 34 27
45 22 36 44 39 82 14 28 18 33 939 34 27
46 22 31 18 2 77 34 27 16 28 958 34 27
47 22 20 18 37 87 1 22 61 162 675 34 27
48 22 33 36 25 136 44 18 23 29 793 34 28
49 22 41 39 16 97 26 11 14 26 956 34 27
50 22 31 35 38 97 41 24 32 18 803 34 27
51 22 30 26 28 86 66 29 30 19 836 34 27
52 22 32 30 34 89 44 15 15 19 719 34 27
53 22 32 36 33 104 31 19 29 23 672 34 27
54 22 27 23 24 155 37 22 33 27 730 34 27
55 22 24 22 29 109 69 21 36 28 387 34 27
56 22 35 39 28 71 30 20 33 19 784 34 27
57 22 32 32 16 118 91 23 15 41 560 34 27
58 22 26 29 36 130 1 25 25 37 790 34 27
59 22 34 31 14 179 1 19 3 35 904 34 27
60 22 26 16 25 76 1 27 15 25 820 33 27
61 22 31 31 37 99 1 22 34 27 586 34 27
62 22 31 38 32 156 22 27 37 38 595 34 27
63 22 33 33 51 176 1 26 21 23 948 34 27
64 22 31 34 32 175 62 23 30 23 2006 34 27
65 22 33 26 20 209 1 22 4 26 467 34 27
66 22 30 24 18 111 1 24 29 30 919 34 27
67 22 35 35 33 85 70 18 28 23 1351 34 28
68 22 30 33 35 120 1 23 32 20 722 34 27
69 22 28 25 27 122 33 21 29 29 1082 34 27
70 22 27 24 25 92 27 22 36 23 844 34 27
71 22 36 31 21 80 1 26 26 31 880 34 27
72 22 24 30 39 131 1 25 35 28 1447 34 27
73 22 34 36 30 146 40 26 21 19 613 34 27
74 22 35 46 24 106 59 24 39 32 1171 34 27
75 22 29 17 21 96 1 20 6 28 689 34 27
76 22 31 43 34 155 99 22 33 27 1080 34 27
77 22 31 30 41 67 1 15 26 22 1483 34 27
78 22 19 12 31 87 1 20 38 30 576 34 27
79 22 31 26 12 195 60 30 16 26 910 34 27
80 22 26 22 17 84 18 21 42 26 1419 34 27
81 22 31 33 41 112 7 25 27 25 308 34 27
82 22 34 35 36 145 28 20 17 22 646 34 27
83 22 31 25 20 131 1 15 30 18 1255 34 27
84 22 32 22 34 102 2 19 13 25 658 34 28
85 22 40 44 17 103 1 28 23 27 422 34 27
86 22 34 36 32 98 45 19 13 25 787 34 27
87 22 36 39 20 156 91 21 36 27 665 34 27
88 22 33 34 38 156 1 18 3 30 948 34 27
89 22 33 37 34 96 5 15 30 29 739 34 27
90 22 28 28 23 94 20 21 38 16 885 34 27
91 22 24 24 27 91 70 23 41 29 916 34 27
92 22 27 24 24 135 70 30 31 28 1323 34 27
93 22 31 39 26 208 67 25 31 26 1079 34 28
94 22 32 25 22 85 5 14 27 28 1200 34 27
95 22 36 41 30 130 1 16 30 29 844 34 27
96 22 31 37 36 91 59 17 26 28 640 34 27
97 22 28 28 20 94 65 20 50 30 512 34 27
98 22 34 29 19 90 54 28 44 20 1764 34 27
99 22 30 16 30 73 1 20 30 18 620 34 27
100 22 29 29 18 99 76 26 34 28 2006 34 27
101 22 34 37 39 141 49 19 13 25 873 34 27
102 22 36 35 24 99 20 16 24 29 459 34 27
103 22 25 18 2 98 28 18 32 26 580 34 27
104 22 28 20 8 172 33 16 29 30 1708 34 27
105 22 29 29 29 103 39 20 47 33 851 34 27
106 22 32 26 12 94 25 17 17 34 545 34 27
107 22 35 33 13 93 55 19 27 24 591 34 27
108 22 35 33 35 111 1 21 26 27 1991 34 27
109 22 33 35 26 125 95 21 22 30 1626 34 27
110 22 32 28 21 101 39 20 25 31 618 34 27
111 22 34 32 15 116 14 22 23 27 757 34 27
112 22 36 36 33 96 19 22 11 25 2006 34 27
113 22 39 42 26 109 12 25 23 28 977 34 27
114 22 33 34 19 97 15 23 19 29 1201 34 27
115 22 37 43 18 145 1 22 31 35 548 34 27
116 22 34 36 28 101 28 26 29 31 1150 34 27
117 22 26 21 24 162 53 17 40 21 968 34 27
118 22 31 28 16 149 20 18 13 19 457 34 27
119 22 28 25 26 91 86 21 26 25 702 34 27
120 22 31 28 41 113 10 17 14 20 781 34 27
121 22 26 21 30 80 24 17 31 23 844 34 27
122 22 28 30 32 101 10 29 31 26 708 34 27
123 22 32 35 26 89 83 14 26 26 740 34 27
124 22 33 29 26 327 87 386 12 26 1608 34 27
125 22 35 32 22 83 1 23 17 29 656 34 27
126 22 36 37 15 184 4 17 30 25 1479 34 27
127 22 28 26 34 125 37 21 33 30 809 34 28
128 22 24 27 45 71 27 22 47 31 1422 34 27
129 22 34 30 15 88 71 28 34 30 1065 34 27
130 22 34 26 21 78 3 26 9 29 718 34 27
131 22 34 37 16 162 20 16 23 34 808 34 27
132 22 34 35 27 115 97 26 33 31 707 34 27
133 22 27 25 38 100 10 24 30 31 552 34 27
134 22 28 27 26 101 37 28 26 31 814 34 28
135 22 33 34 26 131 11 22 9 26 671 34 27
136 22 25 21 27 199 1 25 15 22 1590 33 27
137 22 31 26 34 127 15 23 43 22 673 34 27
138 22 26 22 28 139 33 30 29 28 549 34 27
139 22 37 34 20 92 63 22 19 18 2007 34 27
140 22 28 35 29 107 18 13 33 34 776 34 27
141 22 31 34 19 82 44 19 31 23 664 34 27
142 22 43 45 24 273 12 23 1 32 1869 34 27
143 22 30 30 31 183 75 18 23 28 1434 34 27
144 22 35 32 19 132 9 19 3 37 990 34 27
145 22 29 32 27 201 48 21 22 37 534 34 27
146 22 32 34 26 113 50 18 18 30 773 34 27
147 22 32 30 40 97 1 22 19 32 577 34 27
148 22 28 33 53 73 1 25 38 33 943 34 27
149 22 36 37 25 125 26 21 15 34 1126 34 27
150 22 24 19 27 81 39 26 39 28 589 34 27
151 22 23 14 21 120 1 15 39 22 773 34 27
152 22 39 53 34 94 85 28 34 28 1152 34 27
153 22 37 43 28 120 33 25 28 30 803 34 27
154 22 28 25 19 82 24 24 30 22 712 34 27
155 22 33 36 19 99 8 29 20 34 2007 34 27
156 22 28 24 34 87 1 24 29 28 625 34 27
157 22 31 32 27 99 26 20 39 56 576 34 27
158 22 25 22 32 86 1 22 29 27 946 34 27
159 22 34 32 11 137 38 18 20 34 687 34 27
160 22 31 30 17 89 17 16 23 33 933 34 27
161 22 29 23 27 72 27 24 17 30 648 34 27
162 22 35 40 39 148 3 25 18 22 1056 34 27
163 22 24 17 24 82 1 25 32 33 1333 34 27
164 22 28 35 34 151 41 18 40 29 1099 34 27
165 22 33 34 25 88 74 16 26 22 1114 34 28
166 22 30 27 31 103 50 23 39 23 1050 34 27
167 22 29 27 34 85 1 17 22 30 748 34 27
168 22 20 12 33 95 51 18 32 25 628 34 27
169 22 25 16 28 125 1 19 28 22 1403 34 27
170 22 24 26 13 135 1 21 27 35 169 34 27
171 22 33 30 17 126 26 23 23 28 892 34 27
172 22 19 7 27 127 31 20 31 25 486 34 27
173 22 37 34 28 89 20 25 8 24 1787 34 27
174 22 31 32 21 160 57 19 36 20 1967 34 27
175 22 28 31 25 94 38 18 27 27 634 34 27
176 22 31 33 31 89 57 22 31 27 2006 34 27
177 22 31 37 51 72 1 23 30 24 1168 34 27
178 22 29 33 36 233 43 23 34 22 872 34 27
179 22 32 35 30 119 7 21 26 27 1411 34 27
180 22 27 32 45 93 22 24 23 28 1083 34 27
181 22 31 30 23 87 17 27 38 20 1711 34 27
182 22 27 23 43 161 41 19 33 19 616 34 27
183 22 27 30 32 87 40 14 45 27 833 34 27
184 22 29 19 25 93 31 16 19 27 1173 34 27
185 22 27 30 31 97 100 18 33 20 478 34 27
186 22 33 40 32 86 1 22 24 31 1532 34 27
187 22 23 11 18 121 1 29 36 34 539 34 27
188 21 29 28 20 128 27 20 14 25 633 34 27
189 22 35 41 31 152 52 18 32 29 822 34 27
190 22 24 16 32 83 1 24 37 36 1095 34 27
191 22 32 26 16 153 7 21 13 29 800 34 27
192 22 30 35 26 83 51 21 32 26 530 34 27
193 22 31 35 40 93 1 23 42 26 1253 34 27
194 22 35 36 25 120 1 20 20 30 706 34 27
195 22 35 165 37 119 201 62 27 26 501 34 28
196 22 33 27 11 153 27 27 17 23 965 34 27
197 22 30 32 16 86 43 18 37 36 517 34 27
198 22 36 43 28 84 30 15 19 32 603 34 27
199 22 25 16 19 84 61 18 28 23 553 34 27
200 22 29 33 23 78 72 30 37 35 1546 34 27
201 22 40 41 23 108 62 20 16 27 526 34 27
202 22 38 46 19 139 24 11 5 39 764 34 27
203 22 29 25 10 155 14 22 34 28 834 34 27
204 22 25 20 24 120 1 27 11 27 268 33 27
205 22 31 33 20 83 91 18 45 26 572 34 27
206 22 35 36 18 181 22 23 26 27 690 34 27
207 22 27 21 27 110 30 19 32 27 975 34 27
208 22 26 18 36 126 1 20 22 27 675 34 27
209 22 27 26 31 116 1 21 28 29 767 34 27
210 22 31 32 29 82 26 18 31 30 1005 34 27
211 22 25 16 16 204 59 24 28 26 729 34 27
212 22 30 31 34 211 48 16 28 22 437 34 27
213 22 36 45 23 238 65 21 34 79 2006 34 27
214 22 24 26 21 101 65 19 43 28 466 34 27
215 22 26 17 23 112 1 18 9 23 1410 34 28
216 22 37 41 35 143 53 21 28 25 1837 34 27
217 22 29 33 18 86 42 24 48 31 803 34 27
218 22 30 28 35 120 39 22 30 21 1007 34 27
219 22 32 35 31 68 36 18 44 24 832 34 27
220 22 30 28 32 146 49 28 39 21 1912 34 27
221 22 36 35 36 159 1 18 14 23 591 34 27
222 22 31 30 26 80 66 27 20 24 681 34 27
223 22 26 20 18 109 1 15 25 30 1813 34 27
224 22 27 23 22 99 1 14 40 35 1495 34 27
225 22 33 38 25 172 24 21 45 24 676 34 27
226 22 25 28 29 73 16 28 57 23 575 34 27
227 22 32 32 21 200 11 20 21 30 869 34 27
228 22 30 26 22 89 35 19 29 36 675 34 27
229 22 40 39 41 88 12 24 23 21 1040 34 27
230 22 34 31 34 103 39 20 14 23 1076 34 28
231 22 26 21 20 104 1 19 31 28 731 34 27
232 22 1166 1052 167 279 821 31 32 91 645 34 27
233 22 27 32 37 84 40 16 39 30 492 34 27
234 22 31 26 28 136 47 22 22 27 754 34 27
235 22 31 37 28 117 1 17 40 29 1527 34 27
236 22 33 36 30 148 46 20 43 33 1803 34 27
237 22 32 24 22 171 1 17 16 25 1146 34 27
238 22 27 25 37 124 28 23 30 30 994 34 27
239 22 33 33 17 118 14 27 16 29 795 34 27
240 22 27 19 12 96 1 19 24 24 805 34 27
241 22 26 20 28 101 41 17 30 25 796 34 28
242 22 37 43 40 91 49 17 12 25 1561 34 27
243 22 26 14 27 100 1 18 36 27 665 34 27
244 22 30 26 27 130 1 22 8 20 715 34 27
245 22 30 28 32 88 32 14 20 23 917 34 27
246 22 31 30 9 99 20 23 13 31 622 34 27
247 22 31 35 27 91 1 21 33 27 939 34 27
248 22 44 51 29 107 27 25 12 26 595 34 27
249 22 30 21 10 163 2 18 18 36 608 34 27
250 22 32 30 22 85 4 21 38 25 590 34 27
251 22 30 34 25 130 63 18 19 30 1077 34 27
252 22 25 24 33 128 19 25 34 34 750 34 27
253 22 34 43 42 85 1 16 32 29 758 34 27
254 22 29 31 37 309 21 20 27 33 1021 34 27
255 22 28 24 18 96 1 20 13 36 495 34 27
256 22 26 26 24 184 12 24 25 20 794 34 27
257 22 30 32 39 84 28 24 48 20 954 34 27
258 22 28 26 33 94 73 25 36 22 672 34 27
259 22 32 42 40 149 1 19 25 43 420 34 27
260 22 29 23 27 133 1 19 3 26 709 34 27
261 22 28 23 28 100 1 20 31 30 469 34 27
262 22 35 35 26 239 41 17 6 32 262 34 27
263 22 31 29 10 135 24 26 33 39 480 34 27
264 22 43 45 24 89 46 12 11 26 754 34 27
265 22 26 25 23 80 87 22 41 26 771 34 27
266 22 35 39 28 118 13 21 37 27 521 34 28
267 22 27 24 25 77 49 20 37 29 586 34 27
268 22 33 26 33 85 1 23 9 25 606 34 27
269 22 30 33 13 112 64 25 33 28 888 34 27
270 22 32 30 24 88 21 22 39 29 1103 34 27
271 22 31 21 17 131 6 28 10 36 605 34 27
272 22 35 37 30 92 29 26 15 20 589 34 27
273 22 29 27 14 146 28 20 21 35 168 34 27
274 22 28 22 37 106 1 22 15 24 802 34 27
275 22 32 33 34 124 1 21 30 24 859 34 27
276 22 34 41 30 102 1 21 38 28 862 34 27
277 22 26 12 22 83 1 21 3 31 630 34 27
278 22 36 34 14 117 87 29 26 25 1444 34 27
279 22 34 35 25 110 9 19 9 29 636 34 27
280 22 28 27 18 174 65 21 30 21 432 34 28
281 22 29 27 13 98 31 18 22 34 418 34 27
282 22 31 36 17 109 6 19 32 37 607 34 27
283 22 31 33 39 77 13 27 21 23 629 34 27
284 22 34 38 10 120 99 20 25 34 336 34 27
285 22 35 32 10 116 1 27 14 19 611 34 27
286 22 40 42 18 106 6 19 1 43 682 34 27
287 22 30 33 23 135 1 12 36 25 639 34 27
288 22 34 36 24 86 31 22 28 33 796 34 27
289 22 29 27 19 153 19 25 40 31 787 34 27
290 22 30 24 29 74 6 19 31 25 1332 34 27
291 22 34 37 29 127 66 25 29 26 600 34 27
292 22 28 24 27 138 52 24 50 23 1 33 27
293 22 35 40 27 172 41 23 32 25 866 34 27
294 22 36 34 9 191 53 23 15 25 838 34 27
295 22 29 31 38 110 79 26 37 30 819 34 27
296 22 29 33 28 122 49 18 42 36 984 34 27
297 22 29 23 21 136 12 22 29 28 843 34 27
298 22 21 10 5 91 1 25 28 25 437 34 27
299 22 32 33 36 124 40 23 16 27 1035 34 27
300 22 25 21 35 79 1 25 31 26 359 34 27
301 22 44 49 26 73 1 22 1 28 716 34 27
302 22 29 34 38 136 28 19 44 31 502 34 27
303 22 28 19 26 65 1 24 29 24 654 34 27
304 22 35 37 21 86 62 15 22 33 2007 34 27
305 22 38 33 11 97 19 24 10 28 767 34 27
306 22 37 37 29 77 62 17 17 22 378 34 27
307 22 27 13 20 84 1 20 16 22 832 34 27
308 22 25 18 21 160 1 15 26 23 1060 34 27
309 22 42 39 22 122 1 25 1 16 771 34 27
310 22 35 37 19 109 25 28 26 31 1499 34 27
311 22 27 19 16 120 1 18 21 29 857 34 27
312 22 36 32 15 171 86 30 27 23 799 34 27
313 22 42 49 37 114 34 20 14 24 643 34 27
314 22 27 21 22 70 21 18 30 31 931 34 27
315 22 33 30 25 141 1 18 7 30 591 34 27
316 22 27 23 29 80 39 17 20 29 381 34 27
317 22 32 33 40 187 9 17 44 13 487 34 27
318 22 30 24 16 91 29 22 42 29 571 34 27
319 22 24 17 16 92 4 25 42 24 1333 34 27
320 22 31 34 36 78 37 17 35 28 898 34 27
321 22 30 28 21 111 48 20 21 19 951 34 27
322 22 38 38 5 319 1 24 17 31 816 34 27
323 22 31 34 32 142 49 21 36 17 1092 34 27
324 22 28 28 31 101 1 19 37 20 1042 34 27
325 22 35 41 24 207 20 18 6 38 1007 34 27
326 22 28 27 36 260 89 25 34 24 1823 34 27
327 22 34 38 31 99 6 17 28 32 679 34 27
328 22 32 35 23 147 28 27 28 27 1161 34 27
329 22 29 25 4 95 53 27 43 30 622 34 27
330 22 32 34 33 110 1 9 29 27 1263 34 27
331 22 24 13 27 100 1 15 43 20 569 33 27
332 22 34 39 17 91 70 22 23 34 941 34 27
333 22 31 35 24 91 38 21 24 29 887 34 27
334 22 31 30 12 120 1 18 17 39 556 34 27
335 22 26 19 24 90 1 21 28 25 28 33 27
336 22 33 37 45 89 26 15 14 24 542 34 27
337 22 26 16 25 93 45 13 24 18 563 34 27
338 22 27 30 32 93 35 25 40 29 800 34 27
339 22 29 22 25 111 31 29 15 28 503 34 28
340 22 33 30 13 193 40 21 18 33 1403 34 27
341 22 31 28 23 106 30 17 23 30 971 33 27
342 22 39 40 28 102 15 22 23 32 1461 34 27
343 22 38 43 34 81 85 19 15 24 1558 34 27
344 22 34 35 30 215 34 20 4 25 1167 34 27
345 22 29 19 9 130 9 18 33 27 633 34 27
346 22 39 37 21 86 14 22 15 20 892 34 27
347 22 30 39 37 133 53 24 26 32 1050 34 27
348 22 28 31 30 86 53 23 23 28 812 34 27
349 22 35 36 43 158 1 19 18 21 775 34 27
350 22 33 30 14 150 18 16 23 28 749 34 27
351 22 23 13 28 89 1 20 38 26 463 34 27
352 22 36 34 25 202 1 17 13 26 881 34 27
353 22 31 27 27 91 1 24 26 26 1143 34 27
354 22 32 44 30 94 34 18 29 29 1051 34 27
355 22 35 37 38 118 1 11 10 14 725 34 27
356 22 37 40 33 93 50 19 13 27 761 34 27
357 22 38 45 26 128 1 27 34 22 757 34 27
358 22 29 27 22 96 1 18 44 25 1229 34 27
359 22 25 24 14 141 56 23 41 21 658 34 27
360 22 30 30 23 103 63 16 40 28 806 34 27
361 22 28 19 19 193 1 23 22 25 1118 34 27
362 22 30 24 15 98 37 20 17 27 863 34 27
363 22 24 19 14 121 43 21 20 37 503 34 27
364 22 31 32 26 84 13 20 46 25 874 34 27
365 22 36 39 18 104 109 17 33 29 701 34 27
366 22 28 17 25 98 1 12 6 21 1430 34 27
367 22 27 26 23 80 35 21 25 21 1005 34 27
368 22 26 30 44 122 1 20 39 30 519 34 27
369 22 32 29 17 126 32 21 18 33 1105 34 27
370 22 30 27 38 95 56 15 36 26 2006 34 27
371 22 37 37 14 113 61 25 11 31 730 34 27
372 22 30 34 43 255 1 18 20 27 1191 34 27
373 22 24 17 9 92 1 25 38 28 593 34 27
374 22 36 39 31 91 32 19 18 22 933 34 27
375 22 33 37 34 106 31 18 28 23 1061 34 27
376 22 30 36 40 82 9 18 13 26 772 34 27
377 22 29 26 9 109 1 19 24 30 1284 34 27
378 22 27 30 31 91 95 26 35 26 1052 34 27
379 22 32 34 36 101 1 30 39 20 607 34 27
380 22 28 22 30 216 15 18 10 23 699 34 27
381 22 28 16 18 72 1 17 12 21 1052 34 27
382 22 38 40 35 97 52 19 23 31 712 34 27
383 22 33 33 23 188 42 23 29 27 1037 34 27
384 22 34 32 25 118 1 16 7 34 1010 34 27
385 22 34 35 23 88 1 22 25 30 1185 34 27
386 22 27 15 32 98 11 26 42 16 636 34 27
387 22 25 19 26 221 27 29 38 26 1132 34 27
388 22 34 36 39 76 9 23 23 34 709 34 27
389 22 25 17 25 118 1 18 33 23 711 34 27
390 22 36 35 20 96 46 15 17 25 672 34 27
391 22 34 29 34 92 1 26 8 27 976 34 27
392 22 34 30 5 93 22 23 25 33 767 34 27
393 22 33 33 35 167 20 24 23 28 922 34 27
394 22 28 20 24 75 1 21 21 25 1556 34 27
395 22 36 39 33 107 74 19 11 25 941 34 28
396 22 31 30 31 78 46 23 17 28 1238 34 27
397 22 25 19 9 98 1 17 44 33 632 34 27
398 22 32 34 22 97 49 21 43 29 842 34 27
399 22 29 30 31 1072 1 26 29 30 292 34 27
400 22 24 8 20 85 1 28 30 23 1095 34 27
401 22 34 27 17 141 7 20 14 24 636 34 27
402 22 29 34 28 121 44 26 35 27 949 34 27
403 22 32 30 32 68 24 24 37 24 1758 34 27
404 22 34 34 27 135 1 14 28 21 626 34 27
405 22 33 40 38 75 33 28 28 29 635 34 27
406 22 28 26 12 106 38 23 20 33 521 34 28
407 22 25 20 21 141 29 22 32 30 673 34 27
408 22 31 28 26 174 3 28 35 30 629 34 27
409 22 30 27 21 93 1 27 31 33 743 34 27
410 22 35 41 30 172 60 22 32 31 677 34 28
411 22 25 21 36 103 1 21 45 24 902 34 27
412 22 25 31 42 147 24 22 45 30 488 34 27
413 22 34 26 28 100 1 22 15 32 576 34 27
414 22 32 27 29 114 50 20 17 19 655 34 27
415 22 33 36 13 116 50 22 23 32 679 34 27
416 22 30 24 21 71 28 20 26 21 827 34 27
417 22 29 24 27 96 30 20 19 26 628 34 27
418 22 31 29 10 109 95 24 22 20 733 34 27
419 22 34 35 14 116 46 18 22 34 1654 34 27
420 22 37 39 33 111 36 24 10 23 970 34 27
421 22 37 39 22 99 30 15 11 33 1181 34 27
422 22 35 31 20 187 23 23 15 25 820 34 27
423 22 31 27 19 65 68 22 28 24 817 34 27
424 22 31 34 36 103 50 13 16 28 983 34 27
425 22 22 21 45 87 1 14 35 24 829 34 27
426 22 31 30 37 234 21 19 37 23 2006 34 27
427 22 21 20 28 161 19 21 50 20 729 34 27
428 22 38 39 13 106 65 16 25 30 769 34 27
429 22 31 38 36 100 41 22 42 32 815 34 27
430 22 31 33 41 81 14 18 37 22 1832 34 27
431 22 30 25 17 96 58 22 16 32 753 34 27
432 22 35 32 17 87 33 20 31 26 1341 34 27
433 22 37 36 29 117 1 17 1 27 885 34 27
434 22 30 28 30 133 77 21 39 19 1401 34 27
435 22 27 23 21 130 1 22 30 39 1053 34 27
436 22 31 35 27 105 1 27 26 30 734 34 27
437 22 26 20 27 76 9 18 37 33 1028 34 27
438 22 31 31 31 114 62 22 31 25 1018 34 28
439 22 34 36 34 136 26 27 10 22 592 34 27
440 22 36 38 40 230 68 16 1 29 1424 34 27
441 22 36 38 30 97 1 20 31 29 758 34 27
442 22 40 42 9 116 53 17 7 25 651 34 27
443 22 31 29 28 132 1 24 15 27 1440 34 27
444 22 29 20 4 115 25 20 14 29 488 34 27
445 22 30 26 32 103 36 25 20 24 667 34 27
446 22 32 36 33 84 37 15 27 28 568 34 27
447 22 31 30 21 85 44 22 39 27 964 34 27
448 22 33 33 26 114 35 25 15 29 305 34 28
449 22 32 27 26 124 30 20 10 27 642 34 27
450 22 25 26 51 571 1 24 39 26 2006 34 27
451 22 38 43 13 204 123 25 23 23 544 34 27
452 22 31 27 30 129 1 24 22 31 425 34 27
453 22 33 34 29 113 1 21 29 30 610 34 27
454 22 30 19 19 101 51 17 37 21 649 34 27
455 22 30 33 45 80 10 19 33 27 842 34 27
456 22 27 17 21 136 1 25 25 29 502 34 27
457 22 30 30 21 160 17 23 32 29 574 34 27
458 22 29 19 27 92 1 28 19 22 566 34 27
459 22 31 26 32 122 24 28 32 24 457 34 27
460 22 32 36 40 201 30 24 36 26 714 34 27
461 22 26 29 43 185 10 18 43 37 474 34 27
462 22 31 35 39 107 49 24 26 31 841 34 27
463 22 33 33 27 191 1 23 29 33 482 34 27
464 22 27 27 27 80 43 19 43 29 674 34 27
465 22 27 23 28 119 1 20 22 20 604 34 27
466 22 31 33 33 141 47 22 41 29 612 34 28
467 22 32 30 28 114 43 26 22 39 1005 34 27
468 22 31 35 40 78 46 15 35 21 1347 34 27
469 22 28 32 38 97 6 18 41 31 636 34 27
470 22 27 18 13 111 21 29 36 28 934 34 27
471 22 27 25 33 83 79 28 40 23 716 34 27
472 22 32 25 25 96 43 16 7 28 1723 34 27
473 22 28 24 21 82 1 12 20 32 920 34 27
474 22 31 21 2 106 1 19 1 25 721 34 27
475 22 33 30 39 137 22 22 31 20 952 34 27
476 22 29 25 26 92 1 16 10 27 1214 34 27
477 22 26 20 22 171 19 15 33 27 1240 34 27
478 22 30 25 21 82 52 18 36 21 278 34 27
479 22 27 26 36 100 33 20 55 16 702 34 28
480 22 30 39 34 111 25 20 29 36 856 34 27
481 22 31 32 17 97 41 17 20 26 1114 34 27
482 22 45 49 27 109 30 23 12 19 762 34 27
483 22 37 41 19 244 103 23 38 26 876 34 27
484 22 29 27 24 95 53 26 18 32 622 34 27
485 22 33 35 29 152 22 27 32 28 1025 34 27
486 22 40 40 25 75 86 23 14 19 1029 34 27
487 22 33 43 18 165 67 21 31 28 891 34 27
488 22 27 20 30 129 56 16 34 18 1648 34 27
489 22 39 42 23 80 30 19 23 26 953 34 27
490 22 26 15 24 68 13 22 25 25 1212 34 27
491 22 35 42 29 87 30 20 30 32 546 34 27
492 22 27 24 32 97 1 17 23 20 1078 34 27
493 22 27 28 28 106 59 25 36 33 1722 34 27
494 22 31 20 13 107 1 22 15 22 856 34 28
495 22 40 41 21 117 82 19 20 27 1434 34 27
496 22 40 46 25 121 55 20 10 29 650 34 27
497 22 30 28 18 114 82 23 36 22 959 34 27
498 22 33 33 23 107 1 24 23 26 704 34 27
499 22 32 31 11 109 6 24 24 29 590 34 27
500 22 33 35 26 111 1 18 27 17 801 34 27
501 22 36 44 34 88 64 24 34 30 780 34 27
502 22 29 34 31 113 16 16 44 25 761 34 27
503 22 26 26 21 107 1 18 31 28 916 33 27
504 22 35 40 22 236 66 19 31 25 725 34 27
505 22 29 30 36 75 1 18 23 21 778 34 27
506 22 31 36 34 85 30 28 44 32 590 34 27
507 22 30 40 50 137 16 23 49 35 826 34 27
508 22 38 35 25 88 1 25 18 28 1238 34 27
509 22 30 41 33 161 48 29 35 34 988 34 27
510 22 28 20 26 223 56 25 24 22 597 34 27
511 22 29 22 45 74 1 24 37 22 1129 34 27
512 22 29 23 33 91 1 23 24 30 718 34 27
513 22 23 14 19 442 28 26 28 21 1165 34 27
514 22 28 28 25 145 43 28 49 31 478 34 28
515 22 36 27 9 86 25 28 18 25 630 34 27
516 22 34 36 42 139 20 19 18 30 1460 34 27
517 22 34 38 40 59 69 22 32 25 852 34 27
518 22 32 30 39 177 40 20 28 15 589 34 27
519 22 36 38 16 133 76 26 13 23 1324 34 27
520 22 30 23 21 216 42 26 25 28 437 34 27
521 22 31 38 22 169 58 15 43 28 680 34 27
522 22 27 30 28 83 90 11 41 18 894 34 27
523 22 30 32 25 114 49 19 26 35 522 33 27
524 22 35 39 31 123 1 23 21 21 489 34 27
525 22 34 39 27 130 57 21 16 26 699 34 27
526 22 29 30 34 92 27 21 34 25 2007 34 27
527 22 34 28 20 70 1 24 27 18 777 34 27
528 22 32 37 9 133 55 13 21 35 2007 34 27
529 22 30 21 16 113 11 21 22 24 1000 34 27
530 22 31 35 35 80 1 16 32 28 789 34 27
531 22 25 25 30 157 29 23 34 29 784 34 27
532 22 32 32 37 68 40 19 34 29 1137 34 27
533 22 38 43 41 105 1 22 22 31 900 34 28
534 22 25 24 39 119 1 20 45 22 608 34 27
535 22 28 26 33 55 41 22 46 24 1382 34 27
536 22 38 37 27 79 7 17 14 30 366 34 27
537 22 30 28 35 117 63 25 35 26 943 34 27
538 22 34 35 28 95 52 21 16 25 854 34 27
539 22 29 32 31 124 6 20 36 28 631 34 27
540 22 22 18 37 100 1 18 28 31 960 34 27
541 22 35 36 35 216 5 12 26 25 2006 34 27
542 22 39 44 24 94 53 31 10 26 1698 34 27
543 22 30 26 9 94 23 21 22 30 667 34 27
544 22 28 23 28 81 11 18 16 19 600 34 27
545 22 41 44 34 119 22 18 20 25 879 34 27
546 22 35 32 3 94 47 24 14 28 1047 34 27
547 22 34 37 29 91 34 26 24 18 689 34 27
548 22 38 42 33 132 1 14 1 31 361 34 27
549 22 31 32 38 72 48 30 30 33 1059 34 27
550 22 36 40 26 88 40 17 28 28 882 34 27
551 22 38 36 9 122 59 23 24 29 978 34 27
552 22 40 44 15 102 1 18 13 24 1059 34 27
553 22 31 29 22 102 56 16 28 27 892 34 27
554 22 28 22 27 116 1 17 15 25 729 34 27
555 22 39 50 22 123 50 15 32 29 411 34 27
556 22 29 23 29 193 1 21 30 28 626 34 27
557 22 33 32 26 120 95 12 24 30 437 34 27
558 22 32 28 39 77 1 21 21 24 1000 34 27
559 22 31 26 20 93 8 15 17 29 1960 34 27
560 22 32 30 33 71 17 23 22 26 1051 34 27
561 22 28 22 25 112 34 23 32 26 1013 34 27
562 22 42 42 13 92 92 24 9 20 871 34 27
563 22 34 38 20 130 46 23 33 30 810 34 27
564 22 28 30 20 95 121 25 43 32 631 34 27
565 22 27 20 19 98 34 22 37 23 1315 34 27
566 22 33 38 22 130 43 15 14 28 894 34 27
567 22 28 24 32 89 1 24 29 30 821 34 27
568 22 36 39 31 78 1 19 14 25 848 34 27
569 22 25 15 34 178 6 22 37 28 1004 34 27
570 22 25 22 20 80 1 18 45 26 571 34 27
571 22 28 35 22 93 78 20 31 33 1124 34 27
572 22 25 20 22 269 3 26 42 29 664 34 27
573 22 24 18 11 125 54 18 36 17 600 34 27
574 22 28 21 28 101 1 20 35 25 980 34 27
575 22 31 27 27 86 41 19 12 31 555 34 27
576 22 32 31 12 164 28 22 13 38 697 34 27
577 22 30 23 24 132 38 25 27 27 602 34 27
578 22 29 30 37 185 95 19 49 16 784 34 27
579 22 35 39 36 145 1 18 17 20 622 34 27
580 22 33 36 34 304 33 23 12 20 2007 34 27
581 22 33 36 12 141 72 19 23 30 1775 34 27
582 22 31 28 37 73 1 27 20 30 634 34 27
583 22 36 38 39 122 1 16 16 23 1260 34 27
584 22 37 32 29 117 1 18 16 22 1996 34 27
585 22 23 15 25 103 32 23 46 25 2000 34 27
586 22 28 28 35 75 1 24 31 32 827 34 27
587 22 31 35 36 120 74 26 44 16 596 34 27
588 22 27 32 33 104 41 18 47 27 661 34 27
589 22 30 31 44 89 28 24 29 29 763 34 27
590 22 29 17 23 129 15 23 13 22 1067 34 27
591 22 24 10 23 79 1 22 32 24 629 34 27
592 22 31 27 21 99 4 16 23 31 677 34 27
593 22 29 21 14 101 8 16 13 24 660 34 27
594 22 24 25 34 220 50 27 39 33 777 34 28
595 22 20 19 36 86 8 18 46 37 1128 34 27
596 22 28 27 35 96 9 22 23 25 1264 34 27
597 22 33 35 35 182 1 17 14 27 370 34 27
598 22 33 35 31 84 37 25 22 25 546 34 27
599 22 30 25 21 119 50 17 40 30 764 34 27
600 22 29 30 32 112 1 28 44 31 748 34 27
601 22 33 26 19 109 1 17 7 31 750 34 27
602 22 33 39 28 85 70 24 26 35 701 34 28
603 22 31 29 31 104 36 16 31 30 309 34 27
604 22 30 36 20 87 79 25 45 28 779 34 27
605 22 26 14 19 89 9 19 19 26 477 34 27
606 22 35 41 20 119 59 26 33 28 566 34 27
607 22 22 14 22 363 16 18 42 32 2006 34 27
608 22 28 34 21 102 86 19 43 33 476 34 27
609 22 39 48 38 90 24 19 13 33 754 34 27
610 22 37 36 28 66 58 17 18 18 1177 34 27
611 22 26 15 21 99 16 19 22 24 448 33 27
612 22 28 31 23 122 45 28 47 30 1016 34 27
613 22 31 34 27 120 71 26 52 23 793 34 27
614 22 34 35 30 136 4 19 20 32 533 34 27
615 22 26 28 33 93 59 27 47 34 818 33 27
616 22 29 28 23 84 16 25 33 32 892 34 27
617 22 25 15 37 84 1 18 26 24 778 34 27
618 22 32 30 23 99 1 20 21 35 1608 34 27
619 22 33 31 35 91 1 23 30 35 672 34 27
620 22 35 34 14 82 47 16 24 27 1537 34 27
621 22 34 39 31 94 41 26 41 27 1836 34 27
622 22 37 37 38 70 31 19 23 18 786 34 27
623 22 30 26 28 172 14 14 17 23 1536 34 27
624 22 31 36 23 113 1 22 28 35 534 34 27
625 22 26 19 30 119 10 17 35 28 778 34 27
626 22 27 24 23 108 44 20 21 24 1054 34 27
627 22 30 24 6 203 12 24 10 26 1836 34 27
628 22 25 5 6 145 1 14 19 17 629 34 27
629 22 33 30 28 101 21 26 31 23 624 34 27
630 22 25 14 9 124 22 23 41 25 693 34 27
631 22 36 38 29 108 1 16 21 14 701 34 27
632 22 24 21 28 92 1 16 39 18 1195 34 27
633 22 34 40 35 100 7 30 36 28 763 34 27
634 22 30 30 31 76 7 18 13 22 556 34 27
635 22 38 44 27 86 51 21 21 24 517 34 27
636 22 39 39 27 104 7 21 13 26 970 34 28
637 22 24 21 21 125 57 26 32 30 792 34 27
638 22 40 40 30 133 36 16 5 25 797 34 27
639 22 34 35 16 144 74 21 28 26 853 34 27
640 22 29 28 14 100 57 24 41 26 714 34 27
641 22 32 32 21 109 59 28 22 28 1499 34 27
642 22 36 36 16 109 80 25 1 29 469 34 27
643 22 31 29 12 205 24 22 23 36 1319 34 27
644 22 28 14 5 125 1 22 18 19 433 34 27
645 22 30 27 34 251 1 29 32 32 1027 34 27
646 22 34 29 25 101 48 26 31 25 814 34 27
647 22 23 16 32 71 19 20 28 26 847 34 27
648 22 28 26 29 111 26 15 38 32 956 34 27
649 22 38 37 41 117 16 21 27 21 711 34 27
650 22 36 37 20 110 18 20 19 40 1936 34 27
651 22 29 32 45 117 1 19 31 34 1037 34 27
652 22 30 37 21 135 63 29 47 31 644 34 27
653 22 39 41 20 113 12 25 31 30 714 34 28
654 22 36 34 20 206 5 15 21 36 656 34 27
655 22 28 28 17 100 98 25 30 31 977 34 27
656 22 35 40 40 97 1 22 16 24 769 34 27
657 22 24 20 34 80 41 23 42 26 752 34 27
658 22 29 27 16 134 39 24 30 36 880 34 27
659 22 33 33 41 99 4 16 38 16 488 34 27
660 22 34 36 46 74 35 21 26 20 1419 34 27
661 22 24 15 19 105 1 17 35 28 655 34 27
662 22 23 21 22 104 30 19 37 29 640 33 27
663 22 28 28 20 64 80 19 28 25 399 34 27
664 22 30 33 42 84 1 28 43 26 586 34 27
665 22 37 44 40 75 4 23 23 21 721 34 27
666 22 34 30 17 93 57 28 20 24 535 34 27
667 22 31 35 40 65 23 22 46 29 613 34 27
668 22 33 37 38 75 14 20 42 28 487 34 27
669 22 32 27 23 87 1 19 22 27 1742 34 27
670 22 35 32 22 129 47 15 19 33 742 34 27
671 22 36 34 29 145 1 19 23 22 558 34 27
672 22 27 19 23 80 40 18 23 20 1022 34 27
673 22 35 40 38 131 62 16 27 23 907 34 27
674 22 34 34 34 86 15 15 14 37 706 34 27
675 22 35 35 38 89 57 22 21 30 1062 34 27
676 22 25 19 32 199 26 24 34 19 2006 33 27
677 22 33 33 26 110 26 13 26 27 828 34 27
678 22 41 45 35 63 52 18 28 20 902 34 27
679 22 30 33 13 86 101 18 26 30 625 34 27
680 22 29 23 30 158 29 18 35 31 2006 34 27
681 22 31 33 34 104 14 18 19 27 1518 34 27
682 22 26 15 24 158 1 18 40 19 498 33 27
683 22 29 27 16 92 17 19 24 30 520 34 27
684 22 36 35 18 142 69 25 27 34 1104 34 27
685 22 26 23 23 100 39 21 45 21 1503 34 27
686 22 28 29 33 140 54 17 41 22 1633 34 28
687 22 33 31 37 168 1 22 4 27 813 34 27
688 22 29 32 19 139 19 23 45 29 1065 34 27
689 22 27 22 36 158 1 19 33 29 511 34 27
690 22 37 37 31 78 59 23 15 29 818 34 27
691 22 30 24 15 116 1 20 16 24 1127 34 27
692 22 27 27 29 115 6 21 41 30 678 34 27
693 22 32 34 31 151 34 18 29 29 1180 34 27
694 22 30 31 39 77 2 20 28 23 844 34 27
695 22 46 58 23 143 49 25 11 30 717 34 27
696 22 33 28 17 91 1 20 22 27 735 34 28
697 22 28 34 43 144 10 50 51 38 2006 34 27
698 22 31 34 13 93 65 21 21 38 728 34 27
699 22 29 23 1 101 22 19 25 31 1153 34 27
700 22 39 36 19 129 61 22 14 26 1482 34 27
701 22 26 19 35 86 1 24 39 33 703 34 27
702 22 25 27 39 135 6 18 43 23 686 34 27
703 22 31 30 26 93 2 20 16 28 1414 34 27
704 22 31 28 26 82 20 30 25 21 511 34 27
705 22 29 25 22 202 1 23 29 28 759 34 27
706 22 29 25 11 242 14 26 7 26 837 34 27
707 22 29 27 3 103 65 20 22 20 356 34 27
708 22 33 35 22 114 61 19 36 34 818 34 27
709 22 28 23 16 106 81 12 37 27 551 34 27
710 22 33 37 28 84 59 21 45 30 343 34 27
711 22 35 295 100 90 60 18 1 32 630 34 28
712 22 29 24 16 130 55 25 32 26 761 34 27
713 22 32 31 29 92 26 20 20 26 834 34 27
714 22 33 39 36 86 28 26 37 23 425 34 27
715 22 31 23 21 126 14 13 29 25 683 34 27
716 22 33 33 27 191 77 27 22 22 812 34 27
717 22 32 34 44 177 43 23 33 25 584 34 27
718 22 32 34 41 94 1 22 32 25 1362 34 27
719 22 35 34 17 138 31 22 19 27 715 34 27
720 22 29 27 32 102 64 20 39 26 1842 34 28
721 22 33 30 13 93 11 16 19 20 2006 34 27
722 22 30 24 22 106 1 20 14 21 742 34 27
723 22 33 32 37 98 28 23 38 19 999 34 27
724 22 27 19 28 120 14 27 25 21 836 34 27
725 22 32 28 11 94 36 19 16 26 695 34 27
726 22 26 19 28 94 27 27 27 26 585 34 27
727 22 23 18 34 252 1 14 37 27 1131 34 27
728 22 27 21 31 146 46 22 20 19 494 34 27
729 22 35 33 30 173 3 23 18 23 1014 34 27
730 22 34 37 30 77 26 24 35 25 1183 34 27
731 22 32 37 43 83 37 27 51 23 542 34 27
732 22 44 48 29 142 33 16 4 40 805 34 27
733 22 36 35 17 131 32 19 21 23 608 34 27
734 22 25 23 32 75 33 22 34 28 684 34 27
735 22 30 26 20 133 5 19 22 31 624 34 27
736 22 33 34 25 121 24 19 25 31 1002 34 27
737 22 28 33 36 178 17 26 24 33 1489 34 27
738 22 32 33 34 142 37 20 16 35 796 34 28
739 22 27 27 23 145 61 18 22 71 523 34 27
740 22 28 25 39 87 1 9 23 28 695 34 27
741 22 25 20 30 68 47 18 38 23 365 34 28
742 22 29 29 21 105 9 19 29 27 392 34 27
743 22 33 32 13 97 11 18 43 25 945 34 27
744 22 30 22 1 107 18 22 27 31 549 34 27
745 22 31 34 24 216 75 21 28 25 803 34 27
746 22 30 37 40 90 55 18 51 27 681 34 27
747 22 31 32 24 118 11 24 36 31 980 34 27
748 22 27 20 18 160 1 11 23 27 384 34 27
749 22 18 8 28 158 11 25 39 31 1470 34 27
750 22 30 32 29 89 8 24 36 27 948 34 28
751 22 29 21 15 279 1 18 27 32 1938 34 27
752 22 33 35 40 77 8 21 32 24 673 34 27
753 22 30 32 20 82 1 22 38 21 956 34 27
754 22 39 40 24 120 35 25 20 32 628 34 27
755 22 35 31 12 100 24 23 22 28 588 34 27
756 22 29 22 11 183 4 20 35 18 621 34 27
757 22 32 33 12 107 108 14 22 27 726 34 27
758 22 31 34 43 136 57 18 30 24 679 34 27
759 22 26 22 25 247 55 22 42 28 1356 34 27
760 22 28 33 40 94 24 20 53 30 640 34 27
761 22 33 39 36 105 1 25 25 29 972 34 27
762 22 29 28 22 106 1 21 25 32 740 34 27
763 22 32 31 37 92 38 19 30 21 459 34 27
764 22 29 22 13 140 11 20 26 35 867 34 27
765 22 29 24 17 122 28 26 30 32 609 34 27
766 22 33 38 26 88 53 21 28 26 662 34 27
767 22 38 37 35 140 22 23 23 22 747 34 27
768 22 35 40 38 137 45 15 20 21 964 34 27
769 22 31 31 15 186 76 20 38 28 620 34 27
770 22 31 29 16 192 6 25 31 27 585 34 27
771 22 36 32 23 144 34 20 12 26 1407 34 27
772 22 30 26 28 118 14 20 34 23 1152 34 27
773 22 30 28 13 90 43 19 26 31 874 34 27
774 22 31 32 18 204 70 19 38 28 736 34 27
775 22 29 22 15 168 37 22 17 28 925 34 27
776 22 34 24 6 149 39 34 8 27 1009 34 27
777 22 36 33 33 132 1 21 20 29 607 34 27
778 22 25 17 18 101 20 19 23 33 1172 34 27
779 22 31 36 33 74 42 16 44 26 670 34 27
780 22 26 21 33 85 46 25 48 20 617 34 27
781 22 1804 1130 836 192 442 1838 379 1576 615 34 27
782 22 32 39 30 90 54 17 46 27 895 34 27
783 22 24 21 34 145 1 25 25 36 310 34 27
784 22 31 25 21 82 12 24 31 26 991 34 27
785 22 30 35 31 122 55 23 31 28 758 34 27
786 22 28 25 18 98 1 15 33 31 504 34 27
787 22 31 29 38 79 1 25 23 21 729 34 27
788 22 33 16 6 83 1 18 9 27 2006 34 28
789 22 28 24 15 158 49 23 37 29 581 34 27
790 22 42 45 18 99 1 23 10 31 2006 34 27
791 22 32 32 36 88 32 18 26 22 775 34 27
792 22 27 14 28 150 1 20 19 28 711 34 27
793 22 26 26 32 104 48 27 43 28 1141 34 27
794 22 29 28 32 94 20 22 41 31 590 34 27
795 22 29 26 26 180 53 17 33 26 872 34 27
796 22 34 36 38 64 1 15 23 20 719 34 27
797 22 28 18 27 76 1 18 15 19 565 34 27
798 22 38 43 9 138 76 23 23 29 619 34 27
799 22 34 28 25 105 4 24 23 24 702 34 27
800 22 32 29 23 245 25 22 17 32 2007 34 27
801 22 33 35 21 107 1 20 22 34 655 34 27
802 22 27 18 24 74 1 19 20 25 1394 34 27
803 22 35 38 17 102 42 22 26 40 674 34 27
804 22 34 30 34 77 3 25 24 26 727 34 27
805 22 29 37 39 124 54 20 47 29 1296 34 27
806 22 29 30 18 89 60 19 30 21 635 34 27
807 22 27 22 23 80 30 22 46 35 572 34 27
808 22 30 33 40 121 25 27 35 24 820 34 27
809 22 28 16 5 106 7 18 41 30 1003 34 28
810 22 18 4 26 87 1 23 36 27 216 34 27
811 22 31 30 36 78 58 19 21 28 584 34 27
812 22 34 32 23 146 82 19 24 28 741 34 27
813 22 27 19 13 123 4 26 41 41 1436 34 27
814 22 33 35 35 93 2 11 26 21 721 34 27
815 22 31 28 20 283 27 28 33 35 701 34 27
816 22 33 40 23 146 39 20 39 29 463 34 27
817 22 30 26 2 123 1 27 17 36 570 34 27
818 22 25 23 37 641 1 21 34 31 388 34 27
819 22 25 16 27 199 27 16 16 21 723 34 27
820 22 30 28 28 212 1 20 18 32 634 34 27
821 22 38 46 28 126 1 26 37 36 701 34 27
822 22 28 24 31 70 20 24 34 25 653 34 27
823 22 29 23 26 134 18 23 18 28 867 34 27
824 22 39 36 7 147 65 23 19 35 779 34 27
825 22 27 29 27 115 1 23 25 34 433 34 27
826 22 44 48 21 115 1 23 7 29 675 34 27
827 22 33 21 11 137 1 21 12 22 1254 34 27
828 22 29 28 30 94 1 26 27 35 413 34 28
829 22 26 24 15 94 51 19 37 22 674 34 27
830 22 29 32 26 88 47 18 33 19 703 34 28
831 22 94 21 254 176 2 2007 2007 2007 461 34 27
832 22 33 27 19 74 22 22 17 31 1115 34 27
833 22 33 32 37 122 23 22 42 21 1093 34 27
834 22 29 25 41 75 1 18 37 28 912 34 27
835 22 34 36 19 233 11 29 19 27 971 34 27
836 22 29 24 20 104 7 31 23 23 897 34 27
837 22 29 29 26 95 18 22 36 31 743 34 27
838 22 34 27 18 81 16 17 30 18 672 34 27
839 22 41 47 38 108 1 20 5 30 701 34 27
840 22 26 24 24 81 16 25 27 26 964 34 27
841 22 32 33 22 110 60 19 49 24 374 34 27
842 22 31 24 32 145 19 22 11 24 730 34 27
843 22 38 45 37 90 61 22 31 30 931 34 27
844 22 29 24 18 102 14 18 40 30 1085 34 27
845 22 27 24 24 190 1 28 41 31 746 34 28
846 22 31 28 16 90 14 30 36 27 1023 34 27
847 22 37 46 33 149 30 23 35 32 1528 34 27
848 22 29 26 25 118 1 26 14 26 943 34 27
849 22 40 43 30 189 1 22 26 36 952 34 27
850 22 33 31 26 75 68 14 21 24 204 34 27
851 22 24 16 20 99 11 18 36 27 565 34 27
852 22 26 24 32 102 58 24 51 26 1257 34 27
853 22 32 30 14 96 19 19 22 31 1354 34 27
854 22 28 25 22 90 56 21 25 27 1177 34 27
855 22 28 29 26 151 43 22 45 29 842 34 27
856 22 26 19 26 125 1 21 43 22 452 34 27
857 22 30 23 31 119 11 14 21 24 853 34 27
858 22 36 42 33 166 1 21 25 30 689 34 27
859 22 30 33 14 160 92 22 25 33 640 34 27
860 22 35 30 24 94 36 22 22 20 753 34 27
861 22 155 32 726 171 27 26 36 28 1427 34 27
862 22 31 29 36 75 1 19 34 23 574 34 27
863 22 31 25 4 101 73 23 15 23 430 34 27
864 22 30 31 33 100 1 20 34 23 456 34 27
865 22 38 44 32 109 27 24 30 21 805 34 27
866 22 25 32 40 99 7 20 33 28 731 34 27
867 22 35 34 15 154 56 27 9 30 606 34 27
868 22 29 31 30 94 55 28 43 24 924 34 27
869 22 31 30 15 95 12 19 31 25 583 34 27
870 22 27 26 11 206 1 14 33 26 1083 34 28
871 22 31 39 27 93 56 28 39 32 833 34 27
872 22 36 39 22 80 50 26 31 19 656 34 27
873 22 31 38 25 106 68 21 33 27 1004 34 27
874 22 38 39 41 118 1 15 12 31 1423 34 27
875 22 24 20 33 104 2 24 38 28 681 34 27
876 22 34 28 1 108 1 15 12 21 459 34 27
877 22 36 34 35 101 42 22 5 25 1454 34 27
878 22 34 39 22 190 75 26 4 33 606 34 27
879 22 30 29 27 91 43 22 22 24 867 34 27
880 22 31 34 23 109 48 23 35 30 654 34 27
881 22 34 36 34 98 1 19 32 26 1004 34 27
882 22 30 32 32 82 1 25 38 26 559 34 27
883 22 30 26 28 72 1 17 32 17 1456 34 27
884 22 24 25 37 150 1 26 31 30 754 34 27
885 22 22 19 25 106 36 18 38 29 713 34 27
886 22 36 41 47 91 1 24 35 23 947 34 27
887 22 31 24 8 92 30 11 24 27 499 34 27
888 22 27 17 25 134 30 26 37 19 603 34 27
889 22 31 31 26 109 1 16 29 23 1195 34 27
890 22 31 34 35 116 45 26 34 28 597 34 27
891 22 28 32 40 70 63 18 28 29 717 34 27
892 22 29 30 18 116 75 23 47 28 1470 34 27
893 22 25 16 20 253 1 21 22 21 983 34 27
894 22 36 28 8 99 21 22 12 32 228 34 27
895 22 37 41 23 92 66 16 14 33 615 34 27
896 22 38 35 25 87 1 13 11 19 1038 34 27
897 22 21 9 36 59 1 19 17 28 418 34 27
898 22 25 15 16 126 73 31 37 26 589 34 27
899 22 32 38 29 125 41 26 40 30 1283 34 27
900 22 27 17 20 138 1 24 25 31 1719 34 27
901 22 39 41 41 121 1 18 10 24 1178 34 27
902 22 29 31 31 99 61 21 36 25 947 34 27
903 22 32 41 34 109 79 24 22 33 1637 34 27
904 22 29 33 31 96 37 24 40 24 696 34 27
905 22 31 31 28 127 13 22 25 28 1257 34 27
906 22 33 32 22 95 43 19 29 17 2007 34 27
907 22 27 22 41 81 1 22 26 25 1394 34 27
908 22 31 34 40 85 1 19 21 23 980 34 27
909 22 37 43 21 145 67 20 12 36 1246 34 27
910 22 33 32 4 85 20 22 24 32 1016 34 27
911 22 22 15 32 86 13 21 53 27 721 34 27
912 22 25 20 28 106 20 20 30 33 1024 34 27
913 22 28 27 25 84 2 25 14 25 854 34 27
914 22 30 29 24 88 28 16 24 30 1315 34 27
915 22 32 34 25 109 1 27 30 29 869 34 27
916 22 29 19 24 78 20 26 21 30 1007 34 27
917 22 28 33 40 168 1 24 30 27 1151 34 27
918 22 30 25 27 303 23 20 14 20 673 34 27
919 22 28 31 29 67 45 16 31 30 1120 34 27
920 22 30 30 18 214 66 21 28 31 654 34 27
921 22 27 26 30 84 1 23 41 26 943 34 28
922 22 31 31 36 283 95 21 26 15 1161 34 27
923 22 31 35 38 117 8 17 27 25 895 34 27
924 22 27 21 27 184 69 19 25 24 1188 34 27
925 22 33 39 24 98 71 20 40 23 1227 34 27
926 22 33 29 34 111 47 23 12 31 591 34 28
927 22 31 33 45 96 28 23 28 28 506 34 27
928 22 24 19 38 79 1 15 24 23 692 34 27
929 22 786 565 1326 551 1400 372 160 284 517 34 28
930 22 30 35 44 273 52 29 44 30 681 34 27
931 22 31 28 36 156 1 15 11 26 836 34 27
932 22 38 43 16 151 105 19 17 30 872 34 27
933 22 35 34 19 233 34 20 23 24 859 34 27
934 22 38 40 18 108 21 21 16 25 1804 34 27
935 22 33 31 6 109 42 21 24 26 720 34 27
936 22 32 32 30 75 20 23 25 26 644 34 27
937 22 35 41 26 249 56 19 27 24 822 34 27
938 22 40 38 17 136 18 25 1 36 779 34 27
939 22 32 35 25 78 19 14 19 32 917 34 28
940 22 33 31 36 107 1 17 11 24 907 34 27
941 22 26 17 28 96 12 20 33 26 536 34 27
942 22 26 21 31 96 1 21 39 28 710 34 28
943 22 31 30 17 189 57 19 23 30 1483 34 27
944 22 27 26 31 92 16 22 45 27 441 34 27
945 22 30 37 27 120 19 20 43 24 607 34 27
946 22 29 22 5 113 10 26 26 31 481 34 27
947 22 33 32 16 109 27 24 24 27 186 34 28
948 22 37 42 18 95 1 19 18 33 719 34 27
949 22 35 31 6 95 19 27 18 29 690 34 27
950 22 30 28 23 114 51 16 31 29 1429 34 27
951 22 29 28 26 97 14 22 25 29 477 34 27
952 22 23 5 14 153 31 26 29 18 427 34 27
953 22 39 45 31 153 57 15 35 31 986 34 27
954 22 35 32 31 86 1 21 23 27 852 34 27
955 22 28 26 31 73 39 21 23 15 1095 34 28
956 22 31 33 30 74 26 17 29 32 1134 34 27
957 22 35 36 22 177 8 19 26 33 850 34 27
958 22 27 27 31 70 67 26 42 31 2007 34 27
959 22 29 31 19 103 65 21 41 22 598 34 27
960 22 32 29 15 200 11 25 24 31 454 34 28
961 22 34 33 32 143 61 20 18 29 868 34 27
962 22 32 22 10 97 12 29 12 23 292 34 27
963 22 34 40 19 117 57 20 40 32 678 34 27
964 22 32 28 33 124 1 23 22 29 740 34 27
965 22 27 18 27 78 1 23 19 25 734 34 27
966 22 31 23 33 84 16 23 13 27 798 34 27
967 22 28 29 16 219 42 18 42 24 933 34 27
968 22 34 40 28 104 74 24 33 28 1108 34 27
969 22 29 31 36 114 1 13 21 23 1105 34 27
970 22 31 34 32 87 50 27 31 30 784 34 27
971 22 33 32 24 184 43 20 24 24 812 34 27
972 22 18 14 31 81 1 14 30 27 773 34 27
973 22 28 22 32 419 44 25 31 21 2006 34 27
974 22 31 25 25 100 48 27 24 20 749 34 27
975 22 34 32 22 123 36 23 29 35 726 34 27
976 22 32 25 27 118 1 19 22 28 1141 34 27
977 22 35 42 28 115 94 21 31 23 893 34 27
978 22 28 21 18 100 22 27 44 31 724 34 27
979 22 30 33 32 90 1 17 35 24 235 34 27
980 22 33 39 21 126 34 18 29 33 584 34 27
981 22 28 27 42 287 54 26 19 27 934 34 27
982 22 27 27 44 100 33 22 31 26 563 34 27
983 22 22 17 11 117 53 20 41 31 482 34 27
984 22 25 13 30 149 1 19 23 21 1793 34 27
985 22 23 23 38 87 1 21 41 26 580 34 27
986 22 31 26 35 115 11 14 19 25 1418 34 27
987 22 31 31 39 82 1 23 23 15 429 34 27
988 22 34 34 30 99 26 16 16 26 211 34 27
989 22 34 40 37 84 20 25 36 24 773 34 27
990 22 27 25 34 72 1 17 29 31 1521 34 27
991 22 29 41 13 80 19 17 24 27 435 34 27
992 22 36 37 36 123 60 18 27 29 774 34 27
993 22 23 22 45 136 2 17 36 30 696 34 27
994 22 34 38 32 126 56 25 22 27 2007 34 27
995 22 30 35 36 87 44 24 33 24 1130 34 27
996 22 37 43 29 79 3 16 17 38 757 34 28
997 22 28 33 35 150 37 27 38 29 708 34 27
998 22 35 31 32 81 53 18 14 25 670 34 27
999 22 30 32 34 94 1 18 33 22 1238 34 27
1000 22 33 35 34 151 46 17 23 30 1331 34 27
