1 22 28 24 15 29 166 19 28 31 916 34 27
2 22 23 31 32 28 106 18 37 29 951 34 28
3 22 45 26 25 33 109 26 15 31 1555 34 27
4 22 25 40 33 35 255 23 32 15 694 34 27
5 22 45 34 37 32 97 30 30 30 682 34 27
6 22 30 22 22 27 744 27 12 30 458 34 27
7 22 22 45 31 36 334 23 21 27 1235 34 27
8 22 27 32 31 24 237 26 33 31 1602 34 28
9 22 44 34 31 28 109 21 18 32 1061 34 27
10 22 27 29 48 29 161 21 43 31 494 34 28
11 22 39 29 39 24 543 21 15 26 1167 34 27
12 22 40 35 20 41 52 22 28 33 889 34 28
13 22 62 37 17 32 276 24 1 28 1030 34 27
14 22 26 28 40 20 231 27 33 34 593 34 27
15 22 18 25 26 20 447 18 1 26 1500 34 27
16 22 57 36 37 22 264 27 18 18 686 34 27
17 22 17 23 14 30 309 21 10 18 560 34 27
18 22 28 27 19 36 207 22 34 28 681 34 27
19 22 25 23 32 23 69 22 28 26 462 34 27
20 22 2 17 12 30 52 30 23 26 905 34 27
21 22 19 21 31 25 562 21 40 21 853 34 27
22 22 21 24 35 28 111 24 32 35 826 34 27
23 22 19 32 35 17 173 18 23 31 780 34 27
24 22 30 34 22 38 234 24 37 33 1430 34 28
25 22 37 20 18 28 82 25 21 26 561 34 27
26 22 23 42 41 32 134 16 36 29 1845 34 27
27 22 22 16 23 23 98 21 5 28 730 34 27
28 22 40 53 20 40 69 29 1 35 1233 34 27
29 22 28 32 36 21 230 25 13 24 1328 34 27
30 22 76 37 28 27 133 16 15 18 665 34 28
31 22 31 35 11 41 173 30 37 34 841 34 27
32 22 30 38 26 33 728 29 18 27 1153 34 27
33 22 44 14 19 26 49 16 10 29 1243 34 27
34 22 62 25 21 33 105 15 19 26 372 34 27
35 22 6 35 45 27 138 14 35 21 1047 34 27
36 22 18 30 26 24 189 23 27 28 676 34 27
37 22 32 16 20 31 210 21 38 33 748 34 27
38 22 20 28 32 25 127 27 11 31 1277 34 27
39 22 41 24 8 35 170 26 17 37 1020 34 27
40 22 35 49 36 30 64 22 7 28 1427 34 27
41 22 40 39 34 23 154 30 27 19 872 34 27
42 22 40 33 23 35 514 27 24 29 601 34 27
43 22 43 32 36 20 61 17 7 25 719 34 27
44 22 29 8 10 32 30 25 21 24 908 34 27
45 22 46 25 15 34 210 19 43 21 886 34 27
46 22 30 12 10 30 668 24 39 23 619 34 27
47 22 44 34 25 31 180 25 9 20 563 34 27
48 22 61 29 42 11 140 20 35 32 217 34 27
49 22 71 33 30 31 193 24 32 20 695 34 27
50 22 33 34 34 28 146 23 17 35 766 34 27
51 22 27 27 31 28 179 24 35 24 927 34 27
52 22 36 44 23 38 116 24 2 28 807 34 27
53 22 15 25 24 31 101 17 14 26 890 34 27
54 22 17 40 23 33 227 21 22 30 607 34 27
55 22 40 38 36 22 167 28 14 29 704 34 27
56 22 42 29 33 21 169 25 39 28 702 34 27
57 22 63 16 13 29 116 19 26 27 592 34 27
58 22 16 27 32 27 142 20 25 22 705 34 27
59 22 46 29 8 35 517 18 24 27 1655 34 27
60 22 38 32 35 23 165 28 17 19 1104 34 27
61 22 37 28 30 32 183 16 43 22 499 34 27
62 22 21 41 39 26 190 28 35 22 832 34 27
63 22 37 28 24 29 302 17 15 23 607 34 27
64 22 26 27 26 31 44 20 9 34 1148 34 27
65 22 32 38 21 41 284 23 21 32 948 34 27
66 22 46 38 16 39 186 27 27 32 1018 34 27
67 22 28 27 30 30 118 31 18 34 770 34 27
68 22 37 34 20 31 164 21 28 27 542 34 27
69 22 18 37 27 33 184 12 34 17 1347 34 27
70 22 20 41 36 35 646 25 46 26 1274 34 27
71 22 39 35 43 17 195 19 15 16 545 34 27
72 22 33 33 28 36 231 20 44 23 433 34 27
73 22 25 40 30 23 485 19 16 30 839 34 27
74 22 21 36 39 33 420 20 24 32 843 34 27
75 22 36 24 17 30 131 17 17 34 861 34 27
76 22 80 19 29 17 155 24 19 25 1694 34 27
77 22 17 34 38 19 132 18 34 25 1089 34 27
78 22 18 41 32 37 160 24 43 27 2007 34 27
79 21 7 24 21 29 276 28 34 26 836 34 27
80 22 32 39 31 34 221 15 29 27 1039 34 27
81 22 53 28 22 21 121 17 29 21 757 34 27
82 22 22 38 24 28 236 21 22 18 680 34 27
83 22 20 31 30 30 344 22 38 28 596 34 27
84 22 33 28 17 32 356 20 16 26 884 34 27
85 22 17 24 27 18 319 24 17 33 726 34 27
86 22 40 34 43 24 137 23 44 24 596 34 27
87 22 17 34 21 28 191 30 1 30 1924 34 27
88 22 4 28 38 18 313 21 30 23 1339 34 27
89 22 40 37 31 28 142 25 25 28 705 34 27
90 22 31 43 22 29 240 22 25 14 1103 34 27
91 22 28 33 18 34 202 26 30 30 801 34 27
92 22 7 13 14 22 159 26 29 27 727 34 27
93 22 39 29 23 38 126 21 39 26 545 34 27
94 22 55 10 22 26 112 23 19 23 636 34 27
95 22 40 31 22 31 302 24 32 29 766 33 27
96 22 5 28 29 27 202 21 39 27 688 34 27
97 22 40 48 42 26 552 20 30 32 1031 34 28
98 22 30 17 11 27 213 20 23 26 590 34 27
99 22 37 52 21 49 151 21 23 32 832 34 27
100 22 10 16 10 24 85 18 26 18 1192 34 27
101 22 23 34 18 39 237 18 25 29 1454 34 27
102 22 22 31 31 26 183 29 33 29 490 34 27
103 22 10 23 27 32 141 20 26 28 965 34 27
104 22 26 28 28 26 31 18 18 32 482 34 27
105 22 36 38 23 36 117 18 25 29 712 34 27
106 22 32 34 40 28 92 18 44 26 751 34 27
107 22 319 622 2006 444 720 756 1137 176 1330 34 27
108 22 28 19 30 16 158 19 44 18 771 34 27
109 22 30 32 23 30 162 30 9 27 1112 34 27
110 22 22 24 20 35 163 25 42 26 751 34 27
111 22 12 36 34 31 297 25 16 28 1585 34 27
112 22 27 20 28 31 99 18 35 24 648 34 27
113 22 40 33 7 43 186 20 14 26 829 34 27
114 22 47 36 32 30 198 24 31 28 998 34 27
115 22 24 45 46 29 201 20 48 22 890 34 27
116 22 50 24 38 15 170 20 36 28 649 34 27
117 22 22 39 22 28 207 24 24 32 966 33 27
118 22 43 45 22 37 279 24 28 34 311 34 27
119 22 52 39 16 39 252 26 29 27 571 34 27
120 22 42 39 24 31 524 22 16 38 826 34 27
121 22 30 38 33 29 140 18 16 26 705 34 27
122 22 50 42 26 29 109 20 17 33 788 33 27
123 22 18 42 41 24 180 20 18 22 670 34 27
124 22 28 35 31 29 291 21 32 23 334 34 27
125 22 14 23 34 18 187 20 42 32 746 34 27
126 22 49 15 18 26 724 13 28 33 1615 34 27
127 22 33 24 11 42 167 24 11 28 583 34 27
128 22 47 11 16 31 75 24 28 31 661 34 27
129 22 43 23 29 28 115 24 32 27 1450 34 27
130 22 32 33 35 27 78 25 25 22 514 34 27
131 22 39 24 32 21 278 23 30 23 507 34 27
132 22 45 16 23 24 314 11 41 18 1826 34 27
133 22 42 21 28 27 320 17 20 27 658 34 28
134 22 30 16 16 24 179 20 30 21 705 33 27
135 22 32 31 19 34 229 22 29 28 671 34 27
136 22 23 16 1 47 140 19 25 27 603 34 27
137 22 23 37 38 32 144 27 31 28 630 34 27
138 22 36 39 25 31 181 20 22 35 1000 34 27
139 22 49 37 14 43 576 24 10 24 1719 34 27
140 22 51 43 28 38 351 17 25 23 1548 34 27
141 22 36 31 3 40 158 19 9 33 554 34 27
142 22 5 34 42 30 101 23 46 30 1012 34 27
143 22 17 33 25 30 192 25 16 32 829 34 27
144 22 49 43 41 28 155 22 34 28 1200 34 27
145 22 37 40 34 41 88 22 18 23 874 34 27
146 22 44 32 34 27 195 23 40 28 1019 34 27
147 22 26 15 22 21 292 23 24 26 524 34 27
148 22 47 34 51 12 117 30 25 31 717 34 27
149 22 72 25 31 29 94 18 5 30 707 34 28
150 22 27 40 23 37 201 18 20 26 973 34 27
151 22 5 24 26 28 486 22 31 32 912 34 27
152 22 47 37 18 44 183 17 29 28 722 34 27
153 22 44 16 22 31 126 19 31 24 727 34 28
154 22 48 37 30 34 172 23 31 32 585 34 27
155 22 10 33 32 30 181 20 8 29 1007 34 27
156 22 38 45 27 31 144 19 17 23 741 34 27
157 22 37 45 29 35 128 27 31 27 981 34 27
158 22 29 35 38 28 441 22 33 33 756 34 27
159 22 48 38 23 40 323 20 25 32 847 34 27
160 22 25 46 34 33 249 14 15 38 889 34 27
161 22 56 34 32 26 224 15 16 24 822 34 27
162 22 27 35 33 31 252 26 25 29 796 34 27
163 22 26 20 27 23 156 11 20 20 641 34 27
164 22 19 20 23 31 178 23 20 25 494 34 27
165 22 32 22 33 37 158 20 27 29 594 34 27
166 22 32 36 40 22 167 19 43 29 695 34 27
167 22 15 38 22 36 358 23 23 31 669 34 27
168 22 36 26 30 23 65 24 16 22 565 34 27
169 22 18 10 18 27 149 20 29 22 1318 34 27
170 22 26 32 22 34 267 18 12 24 708 34 27
171 22 20 33 38 23 170 21 28 25 928 34 27
172 22 29 41 4 45 308 27 22 37 363 34 27
173 22 29 34 15 40 234 16 27 30 861 34 27
174 22 22 31 29 32 206 19 38 31 732 34 27
175 22 21 25 14 34 257 20 39 30 737 34 27
176 22 49 19 25 15 296 18 38 22 531 34 27
177 22 19 34 36 21 136 20 32 28 1016 34 27
178 22 62 27 20 31 220 22 22 23 851 34 27
179 22 38 33 23 38 182 16 31 27 615 34 27
180 22 32 28 22 28 246 25 34 32 538 34 27
181 22 48 22 22 28 184 29 13 31 1128 34 27
182 22 29 40 36 30 1 20 8 26 280 34 27
183 22 18 9 22 12 90 23 33 17 534 34 27
184 22 37 32 33 31 94 20 13 19 880 34 27
185 22 19 26 4 40 224 23 1 28 755 33 27
186 22 22 37 30 34 126 28 22 29 701 34 27
187 22 38 45 32 36 177 17 17 26 2006 34 27
188 22 27 30 31 20 93 27 10 25 1180 34 27
189 22 43 32 32 21 221 28 21 21 622 34 27
190 22 36 36 24 33 242 28 26 29 942 34 27
191 22 50 35 27 26 189 22 14 23 652 34 27
192 22 63 17 27 23 334 27 18 53 620 34 27
193 22 27 39 33 38 217 23 39 32 815 34 27
194 22 30 32 16 34 294 25 25 28 986 34 27
195 22 20 27 17 33 817 21 30 32 1981 34 27
196 22 52 28 35 29 151 15 30 29 286 34 27
197 22 39 21 13 29 232 25 47 30 530 34 27
198 22 26 30 24 34 63 19 1 26 882 34 27
199 22 35 40 38 27 165 25 35 30 716 34 27
200 22 24 39 24 33 110 16 13 34 836 34 28
201 22 32 39 36 27 239 17 18 20 1238 34 27
202 22 29 38 28 25 134 18 13 23 1774 34 27
203 22 36 36 41 21 62 14 14 33 1685 34 27
204 22 31 12 22 22 229 26 59 32 813 34 27
205 22 31 24 5 44 247 29 36 23 975 34 27
206 22 27 29 32 23 209 18 30 26 755 34 27
207 22 29 35 32 24 129 26 10 20 631 34 27
208 22 36 34 44 24 394 23 35 27 1714 34 27
209 22 46 38 25 32 272 21 32 31 1041 34 27
210 22 21 43 44 19 388 19 40 25 525 34 27
211 22 41 23 22 34 184 24 45 41 1021 34 27
212 22 18 32 40 24 136 16 14 25 734 34 27
213 22 19 32 29 32 143 21 29 28 997 34 27
214 22 40 31 38 22 133 25 23 20 1037 34 27
215 22 28 24 30 24 155 22 27 23 796 34 27
216 22 52 35 16 34 171 23 23 27 464 34 27
217 22 53 41 40 32 276 27 37 30 645 34 28
218 22 17 30 26 28 143 22 40 32 466 34 27
219 22 34 16 9 31 419 20 35 28 840 34 27
220 22 19 31 37 19 119 23 8 20 715 34 27
221 22 24 36 38 20 511 26 14 27 527 34 27
222 22 20 18 6 39 216 25 25 36 835 34 27
223 22 24 24 36 22 285 30 48 36 937 34 27
224 22 19 34 29 37 292 19 12 27 1135 34 27
225 22 38 40 26 34 471 14 23 33 830 34 27
226 22 38 23 21 28 174 19 32 18 828 34 27
227 22 20 21 26 24 178 32 41 26 337 34 27
228 22 20 41 27 31 342 22 6 20 669 34 27
229 22 27 32 19 34 169 30 39 27 822 34 27
230 22 22 36 21 37 169 11 13 25 731 34 27
231 22 36 14 20 27 277 21 36 20 504 34 27
232 22 44 40 40 22 63 26 24 28 802 34 27
233 22 44 34 27 15 141 26 17 26 1504 34 27
234 22 61 44 36 34 163 20 21 22 668 34 27
235 22 42 37 34 30 193 14 21 25 1024 34 27
236 22 41 33 29 33 103 20 27 34 595 34 27
237 22 43 31 28 21 355 21 43 21 812 34 27
238 22 22 34 38 31 141 24 29 31 929 34 27
239 22 24 34 27 31 348 22 5 23 1327 34 27
240 22 23 21 19 25 108 19 35 30 739 34 27
241 22 30 44 37 23 382 20 29 19 778 34 27
242 22 34 26 30 23 60 21 14 32 145 34 27
243 22 26 39 29 40 162 21 35 31 531 34 27
244 22 29 27 20 27 89 25 24 30 478 34 27
245 22 40 32 5 35 187 20 1 20 702 34 27
246 22 19 35 22 35 205 16 28 28 601 34 27
247 22 24 29 30 28 179 24 34 26 598 34 27
248 22 45 21 32 30 70 16 40 30 1207 34 27
249 22 40 36 24 32 248 25 15 29 606 34 27
250 22 49 41 25 38 222 27 24 35 699 34 27
251 22 64 42 11 44 290 19 25 27 389 34 27
252 22 31 32 45 25 98 19 30 31 658 34 27
253 22 15 41 43 27 131 24 24 12 847 34 27
254 22 40 46 43 26 192 21 31 34 1124 34 27
255 22 26 22 27 25 72 20 15 30 1217 34 27
256 22 23 23 17 29 554 16 14 32 744 34 27
257 22 16 20 1 40 566 19 23 23 1474 34 27
258 22 36 19 30 19 170 18 28 28 970 34 27
259 22 44 32 24 32 120 22 32 35 910 34 27
260 22 36 32 31 33 91 21 4 26 1141 34 27
261 22 40 17 10 36 178 17 21 45 896 34 27
262 22 54 45 27 36 172 19 12 35 776 34 27
263 22 18 14 30 19 166 27 45 29 846 34 27
264 22 31 21 35 22 91 12 15 21 818 34 27
265 22 21 40 25 33 873 26 24 30 2006 34 27
266 22 36 27 25 29 187 18 45 20 1062 34 27
267 22 37 41 19 36 177 19 11 30 1772 34 28
268 22 12 28 39 22 1 18 21 24 545 34 27
269 22 14 22 43 24 119 16 56 23 1409 34 27
270 22 27 22 12 37 118 17 20 27 689 34 27
271 22 40 35 18 35 282 20 18 36 684 34 27
272 22 27 31 22 34 219 25 22 25 755 34 27
273 22 23 35 28 31 196 22 46 28 1130 34 27
274 22 21 11 21 25 174 19 11 25 595 34 27
275 22 44 48 33 37 93 25 14 38 649 34 27
276 22 18 45 29 42 212 18 32 31 720 34 27
277 22 79 38 36 24 70 26 3 32 1319 34 27
278 22 31 20 49 12 103 22 47 30 557 34 27
279 22 38 19 28 22 284 17 12 15 1136 34 27
280 22 35 37 19 37 173 19 38 30 834 34 27
281 22 58 26 19 28 323 22 28 88 936 34 27
282 22 30 31 26 30 130 15 14 34 737 34 27
283 22 21 45 29 32 167 16 22 27 1432 34 27
284 22 29 34 32 36 149 17 42 29 1158 34 27
285 22 15 14 11 28 132 30 30 30 564 34 27
286 22 47 41 38 26 134 24 43 18 1427 34 27
287 22 15 28 41 21 118 21 31 25 1210 34 27
288 22 22 47 38 32 260 22 25 30 1125 34 27
289 22 12 35 33 27 61 26 19 24 1925 34 27
290 22 25 25 18 40 277 23 35 32 579 34 27
291 22 12 21 28 27 199 20 37 33 779 34 27
292 22 24 40 23 32 132 14 23 33 632 34 27
293 22 31 15 10 34 144 16 21 17 1058 34 27
294 22 23 28 7 43 181 22 8 32 542 34 27
295 22 34 32 15 36 216 26 8 25 1049 34 27
296 22 55 38 33 24 176 25 21 24 727 34 27
297 22 48 41 18 39 193 21 21 25 1118 34 27
298 22 26 20 32 9 128 26 32 30 601 34 27
299 22 23 33 23 27 208 23 31 24 1565 34 27
300 22 24 19 5 36 57 18 5 39 1086 34 27
301 22 21 32 25 27 252 18 29 24 1150 34 27
302 22 33 35 37 23 230 15 10 21 766 34 27
303 22 37 29 21 28 288 14 16 31 976 34 27
304 22 2 35 29 31 152 19 37 32 1068 34 27
305 22 40 17 20 22 124 21 21 29 386 34 27
306 22 13 31 31 26 72 26 15 13 650 34 27
307 22 36 34 31 29 227 23 37 29 945 34 27
308 22 33 37 42 23 193 22 25 23 771 34 27
309 22 45 32 36 21 415 21 28 20 954 34 27
310 22 58 41 34 42 233 17 21 25 836 34 27
311 22 39 16 26 20 89 16 38 23 549 34 27
312 22 46 26 27 24 405 30 25 36 825 34 27
313 22 32 44 48 29 213 21 33 32 884 34 27
314 22 41 31 25 31 177 18 30 28 1263 34 27
315 22 51 29 20 26 291 16 45 30 206 34 27
316 22 44 19 20 25 542 18 24 25 735 34 27
317 22 50 26 31 32 268 18 12 24 898 34 27
318 22 40 43 37 27 292 20 34 31 1647 34 27
319 22 47 33 24 32 283 20 15 28 310 34 27
320 22 31 21 23 27 147 19 26 33 403 34 27
321 22 11 33 32 24 216 19 33 18 784 34 27
322 22 1 4 16 28 187 14 32 21 926 34 27
323 22 36 26 28 22 147 25 30 32 352 34 27
324 22 28 37 28 31 351 24 28 37 1290 34 27
325 22 39 31 24 36 79 23 28 33 628 34 27
326 22 30 6 18 26 299 21 36 26 734 34 27
327 22 29 39 30 30 298 12 19 18 1355 34 27
328 22 19 31 37 27 76 23 19 26 893 34 27
329 22 39 23 37 20 425 17 28 28 1677 34 27
330 22 53 16 23 24 168 27 35 20 1177 34 27
331 22 45 25 23 32 399 22 14 28 977 34 27
332 22 21 41 29 27 208 21 37 34 751 34 27
333 22 25 34 41 24 124 17 36 32 1316 34 28
334 22 29 37 21 29 342 22 26 17 613 34 27
335 22 17 37 36 33 792 26 23 30 719 34 27
336 22 9 30 35 30 128 29 40 23 1071 34 27
337 22 46 32 23 32 149 18 22 25 592 34 27
338 22 19 20 14 38 97 20 26 31 497 34 27
339 22 27 50 46 36 134 20 26 29 827 34 27
340 22 18 20 35 25 200 27 32 32 516 34 27
341 22 37 26 24 35 470 18 26 36 797 34 27
342 22 9 51 36 35 283 21 30 25 812 34 27
343 22 37 19 29 27 184 24 45 26 1517 34 27
344 22 49 32 9 39 419 20 20 38 589 34 27
345 22 26 36 21 27 207 23 31 30 833 34 27
346 22 19 33 24 35 118 14 27 26 649 34 27
347 22 14 20 21 26 468 19 28 33 1374 34 27
348 22 24 35 28 30 200 16 11 24 1290 34 27
349 22 23 26 33 23 172 24 5 28 920 34 27
350 22 44 36 28 35 370 21 30 30 683 34 27
351 22 47 35 21 36 1335 24 20 17 510 34 27
352 22 25 23 25 30 411 16 26 25 796 34 27
353 22 31 44 43 23 266 16 10 29 844 34 28
354 22 32 15 13 21 95 27 20 23 554 34 27
355 22 19 27 17 29 294 22 31 24 318 34 27
356 22 22 29 34 22 103 16 11 24 1721 34 27
357 22 37 39 29 34 353 17 34 24 974 34 27
358 22 30 36 28 32 107 20 15 28 651 34 27
359 22 45 29 29 30 130 21 13 23 910 34 27
360 22 10 35 36 24 249 17 32 28 900 34 27
361 22 27 36 35 32 147 25 27 18 1212 34 28
362 22 44 38 40 27 121 26 47 24 630 34 27
363 22 51 29 16 27 339 16 24 29 605 34 27
364 22 40 44 28 34 282 28 44 17 1014 34 28
365 22 20 16 24 18 285 20 27 21 639 34 27
366 22 27 37 37 27 210 17 10 29 1007 34 27
367 22 21 33 49 10 156 25 33 23 653 34 27
368 22 26 31 23 39 221 29 37 22 477 34 27
369 22 25 21 11 32 161 16 29 26 683 34 27
370 22 23 30 35 24 255 14 8 24 1257 34 27
371 22 7 28 31 26 341 19 26 25 743 34 27
372 22 20 18 18 31 197 20 28 29 240 34 27
373 22 24 27 36 21 576 16 12 29 687 34 27
374 22 18 35 20 38 320 20 21 22 759 34 27
375 22 20 30 22 39 129 17 30 25 585 34 27
376 22 35 39 41 29 137 20 47 26 689 34 27
377 22 23 30 23 33 140 16 7 33 658 34 27
378 22 18 46 20 35 323 21 15 18 823 34 27
379 22 11 36 35 42 24 27 20 30 345 34 27
380 22 10 22 16 28 337 20 16 23 1050 34 27
381 22 35 20 15 25 112 17 6 29 830 34 27
382 22 29 21 23 25 99 26 28 17 871 34 27
383 22 36 29 14 36 283 19 22 18 572 34 27
384 22 21 33 40 29 130 16 44 23 569 34 27
385 22 29 46 17 45 287 26 32 29 1054 34 27
386 22 20 34 38 26 264 22 14 24 732 34 27
387 22 39 40 39 23 84 25 29 24 688 34 27
388 22 43 10 39 13 382 20 41 23 667 34 27
389 22 12 30 45 18 150 19 31 28 663 34 27
390 22 28 18 19 28 108 24 19 32 622 34 27
391 22 28 43 29 33 182 9 34 20 1126 34 27
392 22 23 25 30 18 128 25 10 33 918 34 27
393 22 16 31 32 26 484 32 37 28 872 34 27
394 22 55 29 24 23 228 22 25 32 774 34 27
395 22 29 26 34 15 140 24 38 19 1073 34 27
396 22 53 45 20 34 169 21 7 36 932 34 27
397 22 41 38 23 36 300 23 33 24 640 34 27
398 22 31 26 24 26 169 22 35 27 865 34 27
399 22 36 22 17 32 160 26 38 26 1127 34 27
400 22 20 32 25 28 166 25 26 25 769 34 27
401 22 46 31 35 37 193 25 57 35 403 34 27
402 22 32 17 29 18 183 21 22 21 683 34 27
403 22 42 44 39 32 188 24 21 30 1245 34 27
404 22 1 33 28 29 157 27 37 24 674 34 27
405 22 31 40 43 17 130 18 5 21 768 34 27
406 22 26 34 39 22 1226 17 33 21 195 34 27
407 22 31 23 26 34 449 24 42 30 955 34 27
408 22 28 39 45 33 1192 28 46 24 540 34 27
409 22 33 29 19 33 189 24 48 27 1262 34 27
410 22 10 22 26 20 303 23 23 20 1778 34 27
411 22 30 27 26 23 273 19 22 19 619 34 27
412 22 51 28 33 31 100 14 22 31 703 34 27
413 22 38 40 38 22 120 19 15 27 697 34 27
414 22 42 38 17 37 50 17 12 44 782 34 27
415 22 69 19 21 22 141 28 28 18 642 34 27
416 22 23 39 48 28 143 27 13 22 812 34 27
417 22 39 46 27 35 585 20 22 30 1943 34 27
418 22 27 47 32 31 205 20 25 26 699 34 27
419 22 45 35 32 25 129 14 7 25 1081 34 28
420 22 52 27 17 32 107 21 24 29 726 34 27
421 22 66 28 16 33 230 26 40 20 952 34 27
422 22 21 30 15 35 134 24 28 32 664 34 27
423 22 19 22 29 28 84 22 5 24 595 34 27
424 22 30 34 24 32 376 20 39 28 1140 34 27
425 22 46 37 31 30 223 20 32 18 288 34 27
426 22 35 20 34 24 126 23 38 26 772 34 27
427 22 50 37 37 24 131 21 32 24 429 34 27
428 22 44 13 19 27 252 23 24 29 502 34 27
429 22 29 36 39 30 74 20 8 24 677 34 27
430 22 23 42 26 31 264 17 40 20 1051 34 28
431 22 31 46 47 25 170 20 33 28 1095 34 27
432 22 24 18 33 22 147 21 45 21 522 34 27
433 22 13 41 45 27 144 19 19 29 896 34 27
434 22 37 31 29 35 222 23 34 28 1730 34 27
435 22 26 33 34 35 344 28 37 21 340 34 27
436 22 44 34 31 22 270 23 27 30 733 34 27
437 22 15 20 12 28 131 19 32 27 578 34 27
438 22 22 24 23 22 587 13 1 28 2007 34 27
439 22 33 42 48 32 709 24 29 25 1240 34 27
440 22 33 30 28 33 168 16 33 21 1032 34 27
441 22 20 30 32 26 1 21 14 17 552 34 27
442 22 49 31 24 19 150 23 12 28 855 34 27
443 22 23 37 20 38 249 20 16 31 581 34 27
444 22 29 21 9 32 156 24 20 26 1067 34 27
445 22 12 22 31 19 166 22 31 24 156 34 27
446 22 33 24 12 34 205 24 21 22 507 34 27
447 22 47 37 41 24 250 20 8 27 796 34 27
448 22 49 10 21 13 102 17 41 22 873 34 27
449 22 5 32 25 37 103 26 30 33 1194 34 27
450 22 31 20 14 31 215 24 27 25 724 34 27
451 22 1 30 36 23 265 26 41 26 642 34 27
452 21 43 23 24 27 154 18 36 30 1280 33 27
453 22 47 26 23 24 392 17 14 27 805 34 27
454 22 36 43 37 39 188 15 42 29 745 34 27
455 22 35 37 38 23 199 15 18 35 291 34 27
456 22 32 8 14 28 43 24 36 22 510 34 27
457 22 12 42 25 33 174 16 32 27 462 34 27
458 22 44 44 33 29 365 19 18 26 1296 34 27
459 22 30 23 12 24 277 21 15 28 839 34 27
460 22 32 29 31 16 319 28 29 21 675 34 27
461 22 17 24 20 32 579 24 39 30 282 34 27
462 22 37 30 24 31 105 21 21 24 847 34 27
463 22 18 14 4 28 228 25 30 32 570 34 27
464 22 5 30 43 23 233 21 35 18 548 34 27
465 22 16 21 22 30 179 19 21 31 1319 34 27
466 22 37 37 22 33 258 21 43 35 781 34 27
467 22 9 9 14 32 188 25 38 37 334 34 27
468 22 25 36 21 37 283 20 23 25 703 34 27
469 22 7 39 40 24 233 20 32 22 1095 34 27
470 22 40 36 36 33 188 22 37 27 785 34 27
471 22 15 35 16 47 170 19 29 32 527 34 27
472 22 35 39 24 37 123 25 14 30 1307 34 27
473 22 24 36 31 30 247 28 40 26 664 34 27
474 22 29 33 29 35 273 23 25 24 867 34 27
475 22 16 15 20 32 176 27 45 25 542 34 27
476 22 33 39 21 36 164 20 13 19 304 34 28
477 22 43 37 34 36 192 25 34 36 1426 34 27
478 22 19 18 16 34 53 24 24 36 595 34 27
479 22 20 38 32 31 182 24 25 22 1033 34 27
480 22 45 29 40 22 278 20 1 30 493 34 27
481 22 27 32 36 25 188 17 19 34 1917 34 27
482 22 16 40 42 26 350 18 33 26 428 34 27
483 22 29 37 30 33 617 20 30 24 667 34 28
484 22 36 40 42 32 135 24 27 32 846 34 27
485 22 68 20 24 18 147 27 16 20 896 34 27
486 22 23 18 21 39 130 27 47 35 820 34 27
487 22 41 37 42 30 132 28 25 24 594 34 27
488 22 31 32 34 25 220 19 40 27 805 34 27
489 22 30 43 30 31 140 24 29 34 649 34 27
490 22 23 38 39 24 171 20 22 31 691 34 27
491 22 57 16 4 35 339 15 13 32 1427 34 27
492 22 33 31 35 18 279 13 27 22 688 34 27
493 22 22 38 30 39 128 23 1 35 1396 34 27
494 22 16 19 14 33 260 25 15 21 480 34 27
495 22 23 20 3 28 198 18 11 25 1164 34 27
496 22 14 19 26 33 96 23 32 27 828 34 27
497 22 37 37 30 27 213 20 34 30 741 34 27
498 22 19 29 19 39 218 26 40 28 693 34 27
499 22 41 46 21 40 104 25 8 27 1064 34 27
500 22 39 33 35 26 59 21 29 18 720 34 27
501 22 34 22 32 21 137 17 35 21 707 34 27
502 22 45 28 22 31 182 26 32 24 207 34 27
503 22 18 28 12 41 253 20 25 29 1969 34 27
504 22 28 26 15 37 258 22 37 32 1124 33 27
505 22 30 33 41 23 180 24 28 28 404 34 27
506 22 19 31 25 39 29 17 25 35 1263 34 27
507 22 19 28 38 25 199 20 19 23 636 34 27
508 22 22 36 36 26 208 21 28 36 801 34 28
509 22 41 29 31 30 216 25 22 29 748 34 27
510 22 1 45 46 29 333 24 35 28 532 34 27
511 22 29 26 28 18 180 17 11 22 1237 34 27
512 22 23 26 25 27 92 22 37 33 852 34 27
513 22 37 43 35 33 220 20 48 33 538 34 27
514 22 75 33 26 31 121 21 29 32 683 34 27
515 22 69 35 26 33 405 26 46 30 818 34 27
516 22 20 33 38 22 202 21 13 30 1304 34 27
517 22 29 30 24 35 339 23 28 30 712 34 27
518 22 14 12 26 19 79 16 17 17 346 34 28
519 22 32 30 38 19 129 20 27 29 486 34 27
520 22 60 22 5 34 93 26 16 28 1159 34 27
521 22 10 29 38 20 73 27 35 21 904 34 27
522 22 38 22 38 9 268 22 19 25 765 34 27
523 22 33 42 37 21 187 24 15 33 922 34 27
524 22 63 45 45 21 213 25 15 27 827 34 28
525 22 43 34 32 28 182 29 31 20 1323 34 27
526 22 22 30 31 19 110 20 14 25 837 34 27
527 22 20 17 25 8 82 23 13 20 1199 34 27
528 22 36 34 20 26 227 24 27 23 924 34 28
529 22 25 32 26 32 100 16 25 24 1097 34 27
530 22 19 30 22 30 147 24 22 27 666 34 27
531 22 57 32 27 37 103 18 36 23 545 34 27
532 22 1 43 47 27 92 24 41 29 639 34 27
533 22 21 25 14 34 275 15 28 23 924 34 27
534 22 31 43 33 31 188 21 29 34 1429 34 27
535 22 44 24 35 25 287 20 25 29 464 34 27
536 22 28 31 23 41 231 18 46 29 1691 34 27
537 22 32 32 33 27 350 14 31 28 619 34 27
538 22 35 17 18 31 197 26 22 30 613 34 27
539 22 20 34 30 36 23 22 17 24 1247 34 27
540 22 25 36 39 27 297 22 30 22 2006 34 27
541 22 35 34 34 16 168 22 12 26 179 34 28
542 22 14 25 35 28 291 27 36 23 2006 34 27
543 22 42 40 33 29 124 18 22 28 983 34 27
544 22 47 40 33 22 221 23 4 25 1457 34 27
545 22 18 22 32 31 176 20 21 24 173 34 27
546 22 27 36 25 35 242 16 17 31 1049 34 28
547 22 80 44 36 36 231 26 41 40 1274 34 27
548 22 35 33 28 32 224 20 33 29 907 34 27
549 22 30 36 26 34 81 23 30 29 760 34 27
550 22 39 41 29 35 593 26 30 32 647 34 27
551 22 25 36 23 33 256 24 37 27 314 34 27
552 22 36 41 36 29 102 24 16 27 972 34 27
553 22 29 30 44 22 378 24 31 23 1024 34 27
554 22 27 16 11 28 435 25 44 22 626 34 27
555 22 53 32 18 33 218 13 29 30 874 34 27
556 22 28 42 31 35 335 14 2 27 1466 34 27
557 22 77 33 37 29 169 17 33 20 735 34 28
558 22 13 18 24 29 303 20 39 20 1170 34 27
559 22 36 27 30 25 146 27 40 37 638 34 27
560 22 8 38 44 27 123 24 37 40 763 34 28
561 22 44 38 39 30 444 19 21 22 783 34 27
562 22 9 23 30 23 301 19 19 21 894 34 27
563 22 21 44 38 32 316 21 31 20 618 34 27
564 22 32 27 16 30 310 20 34 30 786 34 27
565 22 18 29 32 35 150 19 27 26 588 34 27
566 22 29 29 32 26 155 22 25 29 688 34 27
567 22 1 28 38 33 170 24 50 28 1208 34 27
568 22 30 31 18 42 145 27 39 23 672 34 27
569 22 65 22 24 24 317 21 17 28 855 34 27
570 22 12 32 28 41 171 19 42 28 526 34 27
571 22 35 30 14 37 155 25 7 26 883 34 27
572 22 19 36 18 32 558 22 17 24 755 34 27
573 22 47 38 7 44 121 20 26 26 1023 34 27
574 22 2 25 15 33 163 24 20 31 1331 34 27
575 22 27 35 44 21 276 30 30 23 2006 34 28
576 22 47 35 42 19 154 21 34 19 594 34 27
577 22 15 19 23 33 189 25 33 32 377 34 27
578 22 12 9 10 34 228 26 30 17 394 34 27
579 22 22 27 36 14 213 25 20 25 837 34 28
580 22 35 35 39 27 115 24 10 28 684 34 27
581 22 29 33 34 21 315 28 16 31 646 34 27
582 22 85 44 36 35 104 22 22 25 960 34 27
583 22 34 32 34 30 171 24 18 31 208 34 27
584 22 53 35 32 31 172 15 24 26 507 34 27
585 22 51 14 25 21 345 19 35 25 836 34 27
586 22 41 29 17 33 275 24 15 37 1064 34 27
587 22 23 34 26 37 36 23 21 31 1339 34 27
588 22 16 35 27 20 146 15 18 36 1358 34 27
589 22 28 43 29 34 121 24 16 29 987 34 27
590 22 9 22 37 15 132 15 33 18 1080 34 27
591 22 35 37 35 24 170 27 22 29 973 34 27
592 22 17 21 27 28 229 19 37 27 1472 34 27
593 22 47 31 40 17 799 20 29 26 549 34 27
594 22 56 36 49 15 135 26 30 24 587 34 27
595 22 31 30 27 35 146 23 29 23 864 34 27
596 22 31 40 40 23 97 16 9 27 465 34 28
597 22 23 39 43 21 154 22 33 26 1888 34 27
598 22 20 3 3 28 160 23 24 27 549 34 27
599 22 61 26 34 18 166 22 37 25 559 34 27
600 22 52 40 24 35 199 23 7 32 1300 34 27
601 22 21 30 29 19 164 25 26 24 906 34 27
602 22 33 32 31 29 152 14 12 20 1217 34 27
603 22 30 42 19 41 100 29 21 36 748 34 27
604 22 20 20 26 26 135 19 15 25 1532 34 27
605 22 21 29 34 21 175 24 30 22 578 34 27
606 22 2 12 31 18 1094 18 20 25 1079 34 27
607 22 24 27 25 29 166 21 31 29 1114 34 27
608 22 11 22 17 34 199 17 27 18 674 34 27
609 22 35 30 28 30 114 20 25 21 2006 34 27
610 22 34 33 11 36 157 22 16 29 737 34 27
611 22 16 33 29 21 160 24 30 21 1018 34 27
612 22 61 41 41 32 127 18 16 33 875 34 27
613 22 33 36 28 35 180 25 17 28 742 34 27
614 22 38 34 22 31 216 21 23 33 626 34 27
615 22 9 45 28 39 241 22 21 35 1360 34 27
616 22 65 32 30 28 46 26 9 30 1006 34 27
617 22 24 36 25 36 234 21 27 17 1126 34 27
618 22 53 43 44 24 271 27 30 29 1006 34 27
619 22 12 28 30 27 193 20 32 24 658 34 27
620 22 37 30 27 32 109 23 33 26 889 34 27
621 22 33 27 20 24 211 22 23 31 823 34 27
622 22 19 24 34 34 101 17 27 35 433 34 28
623 22 1 19 6 41 320 21 27 29 439 34 27
624 22 31 20 24 27 183 18 14 22 1304 34 27
625 22 32 39 38 33 87 19 25 30 611 34 27
626 22 58 37 6 42 130 16 13 30 130 34 27
627 22 48 47 21 35 229 21 12 31 780 34 27
628 22 19 28 43 24 131 20 38 25 528 34 27
629 22 37 20 3 33 135 24 14 19 1099 34 27
630 22 30 38 34 30 174 24 28 31 820 34 27
631 22 27 47 36 32 141 25 24 33 514 34 27
632 22 33 33 17 29 348 25 24 29 883 34 27
633 22 26 24 29 25 160 23 25 29 485 34 27
634 22 25 20 25 23 155 17 14 30 174 34 27
635 22 61 45 24 36 230 23 28 18 950 34 27
636 22 42 40 31 35 112 19 34 21 662 34 27
637 22 13 19 19 25 144 19 32 27 1549 34 27
638 21 11 23 17 41 262 13 41 29 1063 34 27
639 22 14 26 7 33 153 13 3 27 653 34 27
640 22 52 26 6 35 119 23 6 27 1177 34 27
641 22 20 37 41 26 139 19 14 23 601 34 27
642 22 32 42 47 26 213 23 23 28 761 34 27
643 22 29 16 35 13 484 22 38 20 613 34 27
644 22 20 32 43 21 185 27 35 36 504 34 27
645 22 34 32 24 30 147 24 29 27 660 34 27
646 22 46 40 9 38 149 20 8 24 949 34 27
647 22 29 30 31 33 166 13 30 29 918 34 27
648 22 48 30 22 26 228 17 22 18 675 34 27
649 22 24 22 30 22 151 20 15 25 441 34 27
650 22 44 35 21 33 168 22 22 16 463 34 27
651 22 32 37 34 28 135 23 36 18 731 34 27
652 22 45 18 21 17 158 22 22 19 647 34 27
653 22 19 26 33 21 155 22 27 19 642 34 27
654 22 23 22 15 29 166 23 36 26 528 34 27
655 22 39 31 12 33 444 20 18 32 1297 34 27
656 22 14 11 29 19 1 25 30 33 1082 34 27
657 22 26 13 14 24 127 23 35 28 579 34 27
658 22 45 34 29 34 109 26 35 33 1395 34 27
659 22 40 12 6 23 130 20 13 20 738 34 27
660 22 34 10 7 32 69 29 22 25 884 34 27
661 22 44 34 32 27 105 26 39 32 1502 34 27
662 22 37 10 29 10 150 24 43 24 1234 34 27
663 22 20 16 28 32 121 26 28 24 833 34 27
664 22 20 27 21 26 76 26 35 30 223 33 27
665 22 32 18 30 24 181 29 26 28 589 34 27
666 22 43 28 29 36 146 22 41 28 495 34 27
667 22 26 37 34 21 93 25 6 26 780 34 27
668 22 30 15 19 25 178 16 32 21 430 34 27
669 22 80 25 1 41 413 17 20 31 593 34 27
670 22 29 47 35 38 193 20 32 29 816 34 27
671 22 44 40 14 37 421 15 17 24 1135 34 27
672 22 26 30 16 35 177 24 37 34 681 34 27
673 22 34 15 20 27 98 29 13 31 592 34 27
674 22 32 39 18 32 493 27 3 27 959 34 27
675 22 17 20 25 17 204 23 37 21 573 34 27
676 22 42 24 21 25 139 20 28 28 926 34 27
677 22 37 40 38 26 150 18 28 29 1019 34 27
678 22 30 24 9 35 150 33 30 23 705 34 27
679 22 33 33 18 33 251 24 32 32 1476 34 27
680 22 44 27 13 30 475 17 1 25 1375 34 27
681 22 28 30 13 30 179 18 18 27 712 34 27
682 22 34 37 31 38 119 24 26 32 339 34 27
683 22 27 35 17 32 200 26 19 27 677 34 27
684 22 27 27 23 31 143 19 39 35 169 34 27
685 22 51 42 39 35 287 17 47 30 945 34 27
686 22 47 23 25 33 131 23 29 32 892 34 27
687 22 11 22 30 22 86 19 22 24 677 34 27
688 22 24 18 39 11 160 20 51 24 778 34 27
689 22 32 25 28 34 139 20 34 24 684 34 27
690 22 37 29 5 39 195 17 23 35 1290 34 27
691 22 23 29 30 25 185 18 40 16 1225 34 27
692 22 37 14 4 32 137 23 9 24 889 34 27
693 22 27 27 17 26 1291 18 10 24 156 34 27
694 22 19 23 25 29 155 18 40 23 902 34 27
695 22 31 42 38 27 124 22 27 26 697 34 27
696 22 45 32 26 28 218 22 21 23 1365 34 27
697 22 42 29 24 27 118 24 31 30 658 34 27
698 22 43 39 39 26 564 24 19 30 766 34 27
699 22 22 39 24 30 219 21 15 24 855 34 27
700 22 42 31 29 37 210 19 24 27 986 34 27
701 22 33 35 24 40 173 22 31 34 843 34 27
702 22 46 37 28 24 109 24 15 25 885 34 27
703 22 27 20 31 23 245 25 27 22 347 34 27
704 22 18 18 29 28 82 27 25 36 969 34 27
705 22 36 24 31 23 140 21 19 26 1059 34 27
706 22 26 12 6 21 199 25 19 25 701 34 27
707 22 23 32 35 21 124 25 32 21 540 34 27
708 22 19 37 21 40 172 23 46 21 802 34 27
709 22 40 48 16 44 145 21 11 28 779 34 27
710 22 63 28 21 35 295 25 47 22 866 34 27
711 22 24 40 35 26 209 21 12 23 434 34 28
712 22 26 38 19 40 373 18 25 28 775 34 27
713 22 24 20 9 35 125 29 26 35 640 34 27
714 22 17 37 34 23 189 22 25 27 837 34 27
715 22 48 41 37 32 193 21 40 30 733 34 27
716 22 64 34 34 23 185 24 11 34 1304 34 27
717 22 46 35 33 27 114 16 20 25 752 34 27
718 22 30 29 27 26 161 21 29 29 2006 34 27
719 22 25 32 31 32 238 22 36 17 765 34 27
720 22 1 31 32 29 418 24 46 27 682 34 27
721 22 15 42 25 33 313 20 7 34 797 34 27
722 22 65 37 33 33 207 18 27 28 746 34 27
723 22 43 26 14 36 51 13 12 23 976 34 27
724 22 33 20 24 34 181 23 15 23 653 34 27
725 22 34 36 20 29 275 20 18 30 849 34 28
726 22 424 792 54 127 201 17 15 23 593 34 27
727 22 9 22 28 21 151 22 29 24 444 34 27
728 22 49 20 14 26 171 23 32 23 531 34 27
729 22 1 15 33 28 57 20 49 37 610 34 27
730 22 50 23 19 23 145 27 23 26 664 34 27
731 22 50 40 24 34 148 21 21 28 787 34 27
732 22 30 31 25 33 199 19 25 25 821 34 27
733 22 22 29 15 35 172 17 22 29 581 34 27
734 22 16 23 26 38 118 20 30 29 728 34 27
735 22 40 22 33 29 100 26 30 20 782 34 27
736 22 28 37 13 44 292 19 21 39 601 34 27
737 22 49 20 20 33 194 19 31 29 1146 34 27
738 22 25 16 24 23 102 21 12 31 564 34 27
739 22 32 34 20 36 183 18 28 24 762 34 27
740 22 38 37 39 18 99 17 18 25 1403 34 27
741 22 28 25 34 27 205 20 43 15 774 34 27
742 22 73 36 28 26 269 22 36 19 1101 34 27
743 22 22 42 31 32 169 25 39 31 618 34 27
744 22 28 30 18 36 175 15 33 28 547 34 27
745 22 52 35 47 21 150 17 39 30 568 34 27
746 22 23 23 30 28 189 20 38 26 859 34 27
747 22 7 19 29 22 286 22 39 33 1006 34 27
748 22 47 22 5 39 537 22 22 33 600 34 27
749 22 27 37 19 35 182 21 5 26 738 34 27
750 22 9 21 32 22 89 19 27 28 888 34 27
751 22 20 36 37 39 157 20 28 28 994 34 27
752 22 3 1 29 23 70 18 32 20 455 34 27
753 22 9 21 28 19 287 21 44 21 958 34 27
754 22 21 30 33 29 236 20 39 23 845 33 27
755 22 9 18 8 34 112 19 26 40 934 34 27
756 21 14 32 25 32 145 21 17 27 814 33 27
757 22 30 15 25 23 112 28 14 25 1048 34 27
758 22 26 35 37 31 236 19 37 25 708 34 27
759 22 21 44 31 24 152 26 8 25 1453 34 27
760 22 21 14 24 26 86 30 28 33 580 34 28
761 22 7 13 34 17 298 22 27 16 929 34 27
762 22 28 25 23 19 138 23 11 27 701 34 27
763 22 24 22 28 21 160 21 37 27 671 34 27
764 22 25 20 21 20 167 17 20 23 964 34 27
765 22 14 26 36 32 316 19 33 27 1022 34 27
766 22 58 36 44 16 141 19 6 28 989 34 27
767 22 62 32 19 40 382 26 26 29 1654 34 27
768 22 7 23 14 36 156 23 18 28 718 34 27
769 22 20 44 20 43 129 15 11 34 854 34 27
770 22 12 42 29 32 373 22 36 31 1583 34 27
771 22 8 7 15 27 30 23 21 28 596 34 27
772 22 41 33 24 29 148 22 43 31 752 34 27
773 22 39 42 36 32 420 23 29 18 827 34 27
774 22 5 9 18 26 436 17 34 21 1158 34 27
775 22 17 13 15 24 264 22 7 30 572 34 27
776 22 19 29 19 32 182 26 44 34 1 33 27
777 22 31 39 14 38 245 27 24 34 642 34 27
778 22 26 41 35 31 98 22 13 23 1451 34 27
779 22 31 39 29 35 285 21 25 28 1221 34 27
780 22 48 23 29 24 297 14 17 29 1024 34 27
781 22 20 30 35 26 277 21 17 31 2006 34 27
782 22 48 21 36 28 113 17 40 22 1461 34 27
783 22 20 29 27 27 216 13 25 31 560 34 28
784 22 42 31 31 16 136 17 17 17 1525 34 27
785 22 12 40 29 32 134 21 21 36 634 34 27
786 22 41 19 25 20 199 15 15 28 321 34 27
787 22 10 23 20 34 182 24 36 28 1380 34 27
788 22 6 24 34 22 129 24 42 17 988 34 27
789 22 27 42 33 33 225 22 25 24 2007 34 27
790 22 43 64 28 33 298 19 14 35 2007 34 27
791 22 63 41 39 24 138 22 20 27 756 34 27
792 22 43 23 9 30 307 19 25 19 709 34 27
793 22 18 27 19 31 165 21 38 32 632 34 27
794 22 35 25 14 32 115 21 1 35 502 34 27
795 22 10 15 13 26 218 24 29 25 460 34 27
796 22 56 39 26 34 219 12 39 30 1090 34 27
797 22 22 27 41 28 52 23 23 13 1106 34 27
798 22 27 24 31 27 130 25 28 21 1091 34 27
799 22 47 12 11 30 172 18 25 17 1005 34 27
800 22 44 36 36 32 98 27 31 28 767 34 27
801 22 11 31 27 35 53 21 36 21 778 34 27
802 22 35 16 27 26 98 21 33 24 1635 34 27
803 22 65 25 14 33 416 26 15 23 539 34 27
804 22 38 41 26 39 450 21 33 28 601 34 27
805 22 55 30 21 31 191 19 1 22 465 34 27
806 22 30 40 34 35 239 20 21 31 1151 34 27
807 22 506 33 105 211 613 34 30 24 1114 34 27
808 22 13 32 31 29 63 18 32 29 559 34 27
809 22 20 16 27 28 157 25 18 31 636 34 27
810 22 44 33 36 26 214 21 33 18 734 34 27
811 22 50 14 5 33 67 24 27 28 492 34 27
812 22 44 22 13 27 187 25 17 29 919 34 27
813 22 19 32 17 45 146 17 26 29 1704 34 27
814 22 38 46 51 28 274 24 26 31 879 34 27
815 22 27 22 22 34 70 21 20 32 589 34 27
816 22 43 23 25 30 135 16 20 18 870 34 27
817 22 29 33 13 38 136 17 39 28 525 34 27
818 22 34 19 20 23 105 28 20 20 847 34 27
819 22 36 19 1 38 341 18 20 21 1011 34 27
820 22 17 28 23 30 250 23 34 18 1011 34 27
821 22 62 28 37 23 111 13 35 22 683 34 27
822 22 35 44 44 28 129 15 1 17 816 34 27
823 22 25 29 33 35 203 17 36 31 873 34 27
824 22 24 37 29 32 176 23 29 31 715 34 27
825 22 41 26 30 33 277 26 35 27 768 34 27
826 22 18 28 31 22 102 16 12 16 638 34 27
827 22 16 12 20 29 115 18 12 31 828 34 27
828 22 36 30 15 35 322 24 5 26 739 34 27
829 22 20 41 42 32 190 21 36 37 1451 34 27
830 22 31 39 27 30 75 26 19 30 1477 34 27
831 22 29 29 17 37 231 27 38 26 750 34 27
832 22 47 36 36 18 206 26 34 24 561 34 27
833 22 20 19 38 26 186 20 27 26 550 34 27
834 22 30 25 40 9 164 21 34 15 674 34 27
835 22 16 20 28 26 304 24 28 23 621 34 27
836 22 1 13 23 27 194 26 21 26 554 34 27
837 22 26 21 23 29 190 19 28 30 974 34 27
838 22 24 32 27 36 348 21 31 27 730 34 27
839 22 51 36 26 38 123 21 30 12 1229 34 27
840 22 48 29 27 24 60 26 7 22 1124 34 27
841 22 25 40 32 28 137 18 31 31 1434 34 27
842 22 31 18 16 29 260 23 16 26 2006 34 27
843 22 1 31 20 36 145 21 25 26 807 34 27
844 22 11 32 32 23 249 21 16 20 312 34 27
845 22 22 32 27 28 166 18 33 26 1378 34 27
846 22 8 17 24 18 178 24 33 24 1227 34 27
847 22 44 29 21 34 134 17 25 21 818 34 27
848 22 39 35 36 28 159 22 14 22 760 34 27
849 22 42 30 33 27 118 16 14 28 1887 34 27
850 22 46 39 26 28 220 22 25 25 899 34 27
851 22 22 25 40 17 118 17 28 34 1177 34 27
852 22 4 20 28 21 209 22 41 34 1367 34 27
853 22 20 18 26 25 67 22 20 29 718 34 27
854 22 23 29 21 34 182 23 13 21 2006 34 27
855 22 39 29 19 27 179 21 21 25 564 34 27
856 22 26 20 26 25 143 16 22 31 1030 34 27
857 22 36 30 34 29 175 19 31 27 654 34 27
858 22 50 37 18 35 191 25 22 36 765 34 27
859 22 9 31 24 28 196 19 35 31 812 34 27
860 22 50 34 18 42 230 17 49 28 920 34 27
861 22 35 19 29 19 172 17 36 16 1109 34 27
862 22 22 37 38 28 169 12 19 27 874 34 27
863 22 55 21 29 28 74 12 29 22 630 34 27
864 22 21 20 1 37 171 26 23 26 644 34 27
865 22 17 21 29 28 478 17 39 25 587 34 27
866 22 65 41 29 39 185 18 21 28 1545 34 27
867 22 10 22 32 24 190 26 38 23 834 34 27
868 22 32 33 25 33 354 26 28 36 944 34 27
869 22 21 27 12 35 166 21 18 34 967 34 27
870 22 5 30 20 46 116 16 40 29 972 34 27
871 22 1 25 26 24 230 30 26 23 445 34 27
872 22 49 34 23 32 203 25 43 31 664 34 27
873 22 33 29 29 17 400 17 20 28 895 34 27
874 22 23 45 32 34 150 20 16 29 681 34 27
875 22 30 46 15 34 164 23 1 30 809 34 27
876 22 30 12 32 20 290 31 43 19 358 34 27
877 22 38 42 28 25 189 20 18 25 951 34 27
878 22 40 27 30 34 153 22 45 21 120 34 27
879 22 28 20 27 30 60 15 13 26 666 34 27
880 22 23 35 22 39 267 26 46 30 821 34 27
881 22 35 39 22 30 176 21 28 26 1123 34 27
882 22 23 21 21 29 258 19 32 29 379 34 27
883 22 51 27 19 32 463 15 25 25 1081 34 27
884 22 20 31 37 32 110 15 37 19 908 34 27
885 22 23 37 46 20 136 23 41 21 2007 34 27
886 22 37 17 27 19 220 25 31 25 592 34 27
887 22 1 25 18 29 248 21 22 24 1846 34 27
888 22 57 39 16 41 212 23 22 32 735 34 27
889 22 19 16 18 24 391 20 21 26 806 34 27
890 22 31 22 22 33 199 19 35 23 676 34 27
891 22 31 22 36 27 78 24 29 37 640 34 27
892 22 26 33 15 35 281 17 26 27 928 34 27
893 22 17 31 25 35 175 23 35 26 1513 34 27
894 22 48 37 25 31 161 24 22 28 1223 34 27
895 22 15 30 27 30 106 26 16 20 637 34 27
896 22 25 24 13 33 119 24 19 23 876 34 27
897 22 25 4 25 25 334 16 40 31 209 34 27
898 22 26 35 27 27 140 24 24 25 741 34 27
899 22 31 29 28 29 245 17 22 20 762 34 27
900 22 22 26 7 37 132 24 25 26 893 34 27
901 22 48 30 25 34 159 16 20 26 792 34 27
902 22 42 21 24 97 102 23 37 25 558 34 27
903 22 6 15 12 40 165 19 47 27 463 34 27
904 22 29 37 21 33 186 18 20 27 877 34 27
905 22 42 35 27 32 183 25 28 27 930 34 27
906 22 17 28 15 37 233 27 33 31 630 34 27
907 22 12 27 35 29 198 24 22 30 879 34 27
908 22 36 21 12 30 185 19 22 35 1448 34 27
909 22 19 32 41 35 156 26 33 26 647 34 27
910 22 23 21 24 26 91 21 19 26 950 34 27
911 22 16 35 28 34 255 24 44 24 1930 34 27
912 22 26 21 19 39 405 21 38 32 594 34 27
913 22 59 29 25 23 180 15 12 17 866 34 27
914 22 27 30 23 33 253 16 33 34 293 34 27
915 22 49 35 37 20 787 18 16 24 1539 34 27
916 22 29 37 29 28 181 23 19 18 690 34 28
917 22 26 34 28 24 232 20 29 21 1593 34 27
918 22 38 37 26 31 205 20 29 31 1093 34 27
919 22 44 43 43 34 466 29 38 22 682 34 27
920 22 9 25 20 28 211 18 25 21 456 34 27
921 22 7 29 12 33 261 21 12 27 806 34 27
922 22 19 18 13 34 158 16 6 33 1246 34 27
923 22 35 33 32 31 198 25 42 27 879 34 27
924 22 37 19 25 26 171 28 34 29 804 34 27
925 22 20 32 37 23 96 23 35 29 510 34 27
926 22 28 19 20 18 313 21 35 27 573 34 27
927 22 34 24 25 22 115 23 33 29 1698 34 27
928 22 61 38 35 32 92 20 25 30 608 34 27
929 22 51 38 34 32 151 17 20 32 821 34 27
930 22 29 32 35 24 131 23 35 28 540 34 27
931 22 31 25 6 34 151 24 23 37 1171 34 27
932 22 40 36 32 23 240 21 27 29 1119 34 27
933 22 26 34 30 32 423 13 46 26 622 34 27
934 22 18 17 26 15 194 26 27 24 1156 34 27
935 22 22 43 21 38 418 17 17 32 981 34 27
936 22 19 33 35 18 393 20 10 22 1096 34 27
937 22 23 24 26 21 118 15 18 26 148 34 27
938 22 36 25 14 32 245 28 20 17 587 34 27
939 22 33 1 13 23 130 19 46 11 583 34 27
940 22 13 19 14 36 195 17 32 31 612 34 27
941 22 15 17 17 30 186 18 16 23 653 34 27
942 22 35 47 23 36 156 17 1 29 1119 34 27
943 22 17 17 11 38 264 23 30 24 815 34 27
944 22 48 34 30 37 161 18 23 29 448 34 27
945 22 11 8 25 22 101 30 18 25 462 34 27
946 22 60 18 20 23 220 18 23 26 640 34 27
947 22 31 42 31 37 157 24 22 36 2006 34 28
948 22 33 35 23 37 212 21 36 35 790 34 27
949 22 36 39 18 43 185 20 23 30 1469 34 27
950 22 31 41 40 19 194 23 11 19 1052 34 27
951 22 63 47 44 34 163 22 18 28 865 34 27
952 22 26 20 23 23 117 22 16 17 846 34 27
953 22 38 42 23 36 235 16 23 34 579 34 27
954 22 17 34 29 26 294 17 41 24 661 34 27
955 22 14 32 30 26 156 28 37 20 2006 34 27
956 22 30 39 25 36 152 20 33 30 660 34 27
957 22 31 36 25 40 183 20 40 26 752 34 27
958 22 35 41 29 20 287 21 20 31 741 34 27
959 22 16 30 22 30 142 20 35 23 1142 34 27
960 22 28 20 18 25 249 15 21 27 951 34 27
961 22 13 21 25 24 81 17 9 28 674 34 27
962 22 20 27 26 36 168 18 31 31 699 34 27
963 22 28 40 28 40 308 25 34 27 577 34 27
964 22 41 51 34 31 224 25 20 35 1201 34 27
965 22 30 36 33 26 242 25 26 26 1067 34 27
966 22 20 33 14 42 217 22 25 32 1553 34 27
967 22 46 28 26 25 233 23 30 26 772 34 27
968 21 1 26 36 22 49 14 21 31 929 34 27
969 22 44 20 25 24 154 25 13 26 980 34 27
970 22 35 25 27 24 320 17 32 23 150 34 27
971 22 26 41 27 36 119 17 26 19 648 34 27
972 22 24 34 22 30 334 21 38 28 772 34 27
973 22 30 34 31 27 138 18 8 32 665 34 27
974 22 6 10 31 15 262 27 41 25 21 33 27
975 22 21 23 1 37 212 15 17 31 613 34 27
976 22 55 25 21 29 163 22 22 29 266 34 27
977 22 35 38 43 24 670 22 39 26 757 34 27
978 22 20 41 38 25 195 22 23 25 794 34 27
979 22 29 28 12 31 156 21 11 29 1577 34 27
980 22 29 30 22 24 234 29 42 19 152 34 27
981 22 35 35 28 34 150 13 16 23 782 34 27
982 22 41 33 27 32 226 21 27 29 605 34 27
983 22 13 46 28 41 165 17 35 23 678 34 27
984 22 28 29 36 19 89 11 20 27 1218 34 27
985 22 37 36 35 21 409 13 13 28 2006 34 27
986 22 32 17 14 28 123 21 16 26 900 34 27
987 22 39 34 18 30 210 17 17 27 824 34 27
988 22 17 35 34 31 40 15 31 23 1507 34 27
989 22 16 13 27 24 288 16 35 29 405 34 27
990 22 37 37 42 21 222 18 35 21 790 34 27
991 22 31 28 33 23 107 21 16 20 1528 34 27
992 22 26 37 30 21 206 21 38 27 583 34 28
993 22 25 34 33 29 149 25 17 18 842 34 27
994 22 77 15 30 30 114 21 31 27 929 34 27
995 22 62 33 30 24 174 28 13 33 1366 34 27
996 22 41 33 25 33 2 23 22 23 1209 34 27
997 22 34 21 23 34 220 22 17 24 99 34 27
998 22 24 31 20 32 117 21 26 28 602 34 27
999 22 36 28 41 25 332 31 31 32 664 34 27
1000 22 10 34 32 26 441 20 39 23 816 34 27
1001 22 34 35 38 27 150 26 28 23 1128 34 27
1002 22 38 22 15 27 327 19 12 21 576 34 27
1003 22 25 29 26 36 149 19 39 29 709 34 27
1004 22 43 22 31 24 91 23 9 28 1504 34 27
1005 22 30 19 20 28 210 14 32 36 402 34 27
1006 22 46 24 16 36 160 15 29 18 826 34 27
1007 22 49 41 36 28 227 14 16 18 358 34 27
1008 22 25 38 18 41 714 21 24 43 398 34 27
1009 22 25 31 27 24 427 17 29 27 1117 34 27
1010 22 42 39 36 21 147 22 13 25 893 34 27
1011 22 21 34 30 26 225 23 32 23 725 34 27
1012 22 60 37 25 26 293 24 18 19 1086 34 27
1013 22 34 37 36 25 531 25 26 28 2006 34 27
1014 22 31 34 27 31 231 11 30 26 459 34 27
1015 22 41 26 36 23 1 20 34 28 1986 34 27
1016 22 28 16 17 27 132 23 17 25 828 34 27
1017 22 10 10 23 22 147 18 43 31 1021 34 27
1018 22 11 40 18 33 243 29 20 26 1149 34 27
1019 22 31 41 29 31 191 18 31 20 1064 34 27
1020 22 34 34 33 16 344 18 13 20 680 34 27
1021 22 31 23 26 21 277 20 12 22 876 34 27
1022 22 46 22 20 32 188 19 25 27 524 34 27
1023 22 30 38 42 14 241 20 17 18 535 34 27
1024 22 33 36 34 35 18 19 27 24 1532 34 27
1025 22 57 45 36 33 165 24 22 24 841 34 27
1026 22 15 36 18 35 175 26 11 26 270 34 27
1027 22 19 36 18 25 308 28 31 34 1155 34 27
1028 22 209 578 306 388 701 130 119 29 313 34 27
1029 22 47 28 11 31 330 13 16 20 1427 34 27
1030 22 24 23 28 24 178 17 28 25 562 34 28
1031 22 43 26 14 31 324 15 47 24 507 34 27
1032 22 41 42 30 35 119 15 27 40 604 34 27
1033 22 29 34 22 30 163 16 7 21 899 34 27
1034 22 11 23 14 35 538 17 17 32 476 33 27
1035 22 17 25 22 27 152 15 38 34 678 34 27
1036 22 38 26 27 27 81 24 13 29 1504 34 27
1037 21 1 12 29 27 609 21 53 26 508 34 27
1038 22 37 26 24 27 168 26 26 29 1083 34 27
1039 22 18 36 41 22 225 19 25 25 950 34 27
1040 22 33 38 38 25 110 24 23 30 629 34 27
1041 22 1512 2005 625 637 2006 1090 325 356 1221 34 27
1042 22 8 33 12 39 148 27 9 32 331 34 27
1043 21 1 13 11 32 290 29 31 29 515 34 27
1044 22 38 46 43 29 275 26 23 21 846 34 27
1045 22 42 36 12 35 243 15 16 22 810 34 27
1046 22 21 19 8 37 139 26 23 33 570 34 27
1047 22 21 29 23 23 198 28 20 29 1191 34 27
1048 22 60 22 25 28 314 22 9 28 960 34 27
1049 22 57 28 3 36 324 25 31 27 1124 34 27
1050 22 30 35 23 33 229 22 28 22 611 34 27
1051 22 54 451 459 569 470 34 27 95 1513 34 27
1052 22 3 37 39 32 216 29 36 21 798 34 27
1053 22 5 25 33 22 254 21 42 24 1162 34 27
1054 22 29 26 21 36 237 24 36 27 906 34 27
1055 22 38 31 33 31 243 22 41 26 1077 34 27
1056 22 62 22 18 31 94 25 16 30 691 34 27
1057 22 33 25 14 33 213 17 39 27 801 34 27
1058 22 26 12 18 32 113 30 31 28 376 34 27
1059 22 36 24 25 17 144 28 22 21 754 34 27
1060 22 16 24 29 32 190 23 41 32 809 34 27
1061 22 1 15 21 22 137 18 25 21 847 34 27
1062 22 30 38 26 35 170 22 39 30 1469 34 27
1063 22 50 8 16 26 237 22 36 32 686 34 27
1064 22 21 31 12 42 367 18 28 22 714 34 27
1065 22 7 35 31 32 219 21 32 30 896 34 27
1066 22 57 38 45 24 188 23 32 18 708 34 27
1067 22 53 34 31 28 189 20 25 28 1681 34 27
1068 22 41 21 14 30 201 22 41 32 246 34 27
1069 21 5 25 39 24 444 25 36 30 986 33 27
1070 22 32 42 29 34 247 22 36 31 543 34 27
1071 22 50 35 21 40 429 21 40 30 891 34 27
1072 22 32 9 22 20 173 29 27 20 439 34 27
1073 22 26 25 32 21 230 18 31 23 601 34 27
1074 22 26 38 42 22 163 25 41 30 812 34 27
1075 22 46 43 36 33 311 18 45 18 863 34 27
1076 22 63 32 34 28 269 14 18 20 729 34 28
1077 22 34 42 16 35 178 25 18 28 1738 34 27
1078 22 60 19 28 20 264 26 8 24 563 34 27
1079 22 25 39 26 30 325 20 13 32 1090 34 27
1080 22 34 36 19 40 171 25 7 30 1285 34 27
1081 22 22 31 31 34 203 22 24 30 1482 34 27
1082 22 32 27 25 26 233 20 26 25 925 34 27
1083 22 32 35 36 26 173 25 29 35 784 34 27
1084 22 33 39 30 25 246 20 33 25 842 34 27
1085 22 12 36 29 35 241 27 47 20 1050 34 27
1086 22 48 42 29 34 215 24 43 34 885 34 27
1087 22 41 27 31 23 136 18 17 25 994 34 27
1088 22 32 23 19 29 122 26 24 28 828 34 27
1089 22 21 23 35 17 104 21 44 24 1210 34 27
1090 22 36 35 29 29 147 20 16 28 1570 34 27
1091 22 59 48 31 38 255 19 33 28 1018 34 27
1092 22 24 25 14 38 97 19 1 23 678 34 27
1093 22 35 38 16 41 238 23 36 29 570 34 27
1094 22 49 38 30 28 568 14 9 24 763 34 27
1095 22 43 37 28 31 145 29 38 27 1448 34 27
1096 22 48 30 15 37 253 20 25 30 777 34 27
1097 22 55 47 39 28 272 15 22 34 839 34 27
1098 22 22 27 34 21 130 28 25 18 565 34 27
1099 22 29 24 8 41 775 23 21 36 561 34 27
1100 22 26 24 37 20 300 19 31 13 623 34 27
1101 22 26 31 16 34 333 22 32 32 618 34 27
1102 22 27 40 19 33 477 13 24 29 1551 34 27
1103 22 32 30 33 37 151 22 35 31 877 34 27
1104 22 33 36 24 37 143 22 14 24 893 34 27
1105 22 50 35 27 36 134 19 19 23 866 34 27
1106 22 11 24 23 27 148 15 15 27 572 34 27
1107 22 14 38 29 33 126 19 18 28 217 34 27
1108 22 52 43 24 36 334 28 1 27 1214 34 27
1109 22 22 19 18 26 178 22 29 27 408 34 27
1110 22 27 33 18 31 137 18 22 32 999 34 27
1111 22 37 34 38 23 388 24 11 26 901 34 27
1112 22 2 21 35 21 204 15 28 23 1252 34 27
1113 22 275 86 54 86 229 22 34 133 1307 34 27
1114 22 38 28 23 32 387 24 27 29 831 34 27
1115 22 28 28 32 34 126 21 33 28 809 34 27
1116 22 26 35 28 32 91 29 27 25 852 34 27
1117 22 57 26 29 20 206 19 16 29 645 34 27
1118 22 3 30 22 40 245 21 35 27 207 34 27
1119 22 29 33 37 20 176 28 31 23 1042 34 27
1120 22 32 24 27 26 85 20 38 30 1282 34 27
1121 22 52 29 29 28 289 22 36 30 846 34 27
1122 22 20 37 37 25 235 17 31 26 776 34 27
1123 22 27 36 30 36 196 23 45 29 771 34 27
1124 22 49 29 19 34 163 16 15 19 1090 34 27
1125 22 41 36 43 29 157 21 35 19 1025 34 27
1126 22 4 34 31 28 166 22 19 29 1044 34 27
1127 22 43 36 39 30 444 19 46 30 1117 34 27
1128 22 38 31 22 32 344 21 41 30 517 34 27
1129 22 29 27 37 23 676 30 52 30 505 34 27
1130 22 44 21 27 24 156 19 14 26 898 34 27
1131 22 53 40 16 41 398 20 14 25 671 34 27
1132 22 22 22 16 33 44 19 20 27 842 33 27
1133 22 41 23 36 21 22 14 36 23 588 34 27
1134 22 37 36 30 35 243 26 32 34 821 34 27
1135 22 38 30 32 23 185 23 11 21 672 34 27
1136 22 13 28 26 31 97 20 33 35 684 34 27
1137 22 55 28 36 27 234 19 43 27 648 34 27
1138 22 38 31 33 22 104 23 19 34 310 34 27
1139 22 31 34 29 26 147 26 16 24 1722 34 27
1140 22 35 25 22 28 169 26 38 28 640 34 27
1141 22 53 24 23 34 89 28 37 25 498 34 27
1142 22 15 34 15 41 141 13 1 28 858 34 27
1143 22 38 31 16 38 160 13 26 27 518 34 27
1144 22 38 36 22 40 126 14 38 27 1136 34 27
1145 22 20 40 31 29 519 18 36 33 876 34 27
1146 22 10 30 35 17 165 21 22 23 692 34 27
1147 22 14 31 28 22 160 15 6 23 857 34 27
1148 22 20 21 18 27 637 23 15 29 804 34 27
1149 22 11 15 18 25 184 28 30 25 770 34 27
1150 22 23 13 11 29 1302 21 32 22 2006 34 27
1151 22 10 32 27 34 251 24 14 34 594 34 27
1152 22 22 22 22 26 248 18 7 22 746 34 27
1153 22 28 42 31 38 128 17 29 19 1123 34 27
1154 22 30 38 34 31 187 26 25 24 626 34 27
1155 22 44 43 28 31 263 16 14 29 981 34 27
1156 22 50 26 25 25 169 24 35 26 485 34 27
1157 22 42 37 27 35 279 19 46 21 769 34 27
1158 22 41 44 26 37 309 17 19 30 617 34 27
1159 22 24 29 30 30 139 22 16 21 1063 34 27
1160 22 28 30 32 19 249 21 15 24 506 34 27
1161 22 34 35 17 41 102 21 33 25 657 34 27
1162 22 22 20 40 10 320 22 33 21 1036 34 27
1163 22 15 13 22 24 130 21 16 21 852 34 27
1164 22 57 22 14 34 114 16 16 27 1360 34 27
1165 22 10 23 19 34 98 19 41 31 1506 34 27
1166 22 47 36 38 34 184 23 47 35 1320 34 27
1167 22 22 35 23 30 132 17 22 29 921 34 27
1168 22 46 36 32 26 114 18 20 26 729 34 27
1169 22 16 20 21 26 262 24 34 27 1292 34 27
1170 22 29 16 21 26 96 22 22 26 1541 34 27
1171 22 27 32 16 42 446 26 3 34 839 34 27
1172 22 11 7 27 19 63 20 29 25 664 34 27
1173 22 26 25 21 29 140 18 44 21 1000 34 27
1174 22 19 15 19 22 163 24 21 26 621 34 27
1175 22 33 31 40 16 94 17 33 19 921 34 27
1176 22 37 39 21 31 527 16 21 38 703 34 27
1177 22 41 36 32 28 131 19 46 29 1425 34 27
1178 22 34 35 37 34 194 22 36 30 1235 34 27
1179 22 34 29 27 22 330 23 31 21 567 34 27
1180 22 40 14 17 23 154 21 24 20 671 34 27
1181 22 31 28 26 32 168 21 25 25 604 34 27
1182 22 17 28 34 35 173 22 30 32 1083 34 27
1183 22 24 32 36 26 78 21 21 25 657 34 27
1184 22 26 15 20 31 156 19 20 32 1073 34 27
1185 22 7 19 31 28 159 24 43 18 923 34 28
1186 22 39 39 18 34 412 21 22 25 1173 34 27
1187 22 14 32 23 32 140 17 36 21 710 34 27
1188 22 41 18 19 30 165 25 28 25 798 34 27
1189 22 12 12 28 24 334 12 37 26 365 34 27
1190 22 53 19 30 23 747 17 40 25 514 34 27
1191 22 33 32 30 31 225 21 19 28 734 34 27
1192 22 107 70 539 105 274 20 27 29 909 34 27
1193 22 42 37 13 32 368 24 35 27 919 34 27
1194 22 37 39 15 43 135 19 28 27 689 34 27
1195 22 48 26 11 34 171 18 36 28 1257 34 27
1196 22 42 11 14 38 163 18 35 27 325 34 27
1197 22 26 35 33 32 446 25 23 27 497 34 27
1198 22 29 22 32 22 173 16 15 28 1120 34 27
1199 22 35 36 37 30 162 24 37 22 980 34 27
1200 22 52 37 11 48 318 21 18 29 854 34 27
1201 22 27 29 19 30 134 23 17 26 1405 34 27
1202 22 40 16 27 22 1 20 20 27 681 34 27
1203 22 36 17 15 16 75 15 17 25 542 34 27
1204 22 17 32 36 23 98 25 21 33 807 34 27
1205 22 51 22 15 31 249 22 23 27 540 34 27
1206 22 49 28 25 33 111 22 12 25 1551 34 27
1207 22 15 34 28 32 257 23 40 27 926 34 27
1208 22 16 36 21 36 349 19 39 26 728 34 27
1209 22 22 34 32 27 235 24 36 28 2006 34 27
1210 22 18 18 23 29 485 25 14 29 335 34 27
1211 22 33 26 26 28 193 24 20 26 634 34 28
1212 22 22 34 23 37 179 24 15 21 758 34 27
1213 22 5 23 27 20 138 18 5 15 944 34 27
1214 22 22 10 3 30 87 24 38 30 866 34 27
1215 22 38 25 19 31 145 17 37 28 432 34 27
1216 22 43 35 22 34 475 26 35 29 258 34 27
1217 22 32 39 36 26 385 13 21 27 715 34 27
1218 22 22 14 27 15 134 21 18 25 2006 34 27
1219 22 26 24 27 26 205 26 37 27 922 34 27
1220 22 41 38 12 43 147 24 21 28 1335 34 27
1221 22 31 15 11 28 5 23 1 29 537 34 27
1222 22 41 36 33 32 144 19 41 27 846 34 27
1223 22 43 14 7 36 182 19 26 30 1710 34 27
1224 22 30 39 36 26 77 19 21 27 266 34 27
1225 22 15 36 36 23 130 26 20 28 1857 34 27
1226 22 27 23 17 28 145 29 31 29 888 34 27
1227 22 22 28 32 27 112 21 21 30 816 34 27
1228 22 19 43 25 36 220 24 13 28 1196 34 27
1229 22 15 29 33 24 123 20 17 28 852 34 27
1230 22 45 29 35 24 220 23 32 30 738 34 27
1231 22 11 35 21 37 300 29 34 28 996 34 27
1232 22 24 33 33 22 144 26 21 22 620 34 27
1233 22 6 23 26 21 150 27 19 17 890 34 27
1234 22 34 32 21 33 172 16 16 26 700 34 27
1235 22 17 45 37 33 78 26 25 32 832 34 27
1236 22 32 46 32 40 152 24 37 22 1129 34 27
1237 22 26 39 40 24 305 15 18 31 816 34 27
1238 22 179 423 591 44 206 27 34 32 341 34 27
1239 22 29 14 9 33 107 14 4 28 502 34 27
1240 22 11 14 6 39 180 20 38 24 2006 34 27
1241 22 25 32 28 24 80 21 27 26 752 34 27
1242 22 39 34 45 18 498 20 17 27 907 34 27
1243 22 24 35 33 29 130 23 26 25 386 34 27
1244 22 22 14 12 30 191 20 28 19 699 34 27
1245 22 25 24 38 13 256 24 33 27 1807 34 27
1246 22 28 40 43 23 163 17 23 22 726 34 28
1247 22 29 19 32 35 141 23 28 25 614 34 27
1248 22 20 38 26 45 177 22 16 24 225 34 28
1249 22 1 9 32 17 123 21 22 27 1602 34 27
1250 22 31 20 31 15 1450 18 29 14 431 34 27
1251 22 48 94 187 32 80 18 13 28 525 34 27
1252 22 30 11 6 35 88 24 35 29 731 34 27
1253 22 28 21 16 26 122 21 15 31 1058 34 27
1254 22 2 29 32 38 124 27 29 22 624 34 27
1255 22 36 25 27 24 120 22 16 18 967 34 27
1256 22 46 35 47 20 129 22 17 22 1411 34 27
1257 22 35 8 21 22 161 21 30 20 958 34 27
1258 22 31 30 26 34 126 23 22 19 844 34 27
1259 22 33 41 34 28 186 22 15 24 1298 34 27
1260 22 28 13 13 26 265 14 20 26 783 34 27
1261 22 41 36 34 24 216 14 22 35 723 34 27
1262 22 31 32 32 23 231 22 23 23 732 34 27
1263 22 43 44 28 37 298 16 37 30 1011 34 27
1264 22 27 30 18 36 128 19 20 22 863 34 27
1265 22 31 23 21 24 88 30 21 25 592 34 27
1266 22 14 33 27 31 151 19 30 25 1478 34 27
1267 22 32 26 33 24 177 22 33 25 594 34 27
1268 22 35 16 22 22 130 22 7 18 1341 34 27
1269 22 29 24 27 28 117 23 29 21 1127 34 27
1270 22 15 18 23 23 156 17 50 33 989 34 27
1271 22 25 33 37 22 128 27 24 24 1236 34 27
1272 22 62 27 36 36 140 14 38 34 579 34 27
1273 22 41 24 16 31 118 20 25 34 973 34 27
1274 22 46 29 13 26 194 20 17 29 796 34 27
1275 22 4 39 31 35 166 22 41 34 978 34 27
1276 22 7 15 17 36 192 23 29 25 726 34 27
1277 22 29 36 39 26 110 25 31 24 441 34 27
1278 22 27 32 37 32 211 18 29 32 769 34 27
1279 22 33 36 30 33 176 26 31 33 1001 34 27
1280 22 11 28 37 28 255 21 28 33 516 34 27
1281 22 23 33 30 27 260 20 45 23 993 34 27
1282 22 45 44 35 43 78 13 22 25 1357 34 27
1283 22 62 25 25 25 393 25 29 32 868 34 27
1284 22 33 16 33 25 85 25 32 31 401 34 27
1285 22 25 19 20 32 193 23 31 21 764 34 27
1286 22 25 29 24 33 321 24 44 19 610 34 27
1287 22 21 40 43 27 411 15 26 34 1004 34 27
1288 22 39 32 29 22 138 26 37 21 727 34 27
1289 22 23 26 19 34 128 18 35 20 607 34 27
1290 22 59 38 32 26 180 22 22 26 1059 34 28
1291 22 24 27 20 28 73 28 28 30 706 34 27
1292 22 31 33 27 28 36 21 26 29 1191 34 27
1293 22 46 26 21 26 111 20 26 28 727 34 27
1294 22 40 41 26 33 199 25 19 25 681 34 27
1295 22 33 40 25 40 176 21 8 34 939 34 27
1296 22 32 40 41 23 246 24 35 20 973 34 27
1297 22 37 18 22 25 416 24 23 39 928 34 27
1298 22 27 25 16 40 337 19 16 30 1013 34 27
1299 22 36 43 26 38 95 20 34 26 983 34 27
1300 22 1567 2005 643 1110 1442 629 339 2006 2006 34 27
1301 22 43 47 21 33 277 23 1 19 1911 34 27
1302 22 58 26 22 33 137 22 28 22 881 34 27
1303 22 38 20 20 24 292 29 17 23 519 34 27
1304 22 41 36 34 31 142 10 25 24 1703 34 27
1305 22 45 40 30 36 109 25 40 19 1068 34 27
1306 22 17 35 35 34 235 25 32 24 874 34 27
1307 22 26 20 5 45 186 21 24 27 927 34 27
1308 22 19 19 18 27 199 21 26 17 915 34 27
1309 22 26 25 24 28 112 27 36 29 952 34 27
1310 22 20 12 16 18 112 21 21 24 1158 34 27
1311 22 39 18 21 24 149 24 20 24 2006 34 27
1312 22 32 16 4 33 124 13 20 26 1103 34 27
1313 22 27 37 30 35 282 25 39 31 651 34 27
1314 22 42 28 17 34 178 15 13 36 1396 34 27
1315 22 37 35 45 23 472 28 37 23 787 34 27
1316 22 32 33 38 24 242 33 36 22 693 34 27
1317 22 19 26 38 25 1 18 19 22 423 34 27
1318 22 21 25 22 28 190 19 12 20 1787 34 27
1319 22 21 35 28 32 107 25 36 27 923 34 27
1320 22 35 35 32 17 214 23 2 16 674 34 27
1321 22 28 33 22 32 151 22 17 34 706 34 27
1322 22 1 42 30 34 107 27 32 26 401 34 27
1323 22 22 25 17 35 183 18 38 27 414 34 27
1324 22 43 35 44 27 448 25 52 29 486 34 27
1325 22 34 38 36 27 149 23 33 31 904 34 27
1326 22 30 12 12 30 179 25 32 28 1405 34 27
1327 22 66 132 37 23 689 13 20 35 771 34 27
1328 22 46 28 38 18 122 23 30 21 555 34 27
1329 22 42 34 19 36 435 18 12 32 599 34 27
1330 22 25 493 14 41 392 23 26 28 1437 34 27
1331 22 18 31 37 12 322 16 19 26 887 34 27
1332 22 13 21 19 31 382 27 26 22 1346 34 27
1333 22 34 35 31 30 409 26 30 22 1232 34 27
1334 22 27 29 19 36 151 19 21 23 854 34 27
1335 22 32 25 34 15 92 24 25 20 760 34 27
1336 22 58 28 35 26 1386 23 33 21 174 34 27
1337 22 49 20 5 39 307 19 16 38 682 34 27
1338 22 27 23 7 40 153 23 24 33 832 34 27
1339 22 39 48 30 37 203 19 18 29 762 34 28
1340 22 64 38 23 32 161 28 24 29 988 34 27
1341 22 35 42 35 36 284 23 12 24 737 34 27
1342 22 34 18 26 21 186 21 20 27 947 34 27
1343 22 13 28 29 30 187 27 34 23 1597 34 27
1344 22 28 25 23 30 168 20 30 24 792 34 27
1345 22 60 40 30 34 189 19 1 23 1025 34 27
1346 22 38 35 32 35 122 14 16 27 466 34 27
1347 22 24 12 33 23 200 16 43 35 482 34 27
1348 22 34 40 22 38 315 19 6 37 679 34 28
1349 22 22 38 40 30 147 22 20 30 547 34 27
1350 22 36 37 30 31 221 18 29 30 772 34 27
1351 22 15 35 39 25 172 20 45 38 411 34 27
1352 22 65 27 16 31 328 19 17 21 660 34 27
1353 22 46 28 6 36 159 22 1 27 652 34 27
1354 22 18 42 35 34 131 15 35 26 470 34 27
1355 22 67 43 38 28 171 19 26 20 1295 34 27
1356 22 7 10 20 25 186 28 45 22 664 34 27
1357 22 27 30 21 34 109 23 23 23 1545 34 27
1358 22 43 23 31 20 377 24 11 26 2007 34 27
1359 22 37 40 18 38 217 20 6 17 913 34 27
1360 22 77 44 16 35 300 22 18 28 1016 34 27
1361 22 31 32 33 24 126 16 18 17 1446 34 27
1362 22 16 16 27 24 147 20 36 31 694 34 27
1363 22 43 39 30 28 184 25 33 22 592 34 27
1364 22 17 26 17 29 559 26 16 20 618 34 27
1365 22 29 36 13 37 336 23 3 26 1623 34 27
1366 22 33 23 17 35 125 26 42 40 708 34 27
1367 22 34 25 19 36 163 29 23 22 1326 34 27
1368 22 33 35 20 46 293 20 35 22 927 34 28
1369 22 22 34 32 30 153 19 28 24 672 34 27
1370 22 20 28 23 23 181 20 14 26 542 34 28
1371 22 21 22 28 25 173 20 14 26 1135 34 27
1372 22 42 40 28 28 193 15 21 25 1002 34 27
1373 22 16 24 1 42 319 23 16 27 2006 34 27
1374 22 43 27 28 22 345 19 23 25 1538 34 27
1375 22 20 25 33 18 71 15 20 20 481 34 27
1376 22 39 38 21 36 157 22 25 33 761 34 27
1377 22 32 30 39 23 199 25 46 23 537 34 27
1378 22 19 21 17 31 113 15 30 28 503 34 27
1379 22 97 35 21 34 361 20 25 24 1015 34 27
1380 22 49 38 40 19 108 18 9 31 770 34 27
1381 22 38 47 35 28 441 32 11 18 719 34 27
1382 22 38 35 41 25 113 18 26 26 596 34 27
1383 22 23 49 32 39 222 26 33 33 987 34 27
1384 22 28 32 11 43 466 19 18 28 1578 34 27
1385 22 39 24 13 36 199 21 19 30 654 34 27
1386 22 16 28 23 31 201 13 13 28 506 34 27
1387 22 37 34 25 28 321 20 28 19 734 34 27
1388 22 48 39 31 35 166 17 21 36 1005 34 27
1389 22 8 36 23 39 160 25 42 23 1117 34 27
1390 22 58 38 32 33 138 17 8 33 845 34 27
1391 22 17 22 37 25 460 29 51 34 678 34 27
1392 22 25 32 13 39 211 25 34 36 737 34 27
1393 22 50 36 36 22 194 26 28 30 797 34 27
1394 22 59 46 35 25 151 17 27 21 868 34 27
1395 22 9 29 27 25 383 23 30 31 662 34 27
1396 22 24 28 29 22 230 18 16 19 2006 34 27
1397 22 26 43 25 31 215 27 22 26 1064 34 27
1398 21 11 33 31 28 185 13 25 29 1214 34 28
1399 22 30 31 39 22 129 21 44 30 819 34 27
1400 22 23 35 35 29 227 18 40 28 783 34 27
1401 22 51 35 34 40 440 23 45 34 670 34 27
1402 22 63 39 24 31 154 22 22 20 986 34 27
1403 22 45 35 32 27 318 26 34 18 418 34 27
1404 21 1 13 25 28 162 20 18 23 422 34 27
1405 22 26 18 27 20 217 27 19 24 1095 34 27
1406 22 20 34 25 35 176 20 34 28 837 34 27
1407 22 20 31 27 26 294 26 25 27 1766 34 27
1408 22 24 50 34 37 243 16 22 31 494 34 27
1409 22 26 15 16 23 180 19 16 29 589 34 27
1410 22 32 17 8 29 133 29 11 37 535 34 27
1411 22 43 23 15 36 244 26 42 30 912 34 27
1412 22 31 26 16 37 340 21 46 21 909 34 27
1413 22 42 22 15 36 193 20 46 30 985 34 27
1414 22 30 30 12 39 187 21 21 39 1231 34 27
1415 22 45 29 23 30 289 20 35 26 888 34 27
1416 22 22 22 40 18 120 25 27 21 616 34 27
1417 22 23 19 19 33 206 25 41 33 661 34 27
1418 22 1 29 35 29 133 25 41 30 669 34 27
1419 22 29 44 40 28 172 24 25 20 659 34 27
1420 22 61 36 28 32 284 18 34 28 807 34 27
1421 22 13 32 39 26 240 18 22 24 511 34 27
1422 22 30 40 21 32 148 19 13 25 802 34 27
1423 22 8 27 34 15 167 28 29 23 964 34 27
1424 22 68 26 15 36 116 22 24 29 1255 34 27
1425 22 26 37 26 27 259 20 16 29 803 34 28
1426 22 24 20 11 187 628 23 33 27 657 34 27
1427 22 20 24 9 27 123 21 11 22 1046 34 27
1428 22 25 43 37 34 114 24 26 25 493 34 27
1429 22 54 23 25 22 88 14 12 25 584 34 27
1430 22 56 31 34 25 216 26 29 26 933 34 27
1431 22 27 23 12 35 558 23 32 22 683 34 27
1432 22 19 18 10 37 428 12 49 29 1146 34 27
1433 22 4 31 40 24 252 21 38 27 620 34 27
1434 22 71 27 20 33 502 25 35 26 396 34 27
1435 22 1 9 23 34 77 21 35 19 485 34 27
1436 22 3 24 33 28 168 22 29 25 671 34 27
1437 22 49 20 18 28 828 25 21 28 2006 34 27
1438 22 8 21 28 18 78 24 9 20 719 34 27
1439 22 20 35 32 36 114 18 34 26 756 34 27
1440 22 8 134 6 34 987 28 36 29 1233 34 27
1441 22 29 29 59 27 287 19 35 28 1454 34 27
1442 22 1 23 36 24 168 27 55 22 737 34 27
1443 22 16 14 42 20 36 23 33 29 1087 34 27
1444 22 41 33 14 32 171 19 19 14 982 34 28
1445 22 46 40 35 28 154 21 25 30 671 34 27
1446 22 20 35 17 33 180 17 25 18 621 34 27
1447 22 52 37 34 27 251 25 17 22 757 34 27
1448 22 32 34 27 30 116 21 19 19 1452 34 27
1449 22 39 32 20 28 72 21 24 30 750 34 27
1450 22 45 33 25 31 206 21 16 33 970 34 27
1451 22 31 47 18 44 287 20 14 33 755 34 27
1452 22 32 21 30 21 400 21 13 20 635 34 27
1453 22 56 43 40 26 122 18 10 34 793 34 27
1454 22 14 35 24 32 165 20 23 30 1169 34 27
1455 22 52 38 33 27 196 14 12 27 1613 34 27
1456 22 7 24 37 16 521 19 41 19 429 34 27
1457 22 20 17 13 29 197 26 40 15 504 34 27
1458 22 34 23 30 21 132 19 29 20 1157 34 27
1459 22 16 37 26 37 57 15 26 23 1467 34 27
1460 22 13 23 36 17 241 18 35 20 891 34 27
1461 21 14 34 29 24 306 24 16 21 1233 34 27
1462 22 32 8 4 33 78 21 18 28 721 34 27
1463 22 3 23 22 34 293 14 38 23 547 34 27
1464 22 16 22 20 34 158 19 34 35 925 34 27
1465 22 48 25 28 27 229 22 34 22 739 34 27
1466 22 20 36 28 25 210 26 23 24 642 34 27
1467 22 40 14 28 15 176 17 28 18 926 34 27
1468 22 14 28 40 22 139 20 42 29 862 34 27
1469 22 32 30 32 26 360 17 44 27 560 34 27
1470 22 47 29 26 25 145 29 30 32 809 34 27
1471 22 35 35 37 23 476 22 17 31 771 34 27
1472 22 33 43 32 36 270 23 20 31 775 34 27
1473 22 15 22 19 28 165 17 17 29 162 34 27
1474 22 21 37 19 28 139 40 33 30 1207 34 27
1475 22 34 33 22 25 180 19 26 23 640 34 27
1476 22 10 33 24 32 179 17 41 23 1469 34 27
1477 22 36 38 27 37 142 26 38 39 717 34 27
1478 22 8 32 29 27 422 25 25 25 917 34 27
1479 22 45 36 18 34 338 25 14 36 732 34 27
1480 22 20 25 39 20 146 17 46 20 836 34 27
1481 22 21 36 16 29 190 22 14 28 1584 34 27
1482 22 48 35 2 37 151 23 8 32 1647 34 27
1483 22 56 41 32 33 153 21 10 27 1035 34 27
1484 22 22 24 14 35 440 22 27 22 648 34 27
1485 22 21 34 36 19 273 18 13 112 671 34 27
1486 22 48 48 28 41 232 20 26 22 773 34 27
1487 22 25 29 30 20 119 25 22 29 1217 34 27
1488 22 21 38 33 32 260 27 41 27 722 34 27
1489 22 32 43 27 32 258 19 15 33 427 34 27
1490 22 43 39 32 34 134 23 17 29 920 34 27
1491 22 47 38 31 21 330 15 20 24 1022 34 27
1492 22 14 38 37 22 107 16 7 32 1458 34 27
1493 22 30 32 39 25 207 27 28 19 715 34 27
1494 22 18 25 17 34 246 16 38 21 1206 34 27
1495 22 39 27 27 30 225 17 27 27 526 34 27
1496 22 26 32 22 31 120 17 18 26 625 34 27
1497 22 35 26 26 20 244 22 49 16 744 34 27
1498 22 43 34 21 37 75 21 22 21 1089 34 27
1499 22 550 265 33 29 652 22 21 31 830 34 27
1500 22 53 30 35 27 208 14 37 33 516 34 28
1501 22 38 42 28 31 191 24 29 20 1386 34 27
1502 22 59 33 22 34 177 20 22 27 731 34 27
1503 22 30 39 27 37 272 26 26 30 509 34 27
1504 22 49 32 33 21 194 22 29 27 688 34 27
1505 22 14 37 41 26 168 17 16 31 1234 34 27
1506 22 47 33 33 39 190 24 50 37 1306 34 27
1507 22 16 34 35 28 186 18 35 29 1210 34 27
1508 22 29 34 30 27 168 18 30 25 622 34 27
1509 22 18 20 22 29 308 20 29 37 819 34 27
1510 22 25 36 21 35 183 23 22 36 741 34 27
1511 22 22 23 17 31 307 18 33 22 1059 34 27
1512 22 38 29 25 27 306 31 36 29 747 34 27
1513 22 8 51 35 34 281 18 24 29 816 34 27
1514 22 40 40 35 28 189 23 33 30 899 34 27
1515 22 16 29 26 28 100 23 34 29 753 34 27
1516 22 27 41 39 25 486 26 39 28 743 34 27
1517 22 24 35 21 40 216 19 47 28 715 34 27
1518 22 11 21 29 28 188 22 31 27 603 34 27
1519 22 37 39 19 40 176 13 12 33 869 34 27
1520 22 22 43 38 35 153 21 24 28 896 34 27
1521 22 17 37 36 20 135 18 23 31 1000 34 27
1522 22 31 20 32 22 323 19 28 21 637 34 27
1523 22 58 39 21 33 195 24 28 30 666 34 27
1524 22 60 31 29 33 200 20 20 25 746 34 27
1525 22 8 27 25 34 55 18 20 22 1348 34 27
1526 22 39 41 35 31 384 13 44 31 806 34 27
1527 22 16 22 16 23 427 20 36 23 593 34 27
1528 22 37 42 28 35 237 29 31 28 729 34 27
1529 22 31 35 28 32 527 25 44 27 1054 34 27
1530 22 7 27 33 31 212 24 31 29 720 34 27
1531 22 26 31 22 28 291 21 17 24 1810 34 27
1532 22 34 27 28 30 229 17 34 17 1001 34 27
1533 22 15 39 31 38 313 23 33 30 789 34 27
1534 22 39 25 26 32 117 21 22 29 826 34 27
1535 22 12 24 20 37 147 19 28 23 903 34 27
1536 22 15 34 25 32 163 23 25 26 658 33 27
1537 22 34 32 33 30 485 21 14 28 619 34 27
1538 22 77 41 29 36 335 25 21 28 1225 34 27
1539 22 22 40 24 37 60 19 18 27 2006 34 27
1540 22 50 23 14 35 151 25 43 22 983 34 27
1541 22 27 26 23 26 111 13 29 31 675 34 27
1542 22 32 31 38 26 167 22 28 24 597 34 27
1543 22 74 28 21 30 368 15 15 23 979 34 27
1544 22 27 16 23 29 85 20 31 33 544 34 27
1545 22 32 21 12 35 222 24 36 30 1304 34 27
1546 22 34 39 27 36 255 27 39 27 801 34 27
1547 22 36 14 19 29 142 23 29 23 516 34 27
1548 22 30 25 1 43 140 19 1 30 686 34 27
1549 22 46 42 17 39 191 29 11 30 1508 34 27
1550 22 1 12 17 24 64 15 15 29 1190 34 27
1551 22 26 36 36 29 193 20 46 27 518 34 27
1552 22 21 13 24 14 184 25 25 23 643 34 27
1553 22 31 42 39 36 81 23 29 28 896 34 27
1554 22 11 34 27 31 49 26 18 38 1522 34 27
1555 22 55 29 27 23 190 20 13 23 745 34 27
1556 22 40 32 34 32 473 17 20 33 2007 34 27
1557 22 24 33 31 34 459 17 23 22 2006 34 27
1558 22 1 35 22 39 178 25 41 31 1006 34 27
1559 22 25 29 15 33 76 23 11 39 729 34 27
1560 22 37 24 34 23 30 20 29 28 595 34 28
1561 22 48 44 25 33 155 23 25 28 1761 34 27
1562 22 43 45 31 36 181 23 33 31 1075 34 27
1563 22 37 45 31 40 130 18 9 33 928 34 27
1564 22 16 36 32 27 132 15 18 38 511 34 27
1565 22 49 48 40 26 183 19 18 16 483 34 27
1566 22 20 26 38 25 197 13 28 27 237 34 27
1567 22 41 30 34 29 136 21 31 31 970 34 27
1568 22 37 23 25 30 302 14 20 22 761 34 27
1569 22 39 23 8 37 194 22 14 26 705 34 27
1570 22 43 33 46 25 114 19 26 25 740 34 27
1571 22 34 23 25 33 109 31 39 26 1219 34 27
1572 22 22 32 32 22 103 16 16 28 773 34 27
1573 22 33 40 28 30 279 23 29 28 222 34 27
1574 22 41 25 24 35 157 18 31 23 879 34 27
1575 22 40 40 37 31 240 21 42 28 709 34 27
1576 22 36 29 28 24 124 24 34 25 904 34 27
1577 22 23 23 32 24 219 26 31 15 795 34 27
1578 22 17 27 14 34 160 24 17 22 589 34 27
1579 22 29 24 19 30 187 20 30 29 1364 34 27
1580 22 50 27 8 37 102 20 5 28 647 34 27
1581 22 16 31 9 36 131 24 11 25 769 34 27
1582 22 36 32 40 23 197 20 33 24 1171 34 27
1583 22 28 12 13 26 114 26 43 28 684 34 27
1584 22 18 32 39 25 154 23 25 22 268 34 27
1585 22 11 32 43 16 213 24 40 26 634 34 27
1586 22 14 28 32 22 216 27 38 25 821 34 27
1587 22 24 19 20 30 231 18 24 17 1119 34 27
1588 22 30 48 43 31 260 21 24 32 1425 34 27
1589 22 30 30 32 28 187 25 41 28 792 34 27
1590 22 35 42 23 43 205 22 19 30 846 34 27
1591 22 60 14 21 26 91 20 33 34 904 34 28
1592 22 12 32 24 36 203 27 22 28 633 34 27
1593 22 17 28 12 34 170 22 30 37 742 34 27
1594 22 25 24 30 30 247 25 48 21 494 34 27
1595 22 18 41 41 17 394 20 33 26 746 34 27
1596 22 39 37 38 29 180 14 13 30 744 34 27
1597 22 35 19 10 33 149 26 26 34 2006 34 27
1598 22 60 27 21 28 211 25 15 27 443 34 27
1599 22 39 47 30 45 362 21 40 27 857 34 27
1600 22 35 62 29 38 163 18 24 25 1289 34 27
1601 22 46 44 26 37 244 21 17 29 1151 34 27
1602 22 23 36 42 27 246 25 40 28 945 34 27
1603 22 9 35 24 32 167 18 17 33 468 34 27
1604 22 35 40 34 32 211 24 29 24 705 34 27
1605 22 28 26 29 23 189 19 11 31 576 34 27
1606 22 30 36 34 28 228 15 20 27 741 34 27
1607 22 36 32 25 25 129 28 14 26 745 34 28
1608 22 33 20 11 24 101 26 20 29 696 34 27
1609 22 17 35 18 38 148 23 22 29 720 34 27
1610 22 38 38 42 28 123 16 29 20 1115 34 27
1611 22 41 39 39 22 369 15 8 21 705 34 28
1612 22 34 21 32 23 196 20 27 24 516 34 27
1613 22 25 20 19 23 97 10 15 26 1001 34 27
1614 22 64 32 31 23 220 30 39 25 724 34 27
1615 22 37 31 26 37 151 25 38 22 1299 34 27
1616 22 15 20 19 21 234 25 22 29 552 34 27
1617 22 18 38 35 24 117 25 21 26 745 34 27
1618 22 44 18 34 19 161 19 23 26 572 33 27
1619 22 37 15 6 33 140 18 42 22 629 34 27
1620 22 29 36 30 30 164 26 35 22 518 34 27
1621 22 42 26 31 24 211 23 18 17 2006 34 27
1622 22 41 33 31 24 131 19 24 21 1632 34 27
1623 22 21 37 35 25 136 31 25 24 1254 34 27
1624 22 32 38 33 30 285 21 35 25 621 34 27
1625 22 25 13 22 25 193 28 36 24 540 34 27
1626 22 22 22 16 34 216 22 1 28 445 34 27
1627 22 6 31 30 33 152 24 20 21 978 34 27
1628 22 55 43 38 38 305 20 19 24 454 34 27
1629 22 29 29 18 27 141 19 38 37 238 34 27
1630 22 25 19 8 38 302 18 30 34 546 34 27
1631 22 33 19 6 34 201 23 25 30 615 34 27
1632 22 39 25 20 33 151 16 26 19 1096 34 27
1633 22 18 23 30 24 166 27 28 28 740 34 27
1634 22 16 25 5 36 483 22 20 20 560 34 27
1635 22 16 34 24 30 184 30 42 25 1011 34 27
1636 22 29 31 25 23 226 22 8 18 1053 34 27
1637 22 32 29 31 26 161 20 39 30 571 34 27
1638 22 30 39 32 34 150 31 25 28 1022 34 27
1639 22 12 39 33 31 203 25 34 26 389 34 27
1640 22 17 37 44 29 149 20 29 29 553 34 27
1641 22 39 37 26 31 127 15 27 21 992 34 27
1642 22 28 31 29 37 234 13 33 27 583 34 27
1643 22 33 21 26 24 85 18 9 34 1115 34 27
1644 22 15 22 19 37 163 23 19 23 721 34 28
1645 22 25 24 17 32 372 21 27 31 2006 34 27
1646 22 2005 2005 2005 1255 1573 863 200 704 2005 34 27
1647 22 47 29 32 24 170 24 41 24 1232 34 27
1648 22 46 46 28 31 276 17 19 27 711 34 27
1649 22 68 36 28 31 233 23 20 20 661 34 27
1650 22 49 30 18 30 150 12 13 38 1090 34 27
1651 22 29 18 7 40 135 21 17 27 585 34 27
1652 22 40 29 23 41 331 16 29 32 592 34 27
1653 22 47 37 29 30 160 18 14 27 1245 34 27
1654 22 41 41 34 40 167 23 39 34 911 34 27
1655 22 42 31 19 31 99 19 12 34 880 34 27
1656 22 10 19 13 37 95 26 15 33 896 34 27
1657 22 17 21 24 26 191 26 30 30 600 34 27
1658 22 32 29 17 37 310 23 34 35 748 34 27
1659 22 34 27 21 23 167 16 18 27 1010 34 27
1660 22 44 18 7 31 351 26 12 36 1123 34 28
1661 22 22 22 13 30 100 21 36 26 763 34 27
1662 22 14 38 17 40 146 17 8 32 1516 34 27
1663 22 29 23 5 29 137 29 16 26 672 34 27
1664 22 29 39 27 35 196 19 27 26 876 34 27
1665 22 16 36 33 27 235 19 17 29 1001 34 27
1666 22 48 42 37 18 149 26 21 30 1706 34 27
1667 22 43 33 25 37 232 26 40 33 508 34 27
1668 22 25 34 39 27 139 19 31 36 795 34 27
1669 22 49 13 12 27 93 24 6 23 1276 34 27
1670 22 22 38 48 31 133 21 38 41 696 34 27
1671 22 38 33 29 24 397 20 23 20 659 34 27
1672 22 25 36 25 33 295 23 31 29 470 34 27
1673 22 23 17 21 25 216 27 34 19 545 34 27
1674 22 9 22 32 18 224 18 28 25 577 34 27
1675 22 38 22 34 28 166 27 45 33 762 34 27
1676 22 28 39 41 19 195 22 33 20 1249 34 27
1677 22 13 33 30 27 153 25 44 32 1284 34 27
1678 22 71 36 30 34 232 27 24 41 1466 34 27
1679 22 47 34 35 22 187 22 34 27 756 34 27
1680 22 33 12 19 29 179 24 32 26 557 34 27
1681 22 22 38 40 30 95 21 30 24 910 34 27
1682 22 24 43 21 42 407 19 24 33 1004 34 27
1683 22 9 15 22 21 221 18 16 20 574 34 27
1684 22 33 27 31 23 1605 27 37 27 2006 34 27
1685 22 39 32 26 44 126 26 19 31 774 34 27
1686 22 34 32 23 31 167 19 19 19 868 34 27
1687 22 47 33 24 40 252 28 42 30 2006 34 27
1688 22 27 28 22 31 282 21 39 25 602 34 27
1689 22 38 31 19 38 12 26 11 22 919 34 27
1690 22 41 33 13 39 21 16 28 31 844 34 27
1691 22 63 22 17 30 112 17 37 33 561 34 27
1692 22 36 38 39 29 155 19 31 28 1078 34 27
1693 22 40 16 37 16 108 27 28 28 1572 34 27
1694 22 43 45 35 35 171 17 39 23 970 34 27
1695 22 32 26 41 21 115 17 27 19 415 34 27
1696 22 36 18 17 30 72 19 21 29 643 34 27
1697 22 32 30 28 25 493 15 25 20 1065 34 27
1698 22 32 29 17 37 104 24 25 33 915 34 27
1699 22 33 35 33 21 145 19 6 26 831 34 27
1700 22 20 23 33 21 74 20 31 26 791 34 27
1701 22 12 31 32 28 290 18 18 27 847 34 27
1702 22 33 33 28 38 278 24 36 23 628 34 27
1703 22 32 35 46 22 207 22 37 34 714 34 27
1704 22 22 25 21 30 333 25 32 27 855 34 27
1705 22 30 29 16 32 153 27 16 33 527 34 27
1706 22 6 24 23 29 162 28 27 30 1139 34 27
1707 22 19 16 10 38 730 18 45 24 831 34 27
1708 22 29 32 35 25 119 25 34 19 707 34 27
1709 22 37 29 34 16 76 20 18 19 1088 34 27
1710 22 23 31 20 30 269 19 37 27 758 34 27
1711 22 19 31 37 25 170 23 41 22 718 34 27
1712 22 27 24 16 31 192 21 26 27 478 34 27
1713 22 41 37 23 32 227 21 21 27 815 34 27
1714 22 38 35 25 30 289 18 30 28 854 34 27
1715 22 44 41 34 32 291 18 23 26 802 34 27
1716 22 8 24 21 29 149 16 38 27 861 34 27
1717 22 27 37 43 30 131 24 30 27 1125 34 27
1718 22 25 17 15 31 102 22 29 29 780 34 27
1719 22 30 40 38 36 298 21 10 29 652 34 27
1720 22 7 24 25 25 499 17 27 21 1255 34 27
1721 22 20 40 31 26 216 32 29 21 742 34 27
1722 22 9 27 22 20 141 23 10 34 1014 34 27
1723 22 21 24 13 31 192 17 24 18 962 34 27
1724 22 42 37 37 37 331 23 50 26 927 34 27
1725 22 18 36 34 25 314 25 32 15 309 34 27
1726 22 4 27 39 16 200 31 35 16 1099 34 27
1727 22 25 17 1 33 99 22 9 18 467 34 27
1728 22 19 29 24 28 169 17 17 25 390 34 27
1729 22 26 21 16 33 213 29 40 28 903 34 27
1730 22 24 34 41 23 92 17 35 26 1043 34 27
1731 22 25 30 28 27 179 15 13 23 1139 34 27
1732 22 28 29 25 29 366 17 48 31 299 34 27
1733 22 12 44 24 43 253 11 13 37 788 34 27
1734 22 21 23 28 17 183 24 25 18 953 34 27
1735 22 34 33 15 42 384 20 33 25 800 34 27
1736 22 42 28 11 37 165 20 24 32 754 34 27
1737 22 14 17 27 25 144 18 44 20 439 34 27
1738 22 69 34 29 33 648 17 25 29 934 34 27
1739 22 24 30 16 38 202 16 30 28 637 34 27
1740 22 34 20 21 28 51 19 15 23 674 34 27
1741 22 38 42 43 33 221 25 38 36 691 34 27
1742 22 47 39 29 24 306 18 20 34 682 34 27
1743 22 29 28 34 17 256 18 10 28 830 34 27
1744 22 20 33 25 32 200 20 31 27 582 34 27
1745 22 9 39 26 45 295 19 35 32 248 34 27
1746 22 15 22 20 31 129 18 37 35 965 34 27
1747 22 38 16 8 29 146 23 13 22 857 34 27
1748 22 45 24 37 15 99 28 37 24 884 34 27
1749 22 42 25 24 29 334 16 44 23 996 34 27
1750 22 34 28 29 31 152 14 23 25 620 34 27
1751 22 45 31 26 36 141 25 20 35 615 34 27
1752 22 36 33 21 29 164 25 16 25 988 34 27
1753 22 24 39 40 31 461 28 33 22 1141 34 27
1754 22 40 18 22 21 156 25 27 36 891 34 27
1755 22 34 24 27 45 241 15 25 30 279 34 27
1756 21 4 20 29 26 346 22 30 21 641 34 27
1757 22 32 32 39 20 196 17 32 20 783 34 27
1758 22 46 19 14 27 128 19 26 28 2006 34 27
1759 22 17 31 41 20 111 18 14 23 808 34 27
1760 22 1 6 19 22 115 21 40 24 231 34 27
1761 22 20 25 26 25 253 28 19 37 648 34 27
1762 22 32 35 28 35 137 20 34 36 702 34 27
1763 22 25 24 24 32 159 27 43 24 901 34 27
1764 22 26 27 15 36 453 25 21 31 1022 34 27
1765 22 47 21 13 39 142 23 32 23 869 34 27
1766 22 20 29 31 27 381 26 34 30 334 34 27
1767 22 33 35 25 30 797 29 45 32 766 34 27
1768 22 28 41 32 26 222 19 28 27 878 34 27
1769 22 14 38 37 28 138 24 36 36 1578 34 27
1770 22 31 39 31 27 353 24 42 27 739 34 27
1771 22 47 26 27 32 230 24 32 32 569 34 27
1772 22 18 21 30 15 334 23 6 29 290 34 27
1773 22 24 35 20 38 96 18 25 37 469 34 27
1774 22 12 10 19 25 94 18 29 30 505 34 27
1775 22 40 37 29 29 238 23 20 26 594 34 27
1776 22 3 19 27 23 143 16 22 26 436 34 27
1777 22 37 38 37 25 177 24 13 37 738 34 27
1778 22 11 36 42 16 325 21 25 27 664 34 27
1779 22 7 36 14 43 229 26 26 34 814 34 27
1780 22 30 39 25 37 205 24 19 25 689 34 27
1781 22 52 31 28 29 133 24 34 22 720 34 27
1782 22 36 18 11 35 111 21 26 27 1148 34 27
1783 22 41 37 38 27 31 15 20 31 381 34 27
1784 22 23 17 1 38 183 23 5 28 1004 34 27
1785 22 41 36 35 22 392 21 34 23 988 34 27
1786 22 7 28 30 27 118 27 11 28 700 34 27
1787 22 23 41 22 32 226 16 35 25 959 34 27
1788 22 23 39 17 38 234 26 10 26 886 34 27
1789 22 40 29 20 36 169 16 31 29 762 34 27
1790 22 38 31 33 30 71 18 5 18 603 34 27
1791 22 28 33 14 36 389 23 24 31 936 34 27
1792 22 37 41 27 29 159 26 29 23 1185 34 28
1793 22 27 36 44 26 191 15 28 33 1569 34 27
1794 22 39 26 19 32 176 22 31 27 874 34 27
1795 22 77 23 14 31 204 17 18 27 517 34 27
1796 22 24 36 40 20 177 23 12 28 1244 34 27
1797 22 28 35 24 32 243 19 34 27 511 34 27
1798 22 11 41 24 35 75 17 37 21 570 34 27
1799 22 47 32 27 25 257 22 22 24 650 34 27
1800 22 13 37 28 29 262 23 13 31 852 34 27
1801 22 32 29 31 28 90 21 38 21 616 34 27
1802 22 21 53 38 30 265 27 11 32 880 34 27
1803 22 5 39 32 30 222 20 25 26 987 34 27
1804 22 32 37 10 37 200 23 1 20 1103 34 27
1805 22 15 23 13 32 201 21 12 27 470 34 27
1806 22 19 22 34 18 352 21 33 28 686 34 27
1807 22 16 43 44 20 235 28 26 18 779 34 27
1808 22 22 40 37 29 159 21 29 28 1310 34 27
1809 22 41 15 5 40 111 21 24 21 547 34 27
1810 22 36 27 8 42 144 21 1 39 814 34 27
1811 22 30 40 43 24 692 24 9 32 743 34 27
1812 22 22 28 28 17 120 20 14 25 957 34 27
1813 22 25 23 9 31 207 17 16 27 453 34 27
1814 22 33 36 15 38 73 17 9 20 753 34 27
1815 22 51 34 48 18 466 17 31 25 937 34 27
1816 22 40 44 29 24 69 25 13 35 893 34 28
1817 22 34 26 35 18 60 19 9 19 1090 34 27
1818 22 26 21 30 24 80 12 20 35 896 34 27
1819 22 63 23 21 31 115 22 16 27 926 34 27
1820 22 32 26 22 38 127 20 18 28 1514 34 27
1821 22 46 44 20 40 215 14 18 28 2006 34 27
1822 22 56 38 31 30 149 23 20 32 641 34 27
1823 22 43 35 22 33 270 25 32 35 727 34 27
1824 22 34 21 32 20 193 19 12 22 688 34 27
1825 22 33 34 27 32 279 27 32 26 883 34 27
1826 22 18 31 23 35 280 25 25 31 551 34 27
1827 22 17 21 1 45 329 20 34 30 445 34 27
1828 22 53 31 21 29 197 26 13 30 965 34 27
1829 22 22 33 38 17 195 18 23 27 1051 34 27
1830 22 28 18 19 30 144 19 25 28 516 34 27
1831 22 35 21 24 30 576 26 14 22 438 34 27
1832 22 21 21 39 13 85 21 25 29 965 34 27
1833 22 74 31 34 27 818 23 41 32 527 34 27
1834 22 33 32 25 28 213 27 8 17 1124 34 27
1835 22 18 34 25 27 158 25 33 19 848 34 27
1836 22 50 34 30 23 174 22 26 25 1355 34 27
1837 22 36 12 20 25 221 18 23 27 705 34 27
1838 22 39 22 29 34 198 27 41 28 802 34 28
1839 22 31 19 18 31 125 23 22 38 865 34 27
1840 22 20 43 41 27 148 22 22 35 769 34 27
1841 22 36 38 47 26 172 20 34 30 732 34 27
1842 22 38 25 34 27 141 17 35 30 980 34 27
1843 22 31 18 20 28 1 23 34 33 634 34 27
1844 22 6 23 17 34 120 25 20 32 563 34 27
1845 22 28 36 21 39 174 14 11 26 507 34 27
1846 22 35 23 15 34 202 19 35 28 951 34 27
1847 22 49 39 23 40 39 22 6 33 694 34 27
1848 22 27 32 33 31 161 16 20 30 1469 34 27
1849 22 24 34 35 29 277 21 28 35 910 34 27
1850 22 14 32 18 36 639 22 32 21 1471 34 27
1851 22 8 18 30 24 232 18 27 19 973 34 27
1852 22 34 45 32 28 251 18 15 27 1139 34 28
1853 22 45 34 11 41 183 25 25 28 1001 34 27
1854 22 30 25 39 16 102 18 19 27 781 34 27
1855 22 10 38 46 26 377 23 39 30 1079 34 27
1856 22 9 20 25 29 244 22 32 26 933 34 27
1857 22 48 34 34 27 182 14 25 29 580 34 28
1858 22 22 12 21 19 87 15 10 20 1056 34 27
1859 22 59 42 41 40 121 30 44 33 859 34 27
1860 22 16 19 26 22 161 18 17 29 1034 34 27
1861 22 29 19 14 29 212 22 36 18 565 34 27
1862 22 28 26 30 27 165 23 14 21 961 34 27
1863 22 32 39 26 35 232 17 22 29 572 34 27
1864 22 17 223 41 88 622 21 37 25 358 34 27
1865 22 18 33 26 26 196 18 40 24 599 34 27
1866 22 12 24 38 29 400 16 45 30 806 34 27
1867 22 36 35 35 22 232 14 31 20 481 34 27
1868 22 63 34 23 28 226 26 25 29 1225 34 27
1869 22 40 40 25 28 139 18 17 29 1320 34 27
1870 22 16 18 15 34 285 27 19 28 598 34 27
1871 22 17 31 31 21 128 18 12 27 460 34 27
1872 22 14 37 20 27 229 17 17 26 1054 34 27
1873 22 22 11 16 35 228 19 41 30 1066 34 27
1874 22 29 41 37 31 430 20 24 30 740 34 27
1875 22 11 24 28 23 270 23 32 20 566 34 27
1876 22 36 33 27 35 130 19 24 24 1152 34 27
1877 22 28 26 36 16 146 21 34 34 923 34 27
1878 22 33 45 27 38 131 22 33 26 678 34 27
1879 22 31 23 9 25 177 24 8 31 1958 34 27
1880 22 38 29 33 18 141 27 34 18 1311 34 27
1881 22 29 14 23 37 23 20 39 28 803 34 27
1882 22 38 39 15 40 195 26 22 34 301 34 27
1883 22 29 20 4 41 206 19 9 25 704 34 27
1884 22 24 28 29 25 184 22 10 21 834 34 28
1885 22 18 19 26 23 105 26 35 27 330 34 27
1886 22 38 16 27 27 130 18 32 33 652 34 27
1887 22 12 17 16 32 19 27 8 24 513 34 27
1888 22 34 38 26 32 129 28 17 31 1019 34 27
1889 22 30 34 38 23 140 20 28 27 706 34 27
1890 22 41 35 6 41 234 25 12 28 604 34 27
1891 22 52 21 30 22 169 23 34 19 1186 34 27
1892 22 26 37 36 30 224 26 21 25 874 34 27
1893 22 29 41 31 39 406 17 28 37 680 34 27
1894 22 50 46 25 42 180 24 18 26 1589 34 27
1895 22 19 34 32 34 245 20 27 26 732 34 27
1896 22 16 27 30 26 203 21 34 27 895 34 27
1897 22 31 43 21 34 125 21 14 26 684 34 27
1898 22 40 22 21 32 237 24 38 33 519 34 27
1899 22 1 28 29 28 142 21 41 22 796 34 27
1900 22 25 33 39 23 214 23 38 33 953 34 27
1901 22 31 35 34 31 95 21 25 28 520 34 27
1902 22 28 26 17 36 467 25 8 29 656 34 27
1903 22 11 38 29 33 164 15 37 32 588 34 27
1904 22 40 42 41 25 339 24 20 24 786 34 27
1905 22 34 34 29 26 310 25 45 37 657 34 27
1906 22 26 28 20 29 196 25 36 32 836 34 27
1907 22 40 37 33 26 569 22 25 21 926 34 27
1908 22 27 22 28 19 254 23 12 30 775 34 27
1909 22 29 36 27 42 81 27 40 28 696 34 27
1910 22 29 19 20 26 125 21 25 20 778 34 27
1911 22 49 35 19 29 121 25 8 26 832 34 27
1912 22 23 23 25 31 183 18 22 32 562 33 27
1913 22 12 24 37 22 127 25 25 21 993 34 27
1914 22 35 33 28 31 244 24 46 23 662 34 27
1915 22 17 34 42 34 158 18 27 26 813 34 27
1916 22 12 28 27 26 176 17 29 20 804 34 27
1917 22 16 35 41 24 119 24 34 31 889 34 27
1918 22 24 40 40 19 133 24 20 26 864 34 27
1919 22 22 28 19 29 558 18 10 27 705 33 27
1920 22 41 33 20 32 178 18 36 26 1191 34 27
1921 22 44 36 23 34 149 21 20 23 786 34 27
1922 22 19 24 24 27 111 21 23 32 728 34 27
1923 22 13 25 23 27 846 14 28 28 2006 34 27
1924 22 45 35 39 30 145 26 42 31 1062 34 27
1925 22 49 20 29 29 112 17 33 34 111 34 27
1926 22 41 26 10 40 195 18 22 37 589 34 27
1927 22 55 29 42 23 170 15 14 24 1312 34 27
1928 22 24 30 33 29 230 27 29 30 797 34 27
1929 22 10 30 28 38 84 25 35 31 1303 34 27
1930 22 43 30 9 33 139 18 25 23 715 34 27
1931 22 19 43 25 44 249 25 41 41 1134 34 27
1932 22 44 16 28 16 304 17 40 16 258 34 27
1933 22 1 39 36 28 548 18 38 23 285 34 27
1934 22 47 38 21 36 105 23 8 22 914 34 27
1935 22 18 25 27 25 106 25 45 33 415 34 27
1936 22 30 35 29 25 142 19 4 26 262 34 27
1937 22 8 21 42 17 275 28 36 24 558 34 27
1938 22 20 19 26 26 325 22 40 30 831 34 27
1939 22 29 18 17 33 333 27 27 29 540 34 27
1940 22 40 37 30 30 211 25 31 28 910 34 27
1941 22 43 57 25 73 209 19 25 29 571 34 27
1942 22 37 33 29 27 190 23 32 22 589 34 27
1943 22 29 33 33 25 154 26 25 27 770 34 27
1944 22 60 35 33 22 221 16 29 15 568 34 27
1945 22 25 20 27 20 186 20 10 22 1009 33 27
1946 22 31 20 20 25 198 17 32 27 1401 34 27
1947 22 8 18 19 28 216 21 27 31 523 34 27
1948 22 1 12 21 23 190 21 34 21 927 34 27
1949 22 24 29 35 29 174 19 36 26 910 34 27
1950 22 26 21 15 28 312 28 24 27 643 34 27
1951 22 32 29 33 26 258 15 39 28 747 34 27
1952 22 18 33 21 33 205 19 22 23 746 34 27
1953 22 22 19 33 27 111 19 43 27 823 34 27
1954 22 43 35 27 28 155 17 32 25 715 34 27
1955 22 27 33 20 30 238 24 27 32 615 34 27
1956 22 63 14 14 40 162 15 34 19 627 34 27
1957 22 1 43 36 29 167 23 18 23 493 34 27
1958 22 56 34 23 37 136 21 20 28 362 34 27
1959 22 2 10 25 21 118 26 33 25 693 34 27
1960 22 46 34 16 39 127 28 25 35 529 34 27
1961 22 35 40 31 34 238 22 31 22 752 34 27
1962 22 58 39 38 23 112 17 15 21 936 34 27
1963 22 18 33 31 23 220 16 14 30 567 34 27
1964 22 31 25 26 24 95 28 17 26 1409 34 27
1965 22 56 34 26 30 187 17 26 35 882 34 27
1966 22 39 32 18 29 229 20 33 19 863 34 27
1967 22 49 50 29 33 121 18 6 28 1011 34 27
1968 22 19 29 46 17 116 24 41 25 787 34 27
1969 22 45 34 35 31 299 28 32 18 1924 34 28
1970 22 54 36 46 16 233 17 32 19 607 34 27
1971 22 26 39 36 31 450 19 24 22 671 34 27
1972 22 20 31 37 31 374 17 34 31 503 34 27
1973 22 33 20 17 29 163 20 25 27 506 34 27
1974 22 32 44 42 22 130 16 19 23 1928 34 27
1975 22 22 34 32 25 245 24 41 30 682 34 27
1976 22 1 25 30 36 189 21 44 24 673 34 27
1977 22 21 16 30 19 65 13 19 25 583 34 27
1978 22 17 20 35 14 62 22 25 30 513 34 27
1979 22 33 23 31 25 43 18 25 32 594 34 27
1980 22 37 14 24 26 153 23 18 31 844 34 27
1981 22 42 14 20 15 346 18 24 18 808 34 27
1982 22 8 37 36 30 155 22 40 29 806 34 27
1983 22 44 19 21 25 103 21 17 27 985 34 27
1984 22 34 28 13 34 243 24 20 30 921 34 27
1985 22 74 23 21 26 149 22 15 23 574 34 27
1986 22 28 42 28 35 161 23 16 24 1250 34 28
1987 22 24 23 23 22 237 20 29 23 612 34 27
1988 22 41 38 30 28 299 28 41 30 852 34 27
1989 22 65 27 30 23 355 21 11 33 1148 34 27
1990 22 60 33 20 32 211 25 15 41 1108 34 27
1991 22 67 27 27 29 139 17 24 21 492 34 28
1992 22 56 43 31 33 144 30 16 34 855 34 27
1993 22 35 22 1 40 175 18 40 26 491 34 27
1994 22 41 33 10 31 173 21 7 23 496 34 27
1995 22 37 40 28 27 298 18 17 27 832 34 27
1996 22 22 24 29 18 166 26 23 28 1190 34 27
1997 22 60 34 22 27 168 20 29 28 1290 34 27
1998 22 22 29 29 31 194 27 37 23 894 34 27
1999 22 27 38 37 33 379 18 28 26 1830 34 27
2000 22 47 34 40 28 158 24 27 28 719 34 27
