1 22 106 27 23 30 14 24 33 32 966 34 27
2 22 106 31 27 34 68 20 48 24 1 33 27
3 22 180 39 46 25 57 17 50 21 659 34 27
4 22 114 40 33 31 1 17 28 30 1 33 27
5 22 145 45 34 30 25 20 23 29 1 33 27
6 22 125 22 18 28 67 29 29 27 836 34 27
7 22 109 14 20 28 6 19 49 18 817 34 27
8 22 287 27 16 36 66 17 54 30 724 34 27
9 22 106 57 40 26 39 21 33 29 41 34 27
10 22 141 29 23 35 32 16 40 21 909 34 27
11 22 189 50 33 27 12 19 14 24 35 34 27
12 22 188 24 14 29 56 27 44 24 63 34 27
13 22 140 45 35 21 70 29 27 32 322 34 27
14 22 162 32 3 39 65 21 14 29 561 34 27
15 22 195 32 17 34 1 21 26 25 1 33 27
16 22 139 33 45 15 63 21 36 30 1 33 27
17 22 99 42 38 27 55 16 20 20 699 34 27
18 22 232 29 22 24 1 21 12 29 1026 34 27
19 22 238 26 21 30 69 22 33 25 186 34 27
20 22 111 23 26 32 21 20 16 28 789 34 27
21 22 140 35 26 33 55 21 37 19 1 33 27
22 22 202 27 40 29 1 19 48 30 739 34 27
23 22 288 26 34 14 1 30 16 27 316 34 27
24 22 132 28 37 20 1 16 33 23 1 33 27
25 22 361 20 29 34 1 23 32 30 1864 34 27
26 22 75 36 15 34 84 21 33 37 669 34 27
27 22 220 26 17 31 29 24 19 31 771 34 27
28 22 90 13 14 27 1 24 22 28 767 34 27
29 22 139 27 29 20 12 21 28 10 636 34 27
30 22 291 28 13 31 19 19 22 33 593 34 27
31 22 269 31 32 28 1 17 24 29 595 34 27
32 22 126 23 19 37 1 23 32 28 562 34 27
33 22 98 22 15 29 49 22 24 19 624 34 27
34 22 793 18 34 30 1 25 39 30 1770 34 27
35 22 194 34 36 24 38 25 31 32 1167 34 27
36 22 260 30 31 26 31 27 52 33 745 34 27
37 22 166 40 32 34 36 20 31 24 599 34 27
38 22 146 32 24 26 29 15 26 27 501 34 27
39 22 296 34 34 33 10 16 31 24 566 34 27
40 22 163 26 13 39 1 27 47 35 520 34 27
41 22 269 34 20 36 80 22 52 20 740 34 27
42 22 167 42 27 31 58 20 35 24 777 34 27
43 22 490 36 20 39 31 17 17 33 630 34 27
44 22 254 37 33 21 45 13 13 24 207 34 27
45 22 139 32 32 30 5 24 35 23 666 34 27
46 22 117 23 28 20 23 24 14 22 1879 34 27
47 22 217 23 31 28 17 19 48 20 953 34 27
48 22 93 35 12 43 1 18 17 29 900 34 27
49 22 222 29 18 27 1 21 11 28 808 34 27
50 22 99 21 20 30 1 24 26 31 655 34 27
51 22 107 23 23 29 46 25 43 34 708 34 27
52 22 299 28 26 25 1 15 23 20 706 34 27
53 22 190 34 36 21 57 19 43 21 630 34 27
54 22 122 26 15 36 1 20 18 22 586 34 27
55 22 120 28 29 28 26 19 31 16 718 34 27
56 22 177 788 426 434 1221 292 52 31 928 34 27
57 22 112 34 23 36 1 18 23 25 966 34 27
58 22 344 22 33 20 21 28 32 33 627 34 27
59 22 108 37 40 30 23 26 42 23 2007 34 27
60 22 122 19 26 18 1 28 23 32 491 34 27
61 22 189 24 35 27 35 19 45 25 729 34 27
62 22 145 18 11 27 16 15 30 28 541 34 27
63 22 309 19 28 20 1 23 47 24 1160 34 27
64 22 176 34 17 27 44 19 25 36 565 34 27
65 22 139 37 20 39 50 15 48 26 335 34 27
66 22 153 35 34 28 42 20 21 28 421 34 27
67 22 170 28 15 27 52 21 29 25 522 34 27
68 22 114 27 26 33 30 27 22 22 892 34 27
69 22 216 41 21 37 80 20 28 27 1035 34 27
70 22 127 32 34 21 48 24 22 31 574 34 27
71 22 422 26 21 29 31 25 54 30 1416 34 27
72 22 87 12 33 13 1 24 49 23 483 34 27
73 22 126 22 25 23 1 16 18 21 595 34 27
74 22 153 30 16 33 78 17 41 23 1047 34 27
75 22 132 38 20 32 17 19 17 27 639 34 27
76 22 183 35 30 30 60 25 38 35 712 34 27
77 22 92 15 13 37 13 20 30 26 517 34 27
78 22 139 26 21 24 37 27 42 26 273 34 27
79 22 108 32 37 23 38 14 27 28 668 34 27
80 22 169 33 34 26 30 15 20 27 248 34 27
81 22 107 32 40 25 12 23 27 24 928 34 27
82 22 220 35 21 35 43 16 18 38 670 34 27
83 22 136 32 23 35 58 25 45 18 519 34 27
84 22 163 33 37 22 1 17 23 22 591 33 27
85 22 112 25 42 23 39 25 35 28 565 34 27
86 22 274 36 25 37 21 24 39 34 1381 34 27
87 22 293 30 21 27 3 19 2 27 827 34 27
88 22 97 33 23 37 45 21 34 27 2006 34 27
89 22 362 28 12 33 38 17 18 31 821 34 27
90 22 147 31 22 35 44 25 32 30 757 34 27
91 22 114 24 30 25 27 19 18 28 325 34 27
92 22 137 16 10 24 15 24 16 30 967 34 27
93 22 151 30 29 24 16 20 10 28 1061 34 27
94 22 128 31 29 27 22 13 18 27 1143 34 27
95 22 168 30 37 23 76 22 34 15 588 34 27
96 22 150 37 27 29 68 18 21 31 747 34 27
97 22 137 43 18 42 23 23 26 34 640 34 27
98 22 142 32 29 31 22 26 33 27 745 34 27
99 22 128 36 14 33 43 20 27 27 588 34 27
100 22 314 14 25 23 57 17 45 21 464 34 27
101 22 139 32 25 28 1 18 14 29 574 34 27
102 22 133 43 32 27 1 17 14 25 803 34 27
103 22 101 26 41 28 2 19 38 24 752 34 27
104 22 312 43 27 37 45 27 29 34 1107 34 27
105 22 174 37 40 23 11 21 13 30 1011 34 27
106 22 117 20 28 18 16 30 37 24 986 34 27
107 22 152 42 41 20 51 20 13 29 810 34 27
108 22 88 18 9 32 1 21 29 28 1276 34 27
109 22 190 30 26 24 29 18 20 34 1737 34 27
110 22 129 18 22 22 26 23 16 31 726 34 27
111 22 154 20 10 35 5 23 48 23 1301 34 27
112 22 126 33 41 19 46 14 41 25 1396 34 27
113 22 211 17 33 18 1 24 33 28 1156 34 27
114 22 124 16 28 21 30 27 44 18 687 34 27
115 22 219 40 24 41 49 28 33 35 750 34 27
116 22 94 38 36 27 1 27 32 26 812 34 27
117 22 108 48 24 44 11 24 22 27 721 34 27
118 22 82 19 34 21 33 18 39 17 1266 34 27
119 22 121 22 6 35 23 23 23 36 598 34 27
120 22 111 10 20 26 1 24 40 25 828 34 27
121 22 129 37 34 28 44 20 27 28 931 34 27
122 22 145 33 25 25 3 26 26 25 239 34 27
123 22 123 27 7 41 3 26 19 26 913 34 27
124 22 257 36 42 20 22 31 30 26 1233 34 27
125 22 243 30 21 26 5 29 24 20 1253 34 27
126 22 100 32 25 33 32 26 36 21 1557 34 27
127 22 105 36 22 29 52 23 14 16 681 34 27
128 22 91 38 43 32 1 21 29 29 1147 34 27
129 22 126 33 27 27 57 33 20 24 847 34 27
130 22 148 27 35 21 1 18 22 24 864 34 27
131 22 260 19 14 24 12 23 24 33 1043 34 27
132 22 105 18 30 21 1 18 33 17 574 34 27
133 22 199 38 33 36 46 20 49 31 1092 34 27
134 22 196 37 20 25 54 25 2 27 886 34 27
135 22 527 29 33 20 1 20 23 25 1307 34 27
136 22 188 38 2 49 46 28 30 30 358 34 27
137 22 130 36 43 26 30 20 34 25 1048 34 27
138 22 171 26 37 19 57 21 41 34 1162 34 27
139 22 152 28 20 25 47 11 22 30 1025 34 27
140 22 137 29 29 29 1 22 22 28 692 34 27
141 22 396 36 25 37 30 19 39 27 461 34 27
142 22 163 45 38 41 49 22 36 28 893 34 28
143 22 186 33 40 30 21 24 43 35 1017 34 27
144 22 135 35 32 27 43 18 43 30 1504 34 27
145 22 115 23 35 9 1 21 19 17 1038 34 27
146 22 130 30 33 18 53 20 30 24 858 34 27
147 22 190 29 52 17 32 20 42 30 946 34 27
148 22 178 31 39 29 1 16 33 26 999 34 27
149 22 290 33 42 14 49 24 42 19 728 34 27
150 22 428 23 18 36 51 23 37 27 1027 34 27
151 22 113 27 35 25 1 27 14 30 850 34 27
152 22 154 21 16 31 1 17 17 23 674 34 27
153 22 224 33 37 21 64 19 24 27 611 34 27
154 22 172 29 37 20 12 23 31 24 779 34 27
155 22 166 42 34 33 1 22 35 32 1858 34 27
156 22 140 628 243 25 71 24 33 164 503 34 27
157 22 146 32 29 20 54 19 25 32 669 34 27
158 22 114 36 31 22 3 17 28 22 850 34 27
159 22 137 23 20 30 13 23 22 34 910 34 27
160 22 202 45 40 31 22 17 39 32 699 34 27
161 22 225 30 32 24 28 19 36 17 758 34 27
162 22 148 25 29 22 1 29 36 33 1102 34 27
163 22 105 27 43 15 40 21 42 27 169 34 27
164 22 135 18 24 22 1 27 8 20 1664 34 27
165 22 104 40 28 36 1 22 22 26 430 34 27
166 22 127 31 39 27 50 25 28 36 1045 34 27
167 22 156 32 20 33 74 17 29 28 1444 34 27
168 22 128 39 38 28 1 22 21 30 875 34 27
169 22 170 45 40 31 57 26 42 24 1184 34 27
170 22 176 36 27 29 67 25 37 22 664 34 27
171 22 188 36 22 31 1 21 1 33 1378 34 27
172 22 153 24 30 29 29 24 45 29 691 34 27
173 22 105 20 16 29 28 18 23 32 763 34 27
174 22 127 36 42 21 20 21 46 24 595 34 27
175 22 151 34 23 24 89 22 35 21 940 34 27
176 22 135 23 30 31 1 22 31 21 770 34 27
177 22 299 25 32 28 72 22 52 25 478 34 27
178 22 159 37 37 20 35 26 28 34 1507 34 27
179 22 100 34 8 40 74 21 29 23 575 34 27
180 22 123 43 25 34 50 14 27 27 1487 34 27
181 22 212 40 27 37 71 18 44 30 709 34 28
182 22 158 32 32 36 84 30 44 27 2006 34 27
183 22 152 31 25 29 34 14 14 26 863 34 27
184 22 307 32 19 31 58 25 45 33 1169 34 27
185 22 200 27 24 25 13 26 28 21 1085 34 27
186 22 76 7 34 21 1 23 35 24 755 34 27
187 22 125 10 33 21 1 24 37 28 847 34 27
188 22 98 34 34 27 45 25 18 33 723 34 27
189 22 98 17 23 30 1 27 19 30 840 34 27
190 22 327 28 27 30 65 23 40 28 647 34 27
191 22 215 28 24 31 1 24 28 32 442 34 27
192 22 134 29 34 26 1 27 50 19 532 34 27
193 22 98 32 17 36 34 17 51 23 942 34 27
194 22 110 37 39 24 1 21 15 24 2006 34 27
195 22 208 36 17 42 5 16 30 34 842 34 27
196 22 219 31 35 28 1 20 35 23 526 34 27
197 22 132 40 23 36 36 17 30 27 458 34 27
198 22 103 39 29 44 1 22 31 30 1838 34 27
199 22 235 44 39 26 14 19 19 32 1123 34 27
200 22 97 24 23 28 31 20 40 22 1186 34 28
201 22 175 42 22 32 42 23 25 30 698 34 27
202 22 150 24 15 35 92 17 34 16 1529 34 27
203 22 126 16 13 33 31 16 28 28 517 34 27
204 22 120 30 45 22 33 24 42 19 910 34 27
205 22 175 24 22 33 40 21 41 30 660 34 27
206 22 189 23 19 25 25 21 16 29 627 34 27
207 22 163 30 40 20 59 23 37 18 773 34 27
208 22 130 29 20 34 41 22 38 24 490 34 27
209 22 156 34 40 32 17 17 50 27 329 34 27
210 22 342 31 36 31 1 26 57 23 607 34 27
211 22 145 36 35 22 43 21 18 25 780 34 27
212 22 179 32 17 36 1 24 21 23 954 34 27
213 22 137 39 22 41 79 20 46 22 872 34 27
214 22 164 17 24 21 1 27 33 29 957 34 27
215 22 293 27 22 35 19 30 35 19 1306 34 27
216 22 534 31 16 38 69 16 29 25 639 34 27
217 22 116 41 26 35 83 25 44 21 1882 34 28
218 22 141 34 25 23 15 22 34 25 255 34 27
219 22 245 29 13 36 64 24 41 30 881 34 27
220 22 314 38 26 33 11 14 22 29 931 34 27
221 22 192 38 42 25 24 18 42 28 467 34 27
222 22 518 11 18 26 1 17 15 29 653 34 27
223 22 141 31 33 26 1 21 36 25 576 34 27
224 22 108 41 24 36 46 22 29 27 587 34 27
225 22 99 35 23 38 81 32 58 16 873 34 27
226 22 258 8 35 24 1 13 53 28 558 34 27
227 22 182 37 18 38 91 26 47 34 266 34 27
228 22 88 19 29 34 1 20 37 21 1456 34 27
229 22 83 31 33 26 31 17 46 32 328 34 27
230 22 119 27 26 34 57 24 26 25 772 34 27
231 22 137 29 19 24 10 17 10 29 1014 34 27
232 22 163 36 30 26 32 20 28 25 1262 34 27
233 22 180 33 27 29 13 23 35 26 1094 34 27
234 22 145 38 32 32 16 25 48 19 968 34 27
235 22 130 27 41 20 1 26 29 33 543 34 27
236 22 222 38 36 29 1 14 21 19 1036 34 27
237 22 150 24 34 32 1 16 33 34 527 34 27
238 22 124 20 21 32 32 19 36 24 1228 34 27
239 22 116 35 33 32 15 18 27 35 1013 34 27
240 22 163 32 22 26 16 20 19 16 92 34 27
241 22 127 25 25 33 2 17 41 22 906 34 27
242 22 259 31 14 37 23 26 38 31 703 34 27
243 22 188 100 292 29 506 14 28 28 1624 34 27
244 22 123 37 17 41 73 15 31 29 1042 34 27
245 22 113 29 40 29 8 22 52 26 618 34 27
246 22 130 30 17 43 33 22 33 33 813 34 27
247 22 77 24 29 35 11 17 25 21 857 34 27
248 22 167 40 23 38 36 25 42 38 729 34 27
249 22 99 26 30 19 1 28 19 26 521 34 27
250 22 169 33 24 28 74 17 29 28 406 34 27
251 22 143 37 28 33 1 14 42 27 1 33 27
252 22 95 29 29 31 1 20 22 29 1220 34 27
253 22 126 32 23 33 74 17 40 32 1063 34 27
254 22 123 41 37 35 1 25 28 19 758 34 27
255 22 146 40 349 23 72 1869 1175 2007 850 34 27
256 22 81 14 17 29 41 18 19 26 1659 34 27
257 22 220 26 16 28 14 18 37 32 1558 34 27
258 22 149 39 32 24 92 26 40 31 1 33 27
259 22 269 47 33 28 1 13 19 27 802 34 27
260 22 92 22 29 32 25 20 36 30 1161 34 27
261 22 649 29 28 34 1 18 30 30 1247 34 27
262 22 265 29 43 23 1 11 39 30 794 34 27
263 22 333 28 27 31 22 22 35 22 728 34 27
264 22 117 26 26 23 28 20 28 17 135 34 27
265 22 485 14 18 28 31 12 27 31 706 34 27
266 22 163 38 36 31 17 21 15 36 943 34 27
267 22 131 35 20 34 1 22 19 24 1260 34 27
268 22 202 34 29 25 1 30 12 26 765 34 27
269 22 105 26 12 24 44 24 35 21 1081 34 27
270 22 137 24 23 33 1 21 35 26 106 34 27
271 22 123 36 20 34 48 12 11 26 1248 34 27
272 22 119 34 34 25 15 27 53 22 399 34 27
273 22 154 25 30 37 39 20 17 27 1001 34 27
274 22 141 33 32 29 37 25 38 29 1199 34 27
275 22 162 30 20 36 12 21 41 31 282 34 27
276 22 297 32 20 31 58 25 46 29 539 34 27
277 22 319 16 24 24 1 22 36 22 299 34 27
278 22 369 37 35 31 61 24 23 19 2006 34 27
279 22 192 31 14 32 30 16 12 29 227 34 27
280 22 106 18 35 24 1 29 37 24 1 33 27
281 22 333 38 21 22 37 25 23 28 787 34 27
282 22 130 23 30 24 6 20 21 28 934 34 28
283 22 104 29 26 35 1 20 49 30 362 34 27
284 22 71 16 30 13 21 28 36 26 1 33 27
285 22 123 45 24 39 48 23 25 28 951 33 27
286 22 181 36 36 21 1 22 24 33 639 34 27
287 22 114 28 18 37 63 25 59 31 897 34 27
288 22 134 33 35 27 1 19 28 31 1 33 27
289 22 168 26 1 39 20 19 19 25 942 34 27
290 22 114 36 13 29 122 23 29 26 1 33 27
291 22 184 32 39 26 1 16 26 15 282 34 27
292 22 109 30 32 26 1 23 25 36 544 34 27
293 22 165 23 24 20 1 23 21 24 1079 34 27
294 22 142 25 23 27 65 22 43 21 397 34 27
295 22 88 31 21 42 1 18 48 28 929 34 27
296 22 86 20 18 33 1 22 38 36 824 34 27
297 22 222 44 25 34 1 22 27 23 598 34 27
298 22 177 16 22 28 30 17 38 25 34 34 27
299 22 315 31 27 37 54 21 38 36 1003 34 27
300 22 161 38 40 26 7 27 16 37 1189 34 27
301 22 187 16 25 26 1 17 17 28 900 34 27
302 22 152 41 40 25 73 22 34 22 867 34 27
303 22 208 37 27 36 97 21 51 30 576 34 27
304 22 162 30 34 31 50 28 39 24 727 34 27
305 22 325 20 33 15 1 20 24 31 959 34 27
306 22 116 28 15 35 72 25 48 23 855 34 27
307 22 117 28 21 32 1 19 47 27 859 34 27
308 22 107 18 16 34 1 19 31 32 728 34 27
309 22 143 32 32 34 74 22 51 22 755 34 27
310 22 269 46 15 37 3 26 21 27 975 34 27
311 22 187 19 29 22 1 21 24 28 797 34 27
312 22 150 27 19 32 24 17 29 60 741 34 27
313 22 225 33 34 23 61 19 40 27 275 34 27
314 22 134 31 35 31 1 20 49 25 766 34 27
315 22 120 22 1 36 39 16 10 25 431 34 27
316 22 123 41 28 34 1 20 16 27 684 34 27
317 22 106 30 36 28 17 23 29 25 677 34 27
318 22 106 31 38 17 20 15 31 19 802 34 27
319 22 520 35 33 31 64 16 41 24 1460 34 27
320 22 211 34 17 37 26 25 21 33 799 34 27
321 22 116 41 42 28 1 14 13 27 989 34 27
322 22 117 24 30 26 42 16 28 31 671 34 27
323 22 127 38 22 45 53 22 29 28 752 34 27
324 22 165 37 28 25 61 19 33 23 397 34 27
325 22 174 13 10 33 1 28 27 35 1014 34 27
326 22 191 29 26 26 4 24 30 26 547 34 27
327 22 535 34 38 28 57 13 22 24 631 34 27
328 22 121 35 27 33 42 23 40 27 1304 34 27
329 22 180 36 44 24 43 18 30 24 287 34 27
330 22 110 35 44 19 16 27 43 24 445 34 27
331 22 124 33 21 36 6 25 28 32 457 34 27
332 22 337 23 26 24 27 22 35 20 1410 34 27
333 22 168 27 45 21 14 16 50 37 343 34 27
334 22 92 28 36 108 415 16 45 29 487 34 27
335 22 190 29 18 32 39 20 47 22 714 34 27
336 22 115 21 35 22 1 18 38 24 718 34 27
337 22 93 31 29 29 1 23 42 27 834 34 27
338 22 141 43 20 32 62 22 29 28 1263 34 27
339 22 287 21 24 32 24 22 32 28 567 34 27
340 22 817 41 25 32 29 17 27 24 657 34 27
341 22 232 27 29 33 20 21 51 20 744 34 27
342 22 132 31 42 22 25 24 27 28 795 34 27
343 22 137 34 30 32 1 22 15 31 632 34 27
344 22 128 34 27 31 22 26 24 30 469 34 27
345 22 127 29 31 24 81 20 47 22 632 34 27
346 22 166 33 40 26 1 20 27 36 929 34 27
347 22 102 25 40 22 1 25 41 28 325 34 27
348 22 115 27 17 32 65 26 51 25 359 34 27
349 22 126 42 37 36 1 15 23 26 324 34 27
350 22 185 40 35 29 9 18 25 35 1089 34 27
351 22 126 14 11 30 31 23 20 19 794 34 27
352 22 154 29 29 33 1 25 33 27 657 34 27
353 22 135 32 39 23 36 24 13 27 998 34 27
354 22 280 37 36 30 22 12 8 20 741 34 27
355 22 237 26 25 25 48 23 32 29 201 34 27
356 22 202 22 29 23 27 22 30 33 1273 34 27
357 22 115 28 11 32 76 21 17 27 1195 34 28
358 22 161 30 25 29 25 27 14 23 554 34 27
359 22 122 35 23 39 52 13 42 21 774 34 27
360 22 161 40 13 42 18 19 34 28 906 34 27
361 22 97 30 21 33 22 21 33 18 586 34 27
362 22 134 28 27 25 13 22 33 26 486 34 27
363 22 182 35 34 25 8 21 30 27 468 34 27
364 22 216 36 22 38 1 20 37 20 213 34 27
365 22 162 30 41 20 26 18 44 22 100 34 27
366 22 149 39 44 15 47 20 12 26 935 34 27
367 22 336 22 19 29 46 20 52 32 678 34 27
368 22 216 41 33 41 20 20 44 26 670 34 27
369 22 217 37 25 38 34 19 38 25 900 34 27
370 22 274 23 28 16 18 22 31 19 799 34 27
371 22 142 31 27 33 17 21 27 29 1319 34 27
372 22 142 35 21 33 69 26 29 26 867 34 27
373 22 109 32 24 37 40 27 19 28 938 34 27
374 22 80 12 24 15 19 24 44 22 268 34 27
375 22 116 36 49 23 1 15 44 30 729 34 27
376 22 247 23 30 22 36 20 46 33 759 34 27
377 22 147 25 32 27 1 25 16 27 404 34 27
378 22 131 40 22 37 72 27 52 26 1177 34 27
379 22 93 27 9 34 27 23 38 30 662 34 27
380 22 222 28 18 36 47 26 50 24 829 34 27
381 22 171 22 22 28 1 21 20 26 620 34 27
382 22 124 23 23 28 14 20 43 23 389 34 27
383 22 200 42 32 29 51 16 36 30 1280 34 27
384 22 152 22 25 18 18 17 15 26 657 34 27
385 22 206 33 39 26 1 12 22 24 602 34 27
386 22 256 32 25 28 1 14 26 31 1016 34 27
387 22 101 34 28 26 48 16 39 26 1646 34 27
388 22 179 31 14 30 74 24 27 22 935 34 27
389 22 114 30 22 36 67 28 35 32 682 34 27
390 22 160 33 12 38 20 22 24 29 990 34 27
391 22 190 36 27 30 28 15 22 27 322 34 27
392 22 143 37 29 30 25 14 34 29 1276 34 27
393 22 142 23 29 25 59 17 37 25 59 34 27
394 22 101 28 16 42 45 22 49 35 522 34 27
395 22 229 22 18 30 24 16 36 17 674 34 27
396 22 127 23 38 31 1 24 31 25 1002 34 27
397 22 111 35 36 33 36 28 37 31 780 34 27
398 22 271 36 24 29 1 26 5 28 682 34 27
399 22 123 28 12 39 87 18 13 21 995 34 27
400 22 141 36 31 31 104 26 39 23 726 34 27
401 22 156 37 22 38 19 16 29 38 820 34 27
402 22 85 19 9 39 1 24 18 28 639 34 27
403 22 116 24 15 26 53 26 27 27 731 34 27
404 22 135 38 37 22 10 16 19 27 456 34 27
405 22 128 45 33 33 1 16 34 24 1074 34 27
406 22 167 32 31 19 49 24 1 24 1063 34 27
407 22 267 17 19 29 1 18 33 21 1533 34 27
408 22 116 34 40 20 16 17 26 24 792 34 27
409 22 89 25 24 37 29 24 54 26 423 34 27
410 22 207 24 32 24 10 19 33 25 1374 34 27
411 22 119 31 26 32 40 18 38 21 1434 34 27
412 22 228 32 22 26 101 21 41 20 1259 34 27
413 22 116 43 21 36 6 26 20 26 600 34 27
414 22 311 33 27 32 34 24 38 31 718 34 27
415 22 93 20 26 22 1 24 17 32 545 34 27
416 22 248 41 25 35 3 15 16 36 1673 34 27
417 22 123 23 16 36 42 24 41 27 585 34 27
418 22 145 26 24 39 1 29 38 34 1188 34 27
419 22 123 34 33 29 14 25 46 17 1325 34 27
420 22 216 30 39 23 1 21 44 17 820 34 27
421 22 119 28 29 22 40 21 30 25 608 34 27
422 22 457 960 2005 255 1888 34 792 848 495 34 27
423 22 122 37 12 44 45 19 28 26 726 34 27
424 22 102 37 31 29 87 25 35 25 765 34 27
425 22 259 30 28 29 82 22 60 25 653 34 27
426 22 325 31 32 23 35 19 32 24 49 34 27
427 22 177 22 11 36 58 25 29 27 967 34 27
428 22 87 13 22 27 34 22 35 27 637 34 27
429 22 110 32 33 33 1 23 40 27 952 34 27
430 22 216 30 28 35 30 20 50 28 1299 34 27
431 22 148 20 15 30 24 17 48 21 1664 34 27
432 22 211 34 21 38 43 20 34 20 578 34 27
433 22 120 31 32 36 46 20 47 37 1173 34 27
434 22 98 27 32 28 8 21 35 25 408 34 27
435 22 140 38 35 24 34 18 4 21 1325 34 27
436 22 114 29 40 25 1 17 40 31 883 34 27
437 22 133 29 3 42 1 21 13 26 864 34 27
438 22 104 22 19 29 1 21 16 33 685 34 27
439 22 154 25 12 43 55 27 16 34 424 34 27
440 22 126 25 24 26 1 21 22 31 696 34 27
441 22 226 13 14 43 51 27 49 25 648 34 28
442 22 170 18 21 26 108 19 42 20 374 34 27
443 22 134 29 45 19 1 26 47 24 476 34 27
444 22 155 21 29 26 32 22 48 27 221 34 27
445 22 155 39 30 25 23 23 34 31 593 34 27
446 22 153 31 16 28 10 18 27 29 855 34 27
447 22 109 28 18 28 42 20 33 40 856 34 27
448 22 146 26 25 26 50 19 41 19 667 34 27
449 22 120 39 19 44 39 19 18 26 330 34 27
450 22 138 46 32 28 52 24 33 29 821 34 27
451 22 80 37 35 26 5 21 21 24 1206 34 27
452 22 84 16 27 22 30 20 44 26 12 33 27
453 22 132 39 13 41 55 23 1 33 633 34 27
454 22 123 24 39 11 19 18 29 20 711 34 27
455 22 224 24 40 21 1 25 39 24 770 34 27
456 22 215 26 13 31 46 25 48 24 635 34 27
457 22 125 38 26 30 12 26 14 25 1218 34 27
458 22 154 32 28 22 20 22 9 18 1218 34 27
459 22 129 40 37 28 83 25 32 23 772 34 27
460 21 73 15 29 13 1 19 42 27 583 34 27
461 22 253 31 31 26 26 18 11 23 572 34 27
462 22 105 32 28 24 1 24 26 24 242 34 27
463 22 144 37 16 35 47 22 20 28 786 34 27
464 22 328 34 33 26 31 18 42 26 779 34 27
465 22 151 30 33 29 37 27 42 37 1082 34 27
466 22 226 33 25 33 6 25 29 30 638 34 27
467 22 210 40 27 29 20 19 15 21 1405 34 27
468 22 125 37 38 31 9 12 31 21 1067 34 27
469 22 157 31 28 37 32 25 9 65 631 34 28
470 22 211 10 28 27 1 23 28 27 654 34 27
471 22 125 20 17 30 39 19 36 29 1165 34 27
472 21 83 30 30 19 9 17 28 23 668 34 27
473 22 132 30 27 31 1 15 25 22 289 34 27
474 22 147 31 43 18 29 23 44 29 968 34 27
475 22 97 33 31 34 58 25 37 32 743 34 27
476 22 118 33 34 28 25 14 40 27 786 34 27
477 22 372 44 40 35 37 27 32 26 629 34 27
478 22 93 15 30 10 1 22 30 21 662 34 27
479 22 134 28 27 27 115 22 26 22 449 34 27
480 22 126 23 36 32 1 14 29 32 1 33 27
481 22 299 34 36 26 1 25 15 25 653 34 27
482 22 119 37 6 45 95 19 1 32 942 34 27
483 22 213 46 28 33 18 19 10 31 898 34 27
484 22 279 34 32 25 120 21 60 27 703 34 27
485 22 127 20 19 25 19 29 29 28 372 34 27
486 22 457 30 23 25 18 23 33 19 831 34 28
487 22 132 35 21 28 61 19 23 23 260 34 27
488 22 177 33 25 32 31 16 12 29 803 34 27
489 22 170 17 26 30 30 21 45 38 249 34 27
490 22 410 35 40 21 24 22 33 24 546 34 27
491 22 212 21 11 26 41 23 31 25 849 34 27
492 22 208 28 23 34 1 13 17 33 687 34 27
493 22 216 29 17 30 18 26 19 26 1154 34 27
494 22 168 27 35 18 29 19 30 20 458 34 27
495 22 193 41 24 31 58 14 9 25 650 34 27
496 22 538 30 30 25 50 28 36 17 616 34 27
497 22 114 42 33 24 21 16 45 17 839 34 27
498 22 125 36 36 41 10 21 44 32 638 34 27
499 22 163 27 35 26 1 22 33 23 1096 34 27
500 22 139 26 28 36 67 26 38 23 734 34 27
501 22 198 42 21 38 30 15 7 33 338 34 27
502 22 123 42 30 36 51 22 50 25 1192 34 27
503 22 172 29 15 28 65 25 31 22 434 34 27
504 22 324 35 15 36 10 25 27 27 1344 34 27
505 22 132 29 16 41 49 21 28 27 1448 34 27
506 22 238 31 42 19 37 20 35 25 2006 34 27
507 22 104 25 43 23 1 22 47 32 1142 34 27
508 22 147 24 11 37 1 15 26 36 390 34 27
509 22 110 20 39 28 1 21 50 30 1 33 27
510 22 136 21 42 11 53 20 39 21 109 34 27
511 22 233 29 10 34 69 28 16 27 668 34 27
512 22 322 32 43 21 10 18 36 31 408 34 27
513 22 199 29 15 31 1 17 7 23 866 34 27
514 22 90 17 27 21 32 21 37 24 239 34 27
515 22 217 30 7 38 6 19 22 29 1151 34 27
516 22 304 14 9 36 14 20 46 20 554 34 27
517 22 194 37 35 28 53 26 27 36 544 34 27
518 22 180 29 44 22 1 20 29 17 484 34 27
519 22 152 36 18 40 78 22 22 29 779 34 27
520 22 253 24 23 24 32 19 35 31 952 34 27
521 22 106 37 20 26 56 24 23 31 595 34 27
522 22 279 23 34 25 1 11 31 47 550 34 27
523 22 98 17 19 31 3 23 35 30 595 34 27
524 22 111 31 44 22 21 18 10 29 918 34 27
525 22 123 35 12 37 79 19 44 28 1076 34 27
526 22 139 14 25 13 1 27 29 23 552 34 27
527 22 198 40 29 31 58 24 22 29 1737 34 27
528 22 82 28 36 30 83 23 42 23 502 34 27
529 22 189 27 21 36 53 28 28 30 770 34 27
530 22 465 44 20 48 40 17 25 27 647 34 27
531 22 209 31 7 40 69 19 22 42 650 34 27
532 22 117 33 26 29 70 18 26 33 319 34 27
533 22 225 27 26 35 11 17 22 30 623 34 27
534 22 117 21 44 14 1 33 28 24 487 34 27
535 22 111 37 41 26 8 14 16 29 606 34 27
536 22 230 33 24 30 1 21 10 26 1121 34 27
537 22 208 17 34 18 6 23 59 25 566 34 27
538 22 247 23 26 32 1 16 6 23 916 34 27
539 22 202 36 26 34 41 14 28 23 901 34 27
540 22 161 31 12 36 1 14 17 25 904 34 27
541 22 191 33 35 21 30 26 40 19 200 34 27
542 22 120 44 24 38 19 20 17 23 552 34 27
543 22 192 26 25 22 37 23 46 23 736 34 27
544 22 149 38 41 23 1 22 38 17 186 34 27
545 22 166 18 17 28 22 18 42 28 734 34 27
546 22 110 39 24 41 19 15 36 32 729 34 27
547 22 117 14 23 25 1 21 24 24 254 34 27
548 22 201 17 28 20 21 29 45 26 138 34 27
549 22 163 39 38 41 1 20 43 30 1529 34 27
550 22 143 29 17 35 73 27 33 36 749 34 27
551 22 150 27 31 31 1 20 17 32 472 34 28
552 22 128 39 16 37 14 13 23 26 1317 33 27
553 22 117 30 27 23 45 26 18 22 623 34 27
554 22 239 27 28 28 9 20 49 20 777 34 27
555 22 200 24 32 28 17 24 48 38 755 34 27
556 22 257 30 30 21 58 21 36 24 522 34 27
557 22 236 38 31 26 41 15 20 26 577 34 27
558 22 106 21 23 28 13 16 24 19 457 34 27
559 22 143 35 17 39 1 22 20 21 866 34 27
560 22 93 32 18 34 48 23 9 28 1223 34 27
561 22 141 19 57 26 32 20 40 26 670 34 27
562 22 149 25 31 25 18 23 18 28 815 34 27
563 22 262 16 19 32 30 23 49 27 689 34 27
564 22 890 38 89 38 91 21 38 29 2006 34 27
565 22 147 31 35 27 1 14 43 31 1045 34 27
566 22 223 22 8 28 1 25 33 24 1691 34 27
567 22 90 26 19 31 47 20 46 30 524 34 27
568 22 274 27 39 26 1 16 39 28 520 34 27
569 22 150 19 22 25 12 20 4 36 735 34 27
570 22 110 24 26 25 1 23 15 25 898 34 27
571 22 143 44 30 26 42 31 31 27 266 34 27
572 22 206 35 26 42 1 17 40 29 553 34 27
573 22 130 36 36 27 54 21 31 26 757 34 27
574 22 158 38 25 33 52 35 25 26 638 34 27
575 22 136 39 30 36 105 25 27 25 277 34 27
576 22 121 18 24 24 1 23 20 31 694 34 27
577 22 144 41 24 36 1 18 37 28 551 34 27
578 22 98 23 12 39 2 17 25 36 570 34 27
579 22 157 23 1 33 6 23 15 27 956 34 27
580 22 127 30 21 31 49 15 27 31 575 34 27
581 22 270 28 20 24 50 27 13 23 827 34 27
582 22 110 32 13 38 56 26 29 34 784 34 27
583 22 82 33 34 25 44 16 36 28 1294 34 27
584 22 148 28 20 34 67 15 32 27 826 34 27
585 22 220 40 17 46 30 17 33 28 1128 34 27
586 22 143 31 26 32 25 24 20 22 875 34 27
587 22 127 40 11 35 102 21 16 29 849 34 27
588 22 144 36 32 25 56 15 30 18 1001 34 27
589 22 98 39 20 30 38 22 1 29 2006 34 27
590 22 126 45 43 34 1 18 24 30 1056 34 27
591 22 92 38 43 29 45 20 53 15 901 34 27
592 22 377 22 39 21 1 19 41 23 664 34 27
593 22 160 20 21 25 25 21 24 26 1269 34 27
594 22 120 39 30 38 11 17 24 24 1011 34 27
595 22 126 30 22 29 12 15 20 24 1013 34 27
596 22 106 36 187 45 100 417 195 106 791 34 27
597 22 174 36 31 30 1 25 12 27 797 34 27
598 22 307 42 36 36 127 94 35 26 711 34 27
599 22 117 25 22 26 29 17 28 21 1175 34 27
600 22 123 28 29 28 1 24 11 23 843 34 27
601 22 99 39 45 24 17 17 24 24 1057 34 27
602 22 404 12 18 25 1 20 18 31 412 34 27
603 22 106 29 23 33 1 18 19 31 606 34 27
604 22 156 34 39 31 62 21 43 28 412 34 27
605 22 249 27 21 26 1 16 24 27 1307 34 27
606 22 157 37 35 25 58 13 50 25 659 34 27
607 22 171 31 25 29 20 27 34 32 763 34 27
608 22 141 35 15 39 1 23 6 32 888 34 27
609 22 165 37 22 40 21 23 35 24 482 34 27
610 22 143 17 12 36 46 18 27 25 691 34 27
611 22 86 11 27 25 25 15 51 28 555 34 27
612 22 122 11 2 34 24 19 39 29 998 34 27
613 22 116 32 12 33 39 25 31 32 1054 34 27
614 22 114 39 29 30 41 19 31 28 691 34 27
615 22 102 36 36 26 64 15 35 25 640 34 27
616 22 114 39 35 22 38 21 20 23 830 34 27
617 22 149 33 31 29 26 19 13 19 616 34 27
618 22 109 37 19 39 63 24 25 38 1041 34 27
619 22 199 29 33 15 27 19 29 27 550 34 27
620 22 125 18 29 19 1 27 22 27 1272 34 27
621 22 324 30 23 25 58 24 31 28 1084 34 27
622 22 189 40 27 39 46 18 44 24 509 34 27
623 22 228 35 34 31 69 19 34 25 1332 34 27
624 22 240 33 20 36 21 24 24 35 968 34 27
625 22 116 7 18 29 5 14 33 28 457 34 27
626 22 171 37 20 39 1 22 24 36 771 34 27
627 22 140 21 15 29 41 20 32 29 549 34 27
628 22 158 22 33 30 1 27 29 24 452 34 27
629 22 110 38 28 37 56 29 35 24 790 34 27
630 22 155 14 24 20 48 25 46 19 646 34 27
631 22 105 17 25 26 1 27 19 29 606 34 27
632 22 170 37 23 30 60 24 19 29 805 34 27
633 22 123 30 20 37 18 27 22 27 828 34 27
634 22 244 44 35 30 37 19 28 37 716 34 27
635 22 181 38 35 34 26 25 58 27 568 34 27
636 22 155 49 30 47 13 17 17 32 701 34 27
637 22 185 41 30 30 43 22 46 39 755 34 27
638 22 133 37 28 30 91 21 20 30 935 34 27
639 22 119 39 30 31 59 27 17 26 1756 34 27
640 22 172 31 33 31 42 24 40 25 816 34 27
641 22 144 34 49 17 56 24 40 35 486 34 27
642 22 136 37 29 35 25 16 28 32 2006 34 27
643 22 107 34 23 23 61 26 24 29 867 34 27
644 22 112 40 38 24 44 24 27 24 1124 34 27
645 22 139 31 32 18 27 17 13 24 992 34 27
646 22 417 19 24 22 1 16 12 31 553 34 27
647 22 172 28 21 26 89 17 36 31 627 34 27
648 22 191 22 11 33 15 17 35 22 834 34 27
649 22 100 27 28 27 29 27 37 27 592 34 27
650 22 104 33 25 29 4 11 27 31 999 34 27
651 22 151 31 9 36 1 18 12 27 617 34 27
652 22 147 22 18 30 25 24 39 23 944 34 27
653 22 110 43 13 48 11 19 13 33 631 34 27
654 22 269 40 26 32 36 22 17 32 862 34 27
655 22 141 10 16 24 29 19 38 31 873 34 27
656 22 116 37 23 32 34 23 51 25 632 34 27
657 22 93 25 31 22 27 26 20 31 598 34 27
658 22 125 43 46 33 1 21 36 22 953 34 27
659 22 104 21 39 11 1 17 39 18 720 34 27
660 22 147 31 42 23 1 22 26 24 1003 34 27
661 22 169 37 3 51 34 19 16 32 1347 34 27
662 22 372 40 30 37 45 19 34 21 890 34 27
663 22 244 34 41 28 27 20 49 26 820 34 27
664 22 103 33 20 33 1 18 17 35 737 34 27
665 22 185 29 12 34 27 23 25 35 649 34 27
666 22 220 17 11 27 1 19 19 24 599 34 27
667 22 121 29 33 28 65 17 51 21 706 34 27
668 22 131 21 22 30 10 25 22 26 408 34 27
669 22 176 43 33 33 1 24 13 31 562 34 27
670 22 98 36 28 32 1 22 19 20 1204 34 27
671 22 117 40 41 27 1 14 26 25 247 34 27
672 22 176 31 34 24 1 23 24 32 773 34 27
673 22 138 40 32 27 68 21 18 26 914 34 27
674 22 99 14 30 31 1 14 35 32 768 34 27
675 22 117 22 23 34 1 23 39 30 755 34 27
676 22 132 26 21 24 9 22 9 20 644 34 28
677 22 218 32 31 28 1 18 25 30 686 34 27
678 22 331 38 23 37 81 27 27 25 595 34 27
679 22 181 26 34 23 1 20 34 31 760 33 27
680 22 240 32 34 28 96 24 44 22 619 34 27
681 22 136 43 32 34 14 19 24 34 1016 34 27
682 22 97 9 13 37 1 22 45 25 476 34 27
683 22 106 29 39 15 1 23 37 19 903 34 27
684 22 242 39 19 39 5 22 23 31 774 34 27
685 22 136 33 46 27 1 19 40 27 886 34 27
686 22 197 20 16 28 39 21 54 29 631 34 27
687 22 135 21 28 30 90 19 27 32 617 34 27
688 22 176 16 17 33 22 27 47 27 379 34 27
689 22 121 15 36 13 1 26 60 27 203 34 27
690 22 107 21 24 29 1 13 18 32 943 34 28
691 22 269 30 41 18 24 21 32 23 814 34 27
692 22 222 37 30 31 53 22 59 52 806 34 27
693 22 183 35 36 24 13 13 16 32 1904 34 27
694 22 97 31 18 22 32 25 19 29 1366 34 27
695 22 136 29 25 25 44 24 21 25 460 34 27
696 22 173 16 11 30 10 21 22 21 951 34 27
697 22 152 43 27 36 46 25 20 28 1228 34 28
698 22 176 39 37 27 1 21 17 21 742 34 27
699 22 228 34 32 24 34 27 14 33 859 34 27
700 22 154 25 19 28 31 23 28 26 774 34 27
701 22 266 45 56 48 329 23 53 37 701 34 27
702 22 242 28 38 21 1 12 46 20 1282 34 27
703 22 110 33 14 34 1 22 19 26 722 34 27
704 22 97 22 28 17 12 25 23 31 1226 34 27
705 22 207 41 42 25 1 21 27 18 675 34 27
706 22 116 36 35 31 17 16 35 30 1024 34 27
707 22 126 32 39 21 1 14 29 17 772 34 27
708 22 138 38 45 22 7 16 25 19 1105 34 27
709 22 179 17 21 27 46 27 34 29 548 34 27
710 22 254 26 15 33 23 23 29 29 983 34 27
711 22 191 26 39 16 1 17 28 18 343 34 27
712 22 102 26 29 22 49 15 31 23 674 34 27
713 22 148 40 33 27 1 16 1 31 670 34 27
714 22 120 31 36 25 33 24 54 20 844 34 27
715 22 111 25 36 19 1 18 27 25 723 34 27
716 22 113 35 25 30 34 17 1 23 736 34 27
717 22 106 33 35 23 229 15 31 22 707 34 27
718 22 198 28 30 37 5 19 51 29 660 34 28
719 22 218 22 17 36 1 21 31 20 1563 34 27
720 22 120 17 36 26 1 15 42 22 390 34 27
721 22 102 29 22 32 12 30 31 26 1094 34 27
722 22 202 37 42 24 17 22 42 30 796 34 27
723 22 169 30 22 33 65 18 39 25 1219 34 27
724 22 145 41 17 40 50 21 30 30 876 34 27
725 22 118 34 25 27 90 26 32 22 844 34 27
726 22 136 40 43 26 38 24 40 19 709 34 27
727 22 196 33 18 31 78 22 41 28 1188 34 27
728 22 155 30 25 33 44 28 38 26 751 34 27
729 22 128 23 28 23 43 15 16 28 1123 34 27
730 22 196 18 20 25 17 17 39 24 984 34 27
731 22 170 31 30 36 48 29 32 25 1324 34 27
732 22 212 32 12 36 45 28 26 279 761 34 27
733 22 172 12 20 18 1 27 35 22 452 34 27
734 22 149 25 27 20 28 20 27 22 511 34 27
735 22 124 30 13 39 17 19 19 29 800 34 27
736 22 143 28 10 34 54 28 13 37 1722 34 27
737 22 114 32 30 31 75 24 29 21 853 34 27
738 22 143 36 29 31 6 14 29 28 1254 34 27
739 22 275 42 18 42 70 22 32 35 561 34 27
740 22 164 39 13 35 44 24 11 20 386 34 27
741 22 203 52 28 36 62 18 21 27 639 34 27
742 22 114 21 25 23 62 20 30 21 478 34 27
743 22 263 42 36 30 1 23 20 29 1032 34 27
744 22 220 18 26 27 1 27 45 31 809 34 27
745 22 121 26 17 22 1 20 27 26 730 34 27
746 22 131 47 44 28 17 25 33 30 1128 34 27
747 22 147 37 31 32 25 15 34 24 697 34 27
748 22 94 35 38 23 33 15 32 24 866 34 27
749 22 132 36 15 42 74 21 34 29 886 34 27
750 22 137 25 4 30 42 26 17 24 833 34 27
751 22 121 41 33 24 18 13 15 31 1105 34 27
752 22 125 36 39 25 1 26 24 25 355 34 27
753 22 120 32 36 29 1 26 9 29 665 34 27
754 22 137 32 18 40 32 23 10 32 603 34 27
755 22 166 34 26 36 50 15 39 34 1185 34 27
756 22 122 39 44 15 21 13 10 30 1430 34 27
757 22 106 22 34 24 1 19 33 17 235 34 27
758 22 158 36 29 28 40 29 38 30 1102 34 27
759 22 207 18 18 35 12 14 18 27 1432 34 27
760 22 224 36 38 22 44 20 25 31 802 34 27
761 22 107 39 40 31 27 19 20 29 936 34 27
762 22 138 36 28 31 76 16 26 32 563 34 27
763 22 90 14 18 26 1 16 46 30 548 34 27
764 22 139 23 16 33 81 31 37 32 750 34 27
765 22 117 34 44 21 40 19 25 24 688 34 27
766 22 118 7 2 37 1 19 11 23 969 34 27
767 22 105 38 21 34 90 19 6 19 494 34 27
768 22 145 39 36 41 5 21 37 22 972 34 27
769 22 124 42 36 40 73 25 35 37 924 34 27
770 22 331 21 17 29 11 21 31 25 810 34 27
771 22 138 20 17 29 34 21 21 29 557 34 27
772 22 151 30 32 22 27 19 16 23 610 34 27
773 22 121 31 33 26 1 26 30 23 269 34 27
774 22 114 27 35 28 1 27 37 26 655 34 27
775 22 90 28 33 28 13 25 43 26 1211 34 27
776 22 122 43 14 47 8 15 21 35 738 34 27
777 22 133 30 29 29 25 18 19 27 1821 34 27
778 22 142 38 43 24 59 22 21 22 921 34 27
779 22 126 23 28 30 21 25 35 30 759 34 27
780 22 112 18 26 25 36 24 53 28 1748 34 27
781 22 93 39 35 34 21 21 21 31 1115 34 27
782 22 129 36 46 20 1 23 26 27 784 34 27
783 22 109 23 25 27 31 24 19 29 762 34 27
784 22 198 15 27 18 10 20 14 28 516 34 27
785 22 168 32 14 39 26 17 20 35 601 34 27
786 22 151 34 33 25 38 21 6 19 1239 34 27
787 22 126 44 40 29 11 15 44 28 849 34 27
788 22 86 33 38 30 43 22 33 35 587 34 27
789 22 102 41 23 33 33 24 43 26 750 34 27
790 22 142 35 28 27 29 24 46 42 700 34 27
791 22 105 32 16 34 45 23 29 30 1353 34 27
792 22 173 29 22 36 1 18 30 34 926 34 27
793 22 130 42 40 27 31 18 51 25 1061 34 27
794 22 257 21 12 35 29 25 38 27 670 34 27
795 22 114 23 17 33 44 17 34 28 391 34 27
796 22 330 38 27 32 32 19 45 31 755 34 27
797 22 134 35 31 28 87 27 38 24 754 34 27
798 22 102 28 33 21 23 22 17 25 782 34 27
799 22 205 33 41 15 1 24 19 27 937 34 27
800 22 169 31 40 19 47 21 30 23 728 34 27
801 22 148 28 37 24 9 17 22 32 448 34 27
802 22 106 28 32 27 37 21 44 29 1128 34 27
803 22 186 33 23 29 30 21 37 25 781 33 27
804 22 521 17 17 31 9 17 26 27 1725 34 27
805 22 160 15 20 27 1 23 9 20 910 34 27
806 22 90 27 32 31 2 21 34 22 1966 34 27
807 22 432 43 18 35 38 26 14 27 803 34 27
808 22 87 29 41 24 1 22 43 34 511 34 27
809 22 127 30 19 36 1 25 25 39 716 34 27
810 22 146 23 49 9 1 16 41 25 586 34 27
811 22 131 33 20 37 104 19 40 22 1477 34 27
812 22 124 24 29 29 1 25 31 29 578 34 27
813 22 195 18 12 31 1 18 25 33 615 34 28
814 22 191 31 30 33 49 20 26 31 565 34 27
815 22 444 40 22 42 25 26 27 26 627 34 27
816 22 177 33 39 24 14 27 50 35 796 34 27
817 22 83 20 13 32 23 23 47 29 776 34 27
818 22 114 25 15 35 1 22 39 28 933 34 27
819 22 173 29 39 16 28 17 29 21 282 34 27
820 22 143 37 39 23 10 23 19 25 1052 34 27
821 22 125 17 13 25 43 21 48 22 144 34 27
822 22 159 21 230 128 204 17 33 34 950 34 27
823 22 273 27 40 25 28 21 34 23 528 34 27
824 22 128 47 43 24 34 22 35 27 677 34 27
825 22 180 38 25 26 33 27 25 21 613 34 27
826 22 149 30 13 43 72 24 44 40 390 34 27
827 22 119 29 34 21 1 24 28 32 722 34 27
828 22 131 34 44 28 31 21 61 24 782 34 27
829 22 119 31 17 31 10 20 1 31 609 34 27
830 22 212 10 29 16 6 16 37 18 2006 34 27
831 22 145 49 21 35 92 27 20 28 1248 34 27
832 22 110 24 33 24 12 17 41 16 1390 34 27
833 22 364 44 27 44 13 18 32 22 734 34 27
834 22 117 20 4 35 4 15 17 29 832 34 27
835 22 190 17 13 31 1 21 13 22 647 34 27
836 22 224 28 30 24 3 20 19 25 755 34 27
837 22 98 25 24 30 21 334 27 25 746 34 27
838 22 208 25 19 32 13 19 32 36 1395 34 27
839 22 233 35 29 25 15 25 33 36 1349 34 27
840 22 294 18 13 27 26 22 55 31 501 34 27
841 22 101 34 24 33 34 26 193 26 630 34 27
842 22 126 22 18 23 28 25 33 25 525 34 27
843 22 109 31 33 29 5 18 13 27 404 34 27
844 22 218 37 43 26 1 23 12 28 767 33 27
845 22 112 28 43 12 9 30 49 23 1020 34 27
846 22 195 35 20 30 31 15 12 30 853 34 27
847 22 249 42 33 28 44 29 28 32 1398 34 27
848 22 152 47 22 37 104 26 24 30 1146 34 27
849 22 80 40 33 35 25 22 30 35 2007 34 27
850 22 188 35 23 36 43 23 38 27 566 34 27
851 22 133 39 26 28 37 16 22 32 1157 34 27
852 22 92 43 35 30 52 28 46 31 990 34 27
853 22 142 29 36 27 27 18 28 24 990 34 27
854 22 123 25 34 19 30 18 19 30 1382 34 28
855 22 190 36 24 29 49 24 34 29 877 34 27
856 22 321 23 20 25 1 22 24 40 294 34 27
857 22 104 30 34 21 6 27 37 33 635 34 27
858 22 199 28 31 27 36 18 42 23 850 34 27
859 22 84 33 21 44 6 18 40 31 771 34 27
860 22 144 38 12 35 73 24 24 13 1045 34 27
861 22 147 36 9 39 36 22 25 28 599 34 27
862 22 105 11 21 17 8 28 40 23 945 34 27
863 22 94 9 9 27 17 17 21 38 481 34 27
864 22 144 37 29 33 1 21 20 30 1224 34 28
865 22 396 31 29 28 33 17 41 27 938 34 27
866 22 101 29 38 31 1 21 54 21 597 34 27
867 22 276 37 37 29 25 22 23 28 1747 34 27
868 22 311 29 35 16 5 20 23 25 1068 34 27
869 22 109 34 39 29 17 23 50 34 600 34 27
870 22 122 17 29 26 39 23 41 26 1273 34 27
871 22 143 37 32 28 32 25 5 22 467 34 27
872 22 117 37 27 38 38 21 38 30 1561 34 28
873 22 312 36 33 24 61 18 27 24 1295 34 27
874 22 148 40 30 34 1 21 19 33 631 34 27
875 22 110 18 41 20 1 22 41 37 478 34 27
876 22 282 33 36 25 36 21 19 25 1056 34 28
877 22 207 30 36 19 23 16 19 26 932 34 27
878 22 191 35 27 25 23 16 33 22 953 34 27
879 22 224 22 25 32 1 18 41 19 520 34 27
880 22 225 44 28 33 74 28 27 27 622 34 27
881 22 111 38 18 40 1 16 26 32 2006 34 27
882 22 207 17 25 27 8 21 23 29 742 34 27
883 22 175 26 18 25 1 26 1 31 501 34 27
884 22 98 32 24 32 6 22 45 30 603 34 27
885 22 135 31 34 31 10 29 37 24 614 34 27
886 22 166 31 17 32 50 26 26 22 1287 34 27
887 22 101 29 9 40 48 20 27 37 776 34 27
888 22 238 39 13 41 37 23 33 32 1566 34 27
889 22 179 23 32 24 1 21 36 36 900 34 27
890 22 168 25 12 24 13 16 11 27 608 34 27
891 22 147 37 40 21 27 20 21 29 1617 34 27
892 22 226 34 29 36 36 16 12 28 534 34 27
893 22 108 36 37 26 76 18 48 25 1759 34 27
894 22 157 39 36 24 21 25 32 31 682 34 27
895 22 86 19 28 33 1 27 36 26 585 34 27
896 22 268 32 32 30 94 24 40 30 513 34 27
897 22 96 25 12 39 44 21 35 33 631 34 27
898 22 92 11 15 27 37 22 41 30 815 34 27
899 22 175 30 27 28 18 21 30 40 707 34 27
900 22 169 33 33 28 19 26 36 23 866 34 27
901 22 119 31 27 28 54 14 17 21 663 34 27
902 22 129 20 22 36 26 21 27 25 758 34 27
903 22 138 31 34 21 8 18 16 29 749 34 27
904 22 108 24 22 22 50 20 31 25 1016 34 27
905 22 119 21 16 30 1 22 45 26 679 34 27
906 22 220 26 41 16 19 19 36 27 859 34 27
907 22 127 35 37 27 15 28 50 29 753 34 27
908 22 253 38 16 42 1 22 18 38 829 34 27
909 22 260 21 19 30 38 18 57 21 549 34 27
910 22 246 25 26 24 1 21 3 24 635 34 27
911 22 203 46 43 19 72 20 31 17 833 34 27
912 22 138 33 30 26 25 20 25 31 736 34 27
913 22 105 29 29 27 68 20 40 25 782 34 27
914 22 151 17 16 26 26 21 46 20 480 34 27
915 22 370 32 32 24 31 22 32 26 538 34 27
916 22 111 25 29 21 45 19 14 25 720 34 27
917 22 1062 25 17 39 50 25 31 26 2006 34 27
918 22 121 16 22 18 5 17 38 29 489 34 27
919 22 100 43 23 38 54 22 28 29 1014 34 27
920 22 352 20 26 20 1 21 12 28 2006 34 27
921 22 192 22 26 26 1 18 36 22 461 34 27
922 22 205 25 38 25 25 25 36 27 705 34 27
923 22 122 36 28 33 12 22 38 24 608 34 27
924 22 174 41 38 23 1 14 19 26 971 34 27
925 22 107 43 27 28 46 15 29 27 1102 34 28
926 22 120 16 10 24 29 26 36 22 812 34 27
927 22 93 32 30 32 68 20 35 28 571 34 27
928 22 143 42 31 30 1 22 11 22 144 34 27
929 22 109 33 32 38 38 21 53 28 1108 34 27
930 22 140 37 19 43 56 20 25 28 811 34 27
931 22 133 34 20 37 38 24 30 41 722 34 27
932 22 315 27 30 21 42 20 55 17 589 34 27
933 22 208 30 15 25 32 20 31 27 1115 34 27
934 22 276 17 6 45 1 15 49 25 836 34 27
935 22 105 23 20 27 23 25 40 28 549 34 27
936 22 102 28 43 18 29 17 26 24 836 34 27
937 22 102 36 29 32 1 16 26 32 1014 34 27
938 22 165 22 27 33 1 17 56 31 494 34 27
939 22 123 34 34 19 23 21 26 28 780 34 27
940 22 139 49 17 42 39 19 14 29 657 34 27
941 22 428 35 33 25 49 19 43 26 807 34 27
942 22 274 28 28 25 66 22 39 24 285 34 27
943 22 192 42 26 33 55 23 30 27 629 34 27
944 22 117 29 41 18 19 19 32 28 37 34 27
945 22 268 33 42 25 1 26 50 31 530 34 27
946 22 102 39 19 35 1 25 18 26 335 34 27
947 22 189 43 17 33 1 22 2 18 734 34 27
948 22 127 26 22 27 7 18 36 34 1227 34 27
949 22 161 40 39 30 46 20 33 28 110 34 27
950 22 172 29 16 30 57 23 16 21 642 34 27
951 22 109 29 15 42 1 26 17 35 660 33 27
952 22 127 47 25 42 90 19 26 34 753 34 28
953 22 176 26 32 21 1 18 37 25 638 34 27
954 22 128 26 33 22 29 16 16 30 711 34 27
955 22 239 23 26 14 1 15 24 26 971 34 27
956 22 101 42 18 35 34 21 1 30 1140 34 27
957 22 129 30 27 22 57 22 37 27 622 34 27
958 22 117 27 28 33 17 30 44 32 601 34 27
959 22 100 35 30 20 46 25 16 22 1106 34 27
960 22 154 36 34 30 163 17 42 25 672 34 27
961 22 89 21 26 31 9 28 41 32 1113 34 27
962 22 130 40 34 24 55 14 32 19 1068 34 27
963 22 100 30 20 30 37 28 34 33 922 34 27
964 22 142 17 13 33 22 23 34 26 1567 34 27
965 22 141 47 17 42 91 18 24 29 773 34 27
966 22 138 18 24 32 1 15 10 28 741 34 27
967 22 276 28 6 40 2 29 25 29 854 34 27
968 22 116 34 34 21 76 30 33 18 471 34 27
969 22 238 33 27 26 67 16 48 29 867 34 28
970 22 128 37 41 20 1 22 15 30 1007 34 27
971 22 201 23 27 29 19 15 48 27 764 34 27
972 22 242 35 28 29 15 22 15 35 676 34 27
973 22 99 30 33 23 23 27 32 27 392 34 27
974 22 123 45 15 37 49 21 1 23 621 34 27
975 22 176 22 24 24 20 22 38 28 258 34 27
976 22 343 37 34 21 35 17 16 29 631 34 27
977 22 124 31 4 38 14 21 18 23 634 34 28
978 22 109 30 41 22 42 24 39 16 128 34 27
979 22 193 36 24 33 24 18 14 18 1560 34 27
980 22 132 22 25 17 1 21 24 26 659 34 27
981 22 112 41 27 29 13 17 22 25 622 34 27
982 22 98 35 30 29 54 20 43 24 622 34 27
983 22 108 23 24 30 48 23 30 23 2006 34 27
984 22 112 27 29 24 3 27 23 29 793 34 27
985 22 106 24 32 23 69 18 189 19 1 33 27
986 22 95 30 24 24 47 19 22 29 722 34 27
987 22 117 22 27 15 17 17 22 22 514 34 27
988 22 106 17 16 35 28 16 32 30 761 34 27
989 22 173 38 26 30 71 23 43 24 763 34 27
990 22 105 19 29 26 4 21 36 31 1308 34 27
991 22 137 43 34 35 1 23 27 36 640 34 27
992 22 126 29 25 29 3 22 33 24 907 34 27
993 22 153 40 32 26 1 20 25 32 844 34 27
994 22 159 24 31 17 67 17 35 17 896 34 27
995 22 107 37 37 23 1 21 28 25 1249 34 27
996 22 122 34 34 28 64 25 57 23 1294 34 27
997 22 126 456 33 27 601 1603 146 109 2007 34 27
998 22 103 32 32 28 1 20 37 27 788 34 27
999 22 129 42 26 30 42 26 26 34 337 34 27
1000 22 187 41 18 33 58 23 29 28 525 34 27
1001 22 121 27 19 41 29 24 37 29 1731 34 27
1002 22 479 25 22 33 21 20 49 27 570 34 27
1003 22 171 35 34 22 58 26 38 28 622 34 27
1004 22 301 33 24 37 48 21 43 32 488 34 27
1005 22 197 26 32 26 1 15 21 30 727 34 27
1006 22 91 24 36 17 30 22 27 32 901 34 27
1007 22 155 24 22 26 10 21 13 26 777 34 27
1008 22 275 10 17 41 1 19 24 38 833 34 27
1009 22 116 15 24 29 1 21 28 30 622 34 27
1010 22 113 34 32 26 1 14 29 25 737 34 27
1011 22 103 32 40 22 51 17 46 24 687 34 27
1012 22 166 29 25 32 49 21 37 33 681 34 27
1013 22 128 19 22 27 39 17 20 19 436 34 27
1014 22 161 43 24 39 1 17 16 32 721 34 27
1015 22 138 34 36 21 1 22 21 23 904 34 27
1016 22 139 12 25 24 1 24 34 17 224 34 27
1017 22 131 34 15 37 18 19 29 33 1255 34 27
1018 22 122 6 12 30 38 22 22 28 830 34 27
1019 22 161 32 29 31 58 24 50 15 370 34 27
1020 22 113 23 30 25 1 20 28 29 829 34 27
1021 22 111 41 30 32 61 22 46 27 1097 34 27
1022 22 379 30 18 36 22 21 17 23 563 34 27
1023 22 234 29 20 40 26 23 25 30 636 34 28
1024 22 121 28 4 39 23 24 4 27 1027 34 27
1025 22 103 25 10 32 41 24 30 32 819 34 27
1026 22 151 38 24 35 27 19 55 19 567 34 27
1027 22 113 31 26 26 30 26 43 24 965 34 27
1028 22 230 48 33 34 109 17 32 30 1091 34 27
1029 22 121 32 35 24 1 25 28 29 203 34 27
1030 22 112 36 42 23 1 15 50 22 461 34 27
1031 22 153 39 24 31 76 16 36 20 831 34 27
1032 22 146 36 22 31 59 19 43 22 652 34 27
1033 22 157 41 27 33 50 23 40 30 850 34 27
1034 22 127 29 28 26 24 23 26 19 976 34 27
1035 22 136 28 32 34 1 29 36 20 745 34 27
1036 22 134 23 26 24 6 23 43 21 901 34 27
1037 22 127 28 28 26 61 19 24 22 459 34 27
1038 22 139 24 21 32 12 18 28 29 1667 34 27
1039 22 168 19 35 12 83 18 61 18 61 34 27
1040 22 172 37 16 28 48 26 23 27 955 34 27
1041 22 120 34 36 22 24 15 26 23 664 34 27
1042 22 114 32 32 27 79 18 38 21 736 34 27
1043 22 190 39 40 16 64 23 21 24 684 34 27
1044 22 178 33 32 28 1 18 29 23 357 34 27
1045 22 157 44 51 28 1 13 36 23 643 34 27
1046 22 234 34 27 21 23 22 12 31 979 34 27
1047 22 194 32 12 39 51 24 36 33 645 34 27
1048 22 285 45 27 39 9 20 24 34 660 34 27
1049 22 161 35 36 22 40 26 38 24 484 34 27
1050 22 101 27 27 19 1 30 26 28 673 34 27
1051 22 240 34 25 38 1 27 42 32 1115 34 27
1052 22 122 36 24 28 23 25 30 28 490 34 27
1053 22 201 34 38 28 50 22 48 27 703 34 27
1054 22 209 33 23 37 52 31 39 34 584 34 27
1055 22 370 20 28 25 21 23 36 36 833 33 27
1056 22 165 19 20 32 1 19 20 29 607 34 27
1057 22 118 33 26 27 32 17 43 29 732 34 27
1058 22 120 19 26 32 1 23 21 19 658 34 27
1059 22 289 32 27 30 5 22 37 21 936 34 27
1060 22 102 32 26 32 55 18 42 29 333 34 27
1061 22 192 36 33 31 1 24 26 23 751 34 27
1062 22 348 32 39 17 3 19 40 20 818 34 27
1063 22 148 30 29 37 1 21 30 27 777 34 27
1064 22 100 34 33 27 1 19 24 23 285 34 27
1065 22 140 36 33 25 8 21 39 38 678 34 27
1066 22 141 39 36 24 7 19 8 19 527 34 27
1067 22 117 39 27 31 17 22 35 31 776 34 27
1068 22 118 39 40 29 1 15 22 20 884 34 27
1069 22 407 28 78 30 30 22 30 21 464 34 27
1070 22 325 37 14 34 50 22 11 20 1763 34 27
1071 22 131 32 27 28 42 21 30 20 948 34 27
1072 22 211 27 15 31 51 26 43 32 671 34 27
1073 22 248 39 18 37 5 21 1 23 948 34 27
1074 21 198 40 37 25 40 24 22 29 1 33 27
1075 22 184 41 19 44 63 23 18 37 803 34 27
1076 22 136 29 39 18 56 25 34 24 1 33 27
1077 22 275 27 33 23 17 21 27 26 1635 34 27
1078 22 131 52 28 49 99 21 223 69 833 34 27
1079 22 194 34 29 24 9 23 23 15 742 34 27
1080 22 154 37 26 31 22 28 31 31 861 34 27
1081 22 523 36 30 35 38 15 31 30 2006 34 27
1082 22 252 24 20 23 1 23 24 20 465 34 27
1083 22 122 35 40 27 43 29 37 34 1 33 27
1084 22 137 41 15 41 59 20 36 29 619 34 27
1085 22 208 28 34 25 1 19 21 29 842 34 27
1086 22 148 31 31 20 89 21 32 28 1 33 27
1087 22 435 40 42 21 94 19 40 26 137 34 27
1088 22 134 35 6 39 1 18 24 33 1120 34 27
1089 22 128 33 25 21 1 28 40 28 1 33 27
1090 22 255 36 27 34 1 17 26 34 1232 34 27
1091 22 132 22 6 30 15 17 24 30 852 34 27
1092 22 282 37 38 24 1 51 13 29 1147 34 27
1093 22 169 24 30 33 1 18 40 26 772 34 27
1094 22 204 25 23 28 83 23 45 28 1585 34 27
1095 22 361 35 35 22 62 25 33 33 592 34 27
1096 22 215 40 40 23 16 15 23 26 819 34 28
1097 22 253 39 33 35 6 21 13 30 772 34 27
1098 22 104 25 28 21 25 18 41 32 821 34 27
1099 22 132 35 44 21 16 27 34 30 744 34 27
1100 22 351 38 13 39 72 23 14 31 619 34 27
1101 22 97 38 33 34 1 25 32 22 952 34 27
1102 22 155 31 39 23 7 18 36 25 1139 34 27
1103 22 148 30 34 17 1 28 36 23 1048 34 27
1104 22 142 16 7 29 53 19 40 28 1182 34 27
1105 22 147 31 11 42 36 20 43 26 678 34 27
1106 22 105 11 22 23 1 22 30 27 1438 34 27
1107 22 256 38 31 31 11 21 4 26 673 34 27
1108 22 118 29 30 33 1 23 42 27 1765 34 27
1109 22 174 37 24 32 31 24 35 20 544 34 27
1110 22 121 43 38 27 28 21 46 27 753 34 27
1111 22 111 23 28 30 50 23 39 30 1631 34 27
1112 22 227 23 31 25 1 17 19 31 421 34 27
1113 22 137 40 20 27 16 28 22 41 2006 34 27
1114 22 133 45 21 37 61 13 26 35 709 34 27
1115 22 111 39 29 41 71 25 36 25 1241 34 27
1116 22 110 18 11 37 39 21 53 23 977 34 27
1117 22 139 36 40 34 9 19 33 28 594 34 27
1118 22 109 32 30 29 64 25 35 30 899 34 27
1119 22 89 13 37 11 1 17 27 24 460 34 27
1120 22 234 21 26 22 48 21 44 21 155 34 27
1121 22 170 21 19 26 8 19 22 21 1713 34 27
1122 22 98 35 26 33 1 12 17 26 763 34 27
1123 22 142 34 19 41 77 11 40 38 740 34 27
1124 22 117 20 33 25 18 14 27 30 1404 34 27
1125 22 117 46 26 31 75 27 25 25 1212 34 27
1126 22 156 39 22 43 1 16 34 24 611 33 27
1127 22 128 36 33 28 41 20 24 24 984 34 27
1128 22 145 32 22 38 12 24 52 34 1055 34 28
1129 22 99 31 37 18 10 17 28 20 174 34 27
1130 22 106 18 19 20 1 26 24 18 927 34 27
1131 22 151 34 4 38 44 26 1 24 1012 34 27
1132 22 169 41 17 35 115 23 15 32 577 34 27
1133 22 113 12 25 28 26 32 35 43 549 34 27
1134 22 144 34 17 39 1 10 10 37 1154 34 27
1135 22 115 36 26 32 9 23 41 31 761 34 27
1136 22 445 28 13 35 45 23 25 25 645 34 27
1137 22 153 22 32 23 9 22 26 23 739 34 27
1138 22 225 29 32 28 24 13 18 26 1057 34 28
1139 22 110 14 25 22 1 22 21 17 1049 34 27
1140 22 139 34 35 24 8 21 28 19 516 34 27
1141 22 104 41 45 18 5 24 38 26 900 34 27
1142 22 116 25 33 32 47 21 50 40 619 34 27
1143 22 101 38 12 34 57 22 25 42 1419 34 27
1144 22 115 33 29 28 86 26 24 24 1033 34 27
1145 22 327 22 38 26 1 27 39 17 788 34 27
1146 22 108 39 18 41 35 27 40 33 755 34 27
1147 22 123 20 31 20 1 18 23 22 743 34 27
1148 22 95 37 26 36 20 20 36 25 1514 34 27
1149 22 114 32 24 23 56 19 21 25 721 34 27
1150 22 1007 45 26 41 24 23 58 23 713 34 27
1151 22 691 43 32 30 43 27 45 24 692 34 27
1152 22 112 20 32 24 30 23 55 33 1 33 27
1153 22 156 19 35 16 1 23 45 24 412 34 27
1154 22 220 24 18 21 49 25 13 28 516 34 27
1155 22 135 45 35 30 22 23 34 28 565 34 27
1156 22 131 891 229 34 179 31 30 20 415 34 27
1157 22 214 36 28 33 8 23 28 26 1651 34 27
1158 22 134 38 37 33 99 16 42 25 730 34 27
1159 22 264 29 17 35 1 25 38 28 657 34 27
1160 22 556 28 37 18 1 20 28 25 953 34 27
1161 22 101 12 19 27 1 20 14 21 470 34 27
1162 22 140 38 36 25 1 25 53 27 812 34 27
1163 22 98 31 22 38 35 16 46 23 684 34 27
1164 22 107 32 36 10 1 13 9 18 1024 34 27
1165 22 172 15 19 27 50 17 25 21 790 34 27
1166 22 190 30 45 12 15 26 58 24 795 34 27
1167 22 133 33 20 23 45 22 19 17 1558 34 27
1168 22 128 11 10 26 31 22 46 28 559 34 27
1169 22 315 30 35 27 1 14 17 28 926 34 27
1170 22 110 32 40 20 53 20 27 22 899 34 27
1171 22 109 22 20 32 1 18 37 27 746 34 27
1172 22 134 45 16 45 100 20 29 42 753 34 27
1173 22 261 33 16 40 23 20 23 25 457 34 27
1174 22 89 15 11 33 1 21 11 26 1246 34 27
1175 22 124 34 25 32 37 20 50 29 660 34 27
1176 22 161 10 26 16 3 28 36 22 543 34 27
1177 22 211 21 10 30 1 17 26 27 536 34 27
1178 22 162 30 14 41 35 15 31 37 458 34 27
1179 22 135 29 31 24 55 23 46 27 815 33 27
1180 22 209 39 34 24 47 27 30 21 631 34 27
1181 22 115 32 11 32 90 19 12 25 686 34 27
1182 22 110 26 28 31 44 26 29 30 532 34 27
1183 22 245 29 32 26 62 25 42 25 908 34 27
1184 22 94 36 24 34 21 23 10 28 674 34 27
1185 22 287 39 35 22 54 25 13 28 775 34 27
1186 22 145 35 19 36 63 25 11 40 1007 34 27
1187 22 254 24 13 32 59 17 45 27 931 34 28
1188 22 160 39 33 30 1 22 8 28 875 34 27
1189 22 271 26 31 31 17 15 35 25 611 34 27
1190 22 132 17 20 33 1 19 26 28 896 34 27
1191 22 319 31 26 26 21 18 32 25 810 34 27
1192 22 81 33 43 21 5 15 38 27 1839 34 27
1193 22 131 28 27 26 60 18 21 19 640 34 27
1194 22 140 32 20 36 47 25 28 28 1069 34 27
1195 22 153 30 14 30 28 20 4 30 968 34 27
1196 22 98 35 5 38 26 19 11 27 907 34 27
1197 22 161 21 27 29 70 17 48 21 380 34 27
1198 22 126 42 37 23 11 18 4 25 591 34 27
1199 22 100 36 13 43 1 19 7 24 659 34 27
1200 22 129 35 41 16 22 22 34 22 674 34 27
1201 22 190 31 25 31 13 25 22 29 1095 34 27
1202 22 118 44 49 20 16 20 47 25 539 34 27
1203 22 149 30 24 28 1 17 28 24 641 34 27
1204 22 242 29 38 25 40 18 37 31 783 34 27
1205 22 217 13 15 26 32 17 31 33 152 34 27
1206 22 278 25 5 28 56 20 1 30 305 34 27
1207 22 87 37 38 32 101 22 34 28 1587 34 28
1208 22 111 13 21 19 20 19 30 24 629 34 27
1209 22 109 42 20 37 43 25 29 33 1080 34 27
1210 22 113 26 11 40 1 23 28 37 1096 34 27
1211 22 188 30 15 36 20 20 44 33 1323 34 27
1212 22 105 32 35 24 75 18 43 24 923 34 27
1213 22 154 33 38 18 53 18 17 28 1812 34 27
1214 22 153 32 31 28 12 21 25 29 1241 34 28
1215 22 107 24 12 37 14 25 30 30 787 34 27
1216 22 144 20 32 20 43 20 33 30 720 34 27
1217 22 115 17 1 38 21 18 20 32 601 34 27
1218 22 179 41 34 28 41 16 29 27 156 34 27
1219 22 122 17 29 29 1 12 25 21 776 34 27
1220 22 212 45 22 31 66 20 17 17 1 33 27
1221 22 113 35 35 32 1 21 42 30 1 33 27
1222 22 120 35 29 26 15 16 20 19 900 34 27
1223 22 153 11 10 33 1 20 21 23 863 34 27
1224 22 151 42 38 33 8 20 32 28 737 34 27
1225 22 292 24 33 21 13 20 39 17 632 34 27
1226 22 174 35 17 46 53 15 16 34 520 34 27
1227 22 85 16 23 32 1 21 50 28 880 34 27
1228 22 291 26 34 14 26 16 23 31 961 34 27
1229 22 171 49 31 28 1 19 34 45 1121 34 27
1230 22 111 39 15 41 65 22 29 26 1137 34 27
1231 22 240 31 18 32 23 25 20 30 684 34 27
1232 22 131 34 27 31 1 18 18 23 761 34 27
1233 22 91 23 21 25 49 19 33 30 579 34 27
1234 22 130 23 12 30 1 17 22 27 1 33 27
1235 22 115 28 20 38 1 18 33 33 818 34 27
1236 22 383 31 17 40 45 19 37 22 295 34 27
1237 22 197 38 37 28 43 16 48 24 1 33 27
1238 22 100 43 29 37 41 24 46 22 677 34 27
1239 22 201 32 30 26 54 24 25 24 338 34 27
1240 22 126 40 26 31 19 17 17 30 395 34 27
1241 22 148 21 21 33 35 24 31 29 1017 34 27
1242 22 318 28 20 31 1 19 26 32 1125 34 27
1243 22 122 37 41 29 1 19 44 34 1448 34 27
1244 22 113 33 33 31 1 17 23 21 930 34 27
1245 22 149 35 34 28 41 24 20 31 637 34 27
1246 22 399 46 48 20 2 17 14 25 807 34 27
1247 22 184 32 10 37 68 22 34 21 2007 34 27
1248 22 159 32 30 30 69 19 38 28 689 34 27
1249 22 390 30 30 24 1 24 35 20 767 34 27
1250 22 216 38 23 41 1 29 14 35 545 34 28
1251 22 189 29 21 34 13 23 40 29 1021 34 27
1252 22 176 18 28 25 1 20 18 29 548 34 27
1253 22 125 15 27 19 1 22 12 17 683 34 27
1254 22 112 37 183 30 4 17 26 32 1051 34 28
1255 22 185 31 28 30 60 23 49 33 791 34 27
1256 22 117 22 18 39 1 20 27 29 555 34 27
1257 22 195 42 22 38 31 26 45 29 1058 34 27
1258 22 148 38 34 30 12 27 32 26 635 34 27
1259 22 92 38 15 39 8 24 30 34 869 34 27
1260 22 381 40 36 25 18 20 23 27 1107 34 27
1261 22 124 25 27 18 27 19 37 38 643 34 27
1262 22 92 18 4 37 21 27 12 25 1092 34 27
1263 22 86 24 33 25 1 18 9 48 1478 34 27
1264 22 151 42 34 37 1 22 40 28 1 33 27
1265 22 229 28 36 23 43 22 41 35 928 34 27
1266 22 248 47 26 37 1 15 23 38 809 34 27
1267 22 289 34 26 33 20 24 40 31 169 34 27
1268 22 154 34 25 35 13 27 32 28 1059 34 27
1269 22 149 34 32 26 36 26 15 25 1251 34 27
1270 22 118 33 39 27 1 23 44 29 1554 34 27
1271 22 237 25 25 21 49 21 25 30 1007 34 27
1272 22 278 33 21 38 1 20 36 31 407 34 27
1273 22 121 29 18 36 37 19 49 21 1556 34 27
1274 22 320 14 11 39 1 14 33 26 1068 34 27
1275 22 128 33 25 31 32 23 32 22 462 34 27
1276 22 175 38 23 35 17 15 23 27 978 34 27
1277 22 112 28 32 21 1 13 42 22 709 34 27
1278 22 138 48 40 36 1 23 29 18 1 33 27
1279 22 198 36 26 34 51 24 33 31 1159 34 27
1280 22 101 25 35 30 1 23 50 20 1344 34 27
1281 22 131 34 21 39 54 18 45 28 1267 34 27
1282 22 153 31 34 16 1 16 33 26 1 33 27
1283 22 116 36 29 35 73 21 20 25 945 34 27
1284 22 175 26 27 32 1 20 26 22 442 34 27
1285 22 139 26 31 32 1 23 45 29 237 34 27
1286 22 219 15 19 27 41 21 46 20 1 33 27
1287 22 265 17 31 20 1 20 23 21 605 34 27
1288 22 213 34 14 45 1 23 38 26 1162 34 27
1289 22 282 29 27 25 18 26 43 25 794 34 27
1290 22 137 19 16 28 32 21 24 35 1439 34 27
1291 22 144 40 34 29 64 16 24 26 1419 34 27
1292 22 124 13 31 26 1 16 35 26 671 34 27
1293 22 234 40 37 29 1 21 37 31 686 34 27
1294 22 226 28 14 49 2 18 35 31 2007 34 27
1295 22 119 24 24 23 38 20 25 27 1015 34 27
1296 22 111 20 20 37 1 12 28 30 1092 34 27
1297 22 215 40 15 34 74 28 20 27 653 34 27
1298 22 110 12 28 19 13 18 44 29 570 34 27
1299 22 108 16 24 18 22 10 31 23 930 34 27
1300 22 223 20 10 42 65 21 50 29 704 34 27
1301 22 157 24 32 31 11 25 36 28 888 34 27
1302 22 132 30 40 19 1 29 33 26 554 34 27
1303 22 179 43 22 40 83 26 27 20 184 34 27
1304 22 96 14 33 25 1 20 30 25 919 34 27
1305 22 186 30 34 22 53 20 21 15 791 34 27
1306 22 97 15 19 28 8 23 30 28 1129 34 27
1307 22 369 36 33 21 23 29 12 30 1432 34 27
1308 22 436 37 28 32 2 18 26 26 757 34 27
1309 22 133 44 32 35 1 17 17 24 1040 34 27
1310 22 108 30 16 41 5 19 24 34 628 34 27
1311 22 201 14 27 19 7 22 30 16 1063 34 27
1312 22 137 21 23 27 30 23 23 35 988 34 27
1313 22 106 36 1 46 37 20 14 28 895 34 27
1314 22 214 39 23 37 30 21 24 38 386 34 27
1315 22 189 38 30 36 27 15 35 23 1 33 27
1316 22 168 21 11 29 65 16 41 22 479 34 27
1317 22 133 38 35 19 45 26 38 26 846 34 27
1318 22 110 23 19 33 15 18 42 21 832 34 27
1319 22 167 31 14 39 21 20 39 26 543 34 27
1320 22 138 26 28 24 19 14 27 28 407 34 27
1321 22 147 36 36 28 5 24 41 455 326 34 27
1322 22 115 38 46 27 42 27 41 25 1 33 27
1323 22 151 26 33 30 35 24 24 39 1257 34 28
1324 22 169 38 26 28 44 17 26 28 748 34 27
1325 22 177 30 21 32 38 26 23 28 1199 34 27
1326 22 146 17 26 22 60 16 29 34 353 34 27
1327 22 170 27 33 31 31 24 39 29 342 34 27
1328 22 157 37 39 22 41 23 38 28 420 34 27
1329 22 117 46 47 22 92 17 26 30 88 34 27
1330 22 155 40 26 38 1 18 32 19 34 34 27
1331 22 277 34 12 33 63 19 29 24 12 33 27
1332 22 219 49 23 39 85 16 25 36 1876 34 28
1333 22 169 40 39 34 29 22 44 21 490 34 27
1334 22 142 38 34 24 21 26 34 18 1 33 27
1335 22 119 13 22 27 1 19 5 17 348 34 27
1336 22 235 30 25 31 13 23 39 27 532 34 27
1337 22 180 36 41 23 60 22 39 34 336 34 27
1338 22 120 32 30 33 39 22 30 17 536 34 27
1339 22 185 22 28 28 1 22 23 28 1040 34 28
1340 22 197 59 119 34 1 52 115 1210 241 34 27
1341 22 159 32 41 9 17 25 28 20 1 33 27
1342 22 159 37 35 24 16 18 13 25 397 34 27
1343 22 206 39 6 46 60 22 28 19 836 34 27
1344 22 345 47 31 33 102 23 39 34 951 34 27
1345 22 170 15 25 20 1 21 37 27 1125 34 27
1346 22 115 26 25 27 1 21 27 36 644 34 27
1347 22 193 31 39 22 43 25 39 23 855 34 27
1348 22 168 37 28 26 53 24 10 26 968 34 27
1349 22 142 26 11 29 42 23 24 28 601 34 27
1350 22 210 26 35 27 1 21 31 32 1154 34 27
1351 22 159 40 31 40 30 16 28 36 2006 34 27
1352 22 143 25 22 34 6 23 17 27 971 34 27
1353 22 380 43 20 40 14 22 31 30 517 34 27
1354 22 192 21 35 12 1 15 33 19 778 34 27
1355 22 807 23 42 14 11 24 29 28 1628 34 27
1356 22 291 38 21 42 56 18 33 24 2006 34 27
1357 22 114 34 31 22 1 18 12 26 739 34 27
1358 22 153 29 21 34 1 19 25 26 182 34 27
1359 22 148 47 32 35 69 20 24 28 509 34 27
1360 22 123 44 9 46 36 24 26 31 958 34 28
1361 22 156 39 16 38 39 20 23 28 1 33 27
1362 22 106 17 19 31 1 16 21 29 1044 34 27
1363 22 235 35 33 25 64 21 29 26 1 33 27
1364 22 129 28 33 37 30 25 34 36 1405 34 27
1365 22 129 33 37 27 67 13 28 26 671 34 27
1366 22 90 26 38 27 36 22 40 27 975 34 27
1367 22 121 24 19 25 1 18 9 36 2006 34 27
1368 22 155 39 28 28 34 19 39 27 76 34 27
1369 22 124 31 28 20 1 25 17 27 413 34 27
1370 22 155 18 19 36 16 18 38 19 1547 34 27
1371 22 234 36 27 27 1 16 7 37 627 34 27
1372 22 145 29 34 28 55 26 39 27 916 34 27
1373 22 193 30 30 22 9 25 39 20 383 34 27
1374 22 96 33 23 31 60 25 33 22 643 34 27
1375 22 244 28 27 33 1 24 45 27 251 34 27
1376 22 251 33 33 34 86 26 43 34 2006 34 27
1377 22 189 25 35 18 1 20 36 31 942 34 27
1378 22 109 40 41 28 3 16 19 27 829 34 27
1379 22 1122 27 22 27 99 21 43 22 799 34 27
1380 22 229 38 44 27 22 18 51 18 1000 34 27
1381 22 87 35 34 18 54 22 27 27 701 34 27
1382 22 94 36 39 33 21 22 48 17 645 34 27
1383 22 200 37 20 33 75 18 28 21 559 34 27
1384 22 171 32 32 23 43 24 35 17 687 34 27
1385 22 127 46 23 35 50 27 33 31 1609 34 27
1386 22 147 43 26 37 82 29 53 30 1040 34 27
1387 22 191 29 19 27 47 29 23 29 426 34 27
1388 22 173 30 39 25 4 26 24 26 642 34 28
1389 22 127 26 28 26 31 20 41 21 866 34 27
1390 22 144 21 24 21 60 20 41 25 708 34 28
1391 22 207 24 29 18 34 24 32 25 897 34 27
1392 22 260 24 27 27 59 14 43 31 841 34 27
1393 22 277 37 33 22 72 25 37 29 1011 34 27
1394 22 241 20 28 23 1 15 31 21 1560 34 27
1395 22 100 33 39 30 19 23 39 25 704 34 27
1396 22 310 13 11 27 50 20 32 25 324 34 27
1397 22 207 18 14 22 21 25 40 32 683 34 27
1398 22 148 17 13 27 5 22 45 28 847 34 27
1399 22 394 17 22 26 1 15 12 18 1729 34 27
1400 22 169 22 8 34 47 24 32 28 688 34 27
1401 22 103 22 13 31 25 19 45 20 543 34 27
1402 22 288 39 18 33 54 24 23 41 2005 34 27
1403 22 169 27 28 23 68 24 43 28 1106 34 27
1404 22 238 14 11 35 32 13 34 24 1699 34 27
1405 22 116 31 38 22 1 21 25 25 1780 34 27
1406 22 153 18 20 30 8 18 24 22 588 34 27
1407 22 175 45 40 31 69 21 28 36 910 34 27
1408 22 144 10 25 18 35 20 50 19 473 34 27
1409 22 137 19 17 29 26 26 49 31 615 34 27
1410 22 185 29 39 20 36 19 45 35 523 34 27
1411 22 147 24 40 19 28 21 56 23 787 34 27
1412 22 127 32 28 25 81 12 24 26 688 34 27
1413 22 136 20 20 28 4 19 18 31 683 34 27
1414 22 330 37 21 42 71 22 28 36 802 34 27
1415 22 106 25 17 39 1 17 24 28 601 34 27
1416 22 272 24 34 15 1 23 32 20 900 34 27
1417 22 137 32 8 28 55 19 24 26 996 34 27
1418 22 345 32 1 34 59 24 11 31 544 34 27
1419 22 291 35 26 33 37 17 38 31 922 34 27
1420 22 163 37 37 26 51 21 38 32 2007 34 28
1421 22 100 26 27 30 14 22 35 24 809 34 27
1422 22 90 25 31 30 62 16 50 31 524 34 27
1423 22 234 17 25 27 3 20 17 30 752 34 27
1424 22 240 43 25 29 17 25 23 27 939 34 27
1425 22 115 24 29 26 10 21 46 29 910 34 27
1426 22 144 20 29 21 1 18 15 27 648 34 27
1427 22 519 17 13 27 1 17 32 20 1449 34 27
1428 22 113 29 14 42 58 17 32 40 869 34 28
1429 21 89 29 40 24 25 13 50 32 550 34 27
1430 22 170 26 26 19 34 13 15 24 1041 34 27
1431 22 211 31 25 38 27 18 31 29 660 34 28
1432 22 328 24 29 19 38 19 30 23 615 34 27
1433 22 131 19 14 28 1 25 47 32 975 34 27
1434 22 184 40 39 30 31 22 32 23 941 34 27
1435 22 215 13 17 34 1 21 28 28 725 34 27
1436 22 149 23 23 37 1 23 36 25 519 34 27
1437 22 180 18 26 27 1 18 16 32 600 34 27
1438 22 130 35 33 36 69 23 40 26 1395 34 27
1439 22 144 28 28 23 1 17 8 27 484 34 27
1440 22 250 15 37 22 1 22 46 27 1340 34 27
1441 22 293 24 26 36 52 25 40 21 834 34 27
1442 22 120 34 38 17 37 19 6 30 261 34 27
1443 22 131 26 26 33 14 13 25 37 657 34 27
1444 22 145 35 17 41 70 18 5 34 1100 34 27
1445 22 149 28 12 37 28 30 35 21 609 34 27
1446 22 199 38 42 28 1 10 19 25 947 34 27
1447 22 216 40 14 37 89 27 7 31 703 34 27
1448 22 109 50 41 33 1 22 4 31 392 34 27
1449 22 413 23 26 22 5 21 18 34 624 34 27
1450 22 158 34 42 18 17 24 34 18 358 34 27
1451 22 104 29 16 26 37 19 29 34 475 34 27
1452 22 111 22 33 23 1 12 26 24 864 34 27
1453 22 210 22 21 24 38 24 28 33 630 34 27
1454 22 176 31 26 21 41 21 27 17 1077 34 27
1455 22 87 40 32 40 28 25 43 30 908 34 28
1456 22 91 36 45 25 72 14 37 21 696 34 27
1457 22 234 28 26 32 1 25 23 29 458 34 27
1458 22 132 31 23 35 47 27 56 23 1831 34 27
1459 22 90 16 30 29 1 22 38 21 862 34 27
1460 22 100 21 18 26 20 18 30 29 771 34 27
1461 22 106 31 19 30 42 17 47 25 1058 34 27
1462 22 104 23 25 28 9 20 25 30 946 34 27
1463 22 306 30 33 27 34 20 48 23 859 34 27
1464 22 168 30 23 28 34 19 10 29 964 34 27
1465 22 144 45 33 27 1 14 1 24 1214 34 27
1466 22 217 37 22 26 21 21 18 27 1419 34 27
1467 22 120 26 25 24 20 18 30 25 776 34 27
1468 22 360 24 15 34 88 17 33 18 365 34 27
1469 22 110 36 28 34 48 24 35 39 884 34 27
1470 22 324 31 26 27 18 24 8 27 876 34 27
1471 22 207 36 34 31 1 20 40 31 584 34 27
1472 22 196 34 24 28 36 23 29 27 713 34 27
1473 22 99 19 22 34 1 25 26 24 816 34 27
1474 22 153 46 44 33 43 21 34 28 750 34 27
1475 22 160 39 24 28 51 20 13 28 2007 34 27
1476 22 190 16 24 22 15 25 11 21 723 34 27
1477 22 260 44 25 37 74 19 19 31 2006 34 27
1478 22 187 21 17 38 1 19 33 39 943 34 27
1479 22 120 34 36 30 9 23 30 25 817 34 27
1480 22 125 29 20 32 7 18 35 29 659 34 27
1481 22 216 35 46 119 90 35 30 20 960 34 27
1482 22 135 35 38 26 46 25 30 31 1826 34 27
1483 22 286 30 22 29 1 16 4 24 771 34 27
1484 22 323 37 33 24 48 20 43 19 708 34 27
1485 22 134 25 23 25 71 19 43 32 844 34 27
1486 22 291 26 27 33 17 24 34 25 687 34 28
1487 22 142 25 21 31 40 20 37 25 482 34 27
1488 22 142 24 20 26 39 26 45 27 664 34 27
1489 22 141 28 18 33 18 17 45 25 291 34 27
1490 22 242 37 30 25 41 15 9 24 634 34 27
1491 22 168 34 26 30 10 22 27 29 746 34 27
1492 22 98 24 14 35 84 24 32 25 1123 34 27
1493 22 142 30 30 28 66 21 46 24 1104 34 27
1494 22 120 44 30 31 51 19 27 31 792 34 27
1495 22 108 37 28 28 1 19 24 30 650 34 27
1496 22 105 29 21 30 26 21 1 32 838 34 27
1497 22 88 21 16 27 28 13 7 20 749 34 27
1498 22 211 37 13 30 57 19 12 29 537 34 27
1499 22 277 22 18 30 25 17 37 25 752 34 27
1500 22 180 41 40 33 1 28 14 34 1008 34 27
1501 22 376 31 22 25 83 16 23 20 455 34 27
1502 22 170 37 254 25 26 24 108 185 853 34 27
1503 22 164 30 18 34 21 25 43 24 726 34 27
1504 22 231 21 15 28 15 17 16 31 1389 34 27
1505 22 120 37 17 34 102 25 21 27 1132 34 27
1506 22 76 15 6 40 3 19 22 34 1858 34 27
1507 22 256 42 40 29 38 29 43 22 810 34 27
1508 22 383 20 16 33 30 24 37 23 720 34 27
1509 22 129 22 19 21 21 22 27 27 568 34 27
1510 22 175 36 52 23 1 18 41 28 758 34 27
1511 22 143 38 34 27 31 20 11 20 705 34 27
1512 22 219 45 26 43 34 17 35 34 542 34 28
1513 22 202 34 25 35 71 25 42 30 947 34 27
1514 22 122 31 25 25 41 26 33 31 1341 34 27
1515 22 158 31 33 26 7 19 12 23 433 34 27
1516 22 146 37 34 25 23 20 18 28 949 34 27
1517 22 197 27 23 32 54 21 20 23 1283 34 28
1518 22 134 38 29 30 34 17 46 21 806 34 27
1519 22 190 35 19 35 64 23 28 30 1718 34 27
1520 22 106 37 37 23 77 23 36 25 615 34 27
1521 22 336 33 27 28 46 28 27 22 675 34 27
1522 22 242 17 9 35 6 23 43 20 1133 34 27
1523 22 88 30 25 27 33 27 37 30 591 34 27
1524 22 121 42 35 34 1 16 7 23 1074 34 27
1525 22 302 18 24 29 4 24 43 30 943 34 27
1526 22 112 35 22 28 55 24 46 33 685 34 27
1527 22 292 19 29 24 1 24 22 24 668 34 27
1528 22 143 23 19 33 59 22 22 28 681 34 27
1529 22 183 14 10 36 1 20 45 31 901 34 27
1530 22 92 36 35 29 15 26 22 28 823 34 27
1531 22 170 32 40 15 17 16 17 23 884 34 27
1532 22 170 32 13 32 44 21 19 35 1382 34 27
1533 22 175 26 19 36 23 18 36 28 1476 34 27
1534 22 117 33 14 47 8 20 40 26 660 34 27
1535 22 305 43 34 33 30 21 42 32 969 34 27
1536 22 130 44 27 34 26 20 26 19 810 33 27
1537 22 164 26 25 35 15 20 38 28 748 34 27
1538 22 329 32 35 24 1 22 19 28 918 34 27
1539 22 103 44 23 32 1 13 15 25 1091 34 27
1540 22 93 37 23 27 69 25 42 29 1005 34 27
1541 22 175 25 39 14 45 24 38 31 906 34 27
1542 22 125 30 17 33 1 15 11 26 833 34 27
1543 22 127 25 31 27 2 24 44 33 922 34 27
1544 22 502 35 15 43 5 18 8 28 646 34 27
1545 22 231 35 27 35 1 24 24 29 822 34 27
1546 22 223 43 28 30 61 19 13 21 944 34 27
1547 22 167 30 33 24 9 23 27 24 626 34 27
1548 22 193 27 21 24 23 21 25 23 776 34 27
1549 22 113 37 43 32 1 20 44 29 933 34 27
1550 22 563 41 41 32 50 22 42 31 973 34 27
1551 22 122 24 27 28 81 22 43 24 649 34 27
1552 22 101 39 45 16 56 17 20 35 1145 34 27
1553 22 130 5 12 32 1 16 38 21 661 34 27
1554 22 95 48 20 32 36 23 15 34 714 34 27
1555 22 131 28 30 39 1 27 22 32 1078 34 27
1556 22 107 31 32 26 27 23 25 27 691 34 27
1557 22 97 38 47 23 1 29 38 20 785 34 27
1558 22 109 29 33 29 37 16 56 22 1280 34 27
1559 22 162 32 28 23 43 17 24 23 871 34 27
1560 22 123 33 30 29 1 21 9 27 985 34 27
1561 22 121 14 34 14 1 19 28 22 687 34 27
1562 22 125 45 32 27 26 27 20 27 672 34 27
1563 22 109 23 30 27 31 13 29 29 815 34 27
1564 22 99 27 43 14 21 28 35 23 814 34 27
1565 22 132 34 26 29 8 17 25 31 885 34 27
1566 22 165 35 46 27 35 14 32 32 549 34 27
1567 22 353 30 28 27 47 13 10 22 556 34 27
1568 22 221 17 18 30 33 22 32 26 1209 34 27
1569 22 126 28 22 32 55 22 21 29 587 34 27
1570 22 86 35 26 34 16 18 28 23 1224 34 27
1571 22 163 32 20 24 18 24 29 30 811 34 27
1572 22 113 28 15 34 49 19 20 27 860 34 27
1573 22 207 29 38 23 18 20 41 18 403 34 27
1574 22 95 39 33 29 49 19 26 21 1288 34 27
1575 22 176 47 43 27 1 23 20 26 914 34 27
1576 22 166 32 31 22 29 14 1 25 631 34 27
1577 22 140 28 17 25 1 23 1 29 737 34 27
1578 22 113 35 32 29 71 32 35 25 704 34 27
1579 22 92 6 21 21 1 20 34 18 935 34 27
1580 22 151 34 17 40 1 17 18 26 1256 34 27
1581 22 197 23 20 36 34 27 21 27 445 34 27
1582 22 197 34 26 34 52 25 33 28 459 34 27
1583 22 110 25 17 37 1 16 31 30 1770 34 27
1584 22 126 37 38 30 40 19 40 24 1202 34 27
1585 22 134 30 26 28 17 21 38 23 1481 34 27
1586 22 172 19 23 23 1 25 32 31 440 34 27
1587 22 193 7 17 29 1 22 26 21 368 34 27
1588 22 161 26 33 24 1 17 8 26 1212 34 27
1589 22 94 33 22 30 11 20 21 31 880 33 27
1590 22 207 22 23 25 11 16 16 25 1401 34 27
1591 22 148 32 36 22 46 29 38 29 580 34 27
1592 22 483 17 34 20 15 18 32 26 876 34 27
1593 22 198 28 18 33 68 16 27 25 878 34 27
1594 22 158 36 29 31 18 23 14 28 1759 34 27
1595 22 139 34 41 29 2 26 36 22 787 34 27
1596 22 288 28 15 35 22 17 22 30 786 34 27
1597 22 353 19 1 37 1 29 21 32 1972 34 27
1598 22 90 27 13 35 1 14 32 30 619 34 27
1599 22 100 37 35 26 56 21 45 31 1532 34 27
1600 22 108 33 19 27 43 25 12 28 1678 34 27
1601 22 93 29 16 38 72 27 30 32 763 34 27
1602 22 184 25 29 25 1 20 45 30 349 34 27
1603 22 199 39 38 31 30 17 45 25 957 34 28
1604 22 99 36 25 35 38 16 22 36 1418 34 27
1605 22 101 16 13 34 2 24 44 29 645 34 27
1606 22 134 26 25 24 1 15 22 24 1174 34 27
1607 22 109 45 17 43 1 25 17 23 1177 34 27
1608 22 174 38 12 39 59 16 14 37 927 34 27
1609 22 107 36 26 35 70 25 50 32 971 34 27
1610 22 92 27 24 26 1 27 25 30 483 34 27
1611 22 137 34 35 29 55 24 34 20 508 34 27
1612 22 214 8 16 23 13 21 56 27 1237 34 27
1613 22 110 36 33 27 2 20 25 19 769 34 27
1614 22 1006 44 31 40 7 18 28 22 791 34 27
1615 22 168 39 32 31 60 16 41 29 869 34 27
1616 22 155 34 41 28 38 24 46 23 1078 34 27
1617 22 163 24 24 34 48 25 48 25 1111 34 27
1618 22 136 36 29 27 24 28 19 29 809 34 27
1619 22 310 18 25 25 1 19 42 20 1116 34 27
1620 22 188 7 28 13 1 20 48 29 510 34 27
1621 22 109 26 32 24 1 22 25 26 824 34 27
1622 22 184 31 32 24 5 22 45 32 936 34 27
1623 22 136 29 29 27 63 30 34 33 724 34 27
1624 22 98 27 10 36 60 20 43 31 968 34 27
1625 22 112 33 45 24 33 15 44 30 1028 34 27
1626 22 200 37 40 31 46 58 35 23 569 34 27
1627 22 211 34 15 34 60 18 17 29 714 34 27
1628 22 121 47 34 30 33 20 12 43 583 34 27
1629 22 174 41 38 30 34 28 49 25 914 34 27
1630 22 99 24 27 28 20 23 30 22 644 34 28
1631 22 200 33 27 42 1 20 29 35 719 34 27
1632 22 199 38 34 34 80 24 44 27 448 34 27
1633 22 289 33 14 26 46 17 1 24 1245 34 27
1634 22 283 43 25 40 66 17 25 30 749 34 27
1635 22 145 38 34 26 59 25 46 31 416 34 27
1636 22 205 44 41 30 23 23 41 27 2007 34 28
1637 22 166 27 17 32 46 22 20 24 504 34 28
1638 22 104 20 3 26 11 15 7 20 548 34 27
1639 22 143 33 39 18 22 21 26 29 788 34 27
1640 22 439 37 21 35 21 18 23 31 642 34 27
1641 22 94 31 37 21 1 19 8 26 694 34 27
1642 22 122 35 18 40 35 32 28 24 769 34 27
1643 22 241 38 34 30 30 23 23 30 634 34 27
1644 22 115 32 21 28 63 30 32 30 1036 34 27
1645 22 96 39 42 25 11 26 33 31 1727 34 27
1646 22 135 45 15 41 25 26 18 36 1059 34 27
1647 22 138 21 23 24 22 19 34 26 630 34 27
1648 22 123 36 29 34 86 22 42 40 728 34 27
1649 22 162 38 33 27 1 24 20 21 756 34 27
1650 22 187 27 15 38 44 27 31 30 1277 34 27
1651 22 230 26 18 37 50 21 17 25 458 34 27
1652 22 129 37 36 20 47 19 19 23 910 34 27
1653 22 151 17 7 31 32 21 38 33 760 34 27
1654 22 121 37 32 24 41 22 33 29 865 34 27
1655 22 268 36 33 21 19 27 23 23 903 34 27
1656 22 106 30 34 29 19 25 31 37 780 34 27
1657 22 84 18 26 23 43 26 31 24 754 34 27
1658 22 514 24 19 28 64 20 34 25 655 34 27
1659 22 211 36 24 29 15 28 40 35 1578 34 27
1660 22 114 45 44 22 54 14 41 30 1102 34 27
1661 22 236 38 27 35 1 20 26 39 612 34 27
1662 22 95 38 37 41 1 22 46 31 878 34 27
1663 22 186 32 30 21 24 18 35 25 742 34 27
1664 22 157 27 23 34 57 29 39 38 782 34 27
1665 22 119 21 25 38 73 26 56 20 302 34 27
1666 22 125 25 22 32 21 23 51 26 927 34 27
1667 22 142 30 32 17 21 24 13 28 581 34 27
1668 22 113 39 21 29 45 25 17 29 811 34 27
1669 22 235 36 26 39 83 24 40 25 745 34 27
1670 22 128 32 26 32 47 24 23 27 591 34 27
1671 22 100 18 15 34 46 19 41 28 519 34 27
1672 22 119 22 25 26 36 25 25 25 1890 34 27
1673 22 103 33 7 37 43 20 18 23 1041 34 27
1674 22 163 38 30 31 101 18 41 28 974 34 27
1675 22 130 21 23 30 38 16 48 25 831 34 27
1676 22 113 47 33 31 46 24 26 30 821 34 27
1677 22 209 32 10 45 71 14 17 32 503 34 27
1678 22 118 40 43 25 51 26 33 24 809 34 27
1679 22 97 27 38 25 77 26 32 28 1511 34 27
1680 22 128 24 38 19 1 22 40 25 554 34 27
1681 22 91 25 22 33 1 18 35 30 953 34 27
1682 22 139 40 21 30 68 20 21 22 1305 34 27
1683 22 165 34 35 28 47 27 28 33 970 34 27
1684 22 251 16 13 38 37 17 45 25 761 34 27
1685 22 120 45 26 34 41 24 25 27 1909 34 27
1686 22 137 25 34 23 12 18 49 27 788 34 27
1687 22 172 30 18 37 11 21 42 21 532 34 27
1688 22 181 38 40 27 57 27 39 27 920 34 27
1689 22 116 42 34 25 37 19 38 25 766 34 27
1690 22 424 133 593 87 54 158 135 254 560 34 27
1691 22 116 18 24 25 26 14 50 26 856 34 27
1692 22 125 32 31 23 10 21 14 22 735 34 27
1693 22 114 27 36 21 23 28 48 23 524 34 27
1694 22 248 33 31 26 35 21 30 29 1137 34 27
1695 22 276 42 29 30 95 27 21 23 714 34 27
1696 22 241 31 18 39 81 20 24 27 176 34 27
1697 22 78 16 35 25 12 27 44 24 720 34 27
1698 22 223 35 19 37 1 18 27 24 1083 34 28
1699 22 115 29 14 37 4 22 12 29 901 34 27
1700 22 105 37 32 30 43 22 47 26 800 34 27
1701 22 144 43 25 34 58 25 34 23 818 34 27
1702 22 154 23 15 35 21 32 35 30 884 34 27
1703 22 228 29 30 16 1 24 21 32 611 34 27
1704 22 145 18 26 25 16 18 16 25 2007 34 27
1705 22 184 38 31 26 52 20 36 28 830 34 27
1706 22 129 18 14 21 1 20 24 29 736 34 27
1707 22 215 37 34 29 28 21 33 22 942 34 27
1708 22 130 39 32 56 1 19 23 32 761 34 27
1709 22 230 37 28 34 44 18 26 26 696 34 27
1710 22 212 15 11 33 52 27 51 28 1335 34 27
1711 22 92 20 18 29 12 16 15 24 908 34 27
1712 22 91 37 37 23 1 26 23 26 830 34 27
1713 22 111 35 42 26 1 16 53 31 282 34 27
1714 22 216 35 22 36 41 23 24 29 686 34 27
1715 22 139 37 39 29 1 22 13 31 459 34 27
1716 22 164 33 33 30 1 24 25 25 795 34 27
1717 22 402 40 32 26 54 15 31 34 538 34 27
1718 22 289 10 35 22 1 27 37 36 1123 34 27
1719 22 121 31 21 33 52 20 43 29 783 34 27
1720 22 105 36 40 30 13 22 41 35 897 34 27
1721 22 428 23 23 29 5 29 41 23 820 34 27
1722 22 231 33 30 26 1 23 24 31 506 34 27
1723 22 185 33 39 31 3 28 49 30 1130 34 27
1724 22 154 24 22 31 12 16 27 35 650 34 27
1725 22 171 31 39 20 33 16 40 25 561 34 27
1726 22 114 12 33 15 56 23 57 30 439 34 27
1727 22 126 25 21 24 1 27 32 21 710 34 27
1728 22 132 21 21 24 53 20 22 19 620 34 27
1729 22 92 17 27 22 1 17 37 29 1769 34 27
1730 22 109 26 15 35 43 21 29 20 630 34 27
1731 22 141 26 38 22 1 18 53 28 498 34 28
1732 22 98 32 28 23 60 28 18 26 672 34 27
1733 22 243 30 36 23 1 24 49 25 1166 34 27
1734 22 128 46 24 46 3 23 25 35 905 34 27
1735 22 108 33 26 32 6 25 28 28 753 34 27
1736 22 270 30 18 42 23 17 26 31 658 34 27
1737 22 332 33 32 30 40 16 24 26 1893 34 27
1738 22 150 21 33 25 47 25 56 37 512 34 27
1739 22 91 37 40 26 23 21 40 26 656 33 27
1740 22 117 22 16 29 22 15 42 31 1158 34 27
1741 22 92 43 23 38 25 19 41 25 707 34 27
1742 22 119 28 28 27 11 18 30 22 626 34 27
1743 22 812 29 16 37 1 16 21 28 1595 34 27
1744 22 239 20 35 20 37 23 43 30 969 34 27
1745 22 160 37 29 34 34 20 44 20 394 34 27
1746 22 149 18 12 40 25 23 40 20 969 34 27
1747 22 102 22 27 31 8 23 46 28 535 34 27
1748 22 104 21 16 25 20 22 15 25 583 34 27
1749 22 140 35 51 24 8 22 41 30 1419 34 27
1750 22 141 49 21 41 26 18 15 22 631 34 27
1751 22 122 20 23 24 1 15 33 30 1192 34 27
1752 22 119 42 14 40 54 16 25 23 761 34 27
1753 22 169 22 37 24 1 16 33 26 630 34 27
1754 22 107 50 32 39 30 24 51 32 635 34 27
1755 22 183 32 20 31 1 30 26 33 923 34 27
1756 22 179 21 37 24 10 25 29 46 1188 34 27
1757 22 124 15 14 28 1 16 26 22 380 34 27
1758 22 106 35 1 36 90 21 18 31 700 34 27
1759 22 149 12 33 16 14 24 40 27 923 34 27
1760 22 238 28 25 34 10 17 46 30 561 34 27
1761 22 209 22 8 35 48 23 26 29 985 34 27
1762 22 317 12 22 22 1 19 21 29 433 34 27
1763 22 107 32 32 34 1 24 42 20 1405 34 27
1764 22 96 36 39 31 24 25 49 28 537 34 27
1765 22 120 30 13 34 94 16 36 25 729 34 27
1766 22 144 41 23 35 111 22 41 30 915 34 27
1767 22 143 32 35 29 65 20 29 23 535 34 27
1768 22 145 20 18 31 19 20 26 25 825 34 27
1769 22 152 7 23 24 1 20 29 21 495 34 27
1770 22 107 28 43 16 3 28 36 34 595 34 27
1771 22 203 19 18 27 37 23 31 18 1547 34 27
1772 22 149 26 25 28 8 16 24 21 518 34 27
1773 22 125 40 28 29 75 21 51 24 463 34 27
1774 22 179 32 18 31 55 17 28 31 1645 34 28
1775 22 151 44 22 35 61 28 26 22 713 34 27
1776 22 179 40 48 19 26 22 49 27 511 34 27
1777 22 132 15 32 23 1 18 30 29 332 34 27
1778 22 158 31 18 37 45 27 41 25 656 34 27
1779 22 268 29 29 30 45 20 19 30 1053 34 27
1780 22 116 39 39 29 36 25 36 21 1420 34 27
1781 22 226 47 34 32 54 22 32 32 656 34 27
1782 22 149 34 31 30 48 21 38 29 627 34 27
1783 22 125 38 37 32 43 23 18 22 1676 34 27
1784 22 95 40 28 31 64 26 7 29 767 34 27
1785 22 81 30 23 33 44 19 46 23 623 34 27
1786 22 110 26 17 43 45 25 39 40 867 34 27
1787 22 183 20 1 39 1 26 28 30 800 34 27
1788 22 197 18 27 17 22 26 26 26 863 34 27
1789 22 150 35 32 32 72 14 23 27 2005 34 27
1790 22 128 28 32 25 17 26 54 18 2007 34 27
1791 22 177 31 29 33 27 19 33 31 654 34 27
1792 22 199 12 23 26 35 17 46 27 921 34 27
1793 22 198 37 20 43 72 29 41 34 693 34 27
1794 22 91 32 19 32 48 18 16 20 1080 34 27
1795 22 133 18 25 23 1 13 21 34 1287 34 27
1796 22 333 21 21 31 1 18 16 38 345 34 27
1797 22 118 34 15 36 36 22 48 26 857 34 27
1798 22 196 23 18 30 3 16 23 30 1300 34 27
1799 22 407 18 32 20 51 9 36 19 531 33 27
1800 22 190 27 26 25 5 15 35 24 495 34 27
1801 22 119 27 20 29 69 23 33 28 1587 34 27
1802 22 103 37 35 27 14 22 19 29 822 34 27
1803 22 188 40 42 25 1 19 11 29 532 34 27
1804 22 153 34 41 28 1 19 29 32 1309 34 27
1805 22 183 28 32 23 105 19 42 29 748 34 27
1806 22 199 47 38 25 31 16 26 31 828 34 27
1807 22 263 35 27 26 26 20 17 25 966 34 27
1808 22 144 42 33 36 77 21 44 22 1006 34 27
1809 22 129 15 32 21 36 24 60 31 584 34 27
1810 22 159 20 29 20 1 26 35 20 1266 34 27
1811 22 144 24 15 34 51 13 16 32 599 34 27
1812 22 200 32 21 39 33 20 48 33 627 34 27
1813 22 168 25 17 23 37 22 41 27 1039 34 27
1814 22 142 32 32 28 1 20 24 33 2007 34 27
1815 22 168 18 5 30 21 19 21 35 550 34 27
1816 22 128 18 24 24 88 12 39 22 769 34 27
1817 22 129 30 25 27 20 22 6 31 864 34 27
1818 22 230 41 24 41 67 24 41 29 1038 34 27
1819 22 249 41 34 27 37 19 10 30 847 34 27
1820 22 131 35 21 31 53 26 5 30 858 34 27
1821 22 115 34 30 26 44 16 25 25 447 34 27
1822 22 96 19 27 22 1 16 38 27 886 34 27
1823 22 226 37 17 32 26 25 13 30 1022 34 27
1824 22 94 45 20 43 63 20 21 24 833 34 27
1825 22 568 29 31 33 35 17 41 36 499 34 27
1826 22 163 42 27 40 61 24 47 27 781 34 27
1827 22 122 16 1 36 1 15 25 28 700 34 28
1828 22 162 15 21 29 9 22 27 30 659 34 27
1829 22 212 31 21 33 79 21 48 27 786 34 27
1830 22 331 36 45 26 10 14 45 33 1102 34 27
1831 22 188 31 73 87 46 16 11 29 887 34 27
1832 22 154 32 30 20 27 16 27 30 975 34 27
1833 22 150 33 17 33 1 25 1 23 801 34 27
1834 22 111 41 45 29 30 18 33 27 587 34 27
1835 22 240 22 16 25 1 22 25 32 750 34 27
1836 22 171 34 18 40 44 27 18 24 1011 34 27
1837 22 155 29 19 26 35 23 17 35 696 34 27
1838 22 109 20 21 26 64 15 32 20 624 34 28
1839 22 121 32 36 28 10 22 41 26 643 34 27
1840 22 131 40 42 23 1 18 9 35 870 34 27
1841 22 95 28 26 25 38 13 31 20 894 34 27
1842 22 106 25 29 13 1 24 13 20 622 33 27
1843 22 94 24 14 28 45 21 18 22 921 34 27
1844 22 125 21 25 22 2 14 26 22 949 34 27
1845 22 205 15 30 15 1 20 29 28 553 34 27
1846 22 255 39 22 37 88 18 47 33 673 34 27
1847 22 123 27 29 24 54 22 39 24 523 34 27
1848 22 256 14 17 32 1 20 27 21 529 34 27
1849 22 127 33 11 36 1 20 13 23 554 34 27
1850 22 167 21 31 27 7 17 35 16 964 34 27
1851 22 115 30 35 26 11 16 41 24 749 34 27
1852 22 227 25 28 28 77 25 34 19 486 34 27
1853 22 151 19 31 23 1 18 26 27 1378 34 27
1854 22 155 34 32 24 1 19 38 20 1063 34 27
1855 22 243 16 10 33 1 23 46 28 615 34 27
1856 22 585 33 29 31 84 23 51 19 751 34 27
1857 22 196 30 35 29 24 20 27 23 639 34 27
1858 22 117 30 26 36 53 20 31 25 1745 34 27
1859 22 351 32 29 22 25 22 28 21 838 34 27
1860 22 311 33 37 29 1 22 19 30 2006 34 27
1861 22 263 45 26 31 80 18 31 32 642 34 27
1862 22 280 25 33 22 38 17 42 21 789 34 27
1863 22 191 41 42 26 60 19 32 22 950 34 27
1864 22 207 35 24 31 58 26 39 29 529 34 28
1865 22 245 43 41 28 1 19 17 33 894 34 27
1866 22 110 25 8 42 40 15 14 41 535 34 27
1867 22 167 35 29 26 89 27 33 29 640 34 27
1868 22 225 29 19 21 1 20 4 27 897 34 27
1869 22 221 31 27 28 50 24 24 24 791 34 27
1870 22 224 22 20 27 34 21 29 25 631 34 27
1871 22 104 27 29 26 1 24 13 36 1345 34 27
1872 22 93 22 24 30 1 22 38 33 637 34 27
1873 22 175 29 44 16 35 31 47 24 1655 34 28
1874 22 195 28 9 42 97 20 21 31 663 34 27
1875 22 149 24 35 13 27 17 18 24 602 34 27
1876 22 202 520 801 68 566 23 18 23 1593 34 28
1877 22 194 41 17 34 3 19 9 22 535 34 27
1878 22 253 34 26 36 1 30 35 30 883 34 27
1879 22 246 31 33 27 21 18 17 32 570 34 27
1880 22 174 34 21 36 97 24 35 26 982 34 27
1881 22 154 39 37 20 32 18 6 27 574 34 27
1882 22 167 32 13 34 51 19 29 39 433 34 27
1883 22 152 35 40 27 1 21 42 27 972 34 28
1884 22 750 25 35 24 43 20 44 32 961 34 27
1885 22 306 30 31 28 41 28 37 28 957 34 27
1886 22 178 17 19 21 21 21 22 18 704 34 27
1887 22 280 40 36 35 62 32 32 33 606 34 27
1888 22 116 18 21 21 17 18 33 19 640 34 27
1889 22 115 32 28 27 46 19 13 24 1494 34 27
1890 22 247 31 31 27 7 19 25 29 469 34 27
1891 22 157 39 38 24 84 20 45 14 258 34 27
1892 22 101 22 38 24 1 21 37 23 635 34 27
1893 22 113 35 17 38 4 25 30 34 530 34 28
1894 22 271 21 14 32 5 18 27 30 697 34 27
1895 22 315 29 19 31 33 20 25 29 762 34 27
1896 22 104 23 16 31 1 25 35 17 398 34 27
1897 22 153 22 21 24 1 19 25 22 1207 34 27
1898 22 156 31 26 30 11 18 24 29 613 34 27
1899 22 137 43 37 26 65 24 37 27 1236 34 27
1900 22 141 27 31 24 43 17 28 27 694 34 27
1901 22 170 16 23 18 18 18 23 27 656 34 27
1902 22 193 34 6 40 66 18 18 24 1127 34 27
1903 22 226 38 34 33 1 14 35 23 1106 34 27
1904 22 224 33 36 23 1 24 35 23 787 34 27
1905 22 148 44 26 22 26 28 13 27 715 34 27
1906 22 142 29 22 27 5 14 17 24 572 34 27
1907 22 107 26 27 29 19 20 35 25 799 34 27
1908 22 123 32 15 36 12 23 18 21 1215 34 27
1909 22 203 19 21 29 34 23 44 23 772 34 27
1910 22 161 15 17 15 1 20 6 20 1017 34 27
1911 22 167 51 33 35 6 24 4 29 730 34 27
1912 22 111 33 38 12 28 26 28 21 743 34 27
1913 22 179 32 19 35 57 22 32 24 1327 34 27
1914 22 81 26 31 21 1 18 13 24 778 34 27
1915 22 110 22 15 29 1 23 26 25 696 34 27
1916 22 156 36 19 31 1 13 18 28 928 34 27
1917 22 201 29 18 29 1 17 29 26 1224 34 27
1918 22 195 40 48 20 20 24 29 25 699 34 27
1919 22 177 42 39 28 1 18 12 19 790 34 27
1920 22 130 33 38 26 71 30 47 22 508 34 28
1921 22 121 35 28 37 4 20 39 20 671 34 27
1922 22 137 21 17 32 61 24 38 38 535 34 27
1923 22 100 35 42 23 44 19 43 33 1027 34 27
1924 22 136 37 34 23 42 25 6 27 661 34 27
1925 22 104 23 16 28 45 23 18 29 1096 34 27
1926 22 105 29 22 34 27 19 31 38 802 34 27
1927 22 609 39 33 30 95 22 26 28 112 34 27
1928 22 203 31 28 35 22 19 19 29 1116 34 27
1929 22 108 29 15 37 9 16 14 31 544 34 27
1930 22 295 7 25 21 1 17 43 30 1730 34 27
1931 22 119 14 20 18 1 16 30 25 441 34 27
1932 22 225 36 43 23 69 16 41 29 934 34 28
1933 22 141 43 17 40 86 23 14 29 1017 34 27
1934 22 177 38 35 26 14 23 38 27 761 34 27
1935 22 89 19 16 36 26 16 44 20 667 34 27
1936 22 124 15 15 27 24 19 25 24 993 34 27
1937 22 145 26 24 29 32 28 19 20 1059 34 27
1938 22 217 36 33 24 12 17 18 30 1208 34 27
1939 22 606 785 654 81 368 23 34 29 1974 34 27
1940 22 180 223 157 51 965 25 46 1081 997 34 27
1941 22 162 35 32 27 2 16 26 32 963 34 27
1942 22 97 32 47 24 17 21 59 24 634 34 27
1943 22 108 18 11 39 2 19 41 26 864 34 27
1944 22 125 30 24 31 33 25 33 26 681 34 27
1945 22 234 18 15 33 15 14 52 31 1154 34 27
1946 22 162 4 11 32 22 15 27 25 407 34 27
1947 22 121 33 49 30 27 19 43 25 1584 34 27
1948 22 107 34 13 34 12 19 20 32 560 34 27
1949 22 200 21 21 22 6 23 32 22 530 34 27
1950 22 199 12 12 31 1 25 30 35 296 34 27
1951 22 211 28 29 27 1 23 23 25 939 34 27
1952 22 126 37 20 30 97 17 27 33 529 34 27
1953 22 146 23 26 34 1 22 35 41 1323 34 27
1954 22 164 21 10 40 35 24 31 32 733 34 27
1955 22 156 17 29 24 2 25 41 25 941 34 27
1956 22 163 42 33 34 35 19 18 32 648 34 27
1957 22 126 29 33 25 14 26 36 27 1115 34 27
1958 22 137 28 9 37 61 13 36 21 865 34 27
1959 22 227 20 14 31 1 16 18 34 447 34 27
1960 22 187 38 32 32 64 25 38 25 666 34 27
1961 22 138 29 21 32 24 26 44 238 1957 34 27
1962 22 232 43 32 40 9 19 52 30 176 34 27
1963 22 135 36 29 33 58 23 42 29 948 34 27
1964 22 204 30 34 25 1 21 26 14 621 34 27
1965 22 303 24 24 23 8 23 20 27 1327 34 28
1966 22 102 6 23 22 1 18 34 24 1328 34 27
1967 22 101 31 38 27 1 11 36 25 2007 34 27
1968 22 142 11 11 28 11 26 19 17 621 34 27
1969 22 129 36 34 24 40 20 29 32 808 34 27
1970 22 249 24 43 27 1 23 56 32 484 34 27
1971 22 124 28 27 26 1 20 21 31 1517 34 27
1972 22 128 25 21 21 25 24 16 20 882 34 27
1973 22 148 38 25 23 45 16 26 13 1146 34 27
1974 22 129 9 21 30 1 19 49 25 652 34 27
1975 22 106 63 52 16 15 13 20 27 1528 34 27
1976 22 121 18 30 28 1 23 49 20 698 34 27
1977 22 218 20 18 29 1 18 28 23 707 34 27
1978 22 181 33 17 45 18 20 27 33 700 34 27
1979 22 126 26 18 40 70 21 44 31 858 34 27
1980 22 142 18 26 25 1 21 38 24 1834 34 27
1981 22 85 16 27 19 1 20 38 23 497 34 27
1982 22 162 49 37 30 53 28 48 28 1235 34 27
1983 22 91 40 31 31 26 22 40 27 1514 34 27
1984 22 178 34 18 31 1 18 36 34 841 34 27
1985 22 311 32 27 26 40 19 41 28 230 34 27
1986 22 210 23 19 26 1 13 23 28 338 34 27
1987 22 155 45 27 38 44 15 25 30 881 34 27
1988 22 185 17 20 28 20 24 25 21 630 34 27
1989 22 181 35 18 43 1 17 13 32 776 34 27
1990 22 97 13 25 27 1 19 52 38 1015 34 27
1991 22 286 38 31 32 78 21 41 24 691 34 27
1992 22 105 20 34 18 3 22 37 25 754 34 27
1993 22 228 36 28 24 73 23 47 26 990 34 27
1994 22 202 33 21 38 24 24 32 35 575 34 27
1995 22 229 30 28 32 68 18 40 25 258 34 27
1996 22 149 36 24 35 1 22 31 24 814 34 27
1997 22 127 41 26 25 41 19 11 29 576 34 27
1998 22 161 36 38 24 16 25 17 28 951 34 27
1999 22 171 36 38 23 42 22 18 18 790 34 27
2000 22 165 37 24 42 63 18 32 30 513 34 27
