1 22 353 26 23 21 1 18 28 39 26 33 28
2 22 119 33 31 31 5 14 35 21 18 33 28
3 22 141 34 43 25 54 19 48 31 12 33 27
4 22 515 45 33 24 11 22 18 30 26 34 28
5 22 151 10 15 28 28 25 40 21 13 33 27
6 22 318 19 24 21 1 25 16 25 32 34 27
7 22 135 29 30 28 17 24 19 25 22 33 27
8 22 258 43 41 29 1 18 21 25 28 34 28
9 22 97 31 19 33 12 26 28 29 22 33 28
10 22 106 38 40 29 85 19 39 27 15 33 28
11 22 54 21 9 40 1 28 46 27 18 33 28
12 22 482 34 32 22 1 18 18 24 24 33 27
13 22 95 23 25 33 41 25 29 29 14 33 28
14 22 98 26 33 32 1 16 34 25 17 33 28
15 22 122 38 40 20 26 24 27 26 19 33 28
16 22 116 28 17 35 29 17 24 22 26 34 28
17 22 172 39 27 35 41 18 27 26 21 33 28
18 22 133 41 21 29 81 24 6 35 45 34 27
19 22 232 21 22 28 3 24 35 32 18 33 28
20 22 171 39 19 33 51 23 32 29 22 33 27
21 22 154 34 24 31 49 19 23 29 22 33 28
22 22 131 37 40 32 24 22 43 28 13 33 28
23 22 200 34 30 35 1 26 33 33 20 33 28
24 22 118 37 39 33 83 27 39 31 18 34 28
25 22 64 28 28 34 48 20 14 28 25 34 28
26 22 109 33 20 26 18 20 6 26 31 34 27
27 22 110 27 25 31 31 20 31 26 16 34 28
28 22 101 24 22 39 1 19 22 24 23 33 28
29 22 243 20 26 20 11 19 35 32 29 34 27
30 22 64 47 26 37 63 18 28 32 27 34 27
31 22 100 24 30 24 28 25 41 32 17 33 28
32 22 61 22 17 32 1 16 13 30 26 34 27
33 22 182 36 31 34 46 25 21 24 26 34 27
34 22 164 34 34 24 38 33 30 27 15 33 28
35 22 199 21 28 19 1 19 18 25 18 33 27
36 22 132 31 28 25 27 20 36 28 21 33 28
37 22 85 35 26 26 73 25 9 33 31 34 28
38 22 186 25 8 43 8 20 25 14 18 33 27
39 22 73 35 27 26 62 23 42 20 11 33 28
40 22 75 25 34 29 29 23 44 22 14 33 28
41 22 148 32 39 22 13 21 28 18 12 34 28
42 22 165 31 15 38 40 19 28 24 26 34 27
43 22 62 17 11 29 12 21 37 25 19 33 28
44 22 116 48 43 28 1 25 15 32 33 34 28
45 22 169 42 39 27 1 25 13 28 29 34 28
46 22 79 31 21 28 1 17 18 24 21 33 27
47 22 67 33 32 27 1 18 31 21 16 33 28
48 22 89 27 30 25 18 24 29 27 14 33 27
49 22 88 31 30 30 87 25 48 24 9 33 27
50 22 91 35 50 19 1 25 25 26 14 33 28
51 22 127 34 38 30 31 28 25 28 13 33 28
52 22 163 33 17 26 1 21 19 28 26 34 28
53 22 97 20 31 21 51 23 35 25 14 33 27
54 22 75 38 38 29 1 19 14 26 24 34 27
55 22 117 30 26 33 25 20 42 26 22 33 28
56 22 122 31 20 36 71 15 37 26 22 33 28
57 22 105 25 26 24 19 13 25 29 17 33 28
58 22 306 39 38 26 7 20 48 35 15 33 28
59 22 192 28 32 21 1 20 16 29 17 33 27
60 22 229 32 17 33 47 16 39 17 19 33 28
61 22 167 35 1 48 35 15 21 23 25 33 27
62 22 116 38 39 30 1 24 41 28 18 33 28
63 22 104 31 38 26 1 22 22 28 16 33 28
64 22 155 43 26 36 31 27 39 31 22 33 28
65 22 75 15 13 34 19 23 39 34 16 33 27
66 22 125 45 32 30 22 23 22 36 30 34 28
67 22 184 30 33 31 22 20 30 27 15 33 28
68 22 83 39 53 18 74 23 45 25 8 34 28
69 22 178 39 35 31 42 20 30 28 18 33 28
70 22 94 37 33 27 71 21 25 22 27 34 28
71 22 342 42 47 17 40 14 23 23 24 34 28
72 22 490 19 13 33 1 22 40 27 22 33 27
73 22 86 43 28 35 79 22 31 40 23 34 27
74 22 158 23 37 28 1 19 38 22 16 33 27
75 22 99 38 36 26 26 21 21 27 20 33 28
76 22 104 25 11 29 40 16 7 27 28 34 27
77 22 75 40 24 36 42 25 39 20 25 33 27
78 22 87 28 16 28 1 20 5 29 26 33 27
79 22 143 33 24 21 18 25 24 39 26 34 27
80 22 175 15 31 25 1 18 27 35 20 34 28
81 22 88 26 26 38 1 20 29 29 19 33 28
82 22 157 35 31 26 80 22 43 36 20 33 28
83 22 107 36 26 36 40 20 34 25 22 33 28
84 22 184 23 41 21 1 17 17 26 20 33 27
85 22 98 30 12 35 21 22 27 33 34 34 28
86 22 86 23 25 22 31 22 44 25 9 33 28
87 22 169 28 19 26 1 20 21 34 30 34 27
88 22 63 33 14 45 25 17 22 31 35 34 27
89 22 106 27 33 27 1 25 16 31 18 33 28
90 22 87 26 27 26 1 16 28 16 20 34 28
91 22 156 28 25 26 1 20 16 25 32 34 28
92 22 245 30 17 34 81 18 25 22 21 33 27
93 22 86 29 29 31 1 27 21 31 23 33 28
94 22 120 30 43 24 23 21 29 26 14 33 28
95 22 93 38 39 21 64 22 35 20 13 33 28
96 22 97 32 28 29 11 18 20 26 19 33 27
97 22 121 33 36 29 34 26 12 30 28 34 28
98 21 123 24 7 35 27 19 27 27 28 34 27
99 22 91 36 18 36 68 23 27 27 26 34 28
100 22 146 29 25 24 33 21 25 28 29 34 27
101 22 123 52 31 30 28 24 23 32 36 34 28
102 22 185 42 28 32 68 20 19 20 27 34 27
103 22 66 12 19 29 24 21 33 32 20 33 28
104 22 99 37 36 27 1 23 9 26 24 33 28
105 22 96 26 28 37 31 28 43 34 13 34 28
106 22 85 29 31 28 1 22 7 16 25 33 28
107 22 99 37 23 39 4 20 26 25 30 34 28
108 22 127 20 13 36 39 19 30 29 21 33 27
109 22 190 31 45 11 51 21 27 30 14 33 27
110 22 164 25 22 37 46 23 42 22 9 33 27
111 22 85 29 30 24 1 17 15 24 32 34 28
112 22 120 39 35 28 27 22 32 30 18 33 28
113 22 75 25 32 16 1 23 20 21 31 34 28
114 22 122 47 21 32 116 23 18 31 33 34 27
115 22 154 30 39 26 1 14 24 37 28 34 28
116 22 130 23 17 28 34 24 18 31 37 34 28
117 22 58 23 30 25 11 20 31 15 7 33 27
118 22 76 36 32 34 1 25 31 31 28 34 27
119 22 113 30 26 33 18 18 54 34 6 33 28
120 22 80 22 41 26 1 21 46 25 11 33 27
121 22 100 19 18 28 49 30 35 29 8 33 27
122 22 109 27 39 31 1 20 42 33 11 33 27
123 22 163 36 37 24 1 20 27 27 27 34 27
124 22 174 27 32 31 3 24 36 31 18 33 28
125 22 109 25 17 24 32 28 42 25 19 33 28
126 22 68 13 29 27 11 25 59 32 7 33 27
127 22 108 39 24 32 55 14 38 24 20 34 28
128 22 67 36 35 28 1 18 16 29 20 33 28
129 22 99 27 19 37 55 21 37 23 16 33 27
130 22 58 19 23 27 15 25 44 23 15 33 28
131 22 110 46 32 29 23 18 18 29 26 34 28
132 22 146 40 5 41 78 25 14 31 30 34 28
133 22 178 37 15 42 87 19 27 27 25 34 27
134 22 173 32 18 34 63 26 48 31 6 33 28
135 22 267 35 36 34 86 26 43 23 4 34 28
136 22 263 28 29 28 1 17 21 27 29 34 28
137 22 123 43 31 25 34 22 20 27 23 33 28
138 22 272 26 19 31 1 22 19 31 32 34 27
139 22 92 31 23 23 52 26 30 30 24 33 28
140 22 356 42 38 26 80 18 12 23 25 33 27
141 22 135 27 20 36 1 20 34 30 21 33 28
142 22 82 39 34 31 67 23 35 23 14 33 28
143 22 80 15 22 31 19 19 23 21 16 33 27
144 22 101 11 20 30 29 25 40 27 11 33 27
145 22 120 47 40 34 10 33 165 37 14 33 28
146 22 199 37 24 30 44 21 45 20 12 34 28
147 22 146 42 20 37 1 17 11 29 32 34 27
148 22 222 30 17 41 25 23 40 32 14 33 27
149 22 100 29 20 38 13 20 26 27 23 33 27
150 22 102 44 30 41 92 20 30 23 18 33 27
151 22 179 34 36 18 1 17 41 24 13 33 27
152 22 149 23 27 21 16 21 11 24 27 33 28
153 22 48 12 23 25 1 22 54 33 12 33 28
154 22 150 13 20 18 1 25 13 28 35 34 27
155 22 56 22 25 24 1 19 20 29 17 33 27
156 22 103 23 29 31 1 16 37 28 18 33 28
157 22 174 21 20 26 18 18 25 23 21 33 27
158 22 146 34 32 24 29 23 18 34 39 34 28
159 22 91 18 26 26 39 26 45 38 17 33 27
160 22 107 35 3 38 86 33 19 32 20 33 27
161 22 73 42 35 34 43 16 18 29 26 34 27
162 22 60 21 1 39 29 20 17 32 35 34 28
163 22 94 32 33 26 37 23 7 31 34 34 28
164 22 117 16 13 30 35 23 45 30 8 33 27
165 22 104 45 27 36 69 23 33 29 24 34 28
166 22 95 26 17 34 42 21 26 17 33 34 28
167 22 130 41 31 31 8 20 38 33 10 33 27
168 22 129 17 14 33 8 23 31 38 31 34 27
169 22 419 17 25 21 1 15 18 28 19 33 27
170 22 220 30 30 32 4 19 8 30 35 34 28
171 22 130 24 29 18 11 13 1 25 33 34 28
172 22 139 21 9 36 5 17 13 26 29 34 27
173 22 123 17 25 20 31 26 23 25 20 33 28
174 22 174 29 19 31 28 13 20 22 26 33 28
175 22 90 21 22 31 20 18 27 24 20 33 27
176 22 523 27 35 19 14 13 20 26 29 34 27
177 22 57 26 31 26 35 27 24 27 27 34 27
178 22 91 26 34 26 60 28 39 33 22 33 28
179 22 130 18 20 29 1 17 4 22 32 34 27
180 22 87 32 34 27 1 12 8 19 33 34 28
181 22 83 24 32 34 41 27 35 36 19 33 28
182 22 91 22 20 34 1 21 36 18 9 33 27
183 22 133 44 28 30 16 21 17 37 31 34 28
184 22 67 27 27 30 63 25 37 27 14 33 27
185 22 110 39 30 34 19 20 5 28 38 34 28
186 22 73 21 24 30 30 25 30 35 23 33 28
187 22 85 30 46 19 50 25 38 27 9 34 28
188 22 124 19 26 25 20 23 40 35 12 33 27
189 22 61 19 26 26 1 20 33 28 12 33 27
190 22 207 37 36 26 1 17 8 23 33 34 28
191 22 54 20 22 32 11 19 29 32 20 33 28
192 22 55 22 29 21 28 32 36 26 5 33 27
193 22 234 21 35 20 1 21 51 31 1 33 27
194 22 151 31 38 24 1 26 28 31 21 33 28
195 22 185 29 23 35 1 16 22 21 27 34 28
196 22 111 26 33 21 1 29 21 31 32 34 28
197 22 53 29 21 35 1 16 24 37 25 33 28
198 22 83 41 21 34 51 17 40 26 15 33 28
199 22 94 28 32 31 23 20 24 25 24 33 27
200 22 160 34 20 35 52 28 20 30 31 34 28
201 22 115 26 31 33 1 21 40 38 15 33 28
202 22 131 34 41 28 1 21 34 34 25 34 28
203 22 94 32 37 29 65 23 33 29 16 33 28
204 22 198 30 19 33 88 15 25 34 35 34 28
205 22 118 33 26 38 1 13 13 28 32 34 27
206 22 106 38 50 18 16 21 41 22 15 33 28
207 22 81 31 33 33 1 23 34 31 17 33 28
208 22 143 30 8 39 18 28 22 27 29 34 28
209 22 76 40 27 25 23 23 28 23 15 33 28
210 23 80 34 27 29 41 17 22 24 25 34 28
211 22 111 35 24 29 64 27 34 24 15 33 27
212 22 83 23 36 32 1 22 37 34 17 33 28
213 22 101 43 36 29 1 15 36 29 11 33 28
214 22 101 27 25 28 1 21 30 13 16 33 27
215 22 145 27 35 29 24 26 38 26 15 33 28
216 22 351 35 24 40 4 14 25 20 23 33 27
217 22 170 45 26 39 40 17 29 21 15 34 28
218 22 248 31 36 22 1 24 30 26 26 34 28
219 22 58 36 34 32 1 21 37 31 24 33 27
220 23 81 37 22 23 1 23 10 25 42 34 28
221 23 114 28 29 31 1 17 17 28 27 34 28
222 23 65 20 30 24 1 26 32 27 17 33 27
223 22 79 27 35 24 55 14 24 18 29 33 27
224 22 140 30 6 29 56 23 28 30 17 33 28
225 23 251 36 41 22 21 24 40 25 13 34 28
226 22 93 28 14 27 73 22 29 30 24 33 28
227 22 360 25 39 23 6 21 34 34 17 33 28
228 22 149 40 26 34 77 20 13 33 32 34 28
229 22 338 39 41 36 19 19 33 30 27 34 28
230 22 92 28 36 20 20 25 25 32 15 34 28
231 22 69 33 18 35 13 19 26 32 21 33 28
232 22 145 36 28 29 19 20 41 26 15 34 28
233 22 90 31 33 25 65 18 41 24 15 33 28
234 22 143 33 34 30 66 29 46 26 1 34 28
235 22 123 33 33 31 1 21 16 22 25 34 27
236 22 137 20 1 38 37 17 26 33 35 34 27
237 22 66 40 16 37 29 22 26 28 21 33 28
238 22 105 40 19 31 87 24 21 36 37 34 28
239 22 114 35 25 29 15 17 8 26 29 34 28
240 22 171 24 16 35 67 21 28 30 25 33 28
241 22 105 37 16 29 72 22 10 29 36 34 28
242 22 151 42 38 33 48 25 21 34 23 34 28
243 22 130 31 20 29 19 28 24 29 26 34 28
244 22 82 38 30 28 29 27 19 31 32 34 28
245 22 182 14 22 30 1 25 31 25 13 33 27
246 22 187 35 38 26 12 21 35 30 25 34 28
247 22 67 24 26 33 43 23 45 33 11 33 27
248 22 150 28 46 26 1 22 39 20 7 33 28
249 22 167 39 40 28 1 22 33 21 14 34 28
250 22 89 11 21 23 10 15 33 28 23 33 27
251 22 79 31 10 39 57 25 26 25 22 33 28
252 22 87 46 26 39 81 21 40 23 17 34 28
253 22 124 21 12 25 1 20 29 23 18 33 27
254 22 114 39 39 34 1 22 47 26 11 33 28
255 22 110 36 27 39 75 22 40 30 16 33 28
256 22 81 27 14 33 39 25 48 32 13 33 28
257 22 193 40 37 22 1 26 18 21 25 33 28
258 22 272 38 22 25 78 20 15 30 35 34 28
259 22 144 36 21 35 1 21 21 40 30 34 27
260 22 109 26 13 34 53 9 17 27 32 34 28
261 22 104 34 39 27 23 20 32 29 24 34 27
262 22 86 18 7 34 9 23 25 34 27 34 28
263 22 266 32 25 38 12 16 47 30 10 33 28
264 22 108 37 33 30 27 23 32 27 27 34 27
265 22 97 41 40 37 5 22 45 29 20 33 28
266 22 185 39 11 42 59 23 22 30 28 34 28
267 22 89 50 24 43 8 24 31 29 27 34 28
268 22 107 38 29 35 1 24 21 27 30 34 28
269 22 101 34 26 36 83 19 38 22 12 33 28
270 22 188 17 8 37 1 21 20 31 32 34 28
271 22 96 28 22 27 44 19 35 18 16 33 28
272 22 99 17 1 30 94 18 36 23 21 33 28
273 22 65 25 19 34 36 18 23 23 23 33 27
274 22 96 31 28 22 24 14 15 29 25 33 28
275 22 440 36 27 31 47 20 41 19 14 33 28
276 22 105 22 3 31 21 19 3 29 40 34 28
277 22 110 35 19 30 47 21 27 25 20 33 28
278 22 144 35 35 31 49 20 43 11 13 33 28
279 22 100 43 30 25 39 23 27 29 23 33 28
280 22 273 21 20 19 3 18 14 26 28 34 28
281 22 90 31 35 22 82 25 41 32 16 34 28
282 22 350 34 20 34 24 27 40 29 20 33 28
283 22 206 29 25 26 11 21 23 30 25 33 28
284 22 96 21 12 35 16 23 40 37 25 33 27
285 22 121 11 24 31 28 26 43 32 4 33 27
286 22 92 17 14 30 23 18 21 20 24 33 27
287 22 94 36 26 29 28 22 23 22 22 33 28
288 22 92 25 12 36 80 22 47 14 16 33 27
289 22 234 27 15 33 58 24 33 22 19 34 28
290 22 96 29 31 31 29 22 18 29 31 34 28
291 22 75 21 20 22 35 19 17 27 23 33 27
292 22 118 28 19 33 66 24 22 28 34 34 28
293 22 91 32 22 31 30 15 29 26 27 34 28
294 22 51 18 28 25 1 24 32 27 14 33 28
295 22 85 33 24 29 79 19 33 31 20 33 28
296 22 341 24 22 25 1 21 13 24 26 34 28
297 22 94 40 39 23 101 30 41 21 15 33 28
298 22 83 26 10 42 45 19 31 34 20 33 27
299 22 100 22 10 37 28 20 50 23 13 33 28
300 22 143 37 19 35 34 23 27 37 32 34 28
301 22 116 41 27 31 110 21 48 37 22 34 28
302 22 85 28 31 28 51 26 39 27 18 34 28
303 22 111 15 24 20 16 29 42 27 10 33 27
304 22 105 30 29 24 3 26 14 24 23 33 28
305 22 71 23 32 25 31 24 32 30 15 33 28
306 22 41 24 22 32 1 19 32 28 24 33 28
307 22 96 18 26 20 37 21 7 19 30 34 28
308 22 100 29 31 30 14 27 39 27 19 33 28
309 22 194 33 35 26 20 23 15 24 26 34 28
310 22 113 32 34 28 1 21 34 33 19 33 28
311 22 102 29 18 31 72 25 41 28 19 33 28
312 22 172 18 7 30 1 16 17 27 24 33 28
313 22 257 39 30 32 4 23 31 27 23 33 28
314 22 77 27 6 39 52 26 21 36 28 34 27
315 22 198 29 22 37 19 24 39 23 23 33 28
316 22 206 30 26 38 1 26 29 28 18 33 27
317 22 296 85 1669 485 242 1261 528 2007 23 33 28
318 22 83 22 27 28 13 22 41 29 2 33 28
319 22 36 21 37 22 16 20 48 24 10 33 28
320 22 122 20 22 25 25 22 14 24 26 33 28
321 22 94 31 20 33 59 26 40 36 18 34 28
322 22 326 23 37 21 1 20 20 27 20 33 28
323 22 175 28 29 25 8 16 25 30 21 33 27
324 21 1 18 37 19 5 22 44 24 8 33 27
325 22 96 22 6 32 1 17 26 27 31 34 27
326 22 155 19 24 28 18 25 36 28 10 33 28
327 22 134 31 31 29 6 25 38 21 22 34 27
328 22 241 39 34 29 37 22 44 30 14 34 28
329 22 78 25 19 31 1 22 29 17 16 33 28
330 22 120 25 35 29 45 18 48 27 11 33 28
331 22 96 44 46 20 1 19 28 28 18 33 28
332 22 102 34 33 27 53 22 29 24 19 33 27
333 22 65 35 36 23 17 26 24 26 20 33 28
334 22 202 29 17 28 60 25 35 28 21 33 28
335 22 162 9 9 33 1 9 28 30 30 34 27
336 22 223 14 32 25 1 24 40 26 6 33 28
337 22 108 39 29 33 43 23 33 30 21 33 28
338 22 183 36 30 37 67 26 40 29 11 34 28
339 22 49 23 35 18 47 23 51 23 9 33 27
340 22 88 18 30 23 1 21 38 30 14 33 28
341 22 237 35 35 26 49 19 34 28 22 33 28
342 22 163 33 34 33 83 15 39 28 17 34 28
343 22 129 26 20 26 1 26 17 32 32 34 28
344 22 180 37 17 36 3 22 26 22 26 34 28
345 22 99 32 35 31 27 20 20 25 19 33 28
346 22 66 27 42 22 53 21 54 32 7 34 28
347 22 49 32 25 35 34 23 44 30 18 33 28
348 22 153 36 25 33 38 25 34 18 17 33 28
349 22 106 28 62 37 1 15 18 33 35 34 28
350 22 214 13 23 15 1 19 27 24 21 33 28
351 22 58 31 36 21 42 22 45 29 5 34 28
352 22 92 51 19 38 114 23 35 32 22 34 28
353 22 208 23 20 38 1 28 27 24 25 33 28
354 22 116 36 12 33 83 21 36 30 30 34 28
355 22 101 36 21 41 29 25 31 19 18 34 28
356 22 139 21 28 29 6 19 23 18 22 33 28
357 22 159 23 11 36 71 24 51 23 12 33 28
358 22 139 27 17 27 53 20 33 30 27 34 28
359 22 40 15 27 24 35 20 48 23 7 33 27
360 22 111 30 27 35 3 14 53 23 22 33 28
361 22 393 19 23 38 1 24 44 26 13 33 27
362 22 135 19 1 35 9 19 21 30 23 33 27
363 22 98 28 24 30 30 24 44 34 15 33 28
364 22 154 23 33 23 59 29 47 23 11 33 28
365 22 47 34 40 27 71 22 42 22 9 34 28
366 22 94 38 41 32 4 16 23 28 27 34 28
367 22 171 25 1 37 1 21 1 23 35 34 28
368 22 189 36 25 33 83 31 51 24 17 34 28
369 22 106 41 31 27 41 21 25 38 20 33 28
370 22 84 29 30 27 7 19 36 29 12 33 28
371 22 157 31 53 18 1 15 29 25 18 33 28
372 22 396 27 30 33 1 18 37 29 17 34 28
373 22 2 27 47 23 1 23 44 27 6 33 28
374 22 110 29 27 23 8 21 32 33 24 33 28
375 22 80 39 27 36 1 24 53 22 8 34 28
376 22 52 14 19 34 17 24 26 32 17 33 28
377 22 300 45 32 33 20 25 46 25 14 34 28
378 22 141 46 12 47 7 21 18 24 33 34 28
379 22 104 35 33 24 24 22 23 24 30 34 28
380 22 79 41 26 33 59 19 32 21 21 34 28
381 22 106 56 25 36 61 18 25 25 26 34 28
382 22 156 33 30 37 25 23 46 21 10 34 28
383 22 41 25 43 13 1 27 40 30 16 33 28
384 22 98 27 28 30 67 25 57 24 7 34 28
385 22 65 23 21 25 8 26 43 34 21 33 28
386 22 133 15 25 19 1 24 38 25 16 33 27
387 22 45 31 34 25 36 19 44 34 14 34 28
388 22 145 40 41 29 4 21 40 28 16 34 28
389 22 164 27 20 32 31 23 30 24 28 34 27
390 22 191 28 22 36 1 19 54 31 9 33 28
391 22 212 44 31 23 64 22 16 29 35 34 28
392 22 251 39 27 34 1 13 23 23 28 34 28
393 22 97 34 36 25 1 20 13 24 22 33 28
394 22 69 34 23 36 29 20 31 30 17 33 28
395 22 95 40 24 26 58 16 12 30 22 33 27
396 22 68 17 16 20 20 19 23 32 33 34 27
397 22 126 42 31 34 24 21 37 30 23 34 28
398 22 81 24 16 29 59 16 12 34 26 34 28
399 22 209 45 32 30 68 27 38 25 16 33 28
400 22 99 16 7 35 1 20 28 23 17 33 27
401 22 111 36 34 26 16 21 18 30 25 34 27
402 22 90 29 16 28 6 18 30 31 31 34 27
403 22 63 21 27 30 1 15 10 24 30 34 28
404 22 147 37 25 32 1 16 20 22 28 34 28
405 22 145 38 33 36 1 19 18 17 34 34 28
406 22 72 42 32 33 21 31 51 29 11 33 28
407 22 128 20 27 25 1 20 17 35 29 34 28
408 22 116 33 24 42 27 22 29 25 19 33 28
409 22 109 21 16 24 1 18 1 32 37 34 28
410 22 78 27 14 34 68 27 53 30 12 34 28
411 22 121 47 27 30 1 14 9 22 32 34 27
412 22 73 17 13 37 46 19 51 28 14 34 28
413 22 94 35 29 35 53 20 34 23 21 34 28
414 22 68 38 41 29 55 24 43 28 17 33 28
415 22 76 23 21 31 12 16 36 31 31 34 28
416 22 139 39 32 29 36 18 20 24 25 34 28
417 22 145 24 28 19 38 22 41 31 1 33 28
418 22 126 33 31 27 74 20 29 28 20 33 28
419 22 207 32 27 30 11 22 14 33 31 34 28
420 22 120 29 42 14 1 20 23 29 23 33 27
421 22 160 19 1 25 18 22 9 25 40 34 27
422 22 60 20 29 26 1 25 41 25 10 33 27
423 22 167 47 13 44 101 28 15 25 32 34 27
424 22 1 15 35 15 19 20 60 31 1 33 27
425 22 120 20 27 28 32 21 40 33 15 33 28
426 22 151 21 1 37 72 20 21 33 37 34 28
427 22 144 39 27 33 46 26 48 30 19 33 28
428 22 181 37 37 26 11 17 9 22 35 34 27
429 22 87 23 29 29 3 18 41 22 15 33 28
430 22 93 36 21 30 1 22 17 31 28 34 28
431 22 123 21 18 33 1 41 29 24 25 33 28
432 22 88 29 39 29 24 19 34 22 19 33 28
433 22 134 32 26 34 69 22 39 17 14 33 28
434 22 81 31 46 20 38 23 29 23 14 33 27
435 22 135 41 35 32 26 17 31 22 22 34 28
436 22 111 33 35 25 1 17 14 89 28 34 28
437 22 534 30 29 28 59 23 16 26 27 34 28
438 22 100 25 17 34 70 26 53 25 11 33 28
439 21 1 23 37 28 74 20 52 34 8 33 27
440 22 79 32 29 26 28 26 18 26 16 33 28
441 22 61 31 35 23 32 23 32 31 17 34 28
442 22 129 22 20 31 1 31 35 32 15 34 28
443 22 95 39 38 30 45 25 24 22 23 33 28
444 22 115 38 42 27 39 22 35 25 14 34 28
445 21 1 31 36 29 28 17 44 27 1 33 27
446 22 87 33 15 28 90 23 39 34 19 34 28
447 22 162 40 42 22 1 14 18 27 33 34 28
448 22 358 27 35 20 20 23 42 25 11 33 27
449 22 114 33 33 31 77 30 46 15 10 34 28
450 22 124 22 19 29 23 22 30 26 14 33 27
451 22 225 21 16 30 1 24 18 33 24 33 27
452 22 37 24 33 19 42 23 50 25 6 34 28
453 22 80 33 25 33 67 23 45 28 15 33 28
454 22 79 20 9 36 33 23 42 32 18 33 28
455 22 131 11 18 25 36 26 26 24 22 33 28
456 22 62 35 43 24 34 22 39 20 11 33 28
457 22 207 43 44 27 42 20 21 31 17 33 28
458 22 127 38 27 34 74 19 52 24 1 34 28
459 22 96 29 35 25 1 25 13 34 31 34 28
460 22 124 39 26 34 49 26 44 20 12 34 28
461 22 117 38 35 27 32 20 5 21 31 34 28
462 22 92 28 25 30 3 20 23 29 20 33 28
463 22 33 33 36 32 57 28 39 34 13 34 28
464 22 114 8 11 34 3 23 33 20 7 33 28
465 22 90 21 41 25 38 17 69 30 4 34 28
466 22 381 32 22 32 58 23 28 21 31 34 27
467 22 201 37 35 26 34 28 59 37 7 34 28
468 22 232 34 27 22 41 24 40 17 8 33 28
469 22 142 30 38 18 1 19 6 28 30 34 28
470 22 94 35 35 36 1 26 39 28 18 33 28
471 22 119 40 17 35 95 28 23 34 29 34 27
472 22 249 17 18 25 1 20 18 31 29 34 27
473 22 71 49 31 43 7 22 23 23 18 34 28
474 22 109 37 42 31 27 21 37 27 16 34 28
475 22 162 31 25 35 18 19 19 27 25 33 28
476 22 73 20 18 30 6 23 31 27 15 33 27
477 22 93 36 25 41 1 21 35 24 25 34 28
478 22 81 39 29 34 37 19 29 29 22 33 28
479 22 99 42 29 32 68 253 34 32 16 34 28
480 22 97 37 40 24 8 23 20 375 35 34 28
481 22 243 34 29 27 34 21 21 29 35 34 28
482 22 68 42 35 30 1 11 34 33 17 33 28
483 22 78 16 22 28 39 20 45 32 5 34 28
484 22 211 42 48 18 31 20 36 18 16 33 27
485 22 161 22 29 18 20 26 5 29 31 34 27
486 22 104 23 21 21 1 22 15 25 32 34 27
487 22 93 35 15 41 1 19 25 33 23 33 27
488 22 89 37 26 36 42 17 43 27 11 33 28
489 22 170 27 29 38 37 13 32 12 19 33 28
490 22 75 42 28 28 63 21 19 30 31 34 28
491 22 56 33 37 20 1 28 32 32 24 33 28
492 22 152 23 18 21 23 23 26 29 26 33 27
493 22 63 38 33 37 39 23 55 28 4 34 28
494 22 87 21 36 22 1 28 30 26 14 33 28
495 22 167 30 25 25 1 21 10 28 33 34 27
496 22 84 25 34 23 1 17 29 31 30 34 27
497 22 180 49 43 35 88 15 33 29 17 33 28
498 22 137 23 25 24 12 24 36 28 7 33 28
499 22 325 32 20 31 1 17 28 38 25 33 27
500 22 98 38 35 27 46 22 25 24 34 34 28
501 22 125 35 33 31 1 19 19 26 28 34 28
502 22 134 28 25 34 15 23 31 36 22 33 28
503 22 46 20 29 22 24 31 33 29 17 33 28
504 22 211 34 16 36 79 23 21 34 30 34 27
505 22 80 29 29 16 1 20 17 27 24 33 27
506 22 154 5 14 30 1 20 32 18 15 33 28
507 22 111 26 27 34 1 18 18 28 35 34 28
508 22 69 26 27 33 15 22 21 22 22 33 28
509 22 82 29 35 21 63 23 47 23 12 34 28
510 22 88 37 13 42 1 19 13 31 17 33 27
511 22 90 25 21 30 65 20 37 31 13 33 27
512 22 61 25 39 27 1 19 16 25 19 33 27
513 22 191 30 22 31 28 32 34 21 24 33 28
514 22 164 36 34 21 51 28 6 30 36 34 27
515 22 143 25 40 18 1 25 17 29 26 33 28
516 22 102 33 34 23 2 20 13 31 33 34 28
517 22 83 34 39 25 11 17 40 22 12 34 28
518 22 233 26 29 23 34 25 46 20 10 33 28
519 22 122 47 29 30 87 24 29 29 15 34 28
520 22 81 36 39 25 67 18 25 15 22 33 28
521 22 150 34 28 29 61 22 35 26 21 33 28
522 22 85 32 18 43 2 25 42 28 11 34 28
523 22 263 40 19 32 90 20 23 22 26 34 28
524 22 186 25 9 26 1 22 1 33 42 34 28
525 22 347 34 12 32 8 19 26 33 33 34 27
526 22 91 27 16 34 54 23 41 22 16 33 27
527 22 66 30 15 30 99 19 43 31 9 33 28
528 22 92 25 37 20 1 23 28 26 13 33 28
529 22 35 34 40 31 21 19 45 27 4 33 28
530 22 219 29 16 28 41 19 22 26 31 34 28
531 22 71 39 16 44 20 22 36 35 28 34 28
532 22 254 33 32 28 44 29 35 17 18 34 28
533 22 70 29 12 30 9 15 35 39 30 34 28
534 22 71 33 24 38 26 22 35 29 24 33 28
535 22 141 31 29 35 18 17 32 27 17 34 28
536 22 44 42 46 28 53 16 40 25 12 34 28
537 22 44 30 43 15 58 21 50 31 2 34 28
538 22 91 31 41 28 1 15 25 24 29 34 28
539 22 123 18 10 35 66 19 50 23 7 34 27
540 22 120 37 32 25 78 26 28 21 19 33 28
541 22 113 38 24 33 108 27 28 31 19 33 28
542 22 86 18 26 19 1 16 25 17 24 33 28
543 22 26 10 33 14 1 22 37 35 8 33 27
544 22 151 43 36 24 72 31 39 25 18 33 28
545 22 177 14 24 30 1 17 55 29 9 33 28
546 22 286 17 7 29 9 21 24 32 30 34 27
547 22 71 35 43 30 1 24 37 32 22 34 28
548 22 143 30 31 31 1 21 27 30 19 33 28
549 22 129 42 38 27 76 25 20 24 25 34 28
550 22 126 39 27 33 87 26 27 31 20 33 28
551 22 110 38 32 31 65 27 35 27 17 34 28
552 22 226 35 30 21 18 22 23 22 23 33 27
553 22 157 30 12 33 1 13 10 27 38 34 28
554 22 188 36 31 32 49 28 46 29 14 33 28
555 22 115 26 24 27 61 18 33 31 19 33 28
556 22 41 22 31 32 1 26 43 28 8 33 28
557 22 218 24 21 24 2 17 14 17 21 33 28
558 22 155 37 23 38 39 23 23 35 31 34 28
559 22 133 28 19 25 23 23 28 28 16 33 28
560 22 92 28 25 26 54 16 24 24 29 34 28
561 22 104 36 27 29 5 15 49 23 17 33 28
562 22 106 18 20 22 1 15 9 17 28 34 27
563 22 105 24 11 27 28 21 48 31 17 33 28
564 22 138 37 33 28 54 24 28 29 24 34 28
565 22 88 38 29 29 76 25 34 34 23 33 28
566 22 89 23 17 26 20 22 29 31 15 33 28
567 22 90 23 18 33 49 14 30 28 15 33 28
568 22 18 27 33 23 1 20 53 31 17 33 28
569 22 85 19 27 25 5 20 46 31 7 33 28
570 22 527 28 15 36 35 27 25 30 15 33 27
571 22 107 41 43 27 3 20 12 31 26 34 28
572 22 121 30 22 25 35 19 8 24 31 34 27
573 22 142 39 25 32 44 19 34 30 18 34 28
574 22 350 34 28 36 30 22 48 25 16 34 28
575 22 88 29 9 34 1 21 1 29 35 34 28
576 22 139 23 38 15 1 21 26 23 14 33 27
577 22 207 23 17 33 1 21 27 29 24 33 27
578 21 1 24 40 19 1 23 41 22 9 33 27
579 22 112 39 24 24 21 12 23 23 29 34 27
580 22 166 41 32 31 1 19 23 27 32 34 28
581 22 69 36 31 29 79 20 39 29 25 34 28
582 22 174 20 18 28 14 13 36 30 15 33 27
583 22 141 20 26 27 6 23 18 36 23 33 27
584 22 113 22 19 26 26 14 28 21 17 33 27
585 22 88 36 44 26 34 26 43 34 19 34 28
586 22 85 23 2 40 27 24 15 23 28 34 28
587 22 180 39 37 23 65 17 40 25 13 33 28
588 22 134 15 29 22 1 24 47 26 6 33 27
589 22 170 34 21 30 63 14 35 28 20 33 28
590 22 166 29 7 33 1 21 1 29 43 34 28
591 22 91 29 31 34 53 26 37 17 12 33 28
592 22 140 35 29 36 1 26 24 24 23 33 28
593 22 177 17 23 30 1 19 32 28 23 33 28
594 22 98 44 49 31 1 30 44 34 14 33 28
595 22 78 23 27 32 36 22 39 22 4 33 27
596 22 173 40 16 41 53 16 21 27 25 34 28
597 22 189 25 26 30 1 18 27 22 24 33 27
598 22 108 39 19 33 46 18 27 30 28 34 28
599 22 112 20 33 28 35 25 39 33 7 33 27
600 22 106 41 36 30 53 17 22 30 24 33 28
601 22 103 33 27 31 14 20 26 31 21 33 28
602 22 245 40 32 23 59 23 39 29 19 33 28
603 22 169 43 39 31 31 28 29 24 15 33 28
604 22 380 17 12 34 11 21 42 21 16 33 27
605 22 152 31 12 34 58 26 16 32 30 34 27
606 22 239 40 14 34 44 24 23 31 26 34 28
607 22 126 22 16 32 35 16 32 23 20 33 27
608 22 175 26 13 38 44 25 42 27 29 34 28
609 22 123 40 16 44 1 24 16 30 28 34 28
610 22 90 24 27 28 1 18 13 30 19 33 28
611 22 95 22 26 21 1 12 14 24 23 33 27
612 22 129 38 40 30 1 18 23 32 22 33 28
613 22 130 27 28 16 27 21 29 25 14 33 28
614 22 81 32 28 25 26 17 27 27 19 33 28
615 22 98 18 12 37 3 24 48 29 13 33 28
616 22 191 31 33 26 34 24 34 24 15 34 28
617 22 73 36 31 25 32 17 27 21 20 33 28
618 22 114 23 34 28 1 22 44 32 14 33 28
619 22 103 31 38 28 28 24 27 17 22 33 28
620 22 337 41 28 37 54 30 36 30 23 33 28
621 22 538 22 28 24 9 20 20 30 18 33 27
622 22 140 29 26 31 34 15 35 22 16 33 28
623 22 120 16 19 26 33 27 31 30 21 33 28
624 22 195 23 25 29 1 18 28 30 21 33 27
625 22 93 30 25 22 1 15 20 28 21 33 27
626 22 277 21 25 28 1 24 16 30 24 33 28
627 22 74 15 25 32 27 22 42 23 15 33 27
628 22 116 38 35 34 62 16 49 24 8 33 27
629 22 182 16 3 30 45 20 15 22 29 34 27
630 22 254 35 27 36 1 18 44 21 21 33 27
631 22 96 19 23 33 1 22 36 26 14 33 28
632 22 54 19 23 27 43 22 40 28 12 33 28
633 22 113 20 6 32 24 18 22 33 21 33 27
634 22 165 39 17 38 30 26 14 27 35 34 28
635 22 223 37 30 39 68 25 38 33 20 33 28
636 22 147 24 17 34 30 21 42 33 23 33 28
637 22 230 32 13 25 31 21 13 34 27 34 27
638 22 86 36 30 27 33 26 1 27 36 34 28
639 22 114 49 34 41 7 20 23 33 32 34 27
640 22 132 29 28 27 39 28 26 27 24 33 28
641 22 1143 40 21 43 1 22 28 26 9 33 28
642 22 145 20 12 32 49 22 43 26 14 33 27
643 22 132 27 37 27 24 27 33 24 11 33 27
644 22 111 28 35 27 1 22 34 17 12 33 28
645 22 72 11 14 30 1 24 22 30 25 33 27
646 22 59 25 21 35 40 25 52 18 12 33 28
647 22 99 27 26 36 1 21 47 23 12 33 28
648 22 92 27 10 31 7 23 18 22 28 34 28
649 22 44 5 24 25 13 20 45 26 8 33 28
650 22 129 25 30 22 11 19 31 19 16 33 28
651 22 103 42 29 37 33 25 33 36 27 34 28
652 22 216 29 35 23 1 20 24 35 27 34 28
653 22 228 15 16 24 1 313 27 23 31 34 27
654 22 94 33 29 45 56 23 35 23 25 34 28
655 22 47 33 32 30 64 24 43 19 9 34 28
656 22 101 37 27 36 49 21 50 28 13 33 28
657 22 238 36 42 28 27 13 49 30 15 33 28
658 22 107 39 38 34 21 23 37 25 25 34 28
659 22 93 41 26 34 95 26 48 29 20 33 28
660 22 503 8 15 28 1 18 31 32 18 33 28
661 22 99 34 35 29 37 17 29 23 14 33 28
662 22 160 32 8 43 18 22 15 26 29 34 28
663 22 75 33 22 32 12 23 45 31 12 33 28
664 22 322 36 17 36 68 24 23 24 36 34 28
665 22 106 34 23 28 81 19 28 25 18 33 27
666 22 111 35 36 24 29 17 30 32 28 34 28
667 22 83 22 9 30 12 19 22 25 30 34 27
668 22 50 37 44 29 41 16 38 20 8 34 28
669 22 261 22 39 22 1 16 46 24 10 33 27
670 22 120 35 30 28 27 22 32 26 27 34 28
671 22 85 38 20 39 33 26 45 20 23 33 28
672 22 75 24 24 33 46 24 36 28 13 33 28
673 22 145 20 21 25 31 22 24 23 16 33 28
674 22 127 46 35 33 1 22 36 30 23 34 28
675 22 91 36 32 29 46 19 34 28 16 34 28
676 22 121 40 31 29 31 30 35 23 14 34 28
677 22 78 44 27 38 2 22 37 27 21 33 28
678 22 262 42 29 37 9 17 39 32 17 33 28
679 22 96 30 24 33 18 22 10 25 37 34 28
680 22 175 28 31 21 1 21 42 21 11 33 28
681 22 63 18 21 24 39 24 23 25 15 33 28
682 22 232 40 14 35 54 23 14 24 25 34 28
683 22 79 40 18 34 57 21 19 25 23 33 28
684 22 64 38 29 28 1 21 14 36 33 34 27
685 22 162 44 23 33 11 19 7 29 33 34 28
686 22 140 27 26 29 110 25 35 28 16 33 28
687 22 408 21 29 16 1 15 21 18 24 33 28
688 22 65 40 32 26 28 22 30 29 15 34 28
689 22 169 33 38 22 49 23 15 29 26 34 28
690 22 227 14 12 25 60 19 31 24 20 33 27
691 22 90 44 34 29 38 19 23 19 20 33 28
692 22 136 23 17 33 8 19 36 19 14 34 27
693 22 143 35 2 37 69 23 14 31 37 34 28
694 22 144 26 16 28 4 20 22 26 33 34 28
695 22 76 35 26 31 71 22 25 24 18 33 28
696 22 100 36 38 24 44 14 20 24 29 34 28
697 22 127 16 18 25 2 22 6 25 35 34 27
698 22 91 32 30 32 37 27 38 33 18 33 28
699 22 148 21 10 32 51 28 49 24 19 33 28
700 22 408 37 44 20 21 22 40 28 24 33 27
701 22 44 35 46 20 39 18 38 26 9 34 28
702 22 1 24 27 31 76 24 59 23 5 33 27
703 21 1 31 44 27 1 14 39 37 15 33 27
704 22 58 35 39 20 56 26 47 27 14 34 28
705 20 70 30 24 33 16 16 41 28 6 32 26
706 22 46 23 36 17 14 24 31 28 6 33 27
707 22 102 28 21 33 1 22 31 22 29 34 27
708 22 90 30 25 34 52 26 27 22 17 33 28
709 22 297 24 32 23 1 24 6 23 29 34 28
710 22 28 28 40 23 68 21 42 28 8 33 28
711 22 146 45 27 28 46 23 18 33 24 34 28
712 22 110 30 26 28 1 11 23 28 28 34 28
713 22 94 17 3 37 33 29 28 34 26 34 28
714 22 80 43 28 32 44 24 1 34 36 34 28
715 22 144 15 26 20 1 17 17 18 23 33 27
716 22 144 31 36 39 16 21 34 22 22 33 28
717 22 79 39 39 29 2 25 41 23 12 34 28
718 22 186 25 16 34 53 18 38 19 14 33 28
719 22 113 24 30 37 50 26 46 37 15 34 28
720 22 83 40 32 34 88 24 36 40 22 33 28
721 22 28 20 35 28 29 24 40 25 11 33 28
722 22 75 30 32 22 15 19 24 30 28 34 28
723 22 111 26 20 22 25 21 24 27 26 33 28
724 22 42 24 35 25 1 20 40 35 15 33 28
725 22 140 31 29 26 71 21 35 30 12 33 28
726 22 108 39 39 27 70 21 11 29 17 33 28
727 22 188 37 28 35 99 18 30 27 31 34 28
728 22 148 40 20 37 86 18 20 31 32 34 28
729 22 91 16 22 24 1 17 19 16 24 33 27
730 22 245 33 12 34 62 13 19 27 33 34 28
731 22 119 43 26 34 91 20 33 20 17 33 28
732 22 108 37 38 27 24 27 12 27 29 34 28
733 22 99 41 16 40 48 19 21 24 33 34 28
734 22 89 24 19 31 27 25 39 31 15 33 28
735 22 196 35 27 34 1 25 31 25 30 34 28
736 22 186 28 23 26 35 24 47 27 7 33 28
737 22 142 28 15 30 70 26 43 36 15 33 28
738 22 161 40 28 39 26 21 28 27 21 33 28
739 22 121 27 14 36 14 23 24 34 26 34 27
740 22 193 30 33 27 67 29 44 20 5 33 28
741 22 148 36 31 19 1 22 29 31 34 34 28
742 22 473 44 45 28 54 19 49 22 9 34 28
743 22 145 37 27 39 36 25 19 30 19 33 28
744 22 84 33 30 31 16 19 20 26 36 34 28
745 22 62 24 28 32 1 23 45 23 17 33 28
746 22 172 38 44 21 31 15 33 30 18 33 28
747 22 138 45 36 36 28 17 34 25 13 34 28
748 22 115 34 35 28 67 21 39 23 14 33 28
749 22 60 27 35 16 4 19 25 31 24 33 28
750 22 127 21 14 27 1 17 23 30 32 34 27
751 22 113 41 40 28 3 13 14 27 30 34 28
752 22 108 28 36 23 14 20 25 23 21 33 27
753 22 189 39 38 22 34 27 19 22 20 33 27
754 22 90 28 23 32 1 25 15 30 31 34 28
755 22 73 37 25 28 8 19 30 29 19 33 28
756 22 124 18 17 26 1 34 38 22 20 33 28
757 22 51 27 31 28 1 22 32 31 10 33 27
758 22 96 37 35 23 1 22 7 36 37 34 27
759 22 41 31 48 23 36 22 34 25 12 34 28
760 22 197 18 20 28 19 21 40 31 16 33 27
761 22 143 24 15 35 35 17 13 28 30 34 27
762 22 58 22 21 28 9 20 32 28 27 33 27
763 22 342 32 24 36 1 23 26 29 14 33 27
764 22 91 30 26 33 26 22 29 34 13 33 28
765 22 135 23 38 17 1 18 50 30 8 33 27
766 22 83 25 17 33 41 27 35 19 21 33 28
767 22 258 33 41 24 1 19 33 19 12 33 27
768 22 101 41 33 27 59 18 20 22 23 33 28
769 22 70 31 20 29 18 12 6 35 37 34 28
770 22 135 21 16 31 9 21 1 30 35 34 27
771 22 101 19 21 35 1 24 45 23 16 33 27
772 22 47 21 25 31 25 24 41 28 13 33 28
773 22 104 53 33 32 43 18 23 33 29 34 28
774 22 57 23 34 22 48 32 44 26 11 34 28
775 22 94 32 34 23 1 21 14 24 31 34 28
776 22 86 33 43 23 80 18 49 26 8 34 28
777 22 130 28 27 24 58 19 13 25 30 34 28
778 22 118 23 27 23 14 27 44 20 5 33 28
779 22 200 33 14 32 51 17 28 38 36 34 27
780 22 215 36 20 34 47 23 35 27 17 33 28
781 22 21 33 37 36 32 21 43 34 5 33 28
782 22 101 38 35 25 1 23 25 24 28 34 28
783 22 79 21 24 30 12 21 19 31 19 33 27
784 22 87 43 40 28 1 24 32 29 33 34 28
785 22 111 36 24 31 63 22 41 31 20 33 28
786 22 86 17 3 29 46 22 16 23 28 34 27
787 22 132 38 18 33 9 18 9 24 37 34 28
788 22 59 30 40 22 76 20 38 27 17 34 28
789 22 84 2 22 15 1 19 29 12 20 33 28
790 22 89 24 18 26 26 19 34 22 18 33 28
791 22 59 24 37 26 30 24 43 37 14 33 28
792 22 114 25 25 32 56 21 37 27 17 33 27
793 22 224 17 31 18 1 23 36 19 1 34 27
794 22 81 26 42 25 1 19 34 24 20 33 28
795 22 93 22 30 21 1 24 49 34 17 33 28
796 22 516 31 12 33 40 22 28 28 16 34 28
797 22 128 32 37 15 18 23 29 34 29 34 27
798 22 118 32 25 26 1 17 12 33 29 34 28
799 22 295 37 28 31 26 26 30 21 17 33 27
800 22 130 32 21 36 37 26 20 30 32 34 28
801 22 87 23 35 26 1 19 26 28 26 33 27
802 22 145 33 28 32 1 19 11 19 31 34 28
803 22 93 31 3 35 73 22 3 27 43 34 28
804 22 231 21 18 24 11 22 19 23 23 33 27
805 22 187 25 17 34 1 18 39 33 13 33 27
806 22 184 37 30 33 38 21 37 24 17 33 27
807 22 93 33 13 36 50 24 32 30 18 33 28
808 22 111 40 33 22 1 19 25 24 25 34 28
809 22 68 17 10 29 24 28 51 23 8 33 27
810 22 104 34 21 37 1 26 36 32 17 33 28
811 22 97 23 24 23 22 27 34 29 14 33 27
812 22 82 39 34 30 17 19 29 22 17 33 27
813 22 73 27 33 30 63 26 35 19 8 33 28
814 22 100 30 8 38 75 16 19 35 33 34 27
815 22 80 36 33 22 1 23 20 28 36 34 27
816 22 138 39 30 33 15 20 29 24 22 33 28
817 22 118 34 36 28 24 18 40 33 16 33 28
818 22 210 50 36 26 51 22 1 29 26 33 27
819 22 111 22 26 32 1 22 11 28 25 33 27
820 22 79 34 22 34 101 22 42 25 13 33 28
821 22 154 31 29 27 72 23 33 17 16 33 28
822 22 107 33 34 28 19 23 34 39 23 33 28
823 22 79 32 35 24 12 26 17 23 30 34 27
824 22 119 21 21 28 1 24 20 26 26 34 27
825 22 135 29 25 29 54 25 25 29 25 33 28
826 22 76 24 28 24 11 16 13 29 30 34 27
827 22 122 32 27 33 34 20 15 29 26 34 28
828 22 94 46 37 33 5 21 14 42 29 34 28
829 22 151 18 8 25 4 15 24 31 30 34 27
830 22 175 29 15 35 24 25 13 24 24 33 28
831 22 104 28 30 30 58 18 22 20 30 34 28
832 22 209 31 24 33 1 19 23 19 24 33 27
833 22 65 35 38 35 10 15 31 28 20 33 28
834 22 165 31 31 34 1 23 34 34 13 33 28
835 22 171 45 39 32 17 18 29 30 22 33 27
836 22 105 15 15 24 15 25 43 25 18 33 27
837 22 362 24 17 31 41 22 33 18 18 33 28
838 22 152 47 27 38 14 20 31 38 17 33 28
839 22 152 25 22 24 1 13 11 25 34 34 27
840 22 113 10 27 21 1 23 39 19 19 33 27
841 22 222 40 26 32 7 24 16 23 19 33 28
842 22 83 43 32 35 1 17 17 23 27 34 27
843 22 77 32 26 28 22 30 28 35 19 33 28
844 22 113 24 25 30 1 26 30 29 25 33 28
845 22 149 31 35 23 7 24 34 27 20 33 28
846 22 91 42 39 39 5 25 37 22 12 34 28
847 22 184 26 22 29 1 23 18 21 30 34 27
848 22 147 27 6 40 9 16 34 28 20 33 27
849 22 145 47 31 30 79 28 34 28 19 33 28
850 22 90 29 32 34 38 23 47 32 9 33 28
851 22 95 24 17 29 21 28 36 22 20 33 28
852 22 137 40 7 45 70 20 18 30 28 34 27
853 22 131 11 20 28 1 22 38 23 15 33 27
854 22 103 22 3 40 23 22 37 30 21 33 28
855 22 76 20 14 27 54 24 40 22 16 33 27
856 22 146 22 30 28 33 20 32 25 19 34 28
857 22 107 17 25 15 8 19 26 32 31 34 27
858 22 199 26 14 31 50 20 10 29 32 34 28
859 22 66 13 17 15 2 18 15 28 28 34 28
860 22 92 23 27 25 1 22 31 28 15 33 28
861 22 119 40 32 25 60 26 19 28 23 33 28
862 22 78 25 17 27 71 29 47 26 12 33 27
863 22 25 32 44 24 49 23 47 35 11 33 28
864 22 75 29 23 33 13 26 32 36 17 33 28
865 22 92 19 9 37 1 23 40 28 14 33 28
866 22 130 38 23 30 36 19 7 25 36 34 28
867 22 114 28 38 24 38 19 40 27 13 33 27
868 22 191 43 32 27 1 18 14 25 25 33 27
869 22 98 31 35 29 1 20 21 25 23 33 27
870 22 99 33 23 42 1 20 34 29 28 34 27
871 22 108 16 17 28 41 18 40 40 17 33 27
872 22 55 9 34 8 1 23 44 24 3 33 27
873 22 204 35 21 35 99 26 26 26 23 34 28
874 22 160 26 14 30 49 18 10 27 31 34 28
875 22 299 22 16 29 20 26 36 31 21 33 28
876 21 1 29 45 21 48 25 57 33 4 33 27
877 22 137 29 31 30 1 28 31 31 15 33 28
878 22 234 20 25 26 31 16 26 25 23 33 28
879 22 274 28 16 37 52 19 40 24 22 33 27
880 22 123 18 25 19 1 18 20 25 28 34 28
881 22 120 37 23 29 70 22 41 31 17 34 28
882 39 240 36 29 50 89 39 85 58 47 55 48
883 22 187 32 34 23 1 21 12 25 24 33 28
884 22 203 29 23 29 18 22 32 30 17 33 28
885 22 75 20 38 17 1 16 43 32 12 33 27
886 22 102 30 31 29 1 30 36 21 11 33 28
887 22 344 48 30 39 77 19 20 25 30 34 28
888 22 85 19 20 31 73 22 53 33 16 33 28
889 21 1 26 42 19 55 25 54 36 3 33 27
890 22 241 25 1 36 34 15 17 33 37 34 28
891 22 98 24 13 29 55 24 41 19 12 33 28
892 22 76 35 30 28 54 19 41 17 14 33 27
893 22 105 24 30 23 1 15 29 31 18 33 28
894 22 71 37 28 31 91 28 45 32 15 33 28
895 22 80 35 42 25 1 29 18 20 17 33 28
896 22 84 21 15 26 42 14 33 28 18 33 27
897 22 181 29 27 29 1 24 23 29 18 33 28
898 22 94 44 30 35 53 18 33 22 17 34 28
899 22 119 32 19 28 48 22 27 28 27 34 28
900 22 112 37 23 28 35 21 17 35 38 34 28
901 22 106 15 11 32 16 17 40 23 16 33 27
902 21 1 40 54 15 13 19 43 34 13 33 27
903 22 61 32 39 30 53 22 43 34 10 34 28
904 22 66 27 7 39 34 21 32 35 29 34 28
905 22 138 26 21 30 1 21 14 32 33 34 28
906 22 126 36 27 30 38 22 34 24 26 34 28
907 22 52 34 26 37 52 22 42 25 13 33 28
908 22 137 33 38 23 51 30 18 31 13 33 28
909 22 80 24 37 18 27 23 19 25 17 33 28
910 22 173 35 23 40 12 22 13 29 20 33 27
911 22 84 23 21 33 45 18 24 26 26 34 28
912 22 142 26 1 36 33 27 36 32 25 34 28
913 22 187 36 23 38 16 23 43 26 19 33 27
914 22 292 16 19 24 54 21 37 26 15 33 27
915 22 169 21 21 33 29 18 34 25 19 33 27
916 22 106 35 22 33 21 25 36 30 28 34 28
917 22 154 35 27 30 8 23 16 25 29 34 27
918 22 156 25 30 23 38 26 35 25 8 33 28
919 22 118 29 19 31 76 24 36 33 17 33 27
920 22 134 33 32 32 58 24 43 32 15 33 28
921 22 101 36 40 32 1 20 35 18 11 33 27
922 22 122 28 17 30 1 23 5 18 28 34 28
923 22 267 18 5 36 20 17 24 26 26 34 27
924 22 129 28 41 22 20 23 42 24 11 33 28
925 22 110 47 30 26 87 20 21 32 27 34 28
926 22 54 23 22 25 82 23 28 19 18 33 27
927 22 325 26 26 37 32 21 41 23 6 33 28
928 22 187 37 36 25 17 28 28 35 17 33 28
929 22 33 33 47 26 1 20 44 30 7 33 28
930 22 68 20 16 27 37 19 24 21 24 33 28
931 22 120 32 22 38 14 24 21 18 28 34 28
932 22 195 40 28 36 1 21 15 29 32 34 28
933 22 117 41 30 30 25 18 20 28 26 34 28
934 22 93 18 27 29 1 19 35 32 20 33 28
935 22 88 34 25 34 1 18 15 27 24 33 27
936 22 166 45 29 36 18 25 24 20 26 34 28
937 22 182 35 11 35 30 25 20 27 19 33 27
938 22 80 35 37 30 15 19 31 25 15 34 28
939 22 118 25 22 22 1 21 1 32 30 34 27
940 22 76 19 27 25 39 18 41 20 10 33 27
941 22 94 21 24 27 85 25 25 27 14 34 28
942 22 154 43 28 32 25 22 34 41 19 33 28
943 22 115 35 29 36 25 32 36 35 18 34 28
944 22 268 39 31 28 62 22 38 21 15 33 28
945 22 72 35 24 32 91 23 41 27 18 33 28
946 22 191 18 26 24 60 26 35 20 14 33 28
947 22 63 33 46 24 233 21 40 24 11 33 27
948 22 207 27 5 30 20 22 15 29 34 34 28
949 22 96 44 30 38 23 21 36 37 29 34 28
950 22 116 38 38 28 83 20 39 26 18 33 27
951 22 127 22 12 31 1 25 8 26 31 34 27
952 22 82 48 29 37 17 23 25 34 32 34 27
953 22 119 28 17 33 53 26 26 22 20 33 27
954 22 62 32 31 32 84 19 38 30 21 33 28
955 22 92 10 16 37 19 17 44 26 10 33 27
956 22 254 38 40 28 1 21 20 26 28 34 28
957 22 86 31 33 29 1 20 43 23 15 33 28
958 22 93 30 38 25 43 21 44 22 13 34 28
959 22 65 28 41 19 51 16 25 33 7 33 28
960 22 81 33 34 27 1 24 29 28 19 33 28
961 22 67 28 29 32 88 25 45 21 9 34 28
962 22 54 24 17 35 1 18 44 31 19 33 28
963 22 165 38 24 40 25 23 35 33 31 34 28
964 22 94 35 42 30 18 21 41 25 14 33 28
965 22 138 28 27 26 4 19 14 30 30 34 28
966 22 107 41 14 37 81 19 25 22 19 33 27
967 22 64 32 37 32 41 25 29 31 21 33 28
968 22 64 29 31 35 1 19 18 26 21 33 28
969 22 53 24 19 21 41 20 35 20 20 33 27
970 22 155 38 22 38 48 19 11 20 28 34 28
971 22 157 12 22 26 1 24 23 26 18 33 27
972 22 101 33 9 33 1 24 9 31 44 34 27
973 22 81 33 47 24 1 22 34 26 12 33 28
974 21 1 27 38 21 18 27 54 29 8 33 27
975 22 114 26 23 23 5 24 30 29 30 34 27
976 22 69 37 22 36 62 18 32 34 15 33 28
977 20 127 35 21 33 53 18 33 28 16 31 25
978 22 100 40 31 30 25 28 27 37 30 34 28
979 22 229 34 38 22 11 21 32 24 17 33 27
980 22 121 40 30 38 15 18 38 27 19 33 27
981 22 120 41 28 28 29 23 27 28 21 33 28
982 22 123 30 34 31 1 24 9 31 23 33 28
983 22 167 34 27 26 72 21 30 27 14 33 27
984 22 3 27 42 22 5 22 22 29 19 33 27
985 22 52 24 17 26 42 22 51 32 7 33 27
986 22 112 35 23 30 1 25 30 34 19 33 28
987 22 44 23 17 30 5 27 46 33 14 33 28
988 22 122 49 37 35 4 21 19 38 34 34 28
989 22 146 48 21 44 50 19 29 28 33 34 27
990 22 148 28 33 21 18 23 3 35 34 34 27
991 22 69 31 30 37 1 22 47 41 15 34 28
992 22 86 32 17 32 63 25 51 28 16 34 28
993 22 81 11 7 32 14 22 21 25 27 34 28
994 22 68 24 34 31 1 27 44 28 13 33 28
995 22 174 37 28 30 32 21 24 14 18 33 28
996 22 153 9 23 29 1 20 44 32 14 33 27
997 22 63 26 32 23 1 21 29 27 9 33 28
998 22 139 50 29 35 39 24 22 27 33 34 28
999 22 160 41 28 43 27 23 25 28 20 33 28
1000 22 180 41 46 21 35 17 15 26 24 33 28
