1 22 37 45 19 83 72 108 28 1 38 34 27
2 22 40 41 22 224 70 1 22 1 37 33 27
3 22 24 15 25 133 1 219 17 1 25 33 27
4 22 32 41 27 60 101 232 46 53 18 33 28
5 22 30 31 27 140 92 1 58 98 1 33 27
6 22 31 42 38 139 9 1 29 1 12 33 27
7 22 39 44 40 58 7 1 25 1 22 33 27
8 22 31 35 22 139 53 1 53 87 16 33 28
9 22 31 35 26 142 26 1 36 1 26 33 27
10 22 27 34 28 99 75 95 48 90 16 33 28
11 22 30 22 28 53 84 1 53 130 6 33 27
12 22 33 43 34 52 3 223 39 64 24 33 27
13 22 42 47 26 115 42 1 10 1 36 33 27
14 22 29 29 45 48 1 127 50 146 6 33 28
15 22 34 24 26 126 34 1 13 1 23 33 27
16 22 33 31 29 83 96 198 34 1 15 33 27
17 22 30 22 36 77 16 25 27 1 17 33 27
18 22 33 26 31 146 24 1 48 85 4 33 28
19 22 23 18 25 81 5 195 50 94 1 33 27
20 22 37 41 30 158 106 1 44 70 23 33 28
21 22 27 19 23 346 40 1 24 1 30 33 27
22 22 31 24 23 85 1 88 11 1 22 33 28
23 22 36 43 25 114 27 1 34 1 40 34 28
24 22 28 13 15 114 1 263 20 1 35 33 27
25 22 30 41 39 52 80 1 50 75 14 33 28
26 22 32 29 41 176 1 355 22 20 17 33 28
27 22 37 39 24 88 113 1 50 107 21 33 27
28 22 24 34 50 84 22 20 52 140 4 33 27
29 22 29 36 40 113 20 90 22 1 16 33 27
30 22 22 18 23 57 28 1 43 74 10 33 27
31 22 39 42 25 98 19 1 24 1 35 34 27
32 22 35 41 24 120 1 1 29 1 23 33 27
33 22 29 28 27 83 10 1 39 32 17 33 28
34 22 32 29 23 90 47 1 34 5 22 33 28
35 22 29 14 6 106 27 1 37 2 25 33 27
36 22 26 23 15 88 1 183 31 31 19 33 27
37 22 33 36 26 121 31 1 15 1 28 33 27
38 22 28 15 21 104 1 236 14 1 23 33 27
39 22 30 37 30 89 62 1 43 47 13 33 28
40 22 19 24 44 53 1 307 41 70 11 33 28
41 22 25 19 21 141 38 68 24 1 18 33 27
42 22 29 37 32 74 62 43 37 56 21 34 28
43 22 26 19 26 53 8 137 24 22 15 33 27
44 22 39 42 28 89 1 1 37 42 28 34 28
45 22 40 38 10 240 23 1 24 1 41 33 27
46 22 31 17 19 86 56 1 27 1 15 33 27
47 22 29 24 26 50 1 168 36 40 12 33 28
48 22 33 31 39 65 51 1 34 44 8 33 28
49 22 28 33 34 134 43 1 35 49 21 33 27
50 22 26 26 31 53 25 95 40 46 12 33 28
51 22 25 16 11 140 1 174 38 21 26 33 27
52 22 27 30 26 55 22 1 40 83 16 33 27
53 22 27 30 38 137 1 161 24 1 19 33 27
54 22 37 41 24 90 72 1 35 1 20 33 27
55 22 36 38 19 102 1 1 17 1 29 33 27
56 22 34 36 37 120 40 92 24 14 27 34 28
57 22 32 33 42 49 19 250 25 1 19 33 27
58 22 31 26 21 182 37 381 26 1 30 33 27
59 22 27 23 21 81 14 1 35 51 19 33 27
60 22 31 34 37 71 61 1 61 110 5 33 28
61 22 23 14 16 57 17 182 36 515 19 33 27
62 22 34 24 17 187 1 1 24 1 41 33 27
63 22 40 42 29 296 1 1 32 1 25 33 28
64 22 37 47 37 105 30 91 19 1 26 33 28
65 22 33 27 20 95 72 1 51 99 12 33 27
66 22 37 41 36 96 20 1 16 1 29 33 27
67 22 28 12 17 76 1 170 24 1 27 33 27
68 22 33 31 36 62 1 102 17 1 13 33 27
69 22 32 26 22 65 1 187 46 68 20 33 27
70 22 37 45 35 114 1 114 34 23 22 33 27
71 22 26 33 36 84 1 1 5 1 23 33 27
72 22 40 47 26 340 33 288 29 1 27 33 27
73 22 33 38 22 96 125 1 26 1 30 33 27
74 22 34 34 21 88 33 1 21 1 26 33 27
75 22 25 32 33 77 29 397 33 57 22 33 28
76 22 27 32 22 69 56 1 38 60 24 33 28
77 22 36 37 32 103 34 204 23 1 28 34 28
78 22 32 36 17 99 17 213 26 1 41 34 27
79 22 28 34 46 218 9 252 51 114 4 34 28
80 22 28 29 35 51 1 141 36 38 15 33 27
81 22 27 28 30 94 25 1 37 79 7 33 28
82 22 27 21 24 79 1 315 28 22 25 33 27
83 22 27 31 34 91 1 362 6 1 32 34 27
84 22 37 40 38 61 8 1 35 18 15 33 28
85 22 27 28 25 159 10 1 34 1 16 33 27
86 22 24 17 17 59 24 1 42 77 10 33 27
87 22 39 40 33 76 51 1 15 1 22 33 27
88 22 31 25 32 61 35 37 44 61 13 33 28
89 22 34 42 35 109 1 208 44 59 21 33 27
90 22 33 29 31 59 25 148 18 1 29 34 28
91 22 25 19 31 128 1 95 15 1 25 33 27
92 22 24 29 34 136 14 1 29 1 11 33 27
93 22 34 30 33 78 9 1 48 99 5 34 28
94 22 31 25 14 138 77 1 49 69 21 33 27
95 22 47 43 18 110 81 1 25 1 21 33 27
96 22 35 39 26 100 6 1 20 1 33 33 27
97 22 27 35 34 103 31 1 50 94 1 33 27
98 22 31 28 31 222 1 1 36 34 14 33 28
99 22 22 27 37 95 1 369 29 1 26 33 27
100 22 35 38 36 95 91 1 59 138 3 34 28
101 22 28 26 29 107 48 1 37 70 10 33 28
102 22 36 44 37 235 1 1 32 1 21 33 27
103 22 24 12 29 40 1 398 33 58 11 33 27
104 22 34 36 41 72 1 1 31 14 19 33 27
105 22 35 38 29 129 1 60 9 1 40 34 27
106 22 30 28 34 82 56 1 32 34 10 33 28
107 22 30 32 11 128 28 271 35 65 32 34 28
108 22 31 21 12 63 24 1 25 1 22 33 27
109 22 25 14 11 246 25 1 52 93 10 33 27
110 22 32 25 20 75 48 1 47 97 9 33 27
111 22 24 27 30 133 48 1 24 1 15 33 27
112 22 38 40 29 135 1 1 35 1 15 33 27
113 22 27 27 10 168 39 221 45 47 25 33 28
114 22 22 26 24 95 19 91 44 93 8 33 27
115 22 30 34 38 93 25 25 22 1 21 33 27
116 22 31 26 27 102 1 1 32 1 18 33 27
117 22 30 24 30 61 39 177 28 51 20 33 27
118 22 39 41 27 104 5 412 30 50 40 34 28
119 22 38 45 17 180 58 1 40 17 28 34 27
120 22 38 38 27 70 1 1 15 1 27 33 27
121 22 36 45 31 79 81 1 41 63 19 33 28
122 22 27 10 10 61 19 1 5 1 36 33 27
123 22 25 23 15 87 85 1 50 124 9 33 28
124 22 34 32 22 83 63 1 38 21 16 33 28
125 22 25 19 24 143 11 1 34 1 18 33 27
126 22 32 26 38 72 7 1 13 1 23 33 27
127 22 33 30 5 92 60 1 31 1 26 33 27
128 22 26 23 27 79 1 1 16 1 26 33 27
129 22 26 30 33 74 37 112 31 79 12 33 28
130 22 27 28 32 78 82 1 43 96 13 33 27
131 22 26 35 39 87 85 38 39 56 14 33 27
132 22 33 25 34 61 1 39 36 52 14 33 28
133 22 27 35 33 137 46 1 22 1 22 33 27
134 22 30 22 1 218 41 1 31 1 33 34 27
135 22 33 35 26 91 3 1 50 79 9 33 28
136 22 29 293 35 64 30 1 13 1 30 33 27
137 22 26 36 27 92 83 1 51 100 10 33 28
138 22 29 33 40 134 46 16 34 23 9 33 27
139 22 34 40 27 56 44 166 1 1 54 33 27
140 22 25 17 13 100 18 1 52 85 9 33 27
141 22 27 35 42 53 63 87 45 79 7 33 28
142 22 27 19 19 80 1 73 58 113 4 33 27
143 22 26 9 12 112 1 273 19 1 33 33 27
144 22 38 29 21 120 9 1 20 1 24 33 27
145 22 36 38 11 226 1 195 1 1 54 34 27
146 22 37 36 21 86 11 1 15 1 36 34 27
147 22 26 31 36 90 70 8 45 105 10 33 28
148 22 34 37 45 105 1 1 30 61 9 34 28
149 22 34 37 42 44 3 16 35 39 4 34 28
150 22 32 24 19 81 25 114 41 33 20 33 28
151 22 36 43 27 132 62 1 42 39 19 33 27
152 22 36 38 25 94 15 1 35 1 33 34 27
153 22 31 34 40 57 1 1 36 52 11 33 28
154 22 28 26 40 47 10 17 32 38 15 33 28
155 22 29 38 35 200 50 214 53 132 14 33 28
156 22 38 35 20 82 58 1 41 68 15 33 28
157 22 31 34 11 222 74 70 40 56 23 33 28
158 22 27 26 6 77 80 1 33 3 23 33 27
159 22 38 31 12 62 50 106 29 1 27 33 27
160 22 27 25 27 74 1 1 12 1 29 33 27
161 22 28 32 28 123 25 1 40 34 21 34 28
162 22 31 32 38 77 30 69 36 56 17 33 28
163 22 35 44 35 151 1 1 20 1 19 33 27
164 22 31 23 28 55 13 173 19 1 21 33 27
165 22 26 25 28 332 22 225 35 79 13 33 28
166 22 34 30 17 67 54 1 35 26 24 33 27
167 22 26 29 43 145 1 96 31 51 16 33 28
168 22 36 47 25 66 61 35 14 1 44 34 27
169 22 26 23 30 60 9 1 26 39 19 33 27
170 22 26 17 19 164 3 190 24 1 31 33 27
171 22 28 16 22 80 58 1 37 33 15 33 27
172 22 26 25 21 86 1 245 16 1 32 33 27
173 22 36 27 24 52 1 296 21 1 41 34 28
174 22 32 28 29 52 34 105 28 1 24 33 27
175 22 33 38 33 135 9 202 35 53 23 34 28
176 22 69 43 45 86 9 179 36 1 20 33 27
177 22 31 29 25 430 87 1 35 51 5 33 28
178 22 27 18 15 74 53 71 42 49 14 33 27
179 22 21 11 24 118 1 162 49 130 9 33 27
180 22 26 25 22 87 56 1 40 57 13 33 27
181 22 35 38 24 74 1 1 27 1 19 33 27
182 22 27 37 40 197 81 44 42 47 10 33 28
183 22 40 44 37 414 57 1 29 20 21 33 27
184 22 25 32 35 132 18 73 43 56 13 33 28
185 22 31 20 19 113 44 1 20 1 27 33 27
186 22 25 25 26 61 40 1 21 1 20 33 27
187 22 29 30 19 150 1 1 30 1 20 33 27
188 22 38 41 38 138 1 1 15 1 32 33 27
189 22 27 20 20 63 24 329 35 1 20 33 27
190 22 18 15 31 44 30 34 39 89 10 33 27
191 22 39 33 19 115 1 1 24 1 34 34 27
192 22 28 27 27 105 16 315 22 1 30 34 27
193 22 28 21 13 64 27 1 55 92 10 33 27
194 22 26 32 25 81 68 1 52 82 13 33 27
195 22 26 25 30 83 21 1 57 138 1 33 27
196 22 30 43 42 181 57 1 45 98 7 33 27
197 22 31 25 33 152 1 102 31 38 22 33 28
198 22 34 33 34 60 2 1 47 75 1 33 27
199 22 24 14 16 93 1 193 38 34 16 33 27
200 22 29 23 24 61 38 149 39 37 15 33 28
201 22 32 35 28 80 1 1 24 1 23 33 27
202 22 25 26 30 210 13 1 43 80 11 33 27
203 22 26 33 35 298 58 32 29 1 28 33 27
204 22 29 35 28 95 36 1 24 1 27 33 27
205 22 25 27 21 156 35 1 27 14 11 33 28
206 22 34 36 32 67 86 100 40 84 17 33 28
207 22 34 41 25 143 25 1 30 7 19 33 28
208 22 31 33 29 142 70 1 38 71 20 33 28
209 22 34 23 18 144 54 1 26 1 26 33 28
210 22 38 35 767 189 27 158 1 1 50 33 27
211 22 28 14 15 88 1 1 1 1 34 33 27
212 22 37 33 27 89 9 1 52 96 5 34 28
213 22 27 29 31 83 25 250 26 1 21 33 27
214 22 29 19 13 107 39 1 52 111 1 33 27
215 22 26 30 35 338 64 93 36 43 16 33 28
216 22 39 43 40 104 14 66 35 14 13 33 28
217 22 29 30 33 218 1 1 12 1 38 34 28
218 22 36 42 34 106 1 1 34 1 19 33 27
219 22 32 39 36 165 45 100 20 1 29 33 27
220 22 27 28 18 94 69 1 50 70 13 33 27
221 22 38 46 37 96 73 93 20 1 33 34 27
222 22 37 38 35 80 7 417 49 79 15 33 28
223 22 31 18 14 100 9 1 12 1 25 33 27
224 22 31 38 45 136 44 45 43 113 4 33 28
225 22 29 16 16 117 1 1 50 58 1 33 27
226 22 29 31 26 54 9 244 27 1 24 33 28
227 22 36 31 12 133 28 1 13 1 41 33 27
228 22 31 32 33 92 4 1 43 75 2 33 27
229 22 33 49 38 135 21 205 41 67 20 33 28
230 22 28 21 2 256 6 1 32 3 32 34 27
231 22 33 32 32 92 1 21 33 17 22 33 28
232 22 34 25 27 123 18 1 7 1 36 33 27
233 22 28 31 39 81 1 1 52 134 1 33 27
234 22 26 27 29 90 43 255 16 1 29 33 27
235 22 33 25 6 90 70 1 29 1 31 33 27
236 22 29 37 37 95 15 90 36 28 11 33 28
237 22 42 41 14 90 62 1 19 1 37 34 27
238 22 30 17 19 50 1 3 21 1 31 34 27
239 22 31 32 32 93 1 1 22 1 26 33 27
240 22 31 39 46 130 2 1 50 118 5 33 28
241 22 32 38 24 106 34 1 37 53 16 34 27
242 22 26 31 36 54 56 31 1 1 28 33 27
243 22 39 44 41 134 35 1 47 85 3 34 27
244 22 33 39 19 143 50 1 5 1 42 33 27
245 22 38 49 28 111 30 1 18 1 42 34 27
246 22 40 42 24 120 52 1 45 89 13 33 28
247 22 37 45 30 102 10 196 34 1 24 33 27
248 22 34 38 41 47 53 257 18 1 23 33 28
249 22 34 40 36 215 67 1 17 1 25 33 27
250 22 30 32 35 103 1 42 26 1 23 33 27
251 22 34 38 20 117 17 1 8 1 44 33 28
252 22 28 35 30 112 1 31 29 1 23 33 27
253 22 27 22 22 59 26 93 42 75 7 33 28
254 22 24 22 25 56 1 1 16 1 29 33 27
255 22 29 31 32 78 28 1 22 1 25 33 27
256 22 31 23 16 183 1 1 32 20 12 33 27
257 22 27 28 21 64 37 177 37 46 18 33 27
258 22 30 34 31 118 1 1 25 1 22 33 27
259 22 33 38 21 104 1 190 20 1 37 34 27
260 22 29 31 8 95 76 1 23 1 28 33 27
261 22 44 49 30 66 99 1 16 1 35 34 27
262 22 28 23 8 207 40 1 5 1 43 33 27
263 22 34 45 33 72 71 1 42 49 18 33 27
264 22 35 31 15 306 41 1 23 1 36 34 27
265 22 31 35 25 93 44 1 21 1 34 33 27
266 22 27 30 14 105 69 1 39 1 32 33 27
267 22 32 35 14 259 86 1 20 1 40 34 27
268 22 24 31 39 52 1 131 41 85 5 33 27
269 22 29 39 22 145 1 1 41 1 28 33 27
270 22 35 25 10 151 28 1 36 28 23 33 27
271 22 36 40 34 81 10 226 18 1 28 34 27
272 22 20 24 31 77 1 192 42 94 16 33 27
273 22 29 14 21 118 1 27 41 35 8 33 27
274 22 30 34 26 129 75 11 18 1 26 33 27
275 22 32 37 31 54 22 1 17 1 29 34 27
276 22 32 33 40 65 20 1 28 1 15 33 27
277 22 29 20 14 82 26 1 30 1 24 33 27
278 22 28 31 27 95 7 1 26 1 28 33 27
279 22 26 18 22 83 32 1 38 30 15 33 28
280 22 42 48 37 111 17 1 14 1 39 34 27
281 22 30 31 32 171 1 94 46 110 2 33 28
282 22 31 18 14 97 6 317 3 1 33 33 27
283 22 29 39 33 152 36 183 20 1 25 33 27
284 22 26 14 11 60 7 1 37 56 20 33 27
285 22 25 28 27 142 48 1 46 73 10 33 28
286 22 23 23 39 79 17 13 43 127 11 33 27
287 22 30 24 15 62 20 1 19 1 26 33 27
288 22 30 21 16 63 10 1 46 36 16 33 27
289 22 30 23 11 89 72 1 34 1 27 33 27
290 22 31 39 41 46 37 230 32 39 19 34 28
291 22 23 27 42 48 1 1 36 69 1 33 27
292 22 38 39 30 102 1 56 16 1 29 33 27
293 22 33 31 15 152 68 1 59 70 13 33 27
294 22 30 41 32 90 81 52 47 73 15 33 27
295 22 31 28 28 77 75 118 62 93 14 34 28
296 22 30 23 28 71 1 63 12 1 20 33 27
297 22 29 25 30 125 35 110 29 31 28 34 28
298 22 31 14 13 48 6 1 21 1 18 33 27
299 22 25 23 19 127 50 1 34 1 16 33 27
300 22 28 34 47 119 1 216 25 1 17 33 27
301 22 28 31 26 101 27 2 46 79 21 33 28
302 22 31 20 16 115 52 1 39 11 16 33 27
303 22 30 33 25 92 62 187 40 78 20 33 28
304 22 29 21 25 83 5 1 30 13 19 33 27
305 22 26 32 40 94 1 50 46 57 1 33 27
306 22 23 17 28 87 1 1 31 58 20 33 27
307 22 34 25 17 101 34 8 21 1 20 33 27
308 22 42 41 22 151 94 1 18 1 36 34 27
309 22 30 37 39 157 49 1 35 56 11 33 27
310 22 27 36 33 136 32 1 53 63 12 33 27
311 22 38 44 31 120 1 148 22 1 30 34 27
312 22 33 36 24 78 13 1 43 82 23 33 28
313 22 29 33 25 109 1 1 33 7 18 33 27
314 22 38 34 9 71 66 1 31 1 26 33 27
315 22 32 22 6 140 1 131 24 1 35 34 27
316 22 23 18 26 72 1 126 21 1 18 33 27
317 22 37 41 44 84 18 1 33 22 22 33 27
318 22 25 21 33 112 1 78 15 1 22 33 27
319 22 31 36 32 100 7 432 27 1 24 33 27
320 22 36 37 28 87 67 1 28 11 26 33 27
321 22 30 23 23 81 1 174 18 1 23 33 27
322 22 40 41 36 58 1 1 21 1 17 33 27
323 22 34 25 6 425 24 163 19 1 39 34 27
324 22 28 31 29 148 40 209 38 43 15 33 27
325 22 34 34 36 145 32 30 32 47 15 33 28
326 22 33 47 38 116 84 1 42 44 21 33 27
327 22 37 37 31 85 1 97 29 1 22 33 27
328 22 31 33 31 67 67 257 21 1 25 34 28
329 22 19 13 25 416 1 214 43 101 15 33 27
330 22 36 41 29 89 22 1 29 1 20 33 27
331 22 35 41 18 136 69 1 37 1 27 33 27
332 22 28 23 3 97 27 88 7 1 41 33 27
333 22 25 26 18 177 23 1 41 1 18 33 27
334 22 38 26 1 112 36 1 32 1 35 33 27
335 22 23 23 33 112 62 145 55 125 7 33 27
336 22 36 38 14 85 50 1 27 1 30 34 27
337 22 27 29 30 69 51 146 22 1 21 33 28
338 22 34 35 19 66 16 1 28 1 27 33 27
339 22 36 49 35 115 37 216 31 12 30 34 27
340 22 31 32 38 77 10 69 1 1 25 33 27
341 22 34 37 30 184 1 1 32 1 20 33 27
342 22 31 21 26 201 1 135 27 10 22 33 27
343 22 39 30 22 83 22 275 20 1 33 34 27
344 22 27 31 35 197 1 1 21 1 15 33 27
345 22 30 20 26 116 15 1 12 1 19 33 27
346 22 31 35 42 81 29 109 12 1 13 33 27
347 22 35 45 24 108 89 1 36 31 27 34 27
348 22 32 30 30 91 41 84 25 26 26 34 28
349 22 27 24 30 85 33 69 41 90 9 33 28
350 22 28 25 15 110 44 1 32 2 15 33 27
351 22 36 40 35 58 28 45 50 98 7 34 28
352 22 25 32 44 197 92 1 24 1 10 33 27
353 22 33 41 34 108 70 113 50 66 9 33 28
354 22 37 39 34 126 3 219 23 1 29 33 27
355 22 32 35 33 111 12 207 26 1 31 34 27
356 22 24 28 34 82 37 1 37 73 9 33 27
357 22 35 39 20 203 1 163 24 1 40 34 27
358 22 25 14 29 117 3 184 36 54 12 33 28
359 22 25 14 27 42 18 245 32 24 12 33 27
360 22 31 37 26 160 113 1 54 108 5 33 27
361 22 28 18 13 93 1 1 1 1 35 33 27
362 22 33 34 9 119 40 1 14 1 53 33 27
363 22 25 19 30 96 1 259 41 94 20 33 28
364 22 36 27 24 225 15 81 23 1 28 33 27
365 22 34 28 24 108 89 1 31 1 14 33 27
366 22 32 39 14 106 54 1 28 1 29 33 27
367 22 26 27 16 684 41 1 27 1 32 33 27
368 22 31 19 22 84 12 1 21 1 18 33 27
369 22 29 30 12 153 37 1 30 1 34 33 27
370 22 33 36 27 81 1 1 16 1 36 34 27
371 22 39 31 19 219 1 1 9 1 25 33 27
372 22 28 33 19 71 32 1 12 1 32 33 27
373 22 32 36 42 75 1 21 48 100 1 33 27
374 22 36 44 37 63 20 324 1 1 39 33 27
375 22 44 49 27 112 9 138 23 1 37 34 27
376 22 31 34 25 118 67 69 14 1 28 33 27
377 22 24 20 34 61 1 1 51 103 6 33 27
378 22 26 30 26 271 83 1 54 106 6 33 27
379 22 29 18 12 122 30 1 44 43 9 33 28
380 22 36 39 39 89 29 1 40 76 6 33 28
381 22 38 42 29 95 82 1 32 17 21 33 28
382 22 30 27 28 82 26 300 33 47 22 33 27
383 22 29 30 35 77 49 432 34 88 18 33 28
384 22 32 37 29 91 1 15 1 1 37 33 27
385 22 34 44 31 296 30 1 27 1 26 33 27
386 22 28 36 43 45 31 183 28 1 21 33 27
387 22 28 27 16 57 28 1 36 1 19 33 27
388 22 33 37 44 51 53 280 22 1 31 33 27
389 22 32 21 22 61 1 1 1 1 26 33 27
390 22 29 22 9 94 41 1 25 1 23 33 27
391 22 31 38 37 52 48 1 34 41 10 33 28
392 22 41 41 34 70 33 1 51 64 9 34 27
393 22 24 19 17 115 43 124 42 77 14 33 27
394 22 31 36 42 88 22 157 30 58 23 33 27
395 22 34 40 25 100 109 1 54 88 7 33 27
396 22 25 23 35 338 1 157 28 42 16 33 27
397 22 39 34 23 168 51 112 16 1 41 34 27
398 22 33 40 35 127 37 324 16 1 33 34 27
399 22 32 26 14 63 13 1 28 1 31 33 27
400 22 26 23 29 70 46 1 51 97 3 33 27
401 22 31 36 24 82 74 1 25 1 25 33 27
402 22 35 172 21 90 46 214 49 61 22 33 28
403 22 30 20 18 143 6 1 38 11 18 33 27
404 22 28 34 36 83 29 1 45 93 4 33 27
405 22 58 21 21 126 16 1 23 1 15 33 27
406 22 26 31 37 68 1 213 33 72 21 33 28
407 22 32 44 34 72 55 1 49 93 6 33 27
408 22 33 24 21 173 40 1 48 42 14 33 27
409 22 31 35 24 115 37 110 34 29 27 34 28
410 22 26 28 27 75 36 156 36 1 17 33 27
411 22 35 35 26 58 71 1 40 55 11 33 27
412 22 28 40 46 95 35 8 36 82 13 33 28
413 22 36 40 16 68 70 1 29 5 27 34 27
414 22 38 37 25 73 76 1 37 4 14 33 28
415 22 28 27 29 72 1 293 22 1 33 33 27
416 22 31 38 33 242 32 1 44 63 5 33 27
417 22 33 30 13 217 10 208 39 1 19 33 27
418 22 33 34 31 96 67 1 18 8 21 33 27
419 22 27 29 6 210 104 1 31 1 32 34 27
420 22 31 27 23 59 13 149 37 95 20 33 28
421 22 28 24 15 142 1 211 40 1 18 33 27
422 22 27 22 12 57 72 105 27 1 31 33 27
423 22 31 20 4 75 65 1 37 1 30 34 27
424 22 24 23 33 235 18 234 22 1 27 33 27
425 22 36 35 37 69 27 177 36 21 12 33 28
426 22 32 37 23 117 67 1 13 1 32 33 27
427 22 29 32 21 247 34 1 52 69 18 33 27
428 22 27 33 37 161 1 91 28 1 20 33 27
429 22 33 25 14 84 26 76 42 70 27 34 28
430 22 28 13 23 114 26 30 36 40 10 34 28
431 22 35 29 5 67 61 1 23 1 31 34 27
432 22 34 36 28 139 1 1 20 1 38 34 27
433 22 24 26 26 86 69 1 28 1 9 33 27
434 22 32 30 19 61 59 1 54 106 12 33 27
435 22 34 34 24 98 1 1 22 1 25 33 27
436 22 48 44 19 87 47 76 1 1 49 34 27
437 22 31 29 23 61 1 166 33 1 28 33 27
438 22 37 34 22 77 60 1 34 20 22 33 27
439 22 43 39 16 254 51 1 17 1 35 33 27
440 22 29 22 19 62 49 1 33 1 19 33 27
441 22 31 36 35 148 42 167 36 62 17 33 28
442 22 35 33 27 58 51 236 27 1 28 33 27
443 22 28 37 29 161 69 1 19 1 28 33 27
444 22 37 39 26 101 30 235 33 1 22 33 27
445 22 30 21 28 55 1 173 16 1 39 34 27
446 22 33 38 38 71 1 189 27 1 34 34 27
447 22 36 25 20 137 1 328 23 1 39 34 27
448 22 37 36 8 261 47 1 8 1 46 34 27
449 22 31 34 36 54 36 1 9 1 30 34 27
450 22 32 35 24 100 22 1 20 1 25 33 27
451 22 31 35 12 72 45 39 23 1 38 34 27
452 22 36 35 27 80 18 1 23 1 27 33 27
453 22 30 28 26 84 1 1 24 1 20 33 27
454 22 38 30 31 91 48 201 16 1 35 34 27
455 22 38 35 20 66 19 1 32 1 21 33 27
456 22 34 25 11 180 62 90 40 3 26 33 27
457 22 23 22 30 195 25 1 54 93 8 33 27
458 22 32 28 23 189 33 1 39 80 16 33 28
459 22 34 36 35 82 13 210 20 1 29 34 27
460 22 32 30 17 90 43 234 29 1 28 34 27
461 22 35 28 28 55 1 346 30 1 38 34 27
462 22 25 29 25 51 38 129 36 60 18 33 28
463 22 32 23 12 193 40 1 42 47 14 34 28
464 22 30 33 31 161 55 127 59 105 7 34 28
465 22 32 39 30 64 47 1 38 52 11 33 28
466 22 36 36 21 252 1 1 25 1 28 33 27
467 22 30 23 30 59 1 50 33 7 20 33 27
468 22 38 32 19 78 4 1 29 4 29 34 27
469 22 27 35 36 59 52 1 40 38 14 33 28
470 22 24 12 9 141 19 247 50 61 16 33 27
471 22 37 38 30 97 33 288 6 1 44 34 27
472 22 35 28 24 108 1 1 35 38 18 33 28
473 22 30 35 23 119 48 1 35 39 23 33 27
474 22 32 33 36 81 68 141 18 1 26 33 27
475 22 23 29 32 69 10 1 43 116 12 33 27
476 22 23 22 25 117 2 1 57 128 1 33 27
477 22 29 33 31 76 25 1 26 1 17 33 27
478 22 35 30 18 294 49 1 41 53 16 33 28
479 22 35 37 22 108 17 1 33 13 13 33 27
480 22 25 26 28 58 8 192 32 1 24 33 27
481 22 41 52 43 57 4 1 14 1 33 34 27
482 22 31 27 16 63 1 1 34 1 25 33 27
483 22 44 46 28 69 24 1 1 1 48 33 27
484 22 33 27 32 115 1 382 36 43 16 33 27
485 22 35 29 25 275 39 172 51 79 6 33 28
486 22 33 26 30 59 10 114 32 1 18 33 27
487 22 31 37 31 67 99 1 47 52 6 33 28
488 22 29 33 43 84 9 416 47 109 6 33 27
489 22 42 34 14 127 1 1 16 1 39 34 27
490 22 35 36 33 82 16 43 9 1 47 34 27
491 22 28 20 31 228 16 14 23 14 15 33 27
492 22 36 25 11 124 39 1 32 1 21 33 27
493 22 26 16 31 82 1 105 24 1 20 33 27
494 22 27 30 16 113 76 1 44 68 13 33 27
495 22 30 29 16 78 1 182 21 1 29 33 27
496 22 33 38 32 130 48 164 18 1 40 34 27
497 22 29 22 22 163 82 1 45 82 10 33 28
498 22 35 44 25 131 44 1 34 10 39 34 28
499 22 24 32 31 196 42 128 43 80 14 33 28
500 22 32 37 33 65 56 1 27 1 20 33 27
501 22 19 4 7 112 27 1 40 85 11 33 27
502 22 34 36 26 96 56 177 29 1 18 33 27
503 22 23 25 40 87 52 151 40 98 2 33 27
504 22 31 29 32 66 53 37 35 42 4 33 28
505 22 30 33 27 110 62 1 37 16 13 33 28
506 22 25 19 26 92 1 1 50 107 6 33 27
507 22 34 46 31 105 116 188 21 1 32 34 28
508 22 33 27 12 200 3 1 27 1 26 33 27
509 22 36 35 33 173 24 56 35 18 17 33 27
510 22 29 31 26 76 1 138 28 1 23 33 27
511 22 34 28 10 72 53 1 41 49 20 33 28
512 22 32 31 23 95 37 123 11 1 38 34 27
513 22 28 32 27 65 50 2 26 1 25 33 27
514 22 35 37 37 91 14 1 47 85 6 33 27
515 22 19 1 14 294 2 59 47 100 2 33 27
516 22 40 31 24 50 34 172 1 1 44 33 27
517 22 40 37 22 409 66 1 47 36 19 33 27
518 22 33 23 21 96 1 253 20 1 26 33 27
519 22 25 21 28 122 50 1 39 85 12 33 28
520 22 30 27 11 69 64 1 26 1 27 33 28
521 22 27 25 32 139 17 1 37 37 17 33 28
522 22 26 28 28 57 6 169 34 47 20 33 28
523 22 28 37 45 114 28 1 49 98 1 33 28
524 22 30 37 32 125 21 260 43 57 11 33 27
525 22 235 43 38 84 81 1 26 1 14 33 27
526 22 26 32 24 90 60 154 33 40 18 33 28
527 22 33 25 20 112 39 173 41 3 15 33 28
528 22 31 23 28 61 34 1 37 54 15 33 28
529 22 31 27 19 80 48 137 22 1 26 33 27
530 22 33 32 35 63 12 1 23 1 17 33 27
531 22 35 34 22 65 40 1 33 1 18 33 27
532 22 35 42 24 115 1 1 35 1 23 33 27
533 22 25 14 17 95 3 142 45 54 16 33 27
534 22 35 37 29 66 37 1 20 1 27 33 27
535 22 29 16 18 63 18 81 42 51 18 33 27
536 22 34 37 18 181 50 8 31 1 28 34 27
537 22 35 38 42 98 1 27 32 48 17 33 28
538 22 26 25 35 65 20 482 35 92 20 33 28
539 22 26 27 23 190 1 161 33 72 19 33 27
540 22 25 26 23 66 1 225 36 19 18 33 28
541 22 36 37 30 73 1 1 39 41 14 33 28
542 22 27 20 28 110 1 1 48 107 4 33 27
543 22 27 13 7 55 1 1 23 2 32 34 27
544 22 36 22 26 54 1 50 10 1 27 33 27
545 22 26 32 39 84 4 139 42 73 15 33 28
546 22 24 11 15 100 1 27 26 1 22 33 27
547 22 33 36 28 234 54 143 31 57 18 33 28
548 22 30 23 27 238 1 201 27 1 22 33 27
549 22 29 34 38 138 4 365 20 1 22 33 27
550 22 40 45 33 135 1 1 32 1 15 33 28
551 22 31 28 23 107 9 1 45 84 14 33 28
552 22 30 22 29 53 102 1 48 107 1 33 28
553 22 24 9 12 77 1 1 45 67 20 33 27
554 22 33 25 28 90 1 1 23 1 20 33 27
555 22 32 37 22 97 1 1 16 1 27 33 27
556 22 24 25 20 64 1 148 44 70 18 33 27
557 22 25 30 29 155 50 1 52 100 3 33 28
558 22 30 31 33 65 1 26 52 142 3 34 28
559 22 28 30 23 106 74 184 60 139 11 33 27
560 22 34 26 35 71 19 1 40 87 8 33 27
561 22 24 11 21 80 1 124 37 57 16 33 27
562 22 25 13 6 118 1 1 27 1 28 33 27
563 22 29 34 32 98 40 216 35 12 16 33 28
564 22 28 39 54 93 1 1 36 50 10 33 28
565 22 28 35 40 99 56 7 34 41 14 33 28
566 22 30 23 31 48 1 112 17 1 21 33 27
567 22 30 32 31 123 77 195 34 81 15 33 28
568 22 38 29 17 54 33 1 19 1 31 34 27
569 22 34 26 24 48 31 1 22 1 27 33 27
570 22 26 37 42 60 83 390 47 124 11 34 28
571 22 31 32 30 203 23 371 22 1 26 33 27
572 22 30 36 45 127 15 18 49 113 3 34 27
573 22 31 27 29 181 41 1 12 1 19 33 27
574 22 27 40 39 68 1 323 44 86 18 33 28
575 22 405 1347 24 148 1 60 25 1 20 33 27
576 22 25 33 43 47 30 40 37 62 7 34 28
577 22 32 35 22 119 55 191 20 1 38 34 27
578 22 32 35 13 72 76 1 32 1 31 34 27
579 22 38 29 19 78 59 1 41 29 16 33 27
580 22 29 21 20 121 36 86 29 1 26 33 27
581 22 28 22 17 141 12 1 13 1 26 33 27
582 22 26 27 34 149 1 74 47 109 6 33 27
583 22 42 43 15 70 72 1 27 1 33 34 27
584 22 34 35 27 125 51 1 38 63 23 33 28
585 22 36 43 29 94 32 160 39 21 22 33 28
586 22 41 36 10 80 43 1 19 1 35 34 27
587 22 25 34 35 130 78 1 43 92 12 33 27
588 22 38 38 32 89 1 1 10 1 23 33 27
589 22 41 40 28 55 70 1 14 1 25 33 28
590 22 38 36 33 166 51 1 39 58 11 33 28
591 22 40 36 20 63 74 1 22 1 20 33 28
592 22 24 29 31 61 1 1 41 77 4 33 27
593 22 31 39 28 143 19 1 30 1 21 33 27
594 22 33 41 28 115 62 92 33 27 30 34 28
595 22 29 21 16 119 38 1 47 50 11 33 28
596 22 24 20 20 179 64 1 33 42 13 33 27
597 22 34 32 23 83 12 1 24 1 23 33 27
598 22 25 27 25 65 58 1 32 45 19 33 27
599 22 38 40 35 120 1 288 30 1 27 33 27
600 22 29 31 33 150 1 65 10 1 21 33 27
601 22 34 29 15 126 39 1 27 1 31 33 27
602 22 37 31 17 147 51 1 25 1 16 33 27
603 22 31 41 28 108 52 1 18 1 28 33 27
604 22 37 32 12 50 58 1 25 1 29 33 27
605 22 39 40 33 180 67 54 14 1 25 33 28
606 22 33 29 26 54 1 168 34 27 16 33 28
607 22 26 20 14 96 20 176 23 1 28 33 27
608 22 23 18 26 58 62 150 33 1 18 33 27
609 22 34 30 12 135 56 1 24 1 25 33 27
610 22 31 35 28 86 44 1 22 1 25 33 27
611 22 32 26 23 125 22 1 20 1 22 33 27
612 22 29 31 36 62 1 165 5 1 25 33 27
613 22 28 33 41 97 1 347 23 1 26 33 27
614 22 34 27 19 321 46 1 43 57 17 33 27
615 22 33 25 11 216 44 1 30 1 20 33 27
616 22 32 42 44 128 52 1 29 1 17 33 27
617 22 31 18 6 158 6 1 25 1 20 33 27
618 22 37 36 36 106 27 164 34 1 21 33 28
619 22 34 41 28 113 48 321 11 1 38 34 27
620 22 28 28 32 128 82 103 33 26 26 33 28
621 22 26 31 31 105 1 1 48 110 8 33 28
622 22 31 35 41 205 1 1 21 1 23 33 27
623 22 33 39 25 208 76 86 46 40 22 33 28
624 22 39 35 23 94 58 1 14 1 28 34 28
625 22 34 40 43 115 55 5 22 1 21 33 27
626 22 21 14 31 129 1 1 35 54 13 33 27
627 22 22 24 38 112 32 341 44 95 20 33 27
628 22 30 23 9 60 1 1 39 1 12 33 27
629 22 32 31 33 122 1 1 33 33 23 33 28
630 22 42 33 27 120 11 31 22 1 28 33 27
631 22 36 33 29 274 1 1 25 1 20 33 27
632 22 25 12 10 150 1 1 9 1 34 33 27
633 22 35 41 22 132 59 1 21 1 30 34 27
634 22 41 39 12 121 52 1 34 1 32 34 27
635 22 27 10 15 58 11 117 41 58 21 33 27
636 22 25 29 20 130 28 1 35 20 12 33 27
637 22 32 42 38 57 58 213 43 80 24 34 28
638 22 30 33 38 165 71 114 27 1 23 33 27
639 22 28 26 32 80 1 281 19 1 31 34 27
640 22 32 36 38 99 12 37 41 55 16 33 28
641 22 30 21 7 71 59 1 36 63 30 34 27
642 22 24 18 25 169 53 1 43 79 5 33 27
643 22 31 26 30 89 10 91 44 106 11 33 27
644 22 27 37 39 92 76 36 51 134 16 33 28
645 22 33 40 33 105 37 1 29 1 26 33 28
646 22 33 29 28 81 1 1 19 1 23 33 27
647 22 29 22 19 109 40 1 44 101 11 33 27
648 22 36 38 21 135 99 1 44 73 21 33 28
649 22 36 35 26 181 18 1 29 15 16 33 27
650 22 24 10 23 61 10 45 37 102 14 33 27
651 22 40 49 14 76 11 1 23 1 40 34 27
652 22 29 23 24 210 54 32 45 84 12 33 28
653 22 38 42 30 73 1 1 33 1 21 33 27
654 22 22 25 28 71 15 1 46 92 6 33 27
655 22 33 31 41 65 28 1 22 34 10 33 28
656 22 35 29 17 85 77 196 28 1 32 34 27
657 22 31 17 19 199 1 1 15 1 23 33 27
658 22 41 40 20 231 21 17 20 1 39 34 27
659 22 26 23 12 91 1 182 34 1 34 33 27
660 22 28 24 25 129 35 246 27 1 27 33 27
661 22 23 21 33 357 36 83 35 69 5 33 27
662 22 33 32 36 102 8 1 13 1 15 33 27
663 22 35 41 28 58 1 10 26 1 32 34 27
664 22 30 35 34 58 16 170 34 33 30 34 28
665 22 32 32 12 71 111 1 22 1 35 33 27
666 22 39 33 24 85 72 1 38 27 20 33 28
667 22 28 35 44 113 35 3 49 69 5 34 28
668 22 32 38 37 56 33 1 32 1 12 33 27
669 22 36 39 35 93 1 1 28 1 11 33 28
670 22 32 28 22 335 1 25 22 1 25 33 27
671 22 34 34 14 163 60 1 17 1 37 33 27
672 22 35 26 16 98 38 1 13 1 22 33 27
673 22 28 35 39 162 7 124 33 35 23 33 28
674 22 20 9 21 88 1 250 30 79 19 33 27
675 22 30 41 41 128 88 89 38 37 33 34 28
676 22 26 13 11 113 1 206 33 21 27 34 27
677 22 25 8 18 75 8 1 39 49 1 33 27
678 22 31 30 21 153 40 1 48 85 8 33 27
679 22 29 18 12 101 1 1 47 94 13 33 27
680 22 41 47 21 67 54 1 18 1 28 33 27
681 22 36 25 24 53 30 1 24 1 17 33 27
682 22 39 38 23 158 42 276 18 1 46 34 27
683 22 33 40 35 69 4 135 13 1 35 33 27
684 22 37 32 31 132 34 88 1 1 29 33 27
685 22 38 33 32 139 18 1 22 1 21 33 27
686 22 38 45 29 158 56 259 50 113 19 33 28
687 22 24 16 13 97 2 1 54 89 15 33 28
688 22 31 35 37 80 39 89 37 39 15 34 28
689 22 41 31 15 95 86 1 23 1 47 34 27
690 22 31 22 27 156 13 62 37 37 12 33 27
691 22 30 27 25 62 1 1 26 1 22 33 27
692 22 33 22 21 172 6 141 22 1 19 33 27
693 22 40 50 38 70 65 1 24 1 28 33 27
694 22 31 20 18 88 33 23 35 54 19 33 27
695 22 25 33 30 142 23 270 48 90 20 33 28
696 22 35 32 40 47 38 60 49 84 1 34 28
697 22 32 37 49 81 1 1 37 66 9 33 27
698 22 33 34 30 114 43 1 30 1 19 33 27
699 22 28 32 23 103 86 180 43 67 21 33 28
700 22 34 36 34 66 46 1 35 1 10 33 27
701 22 27 29 40 81 24 1 43 71 8 33 28
702 22 35 33 21 82 63 1 18 1 26 33 27
703 22 27 36 38 68 40 274 20 1 19 33 27
704 22 28 32 22 273 28 1 26 1 18 33 27
705 22 30 35 34 64 63 196 25 1 32 34 28
706 22 25 25 36 60 64 1 18 5 19 33 28
707 22 34 44 43 91 13 1 10 1 23 33 27
708 22 29 27 28 114 1 1 2 1 31 34 27
709 22 37 27 15 159 68 1 1 1 39 33 27
710 22 32 34 21 256 45 108 33 21 21 33 28
711 22 29 28 35 58 1 61 42 93 8 33 27
712 22 23 10 16 131 1 234 1 1 38 33 27
713 22 33 37 25 106 57 1 35 21 17 33 27
714 22 35 34 18 60 38 1 13 1 31 34 27
715 22 28 14 18 53 35 67 25 1 27 33 27
716 22 30 17 12 56 1 169 42 33 25 33 27
717 22 27 29 21 101 37 1 59 103 12 33 28
718 22 45 52 31 85 1 1 24 1 28 34 28
719 22 25 34 26 125 61 1 62 123 2 33 27
720 22 33 36 44 66 1 1 39 74 8 33 28
721 22 24 32 37 129 28 87 29 41 25 34 28
722 22 31 34 31 330 1 1 29 1 27 33 27
723 22 29 28 22 60 25 149 43 23 22 34 28
724 22 32 20 16 113 31 85 40 1 24 33 27
725 22 32 28 13 109 36 133 45 69 14 34 28
726 22 35 38 22 58 91 1 26 1 31 34 27
727 22 31 36 18 84 54 1 36 21 17 33 28
728 22 26 22 20 71 1 1 44 74 5 33 27
729 22 26 32 38 131 1 1 1 1 33 33 27
730 22 29 36 27 228 73 195 48 66 20 33 28
731 22 35 33 30 111 48 15 55 91 7 34 28
732 22 34 26 26 113 27 1 16 1 33 33 27
733 22 49 44 23 413 10 1 7 1 31 34 27
734 22 31 35 30 123 1 235 30 32 28 34 27
735 22 31 34 33 146 1 192 11 1 37 33 27
736 22 38 47 34 102 9 1 38 60 9 33 28
737 22 37 39 50 93 24 97 26 51 9 34 28
738 22 21 11 8 70 16 1 47 84 10 33 27
739 22 29 23 28 128 16 91 48 80 12 33 27
740 22 27 31 26 134 51 1 37 81 1 33 27
741 22 24 24 34 84 15 239 39 100 15 33 28
742 22 25 12 26 118 1 76 26 1 17 33 27
743 22 31 35 20 97 31 1 31 1 28 33 27
744 22 22 19 26 91 4 132 27 7 25 33 27
745 22 30 28 27 205 1 1 32 54 6 33 27
746 22 28 33 38 72 14 148 21 1 22 33 27
747 22 29 33 43 60 1 1 40 49 8 33 28
748 22 33 27 31 93 1 1 12 1 24 33 28
749 22 27 26 44 86 1 152 44 100 9 33 28
750 22 33 42 28 95 23 1 59 101 1 33 27
751 22 29 28 27 98 61 117 22 1 32 34 27
752 22 36 46 27 259 1 1 30 8 31 34 27
753 22 35 50 35 105 58 318 21 1 45 34 28
754 22 28 31 30 93 45 225 47 93 13 34 28
755 22 31 31 16 110 55 1 26 1 35 34 27
756 22 30 18 21 74 1 10 26 17 25 33 27
757 22 32 36 51 71 1 1 21 7 11 33 27
758 22 32 42 31 60 60 1 51 95 8 33 27
759 22 29 32 25 131 41 17 44 43 18 33 28
760 22 43 45 21 124 63 1 33 1 24 33 27
761 22 30 36 35 149 12 1 51 89 7 33 27
762 22 29 31 26 94 1 118 48 69 14 33 28
763 22 31 32 22 153 1 100 31 11 25 33 27
764 22 26 11 21 88 1 1 19 1 16 33 27
765 22 34 41 37 136 34 211 42 62 13 33 28
766 22 25 15 26 98 27 1 48 109 1 33 27
767 22 25 30 29 74 11 140 14 1 35 34 27
768 22 29 28 24 85 39 1 48 102 8 33 27
769 22 34 28 11 93 71 132 23 1 33 34 27
770 22 21 20 44 59 1 54 25 1 3 33 27
771 22 32 30 27 55 27 23 9 1 34 34 27
772 22 33 32 39 78 38 39 40 70 6 34 28
773 22 36 26 10 98 48 1 28 1 26 33 27
774 22 30 30 28 81 1 1 14 1 24 33 27
775 22 31 39 25 84 93 1 34 22 24 33 28
776 22 27 26 40 148 15 149 24 24 32 34 27
777 22 35 26 20 158 52 213 32 27 21 33 28
778 22 43 46 21 118 9 1 18 1 43 34 27
779 22 29 33 37 105 8 1 29 30 20 34 28
780 22 31 36 28 129 15 1 40 51 18 33 27
781 22 39 43 26 89 19 1 42 16 16 33 28
782 22 27 21 17 174 18 258 34 23 17 33 27
783 22 27 20 22 290 25 1 38 1 15 33 27
784 22 28 30 36 51 45 1 53 120 1 33 27
785 22 30 30 29 101 21 1 23 1 23 33 27
786 22 25 35 52 56 4 268 44 95 7 33 28
787 22 26 14 32 85 1 114 54 129 2 33 27
788 22 26 24 33 94 46 36 33 19 12 33 28
789 22 34 39 28 158 16 253 39 19 24 33 27
790 22 30 34 29 116 5 11 6 1 41 34 27
791 22 27 22 21 157 1 1 30 1 18 33 27
792 22 24 30 36 147 7 1 48 116 5 33 28
793 22 28 25 17 172 33 1 18 1 29 33 27
794 22 24 9 29 46 15 1 45 97 4 33 27
795 22 27 19 28 141 22 59 31 45 23 33 27
796 22 26 23 33 50 1 237 34 76 12 33 28
797 22 32 37 27 61 42 1 50 76 12 33 27
798 22 32 40 33 72 52 1 44 27 10 33 27
799 22 34 31 33 159 1 166 12 1 38 34 27
800 22 24 20 31 57 1 511 37 106 13 33 27
801 22 24 20 27 133 29 1 27 1 29 33 27
802 22 41 46 26 74 8 1 36 19 26 33 28
803 22 34 27 34 173 25 32 48 78 11 33 28
804 22 31 38 28 155 28 1 47 86 13 33 27
805 22 27 25 24 100 1 1 13 1 37 33 27
806 22 31 29 27 120 44 202 35 49 18 33 28
807 22 27 35 46 57 15 95 58 175 1 33 27
808 22 28 18 20 69 1 281 30 1 23 33 27
809 22 27 32 25 127 87 1 40 36 14 33 28
810 22 39 48 35 65 58 169 37 22 17 33 28
811 22 29 17 14 134 51 224 34 23 21 33 27
812 22 29 35 41 62 22 1 32 24 11 33 28
813 22 31 24 15 96 67 1 54 105 6 33 27
814 22 33 43 36 140 24 158 25 1 30 33 27
815 22 32 30 21 92 38 1 46 60 18 33 27
816 22 28 36 27 94 82 1 53 114 4 33 27
817 22 25 14 7 121 35 1 24 1 21 33 27
818 22 25 20 22 84 26 1 53 97 6 33 27
819 22 30 35 35 60 1 1 41 85 13 33 28
820 22 29 24 25 252 42 52 31 1 31 33 27
821 22 37 36 32 54 1 221 19 1 29 34 27
822 22 36 41 12 105 20 1 30 1 32 33 27
823 22 36 44 31 105 43 186 23 1 32 34 27
824 22 32 37 23 109 42 1 37 40 17 33 28
825 22 28 25 19 175 36 197 52 113 8 33 28
826 22 27 20 8 60 33 1 43 62 22 33 27
827 22 37 36 23 73 16 61 32 17 22 33 27
828 22 37 37 20 72 41 1 54 115 11 33 28
829 22 32 47 34 191 1 1 44 64 15 34 28
830 22 28 26 22 115 51 183 34 36 15 33 28
831 22 28 28 20 122 52 1 51 114 12 33 27
832 22 33 42 25 63 66 1 45 66 18 33 27
833 22 35 43 21 76 58 1 27 1 37 34 27
834 22 25 29 30 147 70 1 35 71 14 33 27
835 22 25 17 29 95 6 12 48 84 18 33 27
836 22 32 25 26 72 1 72 29 1 27 33 27
837 22 30 34 25 67 38 1 28 1 27 33 28
838 22 33 42 48 162 34 82 20 1 22 33 27
839 22 40 41 23 75 9 1 14 1 31 34 27
840 22 30 39 39 73 84 1 38 84 22 33 28
841 22 31 19 1 65 47 1 30 1 23 33 27
842 22 34 39 32 70 46 1 43 21 9 33 28
843 22 26 24 36 54 1 151 31 5 14 33 27
844 22 35 42 28 145 67 1 35 1 17 33 27
845 22 33 39 38 121 37 36 38 37 20 33 28
846 22 40 46 36 155 1 193 7 1 36 34 27
847 22 31 25 25 119 1 181 24 1 32 34 27
848 22 32 37 24 69 48 1 46 83 16 33 27
849 22 42 34 16 122 30 106 27 1 24 33 27
850 22 30 21 12 149 51 1 19 1 35 34 27
851 22 33 42 31 127 71 18 54 103 10 34 27
852 22 30 28 21 65 8 1 10 1 32 33 27
853 22 29 33 29 93 17 108 43 74 14 33 28
854 22 29 23 18 84 72 142 32 57 25 34 28
855 22 29 34 37 92 47 309 48 90 18 33 27
856 22 34 33 38 118 37 37 40 17 7 34 28
857 22 28 18 17 104 65 1 45 63 13 33 28
858 22 31 42 26 99 82 1 28 10 32 34 28
859 22 37 42 37 94 48 1 22 178 27 33 27
860 22 30 34 31 96 70 227 44 48 13 33 28
861 22 36 41 23 70 77 1 33 1 19 33 27
862 22 27 28 20 115 1 81 31 1 31 33 27
863 22 37 44 45 109 24 182 13 1 22 33 28
864 22 34 44 38 136 1 1 23 1 26 33 27
865 22 30 33 27 58 11 1 36 17 20 33 27
866 22 36 34 31 68 81 1 38 1 24 33 27
867 22 26 13 28 143 1 297 22 1 27 33 27
868 22 33 39 42 51 46 38 14 1 34 34 27
869 22 31 25 29 60 39 1 30 1 19 33 27
870 22 29 15 13 105 1 59 42 50 16 33 27
871 22 27 26 30 66 25 1 64 149 3 33 28
872 22 28 32 28 115 90 14 40 71 13 33 28
873 22 19 5 15 327 6 5 56 117 6 33 27
874 22 19 15 35 88 1 26 33 39 4 33 27
875 22 29 16 16 76 1 214 32 1 24 33 27
876 22 36 30 12 80 45 1 26 1 31 33 27
877 22 33 37 27 112 4 1 39 19 24 33 27
878 22 34 28 22 88 52 347 40 38 22 33 28
879 22 31 27 18 129 1 318 40 48 18 33 27
880 22 22 13 31 234 14 1 43 101 1 33 27
881 22 33 36 35 103 1 138 36 18 17 33 28
882 22 40 44 37 69 1 1 39 30 16 33 27
883 22 24 28 29 101 54 1 27 52 10 33 27
884 22 31 43 36 91 80 212 23 1 27 34 28
885 22 32 36 18 76 78 134 36 1 24 33 27
886 22 35 40 36 66 26 1 28 9 23 33 27
887 22 36 35 30 71 21 1 34 1 16 33 27
888 22 28 27 32 191 1 123 38 64 10 33 28
889 22 27 23 15 154 1 1 16 1 25 33 27
890 22 26 26 30 140 33 1 42 64 17 33 28
891 22 27 15 22 164 22 1 21 21 21 33 27
892 22 31 37 28 170 28 102 25 1 25 33 27
893 22 27 26 27 83 50 1 46 91 13 33 27
894 22 30 35 34 120 1 1 52 106 14 33 28
895 22 29 31 24 105 40 1 31 13 28 34 27
896 22 27 21 26 188 7 364 26 1 28 33 27
897 22 31 29 23 134 1 158 28 1 23 33 27
898 22 33 26 29 98 22 125 19 1 21 33 27
899 22 34 34 35 55 10 198 25 1 18 33 27
900 22 24 26 23 65 29 175 48 47 26 33 28
901 22 28 26 19 100 7 1 32 17 17 33 27
902 22 33 36 33 79 57 1 32 3 18 33 28
903 22 29 27 16 113 94 224 43 72 22 33 27
904 22 37 35 27 118 49 1 24 1 17 33 27
905 22 26 23 33 109 1 1 31 43 4 33 28
906 22 26 12 24 52 9 155 43 86 17 33 27
907 22 24 19 25 92 1 1 19 1 23 33 27
908 22 28 18 26 43 1 1 24 1 20 33 27
909 22 28 15 7 97 1 1 27 8 17 33 27
910 22 28 34 37 235 37 301 44 81 19 33 28
911 22 34 36 21 98 92 12 35 1 22 33 27
912 22 32 18 23 127 1 1 30 1 10 33 27
913 22 34 43 34 320 63 1 35 19 23 33 27
914 22 31 27 43 88 41 43 29 41 13 34 27
915 22 35 24 17 146 1 61 19 1 32 34 27
916 22 29 21 33 92 1 1 23 11 19 33 27
917 22 30 31 33 154 36 1 28 1 22 33 27
918 22 38 42 28 60 53 1 12 1 27 33 27
919 22 28 23 19 78 15 107 51 87 19 33 28
920 22 29 32 38 96 1 110 12 1 20 33 27
921 22 32 40 31 329 7 1 28 1 29 33 27
922 22 26 35 36 85 68 18 51 124 12 33 27
923 22 29 22 17 102 58 207 43 68 26 34 28
924 22 37 36 22 54 1 1 2 1 38 34 27
925 22 27 32 35 99 17 48 32 35 11 33 28
926 22 33 46 42 45 1 184 26 32 26 34 28
927 22 33 34 34 66 17 1 16 1 20 33 27
928 22 29 37 32 153 1 1 38 77 10 33 28
929 22 27 33 34 60 48 255 41 104 13 33 27
930 22 33 36 28 67 1 1 24 1 21 33 27
931 22 20 30 37 282 28 1 46 117 7 33 27
932 22 38 39 34 133 1 166 1 1 32 34 27
933 22 38 42 23 155 26 1 13 1 38 33 27
934 22 28 24 13 155 47 1 35 1 14 33 27
935 22 22 22 34 116 1 36 34 25 13 33 27
936 22 27 30 37 67 20 1 18 1 18 33 27
937 22 26 28 33 57 67 1 40 70 12 33 28
938 22 36 35 15 88 55 1 28 1 27 33 27
939 22 37 40 31 60 17 1 20 1 21 33 27
940 22 26 31 22 95 40 1 23 1 31 34 27
941 22 38 40 14 121 1 1 34 1 30 33 27
942 22 29 25 15 64 1 1 24 1 27 33 27
943 22 33 39 24 93 65 1 31 1 29 33 27
944 22 41 49 39 64 1 1 42 38 15 33 28
945 22 29 26 23 71 7 161 36 37 25 33 28
946 22 29 21 7 62 40 185 34 44 35 34 27
947 22 38 43 29 73 1 1 49 83 17 33 28
948 22 33 28 30 69 1 379 16 1 37 34 27
949 22 40 44 24 124 108 1 30 1 27 33 27
950 22 26 24 18 69 50 1 42 26 23 33 27
951 22 31 29 18 441 67 1 45 71 17 33 27
952 22 36 41 38 61 47 233 35 25 22 33 28
953 22 28 30 17 102 46 1 51 83 17 33 27
954 22 26 23 19 57 31 269 36 83 21 33 27
955 22 29 27 33 111 14 1 23 16 9 33 27
956 22 24 10 24 208 1 30 41 45 16 33 28
957 22 31 22 23 118 53 120 43 116 16 33 27
958 22 26 19 24 89 1 228 21 1 28 33 27
959 22 31 29 32 142 1 1 61 120 7 33 28
960 22 28 27 25 63 53 1 33 65 16 33 28
961 22 32 25 29 493 1 89 25 1 22 33 27
962 22 34 27 13 155 47 74 19 1 38 34 27
963 22 31 25 11 82 77 238 26 1 33 34 27
964 22 19 24 41 86 25 60 65 179 1 33 27
965 22 28 32 33 436 29 73 30 40 14 33 28
966 22 32 20 12 60 59 1 30 1 28 33 27
967 22 27 15 34 41 1 1 42 80 6 33 27
968 22 42 41 22 278 27 1 38 1 27 33 27
969 22 35 23 7 135 40 1 22 1 30 33 27
970 22 30 24 19 97 51 1 48 89 13 33 27
971 22 36 32 16 108 19 1 14 1 26 33 27
972 22 30 23 27 47 47 278 43 122 15 33 28
973 22 37 43 25 109 71 1 16 1 45 33 27
974 22 31 25 19 160 52 1 52 101 9 33 28
975 22 29 21 19 94 26 1 29 1 11 33 27
976 22 29 26 15 109 83 1 57 120 8 33 27
977 22 22 16 10 81 50 1 51 103 10 33 27
978 22 30 15 12 91 1 1 33 1 21 33 27
979 22 26 17 22 189 1 1 28 2 16 33 27
980 22 24 21 25 188 20 1 33 25 10 33 28
981 22 41 39 30 55 38 1 39 28 21 33 27
982 22 33 41 21 78 63 1 36 1 25 33 27
983 22 29 33 36 51 1 1 33 21 14 33 27
984 22 34 35 31 178 48 1 41 71 8 33 27
985 22 33 38 39 113 68 1 30 1 16 34 28
986 22 33 38 33 160 26 122 47 75 15 33 28
987 22 38 43 38 104 15 56 18 1 33 34 27
988 22 31 35 25 167 89 1 35 17 25 33 28
989 22 33 43 30 192 92 210 28 1 31 34 28
990 22 19 10 22 309 8 174 39 86 14 33 27
991 22 31 22 21 146 1 1 20 1 25 33 27
992 22 26 29 22 56 89 1 41 70 17 33 28
993 22 40 38 19 70 35 1 30 1 26 33 27
994 22 21 20 25 116 92 1 48 109 6 33 27
995 22 27 20 25 76 1 1 49 86 6 33 27
996 22 39 39 14 196 58 1 25 1 38 34 27
997 22 31 26 20 59 50 105 34 32 24 33 28
998 22 28 30 36 90 12 1 40 69 9 33 27
999 22 26 23 28 105 1 1 34 52 7 33 27
1000 22 34 33 21 90 85 1 48 92 19 33 27
1001 22 24 25 21 127 32 1 39 67 16 33 27
1002 22 40 36 29 49 1 81 1 1 38 33 27
1003 22 28 39 26 141 22 178 37 1 24 33 27
1004 22 25 35 43 50 59 232 51 104 9 33 28
1005 22 33 43 43 83 58 1 54 100 1 33 27
1006 22 27 17 7 89 26 1 50 95 19 33 27
1007 22 36 35 30 82 16 1 25 1 22 33 27
1008 22 36 29 18 64 15 155 16 1 32 34 27
1009 22 27 27 26 160 13 49 36 45 17 33 28
1010 22 32 33 31 105 1 248 12 1 43 34 28
1011 22 32 30 18 99 60 1 53 111 12 34 27
1012 22 29 38 35 409 51 190 57 134 9 33 27
1013 22 21 13 22 77 45 57 38 52 13 33 28
1014 22 25 24 37 273 43 170 53 146 1 33 27
1015 22 32 23 18 60 38 1 56 103 7 33 27
1016 22 24 17 31 120 4 470 33 54 25 33 27
1017 22 26 31 33 151 4 1 28 36 24 33 28
1018 22 35 38 26 206 13 1 28 1 21 33 27
1019 22 25 23 30 60 1 16 37 76 7 33 28
1020 22 30 20 14 85 15 131 24 1 39 33 27
1021 22 34 31 18 169 18 195 24 1 33 34 27
1022 22 28 29 28 65 1 47 41 81 8 33 28
1023 22 35 31 26 133 3 268 37 1 18 33 28
1024 22 24 32 36 155 51 7 50 100 19 33 28
1025 22 27 31 29 69 54 182 27 1 28 33 27
1026 22 31 26 22 165 20 19 23 1 32 33 27
1027 22 32 37 40 103 1 33 37 27 14 34 28
1028 22 25 25 17 58 38 1 44 26 24 33 28
1029 22 35 43 37 75 1 1 39 11 13 33 28
1030 22 27 32 33 96 1 1 48 60 3 33 28
1031 22 23 18 21 116 1 127 24 1 28 33 27
1032 22 23 32 39 62 1 145 32 76 25 33 27
1033 22 30 19 30 42 58 513 40 48 20 33 28
1034 22 34 41 20 167 58 1 13 1 38 34 27
1035 22 37 40 23 130 74 1 39 1 13 33 27
1036 22 25 13 31 91 1 68 28 15 13 33 28
1037 22 33 23 10 99 47 1 20 1 32 33 27
1038 22 30 29 27 60 47 1 43 88 4 33 28
1039 22 36 44 29 64 88 1 43 52 25 33 28
1040 22 29 17 13 55 32 1 43 61 9 33 27
1041 22 33 38 34 64 7 216 40 59 23 33 28
1042 22 36 43 36 94 35 1 19 1 21 33 28
1043 22 29 27 28 53 1 152 7 1 37 33 27
1044 22 31 40 17 90 70 1 35 1 20 33 27
1045 22 36 39 38 89 33 43 12 1 29 34 27
1046 22 30 24 14 102 25 1 55 80 14 33 28
1047 22 37 39 28 174 40 262 40 31 21 33 28
1048 22 36 31 26 155 1 1 12 1 31 33 27
1049 22 39 42 27 153 72 1 14 1 37 34 27
1050 22 25 30 38 55 17 1 18 1 16 33 27
1051 22 34 45 33 64 36 1 21 1 28 33 27
1052 22 23 26 18 59 35 1 45 31 12 33 28
1053 22 42 50 39 104 1 323 22 1 32 34 27
1054 22 38 39 29 59 59 1 41 97 8 33 28
1055 22 32 33 34 99 40 148 18 1 36 34 27
1056 22 27 29 23 96 5 1 40 14 18 33 27
1057 22 28 37 43 71 79 1 31 39 22 33 28
1058 22 21 17 37 70 1 1 25 44 17 33 27
1059 22 23 19 37 111 1 1 29 56 12 33 28
1060 22 34 26 4 73 19 1 18 1 38 33 27
1061 22 36 37 32 118 31 287 38 5 24 33 27
1062 22 30 20 7 69 1 97 38 1 17 33 27
1063 22 30 23 24 78 43 1 36 46 17 33 28
1064 22 36 40 33 60 40 202 36 44 18 33 28
1065 22 33 38 40 222 1 300 8 1 38 33 27
1066 22 30 19 12 88 32 1 24 1 30 33 27
1067 22 44 42 23 160 31 1 6 1 40 33 27
1068 22 34 24 45 46 1 449 19 1 16 33 27
1069 22 33 35 26 54 42 1 24 1 33 34 27
1070 22 33 35 32 127 55 354 45 105 8 34 28
1071 22 36 44 37 146 70 1 43 49 14 33 28
1072 22 32 61 25 62 37 1 15 1 26 33 27
1073 22 33 42 45 72 1 240 39 48 14 34 28
1074 22 35 23 1 300 1 1 16 1 46 34 27
1075 22 26 24 31 53 1 172 28 29 27 33 27
1076 22 34 40 25 237 57 1 25 1 34 34 27
1077 22 34 34 18 80 73 1 28 1 21 33 27
1078 22 29 37 16 140 95 251 31 1 37 34 27
1079 22 27 10 16 134 31 1 37 39 12 33 28
1080 22 27 17 16 67 3 1 48 98 7 33 27
1081 22 26 28 30 143 1 146 36 15 17 33 27
1082 22 31 29 20 278 4 1 17 1 33 33 27
1083 22 29 20 15 104 1 229 17 1 37 33 27
1084 22 35 27 21 246 1 1 15 1 31 33 27
1085 22 29 24 21 119 1 1 12 1 33 33 27
1086 22 31 28 5 100 53 1 29 1 33 33 27
1087 22 26 23 25 80 1 85 30 8 23 33 28
1088 22 31 36 37 106 1 209 30 1 15 33 27
1089 22 28 32 35 106 54 139 19 1 23 33 27
1090 22 31 27 26 246 1 322 20 1 32 33 27
1091 22 34 27 31 72 1 1 33 1 19 33 27
1092 22 29 25 27 59 13 192 41 86 10 33 27
1093 22 26 28 34 100 34 1 58 108 1 33 27
1094 22 30 20 16 82 25 1 28 1 18 33 27
1095 22 23 33 44 110 46 200 62 168 4 33 27
1096 22 27 26 20 63 13 68 50 88 10 33 28
1097 22 27 24 28 94 27 1 52 102 14 33 28
1098 22 35 48 31 95 43 1 35 1 24 33 27
1099 22 34 31 28 87 1 1 43 106 15 33 28
1100 22 34 39 21 66 75 1 12 1 42 34 28
1101 22 37 39 36 57 1 293 28 13 19 33 28
1102 22 35 44 24 98 1 1 18 1 42 34 27
1103 22 23 17 1 256 52 1 25 1 26 33 27
1104 22 27 25 24 144 17 1 35 33 22 33 27
1105 22 28 27 30 63 10 244 39 49 10 33 28
1106 22 36 42 53 55 1 1 23 36 15 33 27
1107 22 33 37 23 89 87 1 32 1 28 33 27
1108 22 20 7 24 78 1 1 35 47 15 33 27
1109 22 28 27 31 94 37 1 37 25 9 33 27
1110 22 29 24 31 87 28 31 39 67 10 33 27
1111 22 26 40 47 391 7 168 51 132 6 34 28
1112 22 33 36 34 58 5 98 6 1 38 34 27
1113 22 35 38 39 52 12 227 24 1 37 34 27
1114 22 33 43 42 113 43 217 32 34 15 34 27
1115 22 30 32 38 79 1 1 30 63 11 33 28
1116 22 33 43 29 379 81 1 18 1 24 33 27
1117 22 26 31 35 102 74 1 49 66 8 33 28
1118 22 40 50 23 112 17 1 23 1 38 33 27
1119 22 29 35 41 186 1 456 37 110 10 33 27
1120 22 31 29 16 61 81 1 44 74 14 33 27
1121 22 39 28 5 85 11 1 32 1 28 33 27
1122 22 32 37 42 69 21 45 35 103 11 33 28
1123 22 39 31 9 64 56 1 29 1 30 34 27
1124 22 30 26 28 82 46 1 37 65 9 33 27
1125 22 32 29 25 61 51 213 25 1 27 33 27
1126 22 34 36 35 186 30 1 33 1 24 33 27
1127 22 35 44 37 136 51 1 40 92 12 33 27
1128 22 33 36 14 193 27 1 29 2 33 34 27
1129 22 26 33 29 63 82 1 39 81 15 33 28
1130 22 37 30 23 142 14 1 27 1 26 33 27
1131 22 29 29 20 68 1 174 29 1 25 33 27
1132 22 31 26 11 127 39 1 37 6 23 33 27
1133 38 40 35 57 178 1 139 52 44 25 54 47
1134 22 23 24 35 49 1 1 48 115 12 33 27
1135 22 38 36 11 71 56 1 33 1 32 33 27
1136 22 33 41 45 97 37 134 50 65 17 33 28
1137 22 23 20 30 76 12 70 47 398 6 33 28
1138 22 28 28 35 119 1 405 29 48 26 33 27
1139 22 33 37 34 74 132 1 38 41 6 33 27
1140 22 36 36 36 116 62 1 26 1 21 33 27
1141 22 28 26 22 195 19 1 44 33 20 33 27
1142 22 30 36 23 204 57 1 26 1 32 34 27
1143 22 31 27 19 80 28 159 31 1 27 33 27
1144 22 26 28 23 79 35 1 41 18 21 33 27
1145 22 28 32 29 136 64 1 38 69 13 33 27
1146 22 27 27 14 106 1 1 35 31 32 34 27
1147 22 30 34 26 135 1 1 27 1 21 33 27
1148 22 28 17 18 53 7 225 19 1 22 33 27
1149 22 38 47 36 265 35 339 10 1 35 34 27
1150 22 39 38 25 116 56 1 31 1 27 33 27
1151 22 29 30 26 111 1 133 26 1 24 33 27
1152 22 30 17 1 117 35 1 12 1 23 33 27
1153 22 28 27 34 61 40 1 39 76 12 33 28
1154 22 23 8 13 62 1 1 18 1 29 33 27
1155 22 30 19 12 59 21 129 26 1 27 33 27
1156 22 29 30 21 63 62 1 35 1 25 33 27
1157 22 30 32 31 61 80 328 37 1 16 33 27
1158 22 28 27 33 69 6 80 37 56 5 33 27
1159 22 32 18 10 100 1 1 25 1 25 33 27
1160 22 25 19 26 89 1 45 29 10 24 33 27
1161 22 28 28 38 104 1 321 37 72 16 33 28
1162 22 33 35 23 156 31 1 33 1 27 33 27
1163 22 29 14 22 147 1 1 19 1 28 33 27
1164 22 27 29 35 62 4 483 35 79 18 33 28
1165 22 34 25 12 124 47 1 45 70 23 33 28
1166 22 31 37 46 80 1 48 39 79 12 34 28
1167 22 33 34 43 274 22 1 29 80 12 33 27
1168 22 27 16 23 70 28 72 41 54 11 33 27
1169 22 30 38 37 62 11 1 21 1 21 33 27
1170 22 35 37 41 102 63 1 45 44 10 33 28
1171 22 30 39 35 130 72 1 22 1 27 33 27
1172 22 32 44 33 208 64 1 41 91 20 33 27
1173 22 28 26 30 95 69 1 30 15 11 33 27
1174 22 31 21 26 53 1 75 29 50 24 33 27
1175 22 31 19 26 109 1 99 24 1 20 33 27
1176 22 35 44 39 122 36 344 26 1 29 34 27
1177 22 25 30 33 56 27 1 28 1 16 33 27
1178 22 31 31 20 90 9 1 47 87 19 33 28
1179 22 34 37 34 57 52 1 44 96 14 34 28
1180 22 27 31 39 104 26 1 36 64 10 33 28
1181 22 35 40 22 123 11 1 32 1 30 34 28
1182 22 33 27 26 66 6 1 36 20 18 33 27
1183 22 29 32 37 84 61 109 36 45 13 33 28
1184 22 29 36 31 91 42 1 49 87 16 33 28
1185 22 32 33 32 146 24 156 7 1 30 34 27
1186 22 21 24 32 84 1 55 28 32 13 33 28
1187 22 34 29 29 86 9 217 22 1 23 33 27
1188 22 38 28 13 94 11 134 17 1 25 33 27
1189 22 30 16 22 78 1 142 23 1 19 33 27
1190 22 35 48 37 61 83 1 31 16 20 33 28
1191 22 30 24 32 178 1 1 21 1 18 33 27
1192 22 30 22 1 68 1 1 30 1 28 33 27
1193 22 36 35 36 47 1 1 9 1 30 33 27
1194 22 29 21 7 75 6 1 39 1 27 34 28
1195 22 24 26 36 126 21 352 38 78 18 33 27
1196 22 30 31 23 63 21 47 41 22 23 33 27
1197 22 32 38 31 213 50 1 47 58 12 33 28
1198 22 31 21 14 132 65 1 24 1 22 33 27
1199 22 38 43 30 257 8 146 14 1 32 34 27
1200 22 40 36 18 108 47 1 13 1 33 33 27
1201 22 36 27 23 120 1 80 27 1 28 33 28
1202 22 31 45 37 149 114 1 37 48 22 33 28
1203 22 39 34 21 66 1 1 41 17 19 33 28
1204 22 38 44 23 104 34 186 14 1 51 34 27
1205 22 28 23 19 71 1 188 25 1 23 33 27
1206 22 29 14 4 96 32 1 30 29 26 33 27
1207 22 31 27 27 96 68 180 31 46 26 33 27
1208 22 36 39 28 166 44 1 24 1 21 33 27
1209 22 35 33 19 84 84 1 36 8 26 33 27
1210 22 35 30 18 210 76 1 29 10 19 33 27
1211 22 36 73 41 223 19 1 32 1 19 33 27
1212 22 34 35 35 89 6 141 27 1 16 33 27
1213 22 21 8 21 60 38 155 31 65 15 33 28
1214 22 35 37 38 144 82 1 38 50 16 33 28
1215 22 35 24 13 194 19 1 48 85 20 33 27
1216 22 32 23 13 99 1 1 48 78 16 33 27
1217 22 29 27 27 133 1 1 12 1 30 33 27
1218 22 37 36 16 244 109 1 34 29 35 34 27
1219 22 36 43 31 62 1 1 25 1 23 33 27
1220 22 30 26 16 89 60 1 49 84 22 33 27
1221 22 29 23 17 78 19 1 35 21 15 33 27
1222 22 25 14 17 53 1 4 16 1 25 33 27
1223 22 30 32 41 74 32 1 50 97 2 33 27
1224 22 31 28 30 81 60 1 33 5 18 33 28
1225 22 32 25 18 73 22 1 20 1 25 33 27
1226 22 25 28 28 98 1 185 27 1 21 33 27
1227 22 30 37 37 118 1 1 25 1 19 33 27
1228 22 34 22 9 136 77 1 33 1 31 34 27
1229 22 27 30 30 318 51 189 28 1 21 33 28
1230 22 23 11 20 136 1 1 35 20 13 33 27
1231 22 24 22 40 296 20 119 42 109 5 33 27
1232 22 29 34 32 98 63 1 57 132 2 33 27
1233 22 34 32 25 369 106 1 32 1 17 33 28
1234 22 37 39 32 154 14 1 13 1 25 33 27
1235 22 33 41 39 53 64 119 26 10 30 34 27
1236 22 31 36 48 108 32 197 35 101 16 33 28
1237 22 35 29 21 247 12 163 50 53 22 33 28
1238 22 30 25 1 78 11 1 26 1 36 34 27
1239 22 33 39 31 198 22 58 43 92 15 33 27
1240 22 33 38 40 63 9 197 46 119 20 34 27
1241 22 28 35 22 167 1 1 29 1 18 33 27
1242 22 28 38 34 127 70 1 29 33 17 33 27
1243 22 39 45 34 66 21 1 29 1 20 33 27
1244 22 29 22 33 135 1 108 33 63 9 33 28
1245 22 29 32 42 69 36 360 26 19 16 33 28
1246 22 30 20 27 78 25 11 34 38 18 33 28
1247 22 31 42 27 89 55 1 38 37 27 34 28
1248 22 35 38 21 82 45 1 29 1 26 33 27
1249 22 41 32 2 125 78 1 8 1 44 34 27
1250 22 25 26 20 66 23 1 40 65 14 33 27
1251 22 29 14 7 90 38 52 29 1 32 33 27
1252 22 29 24 22 154 77 196 46 104 17 33 28
1253 22 37 44 34 60 61 1 44 95 16 33 28
1254 22 28 30 24 118 3 1 33 1 15 33 27
1255 22 35 32 31 79 56 1 59 135 2 34 27
1256 22 39 30 28 154 11 1 48 46 7 33 27
1257 22 33 31 21 122 39 152 42 53 23 33 27
1258 22 36 39 15 106 46 1 30 1 21 33 27
1259 22 38 33 22 126 9 1 20 1 17 33 27
1260 22 36 35 36 79 1 1 30 31 23 33 27
1261 22 38 34 22 107 5 1 40 32 20 33 27
1262 22 33 28 26 149 23 243 33 15 17 33 28
1263 22 28 16 6 123 8 217 15 1 41 33 27
1264 22 32 25 28 177 60 1 39 60 4 33 28
1265 22 30 33 28 57 54 171 24 1 33 34 27
1266 22 33 21 18 201 10 1 21 1 15 33 27
1267 22 23 10 13 60 1 138 37 17 16 33 27
1268 22 33 38 33 98 23 1 23 1 30 34 27
1269 22 35 39 39 82 21 1 24 1 10 33 27
1270 22 26 12 19 102 1 26 24 1 25 33 27
1271 22 27 32 31 61 9 183 41 85 16 33 27
1272 22 32 39 33 89 60 201 37 13 30 34 27
1273 22 37 38 15 177 73 1 45 50 31 34 27
1274 22 30 39 39 71 28 1 17 1 14 33 27
1275 22 29 34 29 126 30 258 42 33 31 34 28
1276 22 24 17 17 116 1 158 56 84 13 33 27
1277 22 33 35 31 79 33 9 25 1 31 34 27
1278 22 33 39 47 122 20 119 23 26 22 33 28
1279 22 31 24 23 49 1 127 17 1 35 33 27
1280 22 29 15 4 181 23 1 34 1 28 34 27
1281 22 37 37 20 107 69 1 24 1 39 34 27
1282 22 31 36 24 79 54 1 21 1 30 33 27
1283 22 34 31 32 53 24 1 28 1 17 33 27
1284 22 32 37 34 55 90 6 33 1 31 34 27
1285 22 31 19 14 92 1 1 11 1 35 33 27
1286 28 36 26 28 87 1 1 62 111 21 41 35
1287 22 22 14 16 145 17 154 42 45 26 33 27
1288 22 38 47 26 55 69 1 11 1 37 34 27
1289 22 32 33 25 101 1 1 24 1 22 33 27
1290 22 29 29 27 132 27 276 11 1 45 34 28
1291 22 35 27 13 61 47 1 26 1 20 33 27
1292 22 25 29 37 95 31 1 32 30 12 33 28
1293 22 20 20 30 82 1 74 39 95 12 33 27
1294 22 25 27 35 132 1 85 46 106 3 33 27
1295 22 34 27 20 65 16 1 27 1 24 33 27
1296 22 36 21 27 69 4 153 15 1 36 33 27
1297 22 33 31 24 116 76 1 58 91 7 33 27
1298 22 38 36 24 160 29 1 19 1 25 33 27
1299 22 34 41 34 123 2 1 17 1 22 33 27
1300 22 37 33 14 88 86 132 29 1 29 34 27
1301 22 28 31 19 146 1 1 23 1 26 33 27
1302 22 36 41 34 80 51 314 45 94 14 34 28
1303 22 29 30 27 160 38 275 29 1 34 34 27
1304 22 34 31 31 58 37 1 54 107 13 33 28
1305 22 28 26 16 139 83 1 36 44 19 33 27
1306 22 28 30 46 37 35 1 47 86 1 33 27
1307 22 40 43 20 164 60 1 27 1 34 33 27
1308 22 26 34 36 90 53 255 19 1 26 33 27
1309 22 29 35 25 67 1 181 28 1 31 34 27
1310 22 35 37 43 86 1 375 38 31 27 34 28
1311 22 32 43 28 194 55 66 20 1 30 34 27
1312 22 33 40 24 180 1 138 33 1 24 33 27
1313 22 43 49 37 106 46 1 26 1 15 33 27
1314 22 27 31 26 90 48 176 46 66 17 33 27
1315 22 28 18 18 49 18 1 22 1 18 33 27
1316 22 23 16 30 229 1 236 22 10 15 33 27
1317 22 24 17 27 133 1 1 43 73 6 33 27
1318 22 36 37 26 63 8 1 1 1 33 33 27
1319 22 31 35 28 199 1 145 18 1 23 33 27
1320 22 21 4 14 151 25 1 66 76 5 33 27
1321 22 38 41 29 100 19 1 42 28 15 33 27
1322 22 39 35 24 314 1 149 12 1 42 34 27
1323 22 31 28 17 177 1 243 51 66 20 33 28
1324 22 34 28 33 59 1 1 26 48 16 33 28
1325 22 27 12 20 145 2 29 31 18 12 33 28
1326 22 27 34 23 503 1 1 47 76 6 33 27
1327 22 22 16 32 123 1 1 16 1 18 33 27
1328 22 31 26 31 130 11 109 43 73 9 33 28
1329 22 31 23 16 66 58 70 23 1 35 34 27
1330 22 29 19 17 118 15 1 29 1 23 33 27
1331 22 41 37 19 52 28 1 19 1 31 33 27
1332 22 35 32 13 132 62 1 27 1 35 33 27
1333 22 32 26 24 187 30 132 41 79 14 33 28
1334 22 25 28 32 47 1 96 38 53 22 33 27
1335 22 23 32 33 85 81 6 42 42 10 33 27
1336 22 29 28 31 52 42 1 43 81 5 33 28
1337 22 32 25 26 50 1 122 5 1 38 33 27
1338 22 27 27 13 66 85 1 35 14 16 33 28
1339 22 42 45 17 194 81 62 22 1 34 34 27
1340 22 36 35 38 101 27 1 25 1 25 33 27
1341 22 37 36 16 271 63 1 15 1 40 33 27
1342 22 26 22 26 58 1 200 48 62 8 33 28
1343 22 31 28 38 144 2 1 57 122 1 33 27
1344 22 29 19 15 81 65 290 42 30 18 33 27
1345 22 34 40 27 94 62 1 31 16 24 33 28
1346 22 29 23 23 94 1 1 18 1 24 33 27
1347 22 31 24 24 69 1 1 15 1 39 33 27
1348 22 34 41 37 103 10 146 26 1 23 33 27
1349 22 38 34 23 72 1 191 26 1 32 34 27
1350 22 35 39 18 105 6 1 25 1 25 33 27
1351 22 27 22 34 64 14 1 40 101 4 33 27
1352 22 35 43 33 65 25 1 36 75 11 33 28
1353 22 29 32 28 108 64 1 28 1 13 33 27
1354 22 23 15 18 80 18 154 44 81 14 33 27
1355 22 27 29 19 131 29 1 45 67 12 33 27
1356 22 33 39 36 131 1 246 17 1 41 34 27
1357 22 23 26 43 56 1 135 53 135 12 33 28
1358 22 28 21 29 120 9 152 32 45 18 33 28
1359 22 31 28 32 109 27 1 30 1 17 33 27
1360 22 31 21 9 99 1 1 45 33 22 33 27
1361 22 32 36 32 57 30 1 33 1 23 33 27
1362 22 31 39 34 58 1 330 31 22 26 34 27
1363 22 28 33 30 77 23 1 22 1 29 33 27
1364 22 32 36 32 94 74 1 19 1 28 33 27
1365 22 42 45 23 148 1 1 1 1 47 33 27
1366 22 29 17 4 61 53 1 15 1 43 33 27
1367 22 31 26 12 119 16 1 27 1 31 33 27
1368 22 32 44 31 70 59 1 45 69 21 33 28
1369 22 33 26 11 62 68 1 49 89 12 33 27
1370 22 33 35 21 91 44 1 34 34 25 33 28
1371 22 30 36 36 187 14 151 30 1 16 33 28
1372 22 32 37 20 103 42 1 26 1 41 33 27
1373 22 29 30 27 94 2 1 61 129 1 33 27
1374 22 38 45 32 64 79 1 51 103 9 33 27
1375 22 39 40 25 206 3 1 18 1 29 33 27
1376 22 31 31 26 97 32 1 25 1 27 33 27
1377 22 27 34 27 63 40 27 35 1 19 33 27
1378 22 38 30 23 282 40 1 10 1 34 34 27
1379 22 33 27 6 92 25 1 31 1 29 33 27
1380 22 28 20 18 216 48 218 35 48 25 33 28
1381 22 30 34 47 79 21 30 37 74 17 34 28
1382 22 31 37 30 59 14 1 25 1 20 33 27
1383 22 34 28 30 54 71 85 49 83 5 33 28
1384 22 30 35 35 55 36 307 31 1 21 33 27
1385 22 37 29 33 72 1 73 14 1 33 34 27
1386 22 33 42 25 65 3 1 35 1 24 33 27
1387 22 30 42 26 81 13 93 29 1 31 34 27
1388 22 31 38 34 76 73 170 26 1 31 34 27
1389 22 21 33 50 102 15 1 56 157 1 33 27
1390 22 39 48 29 172 43 1 1 1 45 34 28
1391 22 32 21 20 154 1 1 20 1 28 33 27
1392 22 27 22 22 78 13 1 23 1 29 33 27
1393 22 36 33 30 129 84 136 41 35 13 33 27
1394 22 33 32 35 149 6 1 18 1 28 33 27
1395 22 26 30 39 87 63 1 49 127 8 33 27
1396 22 37 47 43 93 47 1 41 61 21 33 28
1397 22 27 29 35 89 68 38 44 119 8 33 28
1398 22 26 34 39 86 1 137 28 7 22 33 28
1399 22 27 37 41 136 1 53 45 139 11 33 28
1400 22 24 31 26 254 59 1 34 68 17 33 28
1401 22 25 15 9 89 13 1 43 65 19 33 27
1402 22 34 27 17 90 56 1 29 1 24 33 27
1403 22 35 44 33 62 109 167 39 66 18 33 28
1404 22 27 36 41 156 9 1 46 88 2 33 27
1405 22 28 21 25 54 1 93 26 1 22 33 27
1406 22 32 22 14 122 13 1 34 14 21 33 27
1407 22 30 23 20 60 65 84 40 37 14 33 27
1408 22 32 35 32 105 57 88 42 116 12 34 28
1409 22 28 36 26 104 81 1 32 1 21 33 27
1410 22 24 26 23 86 14 1 44 67 24 33 27
1411 22 30 33 37 92 1 167 42 95 16 33 28
1412 22 29 29 23 91 6 1 40 52 22 33 27
1413 22 36 38 38 123 8 1 35 20 21 33 27
1414 22 37 33 19 55 7 188 26 1 26 34 27
1415 22 36 41 42 286 1 29 33 24 15 33 27
1416 22 27 23 28 58 21 53 49 111 12 33 28
1417 22 27 17 34 105 1 167 30 1 13 33 27
1418 22 25 21 19 134 1 88 49 104 10 33 27
1419 22 25 15 21 124 1 222 33 41 13 33 27
1420 22 32 26 21 58 33 155 37 48 18 33 27
1421 22 25 31 42 83 68 1 27 15 13 33 28
1422 22 31 43 41 134 22 260 35 54 24 33 28
1423 22 26 17 6 113 35 1 27 1 19 33 27
1424 22 36 31 31 70 35 1 40 77 18 33 27
1425 22 35 42 45 89 65 1 25 1 23 33 27
1426 22 27 36 34 99 34 53 42 92 18 33 28
1427 22 22 12 21 105 1 1 32 65 18 33 27
1428 22 36 33 18 85 1 207 20 1 39 34 27
1429 22 34 28 30 131 22 175 36 79 22 33 28
1430 22 28 21 12 104 81 1 23 1 29 33 27
1431 22 24 13 21 64 12 143 42 104 8 33 27
1432 22 34 37 22 64 55 111 31 1 31 34 27
1433 22 31 27 28 136 49 1 52 126 9 33 27
1434 22 37 40 29 119 1 1 20 1 27 33 27
1435 22 31 36 26 64 13 1 48 108 16 33 28
1436 22 29 20 24 99 1 255 28 1 17 33 27
1437 22 31 24 13 68 52 1 32 54 25 33 27
1438 22 30 30 21 135 84 176 40 52 30 34 28
1439 22 28 16 33 75 1 83 40 47 6 33 27
1440 22 25 19 16 217 5 1 48 86 14 33 27
1441 22 39 40 37 125 1 62 16 1 22 33 27
1442 22 28 23 24 142 27 122 42 80 25 33 27
1443 22 34 32 21 259 75 1 48 95 26 33 27
1444 22 28 27 35 50 5 28 35 19 12 33 27
1445 22 34 40 19 129 1 1 41 49 32 34 27
1446 22 35 37 30 66 97 1 45 55 17 33 27
1447 22 21 27 38 88 1 24 38 85 11 33 27
1448 22 38 46 29 61 42 1 5 1 24 33 27
1449 22 29 37 33 79 2 138 33 3 20 33 27
1450 22 33 29 37 100 1 62 33 49 17 33 28
1451 22 32 34 26 97 36 1 24 1 23 33 27
1452 22 37 40 290 131 1 151 6 1 22 33 27
1453 22 34 43 37 58 82 1 48 48 10 33 27
1454 22 36 35 25 56 82 1 32 1 23 33 27
1455 22 28 15 9 68 39 1 29 19 27 34 27
1456 22 26 27 25 129 6 246 33 1 21 33 27
1457 22 18 20 30 53 14 114 48 123 13 33 27
1458 22 24 32 33 113 89 1 33 54 12 33 27
1459 22 36 43 28 193 38 12 21 1 35 34 27
1460 22 29 26 20 192 1 1 19 1 22 33 27
1461 22 34 27 13 298 16 88 21 1 27 33 27
1462 22 30 37 19 86 59 1 33 41 26 34 27
1463 22 30 26 19 93 37 1 29 1 25 33 27
1464 22 30 30 17 111 79 1 32 6 27 34 28
1465 22 36 39 31 113 49 95 32 41 23 33 28
1466 22 27 31 34 63 1 301 52 125 12 33 27
1467 22 27 24 28 88 29 48 36 1 7 33 27
1468 22 33 26 25 289 26 199 23 1 25 33 27
1469 22 39 42 20 92 12 36 27 1 42 34 27
1470 22 27 22 33 96 1 45 32 57 14 33 28
1471 22 38 37 26 107 21 254 31 1 34 34 27
1472 22 39 45 36 82 1 245 22 1 23 33 27
1473 22 36 25 15 131 1 77 20 1 32 34 27
1474 22 26 19 21 56 36 188 22 1 29 33 27
1475 22 37 30 19 92 41 42 43 60 26 33 28
1476 22 32 40 27 101 24 229 27 1 31 34 27
1477 22 30 37 28 100 1 1 21 1 30 33 27
1478 22 33 29 27 149 31 1 26 1 15 33 27
1479 22 30 28 25 80 1 272 15 1 33 34 27
1480 22 29 36 43 175 17 19 25 36 17 33 28
1481 22 34 37 29 233 69 1 35 46 14 33 27
1482 22 28 18 27 54 12 46 37 48 11 33 27
1483 22 33 26 21 97 1 1 21 1 20 33 27
1484 22 25 35 50 41 17 386 34 66 23 33 27
1485 22 36 39 45 81 55 1 28 35 9 34 28
1486 22 40 50 41 72 1 31 17 1 22 33 27
1487 22 37 46 27 138 45 1 42 73 24 33 27
1488 22 37 43 26 63 44 23 29 1 33 34 27
1489 22 30 35 33 74 48 1 41 67 16 33 27
1490 22 29 17 10 135 22 1 54 101 9 33 27
1491 22 30 21 19 100 23 251 33 23 23 33 27
1492 22 29 27 45 112 1 1 35 39 4 33 27
1493 22 25 18 29 103 1 78 45 81 14 33 27
1494 22 29 23 23 85 46 1 27 1 18 33 27
1495 22 34 33 22 61 29 1 36 1 17 33 27
1496 22 28 21 13 63 1 89 29 1 28 33 27
1497 22 39 40 26 140 1 78 16 1 39 33 27
1498 22 28 11 1 133 1 1 31 1 17 33 27
1499 22 35 34 19 84 13 1 29 1 24 33 27
1500 22 29 35 41 96 50 142 37 43 15 33 27
1501 22 29 19 25 95 17 1 31 1 14 33 27
1502 22 40 41 26 127 59 1 33 13 20 33 28
1503 22 29 18 25 122 1 118 19 1 19 33 27
1504 22 28 17 20 98 1 124 23 1 18 33 27
1505 22 30 37 23 189 1 1 30 1 27 34 28
1506 22 31 30 18 73 16 1 50 82 12 33 27
1507 22 30 28 26 106 1 1 31 1 21 33 28
1508 22 28 38 48 80 24 263 30 1 16 33 27
1509 22 32 30 31 99 1 1 35 38 11 33 27
1510 22 32 38 35 124 3 98 24 1 27 33 27
1511 22 25 24 16 100 36 231 50 133 15 33 27
1512 22 32 32 23 106 1 1 29 1 19 33 27
1513 22 31 29 17 131 39 1 51 101 11 33 28
1514 22 29 22 21 70 8 1 50 81 6 33 27
1515 22 34 31 21 86 36 174 26 1 23 33 27
1516 22 24 27 34 299 55 1 43 105 6 33 28
1517 22 33 26 22 49 1 1 1 1 29 33 27
1518 22 27 32 32 183 57 32 41 52 16 33 28
1519 22 35 41 27 90 44 1 32 27 11 33 27
1520 22 30 35 21 78 54 197 14 1 35 34 27
1521 22 32 34 42 58 39 1 30 31 23 33 28
1522 22 32 25 18 241 41 217 33 46 23 33 27
1523 22 32 33 36 314 50 1 46 100 6 33 27
1524 22 39 47 27 103 37 1 19 1 29 33 27
1525 22 36 28 5 69 33 1 24 1 29 33 27
1526 22 24 32 35 84 24 329 36 102 20 33 28
1527 22 35 38 36 95 39 347 29 1 31 34 27
1528 22 27 35 46 71 1 1 31 64 3 33 28
1529 22 31 25 16 82 77 1 29 1 23 33 27
1530 22 36 38 25 227 48 1 35 38 23 33 28
1531 22 30 37 23 153 30 199 48 72 31 34 28
1532 22 29 25 23 103 36 129 39 34 27 34 28
1533 22 27 17 30 167 1 1 42 92 8 33 27
1534 22 22 16 23 243 1 251 22 1 34 34 27
1535 22 33 32 24 107 53 1 30 1 15 33 27
1536 22 27 28 33 286 1 1 30 1 18 33 27
1537 22 36 39 31 189 46 1 43 58 17 33 27
1538 22 35 44 34 57 70 1 36 1 16 33 27
1539 22 34 32 22 173 51 1 47 61 5 34 28
1540 22 38 45 43 102 1 37 39 85 10 33 28
1541 22 24 16 21 122 7 1 39 38 14 33 27
1542 22 32 31 25 136 88 166 26 1 27 33 27
1543 22 31 39 43 66 1 1 38 55 13 33 27
1544 22 34 41 36 142 1 1 24 1 28 34 27
1545 22 31 30 28 135 17 27 42 53 8 33 27
1546 22 32 34 22 83 25 231 36 21 25 33 27
1547 22 34 32 15 69 63 1 32 1 19 33 27
1548 22 34 41 29 94 68 1 50 108 6 33 28
1549 22 34 41 29 95 1 187 45 63 24 33 28
1550 22 29 37 31 86 56 1 38 49 12 33 28
1551 22 21 11 23 88 1 1 37 49 4 33 27
1552 22 25 22 21 92 1 185 29 44 37 34 28
1553 22 37 44 30 75 11 1 25 1 27 33 27
1554 22 27 20 23 84 1 498 38 62 24 33 27
1555 22 30 36 35 94 45 230 33 24 29 34 28
1556 22 27 34 27 98 57 1 44 86 6 33 27
1557 22 28 31 38 83 1 1 17 1 22 33 27
1558 22 23 17 6 101 32 1 36 34 29 34 28
1559 22 32 38 39 248 26 66 10 1 33 34 27
1560 22 31 18 16 60 1 55 43 33 25 33 27
1561 22 27 31 27 87 66 1 27 1 25 33 28
1562 22 30 38 48 46 1 101 28 55 11 34 28
1563 22 34 33 30 80 37 1 26 1 13 33 27
1564 22 31 18 15 55 3 1 1 1 40 33 27
1565 22 33 36 13 159 66 1 27 1 32 34 27
1566 22 32 30 12 92 100 1 49 78 9 33 27
1567 22 24 25 17 142 66 1 49 83 11 33 27
1568 22 30 15 10 81 6 167 34 1 33 33 27
1569 22 33 31 19 232 1 238 29 1 28 34 27
1570 22 30 14 20 45 11 58 11 1 28 33 27
1571 22 28 30 29 60 35 190 34 47 23 33 28
1572 22 30 29 26 138 49 1 35 45 10 33 28
1573 22 30 30 21 102 1 1 47 68 8 33 27
1574 22 25 29 28 357 16 142 14 1 31 33 27
1575 22 37 32 10 96 34 1 42 16 17 33 27
1576 22 33 21 4 191 25 20 18 1 37 34 27
1577 22 37 33 9 94 28 71 34 1 34 34 27
1578 22 25 14 11 89 36 1 48 84 3 33 27
1579 22 34 20 18 55 1 1 21 1 22 33 27
1580 22 35 22 17 104 1 1 27 1 23 33 27
1581 22 23 35 44 69 59 459 42 81 11 33 27
1582 22 28 30 25 87 25 1 32 54 12 33 28
1583 22 44 52 28 88 7 105 23 1 37 34 27
1584 22 35 39 22 99 1 9 43 25 19 34 28
1585 22 22 8 17 44 1 63 23 1 17 33 27
1586 22 34 31 19 62 83 1 43 94 7 33 27
1587 22 29 24 20 86 25 214 33 42 28 34 28
1588 22 34 41 26 90 27 1 53 81 16 33 28
1589 22 27 19 4 71 18 1 43 71 12 33 28
1590 22 27 32 35 58 58 56 43 63 16 34 28
1591 22 27 22 26 110 42 138 42 62 15 33 28
1592 22 39 36 28 89 1 103 32 1 23 33 28
1593 22 28 17 3 90 24 32 26 1 32 33 27
1594 22 28 31 28 186 52 1 56 112 5 33 28
1595 22 18 20 27 141 23 1 46 134 16 33 27
1596 22 28 31 28 108 9 167 51 79 19 33 28
1597 22 31 28 31 64 1 132 32 50 26 34 28
1598 22 33 24 20 62 1 347 38 40 24 33 27
1599 22 38 48 43 83 1 65 50 109 9 34 28
1600 22 28 27 21 98 10 182 21 1 24 33 27
1601 22 29 32 22 84 31 1 53 84 19 34 28
1602 22 34 25 10 103 1 184 27 1 39 34 27
1603 22 32 23 15 114 1 243 41 52 22 33 28
1604 22 32 30 24 68 54 1 31 50 17 33 28
1605 22 41 38 19 111 31 1 12 1 41 34 27
1606 22 29 21 31 98 25 41 49 112 4 33 27
1607 22 28 28 27 72 55 250 20 1 30 34 27
1608 22 31 35 36 154 2 227 26 1 27 33 27
1609 22 32 35 17 198 22 1 22 1 27 33 27
1610 22 37 33 16 90 6 143 23 1 34 34 27
1611 22 30 38 30 61 56 128 38 19 12 34 27
1612 22 30 27 13 183 23 153 61 25 18 33 28
1613 22 28 38 25 122 88 1 31 1 18 33 27
1614 22 35 40 22 69 1 83 37 1 19 33 27
1615 22 29 32 22 66 55 1 58 109 1 33 27
1616 22 31 39 22 108 40 1 26 1 24 33 27
1617 22 26 29 24 74 14 119 42 35 14 33 28
1618 22 75 493 28 171 1 1 25 1 40 34 27
1619 22 32 30 36 97 54 150 36 69 16 34 28
1620 22 32 36 31 50 99 1 37 2 8 33 27
1621 22 34 43 36 141 51 1 38 12 14 33 27
1622 22 35 37 27 63 32 268 33 23 19 33 28
1623 22 30 33 41 54 2 1 29 28 19 33 27
1624 22 29 38 28 125 28 1 32 1 21 33 27
1625 22 42 52 25 105 47 1 1 1 54 33 27
1626 22 34 28 22 101 32 368 28 1 35 34 27
1627 22 36 38 25 112 18 1 31 1 22 33 27
1628 22 26 14 21 122 1 251 17 1 34 33 27
1629 22 25 21 27 55 1 24 41 79 17 33 28
1630 22 39 40 34 48 67 1 26 1 41 34 27
1631 22 22 12 20 58 1 1 45 92 11 33 27
1632 22 28 35 24 113 105 1 59 123 6 33 28
1633 22 36 35 20 73 13 1 16 1 27 33 27
1634 22 28 33 41 124 37 157 54 111 6 33 28
1635 22 27 30 33 126 4 1 21 1 32 33 27
1636 22 36 43 33 148 6 190 31 1 18 33 27
1637 22 31 23 13 63 29 315 32 1 20 33 27
1638 22 35 38 31 172 77 139 45 90 20 34 28
1639 22 30 41 36 114 11 1 54 178 1 33 27
1640 22 39 48 39 114 5 258 48 33 15 33 27
1641 22 34 45 39 90 1 204 30 62 24 34 27
1642 22 33 25 19 91 38 1 7 1 36 33 27
1643 22 28 32 26 112 1 250 36 1 26 33 27
1644 22 33 36 17 74 79 1 25 1 27 33 27
1645 22 38 33 14 167 32 1 31 1 27 33 27
1646 22 24 27 37 53 26 84 52 81 12 33 28
1647 22 36 40 26 95 92 1 45 81 8 33 27
1648 22 24 18 31 58 1 1 60 171 1 33 27
1649 22 36 40 20 88 29 1 27 1 25 33 27
1650 22 36 38 37 94 49 1 34 34 19 33 28
1651 22 25 21 21 91 11 1 28 1 23 33 27
1652 22 31 27 33 69 28 60 33 29 6 33 28
1653 22 35 41 24 82 54 1 45 53 21 33 27
1654 22 36 41 42 118 1 1 22 1 28 33 27
1655 22 42 44 33 122 28 1 32 22 17 33 28
1656 22 27 32 34 69 24 135 44 93 7 34 28
1657 22 31 36 27 57 54 1 25 1 28 33 27
1658 22 31 16 1 80 89 1 33 1 30 34 27
1659 22 36 29 18 63 42 1 32 1 21 33 27
1660 22 25 32 39 78 85 108 43 88 12 33 28
1661 22 25 22 38 50 1 118 40 101 6 33 27
1662 22 28 27 28 54 1 1 10 1 28 33 27
1663 22 38 43 35 102 26 1 42 46 16 33 28
1664 22 26 34 41 145 37 528 38 68 17 33 28
1665 22 23 17 24 102 1 1 19 1 28 33 28
1666 22 35 34 27 97 1 1 18 1 41 33 27
1667 22 23 14 30 188 1 1 38 83 10 33 27
1668 22 24 26 36 83 78 1 37 63 17 33 27
1669 22 32 33 22 148 21 190 24 1 40 34 27
1670 22 33 34 32 70 1 1 30 1 27 33 27
1671 22 33 26 32 87 12 62 30 24 21 33 28
1672 22 34 23 23 75 1 1 16 1 27 33 27
1673 22 34 21 9 94 15 163 34 1 37 34 27
1674 22 32 42 41 105 14 82 19 1 31 34 27
1675 22 37 36 18 93 19 373 21 1 31 34 27
1676 22 25 27 38 87 10 1 44 95 9 33 27
1677 22 28 33 33 60 1 1 32 1 22 33 27
1678 22 30 26 28 84 1 1 38 41 21 33 27
1679 22 34 25 15 104 29 1 45 46 11 33 27
1680 22 26 25 38 62 1 282 22 1 25 33 27
1681 22 36 43 32 130 25 1 28 1 22 33 27
1682 22 35 30 27 127 29 218 24 1 17 33 27
1683 22 30 25 12 234 28 1 56 76 12 33 27
1684 22 27 32 48 89 16 84 43 89 1 34 28
1685 22 34 26 23 88 23 142 40 91 21 33 27
1686 22 36 32 25 78 63 250 25 1 33 34 27
1687 22 21 21 32 81 1 180 34 80 14 33 27
1688 22 38 48 53 113 1 153 26 1 21 33 27
1689 22 27 27 31 65 28 242 21 1 26 33 27
1690 22 42 43 32 89 11 1 47 35 17 33 27
1691 22 28 36 35 190 16 1 35 82 23 33 28
1692 22 34 25 23 149 28 1 17 1 27 33 27
1693 22 25 23 24 320 1 48 42 52 8 33 28
1694 22 38 40 29 100 15 1 52 77 13 33 27
1695 22 37 28 10 69 65 1 30 1 20 33 27
1696 22 32 29 20 121 1 1 33 1 19 33 27
1697 22 24 9 24 182 1 125 24 1 17 33 27
1698 22 36 37 23 208 25 1 22 1 30 33 27
1699 22 34 30 20 68 54 214 37 48 27 34 27
1700 22 38 34 26 75 15 1 27 1 21 33 27
1701 22 42 52 41 132 1 8 29 1 27 33 28
1702 22 32 45 43 151 85 214 48 101 13 34 27
1703 22 32 38 25 101 22 157 24 14 29 34 28
1704 22 27 23 23 109 34 253 31 1 28 33 27
1705 22 30 36 39 109 57 216 49 123 1 33 28
1706 22 35 48 50 52 69 293 51 139 8 33 28
1707 22 28 41 43 60 84 1 45 63 11 33 27
1708 22 36 35 36 49 43 1 41 58 15 33 28
1709 22 34 26 23 64 1 237 36 26 17 34 28
1710 22 37 30 27 112 67 50 31 6 14 33 27
1711 22 32 37 43 165 15 89 41 34 11 34 28
1712 22 34 34 25 102 64 79 27 1 32 34 27
1713 22 23 13 1 79 6 130 28 1 28 33 27
1714 22 30 30 21 132 5 191 37 36 22 33 28
1715 22 32 26 7 71 73 1 29 1 28 33 27
1716 22 25 10 27 108 1 123 36 40 18 33 27
1717 22 27 24 29 185 1 1 22 1 25 33 27
1718 22 28 32 34 72 60 234 17 1 25 33 27
1719 22 32 39 26 126 104 1 41 53 25 33 27
1720 22 31 27 30 97 1 276 34 4 17 33 27
1721 22 34 29 23 164 13 1 44 70 19 33 27
1722 22 22 8 17 104 1 89 15 1 20 33 27
1723 22 36 37 33 62 16 188 48 71 15 33 27
1724 22 24 19 3 70 60 1 39 66 14 33 27
1725 22 28 31 32 59 64 44 39 32 12 33 28
1726 22 32 41 33 96 39 1 36 29 25 34 27
1727 22 30 42 26 133 81 1 45 64 24 33 27
1728 22 37 42 41 128 18 1 12 1 25 33 27
1729 22 32 41 29 207 59 149 50 79 15 33 27
1730 22 38 35 37 87 1 245 32 1 13 33 28
1731 22 35 40 24 117 1 1 23 1 37 34 27
1732 22 37 26 5 131 43 1 22 1 31 34 27
1733 22 25 24 39 83 1 16 49 109 1 33 27
1734 22 36 25 8 85 34 22 17 1 28 33 27
1735 22 26 28 27 104 1 1 46 81 14 33 27
1736 22 34 30 29 57 2 177 15 1 33 34 27
1737 22 30 18 27 49 1 1 29 1 4 33 27
1738 22 38 38 16 94 79 1 15 1 31 34 27
1739 22 26 30 29 103 59 148 20 1 24 33 27
1740 22 27 34 36 66 76 1 37 1 17 33 27
1741 22 35 43 34 102 31 43 40 1 15 33 28
1742 22 28 20 20 70 40 26 38 7 17 33 28
1743 22 37 39 20 69 54 25 4 1 39 34 27
1744 22 33 28 24 88 31 1 25 1 23 33 27
1745 22 34 28 31 59 21 119 34 33 21 33 28
1746 22 27 29 22 192 96 1 53 71 5 33 28
1747 22 28 24 5 78 64 1 20 1 44 33 27
1748 22 32 29 19 231 1 326 38 67 24 33 28
1749 22 35 46 20 111 79 1 14 1 42 33 27
1750 22 30 20 24 81 1 180 22 1 19 33 27
1751 22 30 24 23 201 45 1 30 14 11 33 28
1752 22 28 27 25 124 7 1 35 20 16 33 27
1753 22 36 33 21 79 19 319 41 22 29 34 27
1754 22 29 18 20 105 1 299 15 1 36 33 27
1755 22 32 36 40 88 31 8 8 1 28 33 27
1756 22 29 32 40 134 1 217 11 1 20 33 27
1757 22 29 31 26 113 23 125 39 49 26 34 28
1758 22 31 36 20 55 2 1 27 1 27 33 27
1759 22 27 20 27 71 22 1 41 59 9 33 27
1760 22 31 22 18 94 26 216 18 1 28 34 27
1761 22 25 29 28 224 24 195 27 8 21 33 27
1762 22 30 22 24 136 9 1 31 1 17 33 27
1763 22 31 38 32 174 1 1 41 96 14 33 28
1764 22 30 35 28 91 89 251 36 34 31 34 28
1765 22 31 36 36 56 1 72 38 16 18 33 28
1766 22 31 35 26 63 47 1 31 1 24 33 27
1767 22 32 19 11 61 10 1 25 1 21 33 27
1768 22 22 14 21 176 20 66 37 44 16 33 27
1769 22 38 34 18 105 32 1 43 17 23 33 27
1770 22 27 18 16 91 40 1 35 1 20 33 27
1771 22 24 26 29 110 32 300 48 100 14 33 27
1772 22 36 40 35 109 1 218 21 1 33 34 27
1773 22 20 14 24 85 9 123 40 49 19 33 27
1774 22 37 43 28 106 2 1 45 65 24 33 27
1775 22 32 31 33 253 1 1 38 95 10 33 27
1776 22 33 25 28 87 8 89 16 1 16 33 27
1777 22 24 30 30 171 24 1 33 43 11 33 28
1778 22 33 22 15 105 10 172 25 1 29 33 27
1779 22 20 8 18 104 1 1 36 52 6 33 27
1780 22 38 42 36 83 5 199 26 1 24 33 27
1781 22 31 41 30 62 68 1 28 1 19 33 27
1782 22 24 33 36 58 1 1 29 11 13 33 27
1783 22 30 33 36 89 11 302 26 13 20 33 27
1784 22 35 40 29 150 99 1 41 45 13 33 28
1785 22 30 37 32 189 1 19 31 1 18 33 27
1786 22 31 37 34 86 35 365 31 1 38 34 27
1787 22 30 34 30 149 78 69 50 80 15 34 28
1788 22 41 45 20 193 42 1 25 1 35 33 27
1789 22 27 16 27 83 1 1 13 1 20 33 27
1790 22 32 23 29 84 1 113 34 173 23 33 27
1791 22 33 37 36 66 1 194 16 1 31 34 27
1792 22 29 36 39 62 45 1 45 90 1 33 28
1793 22 26 30 24 94 25 1 53 118 14 33 28
1794 22 27 27 31 127 1 90 50 157 11 33 28
1795 22 21 23 28 238 1 81 44 94 7 33 27
1796 22 32 32 33 53 12 1 34 1 18 33 28
1797 22 26 13 30 113 1 55 36 61 10 34 28
1798 22 28 32 47 76 52 9 40 84 11 33 27
1799 22 32 29 19 62 27 1 39 68 15 33 28
1800 22 28 28 31 60 1 138 20 1 26 33 27
1801 22 29 24 1 75 56 1 30 1 32 34 27
1802 22 34 34 37 56 1 1 18 1 21 33 27
1803 22 28 27 32 110 33 3 35 35 16 33 28
1804 22 37 42 34 77 1 235 45 68 24 33 27
1805 22 39 31 30 101 19 265 29 1 28 34 27
1806 22 31 38 41 77 39 1 37 52 9 33 28
1807 22 33 43 40 98 32 1 28 19 19 33 27
1808 22 25 14 20 124 1 125 3 1 37 33 27
1809 22 30 24 28 58 56 107 64 147 1 33 27
1810 22 23 20 35 87 17 1 24 32 7 33 27
1811 22 30 31 21 97 59 1 11 1 32 33 27
1812 22 27 36 45 122 52 68 36 67 12 34 28
1813 22 39 47 29 129 99 1 44 16 14 33 28
1814 22 38 47 29 113 24 1 57 103 9 33 27
1815 22 39 42 24 100 27 211 41 44 24 33 28
1816 22 29 26 17 159 33 1 44 74 11 33 27
1817 22 30 31 23 141 49 1 45 88 4 33 27
1818 22 26 30 29 105 41 1 35 1 14 33 28
1819 22 37 33 22 53 41 1 1 1 30 33 27
1820 22 41 43 18 116 97 52 15 1 44 34 27
1821 22 27 18 4 65 50 1 49 83 5 33 27
1822 22 37 40 36 90 24 1 1 1 28 33 27
1823 22 30 33 40 80 1 1 32 66 15 33 28
1824 22 28 28 22 104 37 1 42 58 16 33 28
1825 22 26 12 8 145 1 1 41 78 30 34 27
1826 22 33 24 26 48 7 1 27 1 29 33 27
1827 22 39 47 28 111 52 1 43 37 29 34 28
1828 22 36 39 37 126 13 1 19 1 26 33 27
1829 22 30 21 23 119 1 139 17 1 34 33 27
1830 22 32 35 25 68 11 1 30 26 17 33 28
1831 22 26 14 14 77 1 238 43 45 17 33 27
1832 22 39 44 21 73 50 1 17 1 35 34 27
1833 22 33 30 16 81 39 1 49 98 11 33 27
1834 22 26 22 25 136 2 187 11 1 31 34 27
1835 22 38 38 33 87 1 169 22 1 33 34 27
1836 22 34 37 38 78 1 1 16 1 21 33 27
1837 22 31 38 30 149 42 289 53 104 22 33 28
1838 22 35 42 37 213 23 54 45 54 14 34 28
1839 22 36 39 33 77 37 1 33 1 5 33 27
1840 22 30 23 12 220 46 5 33 1 20 33 27
1841 22 23 19 12 91 68 1 59 99 14 33 27
1842 22 38 39 44 57 14 112 33 48 17 34 28
1843 22 26 30 32 253 40 1 35 48 3 33 27
1844 22 30 29 43 107 1 130 35 55 21 33 27
1845 22 25 28 24 54 44 1 41 1 17 33 27
1846 22 29 19 18 95 1 1 21 1 26 33 27
1847 22 32 40 33 135 36 34 40 49 19 34 28
1848 22 29 30 27 67 48 1 51 91 6 33 28
1849 22 25 17 3 77 22 1 41 56 23 33 27
1850 22 41 42 40 77 60 75 21 1 31 34 27
1851 22 25 31 43 48 43 231 43 102 14 33 28
1852 22 25 11 8 105 37 1 48 111 8 33 27
1853 22 25 31 20 66 50 1 57 116 2 33 27
1854 22 28 36 35 114 8 234 42 39 10 33 28
1855 22 31 30 24 91 34 35 20 1 37 34 27
1856 22 42 48 19 107 100 1 28 1 22 33 27
1857 22 29 25 17 65 1 1 30 1 15 33 27
1858 22 28 36 30 138 24 1 42 28 17 33 27
1859 22 29 17 23 50 1 115 39 58 21 33 27
1860 22 40 50 34 217 107 285 35 57 23 34 28
1861 22 31 29 26 65 1 1 26 1 19 33 27
1862 22 34 42 17 115 1 149 16 1 43 34 27
1863 22 24 28 37 93 31 103 28 6 27 33 28
1864 22 28 20 17 88 1 1 33 20 18 33 27
1865 22 30 38 20 63 51 116 24 1 31 34 27
1866 22 34 29 7 89 36 1 27 1 38 34 27
1867 22 33 35 37 103 30 1 21 1 23 33 27
1868 22 33 21 20 98 10 57 22 1 31 34 27
1869 22 33 33 29 119 26 205 39 36 21 33 28
1870 22 30 27 21 149 8 233 20 1 28 33 27
1871 22 34 36 14 99 39 1 9 1 34 34 27
1872 22 32 24 12 71 29 72 17 1 32 34 27
1873 22 24 21 12 88 43 57 16 1 44 33 27
1874 22 29 20 28 110 1 90 39 51 10 33 28
1875 22 26 30 29 84 33 1 32 31 11 33 27
1876 22 33 41 40 48 61 1 18 1 24 33 27
1877 22 29 32 34 181 10 118 37 49 13 33 28
1878 22 31 35 45 49 32 1 31 33 17 33 28
1879 22 30 40 38 73 66 134 37 63 11 34 28
1880 22 39 38 28 77 37 318 23 1 32 34 27
1881 22 30 34 36 95 4 1 24 1 20 33 27
1882 22 28 26 42 64 7 1 26 18 17 33 28
1883 22 29 23 33 116 1 1 39 48 8 33 27
1884 22 31 33 41 128 1 1 20 1 22 33 27
1885 22 27 26 25 112 18 111 41 54 11 33 27
1886 22 35 29 17 89 10 156 46 9 28 34 27
1887 22 25 19 18 57 15 1 35 1 22 33 27
1888 22 32 38 25 111 23 125 54 79 13 33 27
1889 22 33 25 25 110 4 152 32 1 27 34 27
1890 22 27 26 34 55 1 85 35 34 21 33 28
1891 22 30 22 11 62 12 289 22 1 39 33 27
1892 22 33 32 28 130 47 193 28 1 29 34 27
1893 22 28 33 47 85 4 57 19 5 16 33 27
1894 22 37 37 33 120 1 1 7 1 32 34 27
1895 22 31 34 28 174 1 284 39 58 22 33 28
1896 22 33 29 23 77 64 1 45 39 17 33 27
1897 22 30 20 23 327 1 1 9 1 32 33 27
1898 22 40 44 35 80 1 1 45 3 15 33 28
1899 22 28 31 39 102 1 99 29 35 22 34 28
1900 22 26 30 35 54 26 1 41 92 1 33 27
1901 22 32 32 28 65 70 1 30 1 15 33 27
1902 22 29 37 53 103 1 58 18 1 20 33 27
1903 22 31 34 32 110 35 1 20 1 25 33 27
1904 22 38 37 14 76 66 55 29 1 28 33 27
1905 22 33 24 17 132 1 1 9 1 34 33 27
1906 22 39 45 21 89 38 1 28 1 16 33 27
1907 22 36 41 30 85 77 1 20 1 21 33 27
1908 22 30 23 7 72 23 324 29 21 33 34 28
1909 22 28 28 28 147 1 1 14 1 33 33 27
1910 22 30 36 42 49 49 1 48 74 7 33 28
1911 22 27 24 25 113 12 1 26 1 25 33 27
1912 22 25 30 23 98 96 1 52 101 7 33 27
1913 22 29 39 23 76 59 1 28 1 28 33 27
1914 22 37 41 42 83 89 1 26 25 18 33 28
1915 22 33 29 25 78 1 1 23 1 31 34 27
1916 22 35 46 40 87 54 175 37 1 22 33 27
1917 22 36 36 39 87 35 1 11 1 30 33 27
1918 22 32 40 30 72 1 249 49 90 12 34 28
1919 22 24 8 18 60 1 93 22 1 31 33 27
1920 22 38 45 40 100 1 160 19 1 33 34 27
1921 22 37 42 33 95 7 363 35 43 25 34 28
1922 22 28 11 6 89 11 68 21 1 37 34 27
1923 22 38 44 27 169 1 1 18 1 30 34 27
1924 22 29 32 30 61 1 125 40 89 14 33 28
1925 22 29 34 18 99 67 1 34 10 30 34 27
1926 22 30 31 24 151 1 80 25 1 29 34 27
1927 22 30 24 14 281 10 1 20 1 34 33 27
1928 22 33 43 42 187 26 1 38 71 14 33 28
1929 22 45 44 28 91 30 285 6 1 46 34 27
1930 22 39 48 32 71 1 60 25 1 30 34 27
1931 22 32 37 25 106 41 298 16 1 40 34 27
1932 22 32 38 28 106 74 1 42 56 9 33 28
1933 22 31 37 45 276 52 1 28 1 22 33 27
1934 22 34 39 23 149 22 1 45 35 15 33 27
1935 22 33 39 27 89 17 1 56 92 3 34 27
1936 22 29 30 33 203 1 1 14 1 33 33 27
1937 22 32 32 36 85 24 1 19 1 25 33 27
1938 22 33 32 25 82 30 49 28 1 28 33 27
1939 22 28 32 37 79 1 262 28 1 21 33 27
1940 22 32 32 32 70 1 1 30 1 21 33 27
1941 22 31 30 19 97 68 28 34 50 23 33 28
1942 22 32 41 42 195 49 1 42 55 17 33 27
1943 22 29 31 27 73 1 1 20 1 27 33 27
1944 22 31 26 20 105 55 281 29 1 23 33 27
1945 22 21 12 19 219 19 80 34 44 13 33 27
1946 22 36 40 15 147 37 1 34 8 20 33 28
1947 22 32 21 25 59 1 254 11 1 29 33 27
1948 22 30 27 31 121 44 1 38 80 6 33 28
1949 22 31 35 32 68 18 209 32 1 28 33 27
1950 22 30 28 33 75 34 1 31 60 14 33 27
1951 22 27 12 15 62 1 180 13 1 36 33 27
1952 22 39 39 39 41 28 89 27 1 20 33 27
1953 22 33 39 29 63 34 1 49 74 16 33 27
1954 22 31 28 29 56 76 5 41 77 12 34 28
1955 22 33 38 31 187 98 298 28 2 24 34 27
1956 22 33 33 33 99 52 1 45 124 10 33 28
1957 22 35 26 21 126 63 1 27 1 16 33 27
1958 22 36 37 17 63 28 1 1 1 45 34 27
1959 22 31 18 27 44 1 1 41 77 8 33 27
1960 22 32 28 30 160 1 1 10 1 28 34 28
1961 22 35 30 15 70 63 1 42 72 16 34 27
1962 22 26 26 34 108 9 1 36 1 19 33 27
1963 22 33 30 23 100 47 180 42 49 12 33 28
1964 22 39 31 22 141 54 115 7 1 34 33 27
1965 22 39 41 21 137 75 1 34 3 21 33 27
1966 22 34 43 48 76 63 30 31 27 16 33 28
1967 22 35 28 23 218 48 66 31 1 23 33 27
1968 22 41 41 19 94 54 1 25 1 34 33 27
1969 22 27 27 26 98 1 399 39 77 16 33 28
1970 22 21 11 11 109 12 1 39 70 17 34 28
1971 22 31 22 19 77 30 208 7 1 36 34 27
1972 22 29 30 18 103 1 1 24 1 25 33 27
1973 22 29 17 15 124 11 1 40 1 27 33 27
1974 22 29 29 27 67 1 242 21 1 26 33 27
1975 22 33 32 26 86 14 1 27 1 29 33 27
1976 22 26 30 21 101 1 228 32 1 32 33 27
1977 22 30 38 39 106 33 1 18 1 29 33 27
1978 22 28 16 5 89 73 271 33 28 30 34 27
1979 22 29 33 25 108 65 155 60 102 14 33 28
1980 22 24 17 24 98 1 57 22 1 25 33 27
1981 22 35 35 17 134 24 1 19 1 42 34 27
1982 22 29 15 15 150 1 1 41 54 5 33 27
1983 22 37 31 28 134 32 3 6 1 30 34 27
1984 22 34 34 33 222 84 1 42 58 9 33 27
1985 22 38 45 35 151 91 130 45 55 20 33 28
1986 22 31 36 42 183 26 193 50 109 6 34 28
1987 22 21 16 30 167 1 117 38 74 10 33 27
1988 22 31 34 24 87 65 1 1 1 44 34 27
1989 22 34 33 37 46 1 157 18 1 41 34 27
1990 22 23 25 44 98 1 1 25 37 1 33 27
1991 22 22 25 26 49 1 237 36 1 20 33 27
1992 22 28 30 28 161 51 236 33 1 23 33 28
1993 22 34 46 53 83 30 276 38 115 14 34 28
1994 22 24 26 28 52 56 204 32 1 20 33 28
1995 22 32 21 23 109 1 47 19 1 31 33 27
1996 22 26 14 23 42 41 1 41 92 12 33 27
1997 22 26 28 26 105 37 210 33 50 13 33 27
1998 22 35 45 28 96 18 198 27 1 27 33 27
1999 22 41 34 6 127 1 1 26 1 38 34 27
2000 22 30 22 23 308 28 195 31 20 18 33 27
2001 22 24 22 28 110 1 265 22 1 30 33 27
2002 22 23 12 19 89 1 173 23 1 19 33 27
2003 22 27 26 34 87 1 1 37 94 13 33 28
2004 22 25 10 8 77 1 29 23 1 30 33 27
2005 22 28 20 21 55 23 205 35 43 14 33 28
2006 22 28 30 38 273 83 1 42 113 3 33 27
2007 22 28 26 17 158 46 1 54 104 15 33 27
2008 22 32 19 24 136 6 15 34 8 21 33 27
2009 22 31 32 27 83 34 215 45 59 16 33 28
2010 22 27 15 17 95 1 1 32 9 23 33 27
2011 22 32 37 38 72 27 181 24 1 20 33 28
2012 22 28 39 38 111 79 288 42 74 17 33 27
2013 22 30 32 33 110 68 134 21 1 17 33 27
2014 22 31 27 24 66 13 163 51 101 14 33 27
2015 22 31 37 42 92 51 1 48 97 20 33 27
2016 22 34 42 34 101 13 1 32 1 15 33 28
2017 22 29 36 37 57 23 1 16 1 23 33 28
2018 22 37 29 17 104 30 1 24 8 26 34 27
2019 22 31 42 39 83 1 1 31 1 22 33 27
2020 22 31 25 15 134 33 1 41 38 25 33 28
2021 22 29 29 27 49 17 341 28 1 29 33 27
2022 22 29 37 44 54 9 209 26 4 14 34 27
2023 22 29 21 20 59 3 1 26 1 23 33 27
2024 22 29 31 35 120 5 1 18 1 19 33 27
2025 22 39 35 24 320 48 1 16 1 29 33 27
2026 22 31 32 20 239 88 1 50 87 21 33 27
2027 22 26 28 36 105 1 253 37 69 6 33 27
2028 22 26 18 20 59 61 187 28 49 13 33 27
2029 22 32 26 13 97 28 1 16 1 36 33 27
2030 22 36 29 16 278 17 1 27 1 28 33 27
2031 22 25 30 37 110 32 126 43 130 15 33 28
2032 22 32 40 20 97 86 1 37 21 18 33 27
2033 22 27 20 19 61 39 1 40 47 17 33 27
2034 22 20 16 20 79 1 1 39 57 6 33 27
2035 22 34 39 33 196 34 242 31 17 31 34 28
2036 22 28 34 30 263 25 348 28 1 21 33 27
2037 22 29 29 20 80 13 1 45 29 27 34 27
2038 22 19 13 24 54 1 1 39 112 9 33 28
2039 22 26 27 34 76 1 1 51 118 5 33 27
2040 22 28 27 33 62 25 67 53 62 9 33 28
2041 22 25 27 31 59 65 208 47 83 19 33 28
2042 22 30 24 9 82 39 1 17 1 30 33 27
2043 22 28 21 27 75 1 1 47 89 12 33 27
2044 22 35 45 22 126 26 184 4 1 39 34 27
2045 22 36 42 48 195 1 251 30 100 14 33 28
2046 22 28 33 29 74 1 99 36 68 18 33 27
2047 22 25 18 26 209 23 233 41 118 19 33 27
2048 22 36 32 17 62 15 1 28 1 32 34 27
2049 22 32 37 43 77 1 1 48 108 4 33 27
2050 22 37 28 24 88 60 1 26 1 21 33 27
2051 22 36 35 27 76 36 169 28 1 33 34 27
2052 22 40 45 31 304 28 1 25 1 27 33 27
2053 22 32 41 44 139 62 65 29 39 14 34 28
2054 22 38 46 31 161 67 1 37 6 16 33 27
2055 22 30 29 17 68 1 19 26 1 32 34 27
2056 22 34 25 15 60 23 104 54 90 13 33 27
2057 22 33 33 13 134 44 1 41 1 34 34 27
2058 22 23 22 30 133 1 95 42 40 10 33 27
2059 22 36 42 35 93 38 1 14 1 23 33 27
2060 22 35 24 10 91 73 1 38 23 19 33 27
2061 22 36 34 29 177 60 83 30 1 25 33 27
2062 22 24 13 1 101 31 1 28 10 31 34 27
2063 22 39 43 29 98 4 1 14 1 38 34 27
2064 22 35 39 30 82 12 1 42 58 15 33 27
2065 22 26 24 25 131 44 1 45 75 1 33 27
2066 22 38 34 27 73 20 1 14 1 33 34 28
2067 22 23 30 39 105 1 144 20 1 17 33 27
2068 22 31 30 27 95 1 120 35 24 20 33 27
2069 22 32 36 39 80 1 6 33 1 18 33 28
2070 22 32 32 24 138 1 1 50 75 15 33 27
2071 22 31 23 31 157 1 191 43 100 4 33 27
2072 22 36 38 36 102 1 1 18 1 27 33 27
2073 22 32 38 33 83 1 96 21 1 34 34 27
2074 22 31 30 29 144 69 1 30 36 19 33 28
2075 22 30 24 27 62 9 191 37 54 23 33 27
2076 22 29 27 33 134 1 1 22 1 21 33 27
2077 22 37 29 10 69 1 1 15 1 37 33 27
2078 22 36 44 25 74 1 1 40 30 22 33 28
2079 22 28 17 6 159 4 1 29 1 22 33 27
2080 22 32 35 24 110 62 87 25 1 24 33 27
2081 22 37 36 16 103 54 1 30 1 36 34 27
2082 22 23 27 44 120 1 59 34 62 12 33 27
2083 22 24 7 21 203 1 1 47 84 1 33 27
2084 22 22 12 27 56 1 401 25 1 28 33 27
2085 22 28 33 20 118 39 1 40 95 12 33 27
2086 22 32 36 25 170 93 34 43 81 17 33 27
2087 22 29 23 23 109 63 130 32 45 27 34 28
2088 22 34 35 36 56 1 30 35 30 15 33 28
2089 22 30 27 10 190 45 1 36 49 21 33 28
2090 22 33 22 25 66 1 61 38 13 14 33 27
2091 22 27 24 40 54 1 99 51 136 1 33 27
2092 22 35 25 29 74 6 1 30 17 23 33 28
2093 22 25 29 25 108 89 1 48 87 11 33 28
2094 22 28 24 21 75 1 1 29 1 17 33 27
2095 22 37 35 30 189 1 1 24 1 19 33 27
2096 22 29 21 19 166 1 1 40 69 13 33 27
2097 22 39 36 7 130 78 1 27 1 37 33 27
2098 22 36 28 28 52 2 228 28 2 26 33 27
2099 22 36 43 39 85 17 1 31 1 22 33 27
2100 22 28 32 26 73 1 1 28 1 20 33 27
2101 22 33 30 24 60 27 234 32 7 30 34 27
2102 22 35 27 30 80 1 210 13 1 30 34 27
2103 22 30 17 11 99 1 112 51 72 19 33 27
2104 22 28 24 27 106 15 1 11 1 17 33 27
2105 22 36 31 31 57 54 24 31 1 20 33 27
2106 22 29 14 14 177 1 1 53 95 4 33 27
2107 22 32 30 21 162 84 1 47 43 3 33 28
2108 22 33 44 31 95 17 178 25 1 28 34 27
2109 22 44 47 33 220 1 1 41 68 18 33 27
2110 22 29 36 33 77 38 212 50 98 19 33 28
2111 22 26 23 19 63 44 1 43 96 18 33 27
2112 22 24 21 22 60 1 1 23 1 16 33 27
2113 22 22 23 36 58 1 90 37 68 18 33 27
2114 22 33 39 39 70 21 1 12 1 29 33 27
2115 22 37 36 12 68 46 1 8 1 45 33 27
2116 22 27 23 26 220 14 1 21 1 14 33 27
2117 22 36 33 28 293 1 10 22 1 32 34 27
2118 22 31 40 17 348 121 174 29 1 40 34 27
2119 22 28 30 40 155 9 1 17 1 14 33 28
2120 22 36 31 30 57 1 1 41 18 8 34 28
2121 22 34 36 13 175 65 1 29 1 38 34 27
2122 22 38 39 30 57 1 54 21 1 37 34 27
2123 22 27 22 24 113 1 253 23 1 33 33 27
2124 22 35 32 31 102 19 1 19 1 18 33 27
2125 22 30 20 27 92 46 20 39 34 15 33 27
2126 22 28 20 19 79 14 151 30 18 26 33 27
2127 22 26 34 47 61 1 84 28 65 13 33 28
2128 22 28 18 24 79 1 1 33 7 15 33 27
2129 22 34 34 33 82 31 144 28 1 27 34 28
2130 22 33 25 13 85 73 245 25 23 39 34 27
2131 22 23 19 27 126 1 1 39 76 7 33 27
2132 22 25 28 24 108 40 173 48 74 13 33 27
2133 22 40 39 24 86 1 1 32 1 28 33 27
2134 22 40 38 22 141 42 111 27 1 30 34 27
2135 22 26 32 36 79 42 1 30 1 16 33 27
2136 22 24 17 18 122 23 1 50 119 1 33 27
2137 22 31 36 33 126 48 1 44 87 8 33 28
2138 22 33 32 30 56 1 1 34 7 13 33 27
2139 22 33 28 10 93 88 1 47 26 14 33 27
2140 22 31 39 30 105 33 62 55 95 10 33 27
2141 22 20 25 47 88 1 1 44 137 1 33 27
2142 22 38 51 41 61 34 1 33 1 24 33 27
2143 22 38 36 30 104 1 133 6 1 40 34 27
2144 22 36 36 21 84 71 1 37 16 17 33 28
2145 22 28 18 19 76 21 119 47 62 13 33 27
2146 22 25 31 36 86 1 1 12 1 22 33 27
2147 22 21 10 17 72 1 1 32 35 12 33 27
2148 22 23 13 22 56 1 32 38 72 16 33 27
2149 22 27 32 34 78 56 1 41 48 7 33 27
2150 22 21 28 39 90 1 209 30 28 26 34 28
2151 22 31 38 24 89 105 1 54 65 16 33 28
2152 22 22 5 15 247 2 387 40 51 18 33 27
2153 22 33 40 28 222 12 1 17 1 29 33 27
2154 22 33 41 39 99 36 1 13 1 32 34 27
2155 22 28 14 16 115 23 1 31 10 10 33 27
2156 22 35 46 38 108 31 186 28 1 32 34 27
2157 22 32 24 17 196 21 62 36 1 25 33 27
2158 22 34 39 31 116 36 188 18 1 39 34 28
2159 22 35 42 42 114 36 1 31 12 18 33 28
2160 22 27 23 28 79 46 1 35 41 18 33 28
2161 22 28 30 26 78 66 1 37 45 13 33 27
2162 22 27 35 26 57 72 196 28 12 25 33 28
2163 22 32 28 20 306 39 1 41 75 10 33 27
2164 22 28 19 27 115 36 1 35 30 16 33 27
2165 22 36 31 28 144 29 238 20 1 34 34 27
2166 22 23 29 40 101 1 1 53 139 1 33 27
2167 22 24 12 28 36 1 70 43 90 12 33 27
2168 22 28 28 32 105 1 62 41 80 9 33 28
2169 22 27 26 30 154 25 107 48 95 8 33 28
2170 22 27 34 28 100 43 141 38 29 18 33 28
2171 22 29 39 37 171 1 1 32 15 23 33 28
2172 22 39 48 28 162 80 1 15 1 44 33 27
2173 22 20 12 22 187 1 22 32 30 13 33 27
2174 22 34 35 41 56 1 1 33 11 10 33 28
2175 22 29 36 27 218 30 1 45 95 7 33 27
2176 22 32 31 22 95 46 161 57 92 11 33 28
2177 22 30 32 42 468 1 243 11 1 30 34 27
2178 22 30 35 35 139 41 1 50 79 5 34 28
2179 22 28 19 16 170 22 1 37 68 13 33 27
2180 22 27 20 27 98 1 1 15 1 20 33 27
2181 22 28 31 30 87 38 123 31 7 17 33 28
2182 22 46 46 27 97 94 1 20 1 23 33 27
2183 22 35 33 24 162 6 306 32 10 30 34 28
2184 22 25 29 35 57 25 98 31 22 17 33 28
2185 22 26 38 29 55 75 1 51 121 3 33 28
2186 22 34 43 37 65 53 338 30 1 32 34 27
2187 22 30 36 28 147 32 1 39 1 14 33 27
2188 22 29 30 25 88 11 1 26 1 26 33 27
2189 22 29 33 40 175 1 140 37 39 15 33 28
2190 22 30 38 34 187 57 1 45 99 11 33 27
2191 22 29 23 20 230 21 1 37 1 21 33 27
2192 22 36 39 38 112 37 79 20 1 32 34 27
2193 22 29 15 15 94 1 157 23 1 34 34 27
2194 22 40 32 16 87 3 1 1 1 49 33 27
2195 22 24 27 35 286 11 72 42 100 17 33 27
2196 22 30 43 27 62 61 175 25 1 26 33 27
2197 22 38 44 29 201 8 32 19 1 37 34 27
2198 22 38 40 46 171 10 1 45 53 11 33 28
2199 22 32 34 26 190 1 1 19 1 28 33 27
2200 22 32 26 19 69 8 1 39 22 15 33 27
