1 21 1 264 27 23 35 18 37 25 18 33 27
2 21 1 120 27 19 1 26 34 27 13 33 27
3 22 71 173 23 33 95 24 38 28 17 33 27
4 21 1 141 13 35 89 16 21 30 30 33 27
5 22 41 565 44 21 16 19 27 24 16 33 27
6 21 1 156 17 27 39 22 8 39 38 33 27
7 21 1 571 41 20 44 30 41 27 7 33 27
8 22 1 123 17 30 23 28 16 29 24 33 27
9 22 73 170 18 34 63 27 32 24 18 33 28
10 21 1 134 34 13 7 20 25 34 16 33 27
11 22 71 84 31 28 46 21 32 17 17 33 28
12 22 35 143 20 38 50 21 35 29 17 33 28
13 21 1 171 28 32 1 18 10 28 26 33 27
14 21 1 125 32 20 46 19 16 27 30 33 27
15 22 105 103 12 31 28 23 14 24 32 34 27
16 22 20 186 25 31 1 17 24 18 20 33 27
17 22 16 114 12 30 51 23 32 28 20 33 27
18 21 1 642 29 35 80 24 34 23 21 33 27
19 21 1 133 11 31 68 23 37 35 23 33 27
20 22 62 174 41 24 15 20 8 26 29 34 27
21 21 1 434 30 25 8 28 22 29 29 33 27
22 22 71 195 24 34 74 22 25 35 23 33 27
23 22 14 230 26 28 1 16 1 26 32 34 27
24 22 44 445 16 29 1 24 29 27 15 33 27
25 21 1 185 32 26 1 15 10 28 22 33 27
26 22 32 376 15 33 64 20 42 29 18 33 27
27 22 40 79 23 21 18 29 28 31 16 33 27
28 22 66 183 8 37 1 19 24 27 21 33 27
29 21 1 124 34 26 89 18 43 30 15 34 28
30 21 1 286 20 28 32 18 42 23 17 33 27
31 22 93 219 26 26 14 17 18 27 17 33 28
32 22 28 165 34 38 19 25 38 22 17 33 27
33 21 1 490 2 36 1 19 3 33 38 33 27
34 22 4 315 36 25 1 22 16 31 23 33 27
35 21 1 741 23 30 1 21 45 31 10 33 27
36 22 4 111 29 30 78 25 32 28 24 33 27
37 21 1 99 29 26 51 15 25 26 21 33 27
38 21 1 201 12 20 6 26 14 20 26 33 27
39 21 1 143 35 28 7 16 22 27 25 33 27
40 21 1 400 32 21 65 17 38 35 14 33 27
41 22 62 147 30 24 1 23 35 24 13 33 27
42 22 10 244 35 30 1 19 17 31 28 34 27
43 21 1 79 30 24 29 21 51 28 11 33 27
44 21 1 173 25 29 80 28 33 41 16 33 27
45 22 73 167 34 32 19 26 38 29 17 33 27
46 22 94 255 37 22 30 20 24 31 26 33 27
47 22 15 275 22 33 1 25 15 23 15 33 27
48 21 1 159 28 29 46 25 32 27 22 33 27
49 22 78 157 34 30 1 17 13 21 23 33 27
50 22 79 203 1 31 52 22 17 31 31 34 27
51 22 67 225 21 26 40 23 32 27 22 33 27
52 21 1 480 30 29 38 18 14 33 18 33 27
53 21 1 161 11 31 18 16 36 26 25 33 27
54 22 53 517 36 32 1 20 28 25 17 33 27
55 22 54 119 21 37 30 19 14 32 27 34 27
56 22 56 89 29 19 24 21 3 29 29 34 27
57 22 63 99 35 34 1 21 13 29 29 34 27
58 21 1 194 23 33 59 21 32 18 25 33 27
59 22 123 148 22 31 1 21 27 25 17 33 27
60 22 53 155 9 43 68 19 21 38 31 34 27
61 22 116 484 22 25 1 22 2 25 30 34 27
62 21 1 231 33 28 9 21 36 25 12 33 27
63 21 1 1284 38 21 1 22 17 25 16 33 27
64 22 169 177 19 29 43 26 21 23 14 33 27
65 22 1 166 23 31 69 19 13 35 37 34 27
66 21 1 361 15 36 23 25 20 29 27 33 27
67 22 58 133 31 34 92 23 39 26 21 33 28
68 22 67 456 38 29 1 19 29 25 6 33 28
69 22 21 391 21 27 2 20 28 30 22 33 27
70 21 1 294 32 24 73 20 32 35 28 33 27
71 22 73 812 31 33 73 21 38 20 8 33 27
72 21 1 135 22 34 79 23 27 33 40 33 27
73 22 101 287 22 35 1 22 16 25 28 34 28
74 22 19 223 35 28 12 21 8 29 15 33 27
75 21 1 126 19 23 1 18 47 27 18 33 27
76 22 118 150 29 36 91 22 39 27 24 33 27
77 22 91 280 27 19 62 20 13 27 31 34 27
78 22 41 283 31 27 19 18 12 27 27 34 27
79 21 1 150 17 22 11 17 40 28 19 33 27
80 22 49 252 21 36 39 22 17 25 23 33 27
81 21 1 266 38 27 1 30 38 36 14 33 27
82 21 1 94 20 28 53 28 13 40 35 33 27
83 22 40 262 29 30 51 16 16 14 18 33 27
84 21 1 459 43 23 50 25 44 26 12 33 27
85 22 25 148 26 32 28 25 40 33 23 33 27
86 22 73 130 13 40 30 20 39 28 27 34 27
87 22 157 506 25 32 94 26 37 26 17 33 27
88 21 1 145 7 26 18 24 21 33 31 33 27
89 22 30 190 4 35 29 22 1 33 38 34 27
90 22 10 146 10 33 76 20 23 28 31 34 27
91 22 23 133 34 22 1 25 23 14 9 33 27
92 22 54 149 30 32 19 18 14 29 27 34 27
93 22 197 187 15 41 105 26 25 31 23 33 27
94 21 1 313 34 27 5 21 50 31 4 33 27
95 22 20 179 35 34 1 18 35 23 13 33 27
96 21 1 766 35 19 1 23 30 24 11 33 27
97 21 1 235 26 24 1 21 9 36 37 33 27
98 22 57 148 11 33 40 22 18 34 26 34 27
99 21 1 231 32 23 22 30 33 28 16 33 27
100 21 1 213 39 21 88 20 45 27 13 33 27
101 21 1 285 41 20 4 20 27 28 12 33 27
102 22 131 317 32 19 12 16 14 27 24 33 27
103 21 1 307 30 26 42 19 37 27 19 33 27
104 22 152 146 10 38 68 20 28 25 24 33 27
105 22 43 244 10 34 27 17 47 29 19 33 27
106 21 1 358 34 26 1 15 15 20 20 33 27
107 22 1 156 21 33 68 22 26 27 24 33 27
108 21 1 550 11 28 7 13 36 27 18 33 27
109 22 57 101 7 32 38 19 23 25 26 34 27
110 21 1 152 19 29 1 21 37 25 17 33 27
111 22 79 211 30 31 12 15 9 26 34 34 28
112 22 45 106 16 35 1 29 17 26 33 34 27
113 21 1 139 34 25 1 22 18 27 17 33 27
114 22 63 800 28 30 46 22 28 30 21 33 27
115 22 92 104 39 37 1 18 16 33 23 33 27
116 21 1 172 26 30 46 13 19 21 20 33 27
117 22 33 344 39 18 5 28 46 23 7 33 28
118 22 57 163 21 27 28 19 31 16 23 33 27
119 22 11 348 42 24 32 22 28 26 16 33 27
120 22 112 270 33 33 32 21 22 25 21 33 27
121 21 1 141 39 27 1 18 24 30 12 33 27
122 22 20 135 23 29 17 25 34 35 24 33 27
123 22 161 108 23 28 23 18 42 24 8 33 27
124 21 1 342 22 25 2 21 35 40 23 33 27
125 22 65 349 9 41 1 18 16 34 38 34 27
126 21 1 285 43 19 1 25 20 25 25 33 27
127 22 87 351 9 38 34 21 49 26 16 33 27
128 22 14 138 25 33 1 17 13 22 26 33 27
129 22 63 152 15 25 28 25 49 29 16 33 28
130 22 85 109 28 28 76 23 19 25 21 33 27
131 22 166 315 12 42 41 23 34 22 18 33 27
132 22 77 563 35 34 63 19 43 30 15 33 27
133 22 1 107 11 29 82 19 26 29 21 33 27
134 22 88 123 37 22 22 23 23 28 24 33 27
135 21 1 219 26 20 1 18 30 26 3 33 27
136 22 30 116 30 24 1 26 15 21 27 33 27
137 22 128 150 20 22 11 22 46 23 17 33 27
138 22 66 336 25 32 47 20 40 22 25 33 28
139 22 51 432 22 27 34 21 36 25 27 34 27
140 21 1 102 28 28 41 20 49 33 13 33 27
141 22 72 469 33 21 35 20 20 20 22 33 27
142 22 80 156 18 30 47 20 29 25 23 33 27
143 22 80 216 31 25 1 24 2 24 23 33 27
144 22 92 105 29 36 43 26 43 24 12 34 27
145 21 1 125 13 28 1 19 1 31 35 33 27
146 21 1 81 12 30 27 23 47 17 11 33 27
147 21 1 97 25 29 85 16 16 40 33 33 27
148 21 1 193 25 32 1 22 46 37 11 33 27
149 22 21 176 14 40 1 17 7 38 40 34 27
150 22 84 246 1 35 29 18 23 21 31 34 27
151 21 1 366 20 26 6 19 28 28 19 33 27
152 21 1 193 16 31 23 21 44 29 13 33 27
153 21 1 827 43 32 1 22 42 29 23 33 27
154 21 1 272 4 37 6 20 21 30 36 34 27
155 21 1 224 46 26 78 20 35 34 22 33 27
156 22 13 202 36 19 1 16 8 25 27 34 27
157 22 77 446 24 27 23 24 26 30 27 34 27
158 21 1 149 11 31 4 21 38 29 29 33 27
159 22 36 594 24 32 90 17 47 18 15 33 28
160 22 85 471 34 22 1 21 21 22 11 33 27
161 22 37 347 27 30 1 22 32 19 23 33 27
162 22 112 501 22 30 54 19 33 29 18 33 28
163 22 55 254 33 25 25 28 35 24 12 33 28
164 22 127 100 30 25 54 17 36 11 11 33 27
165 22 107 173 26 31 75 19 35 31 20 33 28
166 21 1 80 22 24 25 19 23 26 16 33 27
167 22 19 123 43 24 31 17 15 19 24 33 27
168 22 140 179 7 44 42 23 1 28 42 34 28
169 22 1 480 6 31 51 17 14 24 29 34 27
170 22 86 338 28 33 54 27 37 30 18 33 27
171 22 69 239 23 32 35 20 18 26 27 34 27
172 22 16 113 37 27 41 30 42 20 8 33 27
173 21 1 122 38 25 21 19 41 30 5 33 27
174 22 144 176 14 37 50 24 45 27 19 33 27
175 21 1 324 35 26 1 20 15 28 26 33 27
176 21 1 454 42 26 1 24 44 27 12 33 27
177 21 1 717 32 34 1 22 43 26 7 33 27
178 21 1 133 32 29 57 20 24 22 12 33 27
179 22 76 130 26 33 106 21 26 30 22 33 27
180 21 1 205 17 31 14 19 21 21 33 34 27
181 21 1 187 26 31 80 23 26 33 19 33 27
182 21 1 369 29 34 61 21 52 28 19 33 27
183 21 1 106 32 19 1 21 4 24 29 33 27
184 21 1 86 15 26 1 22 35 31 19 33 27
185 22 167 162 7 39 51 19 26 25 12 33 27
186 22 130 123 1 45 10 23 22 32 31 34 28
187 22 144 773 19 32 33 15 6 18 39 34 27
188 21 1 136 21 24 12 22 49 24 10 33 27
189 22 14 202 32 25 27 15 20 30 33 34 27
190 22 44 268 13 31 7 24 18 24 27 34 27
191 22 82 147 21 36 49 21 43 32 26 33 27
192 22 81 287 27 24 66 23 32 16 10 33 27
193 21 1 231 31 28 22 24 51 39 9 33 27
194 21 1 359 36 25 1 23 32 29 21 33 27
195 22 56 152 31 23 27 26 25 20 29 34 27
196 21 1 437 41 27 30 19 20 31 33 34 27
197 22 144 218 26 33 100 24 39 22 7 33 27
198 22 3 105 24 35 38 17 30 26 20 33 27
199 22 81 504 26 36 12 19 27 21 27 34 27
200 21 1 233 48 22 10 16 38 29 11 33 27
201 22 90 98 13 29 11 20 30 31 16 33 27
202 21 1 174 34 19 29 12 20 29 25 33 27
203 25 1 496 14 36 1 26 46 34 11 39 32
204 22 10 169 37 35 1 20 34 31 18 33 27
205 22 92 172 22 31 93 18 44 28 13 33 27
206 22 31 692 26 24 15 18 1 31 44 34 27
207 22 64 101 28 27 33 18 12 30 33 34 28
208 21 1 226 39 28 43 17 41 36 10 33 27
209 22 74 87 20 39 51 26 19 30 34 34 27
210 22 1 196 26 27 1 23 1 23 33 34 27
211 21 1 179 23 30 25 23 36 15 1 33 27
212 21 1 126 28 23 1 15 37 31 13 33 27
213 22 175 162 15 31 35 14 7 31 34 34 27
214 22 21 145 32 30 57 23 38 33 23 33 27
215 22 82 206 39 29 31 26 19 24 20 33 28
216 22 99 258 33 28 36 19 32 30 11 33 27
217 22 52 196 45 21 36 19 27 15 20 33 27
218 21 1 227 28 15 7 26 3 24 30 33 27
219 21 1 198 36 27 38 31 39 29 18 33 27
220 22 63 237 34 25 2 17 3 33 44 34 27
221 22 72 258 30 35 17 20 31 23 23 33 27
222 22 117 234 38 24 44 26 17 26 17 33 28
223 22 59 204 27 37 82 21 41 23 10 34 28
224 22 31 141 29 24 9 30 29 28 17 33 27
225 21 1 260 18 27 19 20 41 25 8 33 27
226 21 1 120 25 32 17 18 29 26 20 33 27
227 21 1 160 15 31 18 21 40 25 10 33 27
228 21 1 177 39 28 65 24 45 23 6 33 27
229 22 51 267 31 30 52 19 37 27 14 33 27
230 21 1 269 26 28 59 26 42 30 21 33 27
231 21 1 191 24 23 1 23 15 30 25 33 27
232 21 1 179 26 28 1 25 53 28 1 33 27
233 21 1 241 23 31 54 20 26 29 26 33 27
234 22 54 213 13 23 38 15 24 29 23 33 27
235 21 1 258 5 32 39 20 32 34 20 33 27
236 21 1 383 23 33 50 24 31 27 20 33 27
237 22 75 158 26 19 1 22 17 28 20 33 28
238 21 1 312 20 30 1 18 21 22 20 33 27
239 22 76 197 29 30 1 22 18 27 21 33 27
240 22 93 122 22 26 25 18 21 16 28 34 27
241 22 112 167 21 30 50 24 51 31 9 33 27
242 22 1 117 44 17 23 17 32 34 21 33 27
243 21 1 547 31 18 1 23 34 27 10 33 27
244 22 184 224 12 29 11 24 24 22 24 33 27
245 21 1 168 40 19 47 23 28 19 20 33 27
246 22 58 272 30 25 28 27 40 27 14 33 28
247 21 1 104 27 30 23 19 23 27 18 33 27
248 21 1 108 19 30 36 24 33 25 18 33 27
249 21 1 243 26 31 1 22 1 30 50 33 27
250 21 1 333 23 33 30 22 27 31 20 33 27
251 21 1 84 39 31 1 18 38 27 5 33 27
252 21 1 592 21 26 1 25 16 25 21 33 27
253 21 1 261 29 34 44 20 42 31 10 33 27
254 22 78 419 36 18 13 19 16 29 20 33 27
255 21 1 221 30 31 1 20 30 24 30 33 27
256 22 26 106 26 25 1 18 1 19 31 33 27
257 21 1 173 20 34 1 17 28 27 21 33 27
258 22 40 356 27 28 67 18 35 29 13 33 28
259 21 1 447 23 34 65 17 39 34 15 33 27
260 21 1 227 23 27 1 18 53 29 2 33 27
261 21 1 115 40 24 62 24 26 40 21 33 27
262 22 83 139 27 31 43 25 44 23 14 33 28
263 21 1 133 34 29 13 26 17 28 25 33 27
264 22 51 231 34 28 1 26 33 26 18 33 27
265 22 1 144 22 42 14 23 29 30 28 33 27
266 21 1 147 40 26 1 19 32 32 14 33 27
267 22 31 285 12 31 30 20 36 26 9 33 27
268 22 121 637 29 36 49 17 22 22 13 33 27
269 22 54 228 24 31 40 23 40 30 12 33 27
270 21 1 168 31 28 33 23 23 21 26 33 27
271 22 1 313 2 34 20 23 25 30 24 33 27
272 22 66 191 20 42 8 16 32 26 27 34 27
273 21 1 388 24 21 4 21 43 23 11 33 27
274 22 47 164 22 23 1 18 16 29 24 33 27
275 22 94 226 23 40 78 23 37 26 24 33 27
276 22 67 98 8 34 70 26 27 24 20 33 27
277 22 10 99 31 18 24 21 33 29 13 33 27
278 21 1 720 33 19 1 20 39 21 17 33 27
279 22 77 116 34 35 41 25 17 29 31 34 27
280 22 22 111 42 17 1 23 28 28 16 33 27
281 21 1 198 30 24 23 16 31 30 21 33 27
282 21 1 306 40 31 80 24 41 25 11 33 27
283 22 83 355 25 31 32 23 40 25 18 33 28
284 22 1 160 1 31 1 17 17 29 36 34 27
285 21 1 391 18 27 88 22 20 27 20 33 27
286 22 151 242 16 34 13 22 16 35 25 34 27
287 22 30 326 22 37 37 20 31 35 15 33 27
288 22 57 113 21 17 14 22 12 27 27 33 27
289 22 95 157 15 29 44 21 42 31 11 33 27
290 22 95 213 23 38 106 22 34 23 19 33 27
291 22 153 503 1 39 1 21 19 18 27 33 27
292 22 15 167 16 26 2 20 10 28 25 33 27
293 21 1 88 14 30 32 29 34 23 17 33 27
294 21 1 117 35 34 10 25 41 32 8 33 27
295 22 54 148 21 33 33 18 19 19 26 33 27
296 21 1 157 26 22 63 22 22 31 30 33 27
297 22 8 320 1 37 46 14 21 34 36 34 27
298 21 1 205 37 27 1 15 15 24 25 33 27
299 22 153 159 25 38 6 25 13 26 26 34 28
300 22 76 125 18 35 43 26 28 26 21 33 27
301 21 1 151 22 18 3 21 32 26 12 33 27
302 22 43 688 29 32 56 28 37 32 17 33 28
303 21 1 122 22 32 1 25 18 24 23 33 27
304 21 1 132 28 19 29 20 19 25 15 33 27
305 22 132 84 2 34 1 23 8 29 35 34 27
306 22 122 509 27 34 79 18 34 18 12 33 27
307 21 1 293 39 31 13 27 42 19 11 33 27
308 22 1 162 28 35 21 22 18 21 31 34 27
309 22 40 94 26 32 1 24 5 29 35 34 27
310 22 11 230 25 34 42 22 12 24 34 34 27
311 21 1 432 35 33 15 21 26 24 23 33 27
312 21 1 255 24 34 1 20 31 45 22 33 27
313 22 5 346 29 23 54 25 26 29 21 33 27
314 22 124 160 17 23 37 23 11 26 30 34 28
315 22 87 269 35 30 50 21 39 17 10 33 27
316 22 77 180 9 32 25 22 18 37 28 34 27
317 21 1 187 24 36 8 18 49 25 6 33 27
318 22 80 199 32 37 27 22 15 23 28 34 27
319 21 1 201 24 28 17 14 11 38 41 34 27
320 21 1 282 26 27 1 19 32 27 15 33 27
321 22 89 102 7 39 40 23 29 26 20 33 27
322 21 1 203 16 32 7 19 18 20 29 33 27
323 21 1 189 30 27 35 25 27 32 22 33 27
324 21 1 116 25 34 52 23 41 18 14 33 27
325 22 77 147 8 35 49 19 42 31 3 33 27
326 22 108 191 29 30 19 18 40 27 13 33 27
327 22 47 236 46 28 2 24 17 27 25 33 27
328 22 84 150 20 25 51 28 40 32 10 33 27
329 21 1 120 36 26 57 19 32 32 25 33 27
330 21 1 542 21 24 1 22 32 41 19 33 27
331 22 63 226 25 30 4 16 17 28 25 33 28
332 21 1 109 53 20 1 20 44 32 12 33 27
333 22 1 100 33 24 23 23 26 32 28 34 27
334 21 1 116 30 17 1 29 64 22 1 33 27
335 22 138 208 19 33 39 26 32 30 22 33 27
336 22 62 138 29 20 21 20 10 24 24 33 27
337 22 56 92 1 39 13 26 35 30 27 34 28
338 22 1 299 32 29 107 25 50 30 13 33 28
339 22 73 237 18 29 121 20 30 27 25 33 27
340 22 196 234 18 40 49 24 24 22 21 33 27
341 21 1 175 30 16 1 22 7 29 32 33 27
342 22 77 208 19 36 73 20 5 24 37 34 27
343 22 1 935 20 32 1 22 28 19 21 33 27
344 21 1 147 36 22 31 20 44 35 10 33 27
345 21 1 369 26 28 40 17 19 29 27 33 27
346 22 116 95 19 29 19 21 21 24 31 34 27
347 22 112 297 12 32 3 20 13 22 23 33 27
348 21 1 152 11 32 66 21 31 30 20 33 27
349 21 1 1290 23 31 64 22 37 19 18 33 27
350 21 1 457 29 20 42 26 44 37 11 33 27
351 21 1 160 32 30 1 18 13 31 31 34 27
352 21 1 146 32 26 36 20 30 26 21 33 27
353 22 1 160 18 30 66 24 20 25 21 33 27
354 22 55 172 26 29 19 15 21 26 20 33 27
355 22 52 110 26 36 19 22 43 32 14 33 27
356 21 1 207 23 35 53 22 46 27 13 33 27
357 22 192 186 10 33 22 20 9 33 33 34 27
358 21 1 132 27 20 1 18 30 23 14 33 27
359 22 32 581 20 35 60 18 38 34 19 33 27
360 21 1 108 29 36 83 15 46 27 22 33 27
361 22 51 171 28 29 91 22 23 34 25 33 28
362 21 1 184 31 24 1 25 14 21 17 33 27
363 22 1 299 36 29 68 16 54 25 11 33 27
364 22 129 252 44 27 11 18 33 26 15 33 27
365 22 19 154 27 25 35 26 36 25 18 33 27
366 22 7 205 28 27 4 19 34 25 3 33 27
367 22 4 153 20 29 35 27 19 34 31 34 27
368 21 1 333 26 11 1 25 20 27 22 33 27
369 22 130 164 37 26 97 26 20 26 20 33 28
370 22 63 163 25 34 59 25 17 25 28 34 27
371 22 77 219 3 31 15 24 1 29 38 34 27
372 22 146 102 28 26 1 34 17 30 20 33 28
373 22 174 158 12 30 1 23 14 28 26 33 27
374 22 108 73 10 32 17 22 35 21 20 34 28
375 21 1 226 27 28 1 19 11 30 25 33 27
376 22 52 1015 16 34 1 19 17 29 33 34 27
377 22 11 138 44 24 20 16 23 24 25 33 27
378 22 45 420 29 32 43 19 9 22 27 34 27
379 22 51 283 11 32 28 23 46 21 8 33 27
380 22 7 161 16 40 67 26 23 27 27 34 27
381 21 1 240 22 24 48 25 38 27 24 33 27
382 21 1 148 35 23 13 23 46 29 3 33 27
383 22 34 265 33 27 40 25 31 34 18 33 27
384 21 1 251 36 28 1 19 13 18 28 33 27
385 21 1 142 21 26 21 17 29 29 25 33 27
386 21 1 88 25 26 50 22 45 30 10 33 27
387 22 10 141 44 25 22 23 36 24 18 33 27
388 22 43 174 15 34 1 19 19 19 27 34 28
389 21 1 304 22 30 64 23 45 22 22 33 27
390 21 1 395 28 32 1 18 37 28 17 33 27
391 22 185 122 4 39 14 19 1 29 43 34 27
392 21 1 308 35 23 1 21 19 14 17 33 27
393 22 99 114 40 21 47 23 19 17 24 33 27
394 22 141 99 10 31 6 20 6 30 26 34 28
395 22 59 160 4 31 21 21 9 31 35 34 27
396 21 1 260 49 24 13 25 24 22 21 33 27
397 22 61 142 20 22 1 23 27 29 22 33 27
398 22 101 87 28 31 54 25 25 29 20 33 27
399 21 1 270 32 24 1 24 28 29 16 33 27
400 22 29 135 19 24 41 28 32 28 22 33 27
401 21 1 150 20 31 40 27 39 29 11 33 27
402 22 36 321 13 36 31 25 50 29 16 33 27
403 22 39 175 11 29 1 16 39 15 25 33 27
404 22 97 291 28 31 2 23 29 31 13 33 27
405 22 16 243 23 25 1 33 29 25 22 33 27
406 21 1 189 38 23 6 21 39 30 16 33 27
407 21 1 244 27 24 25 23 50 27 11 33 27
408 22 36 190 25 28 1 20 5 26 32 34 27
409 21 1 275 30 32 67 18 48 27 14 33 27
410 21 1 93 25 30 54 23 31 32 28 33 27
411 22 32 106 33 26 8 24 30 28 15 33 28
412 22 51 199 22 36 54 16 20 37 38 34 27
413 21 1 96 34 24 22 26 39 27 14 33 27
414 22 84 484 28 23 12 25 38 21 8 33 27
415 22 92 240 25 28 1 26 17 32 29 34 28
416 22 44 199 37 27 1 22 16 38 17 33 27
417 22 59 166 25 27 21 14 15 29 31 34 27
418 21 1 271 36 24 1 17 13 18 22 33 27
419 21 1 112 35 18 1 18 32 28 20 33 27
420 22 24 282 28 34 24 21 32 27 20 33 27
421 22 82 361 24 34 54 26 42 34 18 33 27
422 21 1 239 34 28 1 25 18 23 18 33 27
423 21 1 218 30 31 1 20 22 18 15 33 27
424 21 1 520 40 28 45 21 50 33 14 33 27
425 22 23 338 28 33 30 22 43 27 19 33 27
426 21 1 222 43 20 34 20 47 28 15 33 27
427 21 1 130 29 19 14 22 26 22 9 33 27
428 22 76 87 10 31 1 21 24 32 17 33 27
429 21 1 180 27 26 74 27 33 38 22 33 27
430 22 20 697 32 17 1 23 34 19 7 33 27
431 22 22 104 22 27 20 18 9 45 38 34 27
432 21 1 71 26 11 1 21 31 27 15 33 27
433 21 1 250 26 27 21 26 17 29 27 33 27
434 21 1 525 39 24 19 18 28 25 17 33 27
435 21 1 262 34 29 1 17 27 27 18 33 27
436 22 151 104 26 35 1 19 4 24 34 34 27
437 21 1 160 20 22 1 16 43 28 11 33 27
438 21 1 191 40 29 1 19 16 24 26 34 28
439 22 92 169 28 22 1 26 8 27 33 34 27
440 22 140 136 10 33 1 27 28 22 14 33 27
441 21 1 156 32 30 80 22 42 20 14 33 27
442 22 122 108 32 25 30 19 24 23 25 33 27
443 22 106 312 25 34 6 25 26 23 18 33 28
444 21 1 123 33 19 69 18 24 34 24 33 27
445 22 37 645 38 23 30 27 23 29 26 33 27
446 21 1 322 24 30 10 13 29 41 22 33 27
447 21 1 205 26 24 5 19 27 34 24 33 27
448 22 96 182 3 35 15 15 28 23 28 34 27
449 22 7 86 50 16 27 14 27 26 17 33 27
450 22 191 268 15 41 42 23 19 27 33 34 27
451 22 84 251 32 28 17 22 28 27 25 33 27
452 22 50 280 38 28 45 13 9 30 28 34 28
453 22 21 176 13 44 42 27 45 35 13 33 27
454 22 84 200 18 38 18 20 6 28 31 34 27
455 22 129 388 16 29 46 25 30 13 16 33 28
456 22 87 230 21 37 90 21 47 23 18 33 27
457 22 38 99 24 29 9 19 8 33 24 33 28
458 22 38 247 30 26 68 20 42 22 16 33 28
459 22 59 266 22 31 15 23 30 25 19 33 28
460 22 20 225 12 40 63 24 29 36 34 34 27
461 22 74 211 35 31 72 19 36 29 26 34 27
462 21 1 172 30 42 1 20 35 31 33 33 27
463 22 6 309 33 24 47 19 4 20 22 33 27
464 21 1 86 20 32 67 22 48 30 7 33 27
465 22 16 221 32 23 9 17 49 23 3 33 27
466 22 135 200 16 26 39 22 37 28 16 33 27
467 22 35 194 24 33 63 26 39 33 17 33 28
468 21 1 128 4 32 47 25 20 27 29 33 27
469 22 72 352 36 29 25 26 35 29 16 33 28
470 21 1 157 40 22 23 22 36 26 8 33 27
471 22 33 114 24 31 53 24 23 27 25 33 27
472 21 1 140 30 30 14 22 36 18 7 33 27
473 22 51 239 31 25 39 22 38 27 17 33 28
474 21 1 207 9 25 63 23 34 25 24 33 27
475 22 42 169 36 21 27 25 11 25 28 34 28
476 22 97 174 19 43 19 23 28 30 25 33 27
477 22 24 192 36 21 31 25 26 34 29 34 28
478 22 1 134 31 24 1 20 7 30 34 34 27
479 22 137 102 15 40 1 15 7 28 43 34 27
480 22 67 472 16 36 26 26 1 36 38 34 27
481 21 1 100 28 32 60 19 49 33 10 33 27
482 22 84 259 17 30 23 28 39 28 19 33 27
483 21 1 152 21 30 1 23 53 39 13 33 27
484 22 43 525 29 23 3 25 7 28 32 34 27
485 21 1 429 10 31 45 12 19 31 31 33 27
486 21 1 454 28 17 43 24 45 19 11 33 27
487 22 1 100 41 24 1 23 23 18 23 33 27
488 21 1 402 33 19 45 16 37 32 14 33 27
489 22 70 116 30 26 40 17 2 31 43 34 27
490 21 1 169 35 27 11 18 16 31 23 33 27
491 22 116 248 20 40 40 21 39 23 17 33 27
492 22 76 215 32 38 49 20 39 31 14 33 27
493 22 152 83 3 34 1 19 6 31 21 33 27
494 21 1 156 20 19 1 19 17 20 21 33 27
495 22 40 207 28 33 19 20 44 30 24 33 27
496 22 29 109 28 19 40 28 40 16 11 33 27
497 22 68 319 28 31 70 22 40 21 23 33 27
498 21 1 199 38 30 58 25 35 25 13 33 27
499 22 12 175 4 37 37 26 17 31 31 34 28
500 22 44 237 13 29 22 16 30 23 16 33 27
501 21 1 232 43 25 30 21 39 29 7 33 27
502 21 1 231 31 23 5 23 37 28 18 33 27
503 22 44 347 32 31 17 16 35 27 12 33 27
504 22 61 74 25 24 48 24 48 25 1 33 27
505 22 63 282 27 33 9 21 28 26 27 34 27
506 22 147 267 15 37 18 20 15 28 36 34 27
507 22 71 172 28 26 57 19 29 29 28 34 27
508 22 33 206 22 30 26 29 26 30 25 33 28
509 21 1 111 53 19 1 20 31 21 8 33 27
510 21 1 205 31 28 1 18 1 29 51 33 27
511 21 5 90 29 31 11 21 22 25 23 33 27
512 22 108 77 13 26 13 27 25 34 24 33 27
513 21 1 179 43 16 13 20 22 31 14 33 27
514 22 32 182 28 29 14 17 6 24 30 34 27
515 21 1 280 45 20 32 23 41 25 1 33 27
516 22 73 103 8 37 81 19 28 26 25 33 27
517 22 52 138 19 28 41 19 14 29 20 33 28
518 21 1 90 36 29 1 26 26 29 18 33 27
519 22 48 253 30 21 1 18 15 16 31 34 27
520 21 1 155 40 23 26 18 35 28 12 33 27
521 21 1 366 18 35 62 30 46 25 8 33 27
522 22 45 203 34 30 1 18 23 27 36 34 27
523 22 47 374 45 19 40 22 6 28 31 34 27
524 22 64 439 25 23 1 19 29 23 20 33 27
525 21 1 265 24 24 1 18 44 39 14 33 27
526 22 110 276 24 38 52 24 41 29 12 33 27
527 22 110 188 20 39 25 24 42 27 14 33 27
528 21 1 182 43 26 92 24 34 27 14 33 27
529 21 1 303 42 29 1 28 45 32 10 33 27
530 21 1 130 29 32 65 16 36 28 13 33 27
531 21 1 441 38 27 1 13 9 23 30 33 27
532 21 1 315 34 33 36 23 33 26 18 33 27
533 21 1 383 38 28 1 20 40 34 20 33 27
534 22 25 104 16 30 8 21 21 22 26 33 27
535 22 153 427 1 32 14 25 1 31 32 34 27
536 21 1 338 31 24 1 21 17 21 17 33 27
537 22 9 427 14 22 18 22 21 32 28 34 27
538 22 65 115 38 21 1 15 19 32 21 33 27
539 22 12 2006 18 31 1 17 1 25 28 34 27
540 22 68 440 38 29 1 23 30 22 20 33 27
541 22 74 138 25 36 1 21 38 31 18 33 27
542 21 1 165 25 21 58 26 21 26 20 33 27
543 22 163 129 12 34 3 19 20 19 19 33 27
544 22 142 201 27 29 12 15 27 20 9 33 27
545 22 59 436 17 30 1 21 39 30 20 33 27
546 22 60 103 36 25 17 25 36 24 8 33 27
547 21 1 532 27 30 65 23 51 26 1 33 27
548 21 1 179 45 14 8 18 30 25 19 33 27
549 21 1 130 24 27 1 24 20 35 21 33 27
550 21 1 100 34 29 13 23 41 22 12 33 27
551 21 1 469 36 30 1 18 34 20 18 33 27
552 22 113 144 17 35 29 22 30 21 26 33 27
553 21 1 162 48 28 71 15 50 19 6 33 27
554 21 1 88 33 28 18 18 14 21 23 33 27
555 22 61 341 29 27 16 20 29 35 27 34 27
556 22 19 99 40 21 7 26 18 20 24 33 27
557 21 1 110 22 27 1 19 19 25 22 33 27
558 21 1 67 25 29 1 12 18 23 21 33 27
559 21 1 138 10 30 1 19 23 36 24 33 27
560 22 71 130 14 30 63 17 3 27 25 33 27
561 22 187 287 22 32 63 21 22 26 22 33 27
562 21 1 196 35 26 39 21 29 30 14 33 27
563 21 1 191 40 23 1 25 27 24 16 33 27
564 22 1 256 30 40 27 28 30 30 28 34 28
565 21 1 188 39 23 1 20 38 31 19 33 27
566 22 130 289 15 35 34 23 26 31 20 33 27
567 21 1 290 18 30 49 22 28 23 15 33 27
568 22 12 132 31 18 61 26 39 23 15 33 27
569 22 119 127 24 24 32 21 35 29 21 33 27
570 22 62 227 19 29 21 23 2 32 26 33 27
571 22 149 97 21 35 47 24 3 29 34 34 27
572 22 95 195 23 37 1 24 32 18 22 33 27
573 22 83 457 35 31 27 24 14 30 32 34 27
574 22 98 113 29 33 78 20 33 18 13 33 27
575 22 138 126 11 27 34 23 20 27 22 33 27
576 21 1 186 40 25 53 21 47 32 8 33 27
577 22 29 190 26 21 1 20 12 19 32 34 27
578 21 1 134 23 31 5 26 38 32 25 33 27
579 21 1 85 21 21 19 21 26 31 24 33 27
580 21 1 157 21 24 1 17 7 19 28 33 27
581 21 1 155 33 34 59 20 43 28 11 33 27
582 21 1 509 47 20 1 17 30 33 14 33 27
583 22 132 184 9 34 60 20 30 34 21 33 27
584 21 1 99 27 28 41 24 6 32 34 33 27
585 22 94 106 26 32 41 18 19 28 23 33 28
586 21 1 203 27 34 76 23 45 21 8 33 27
587 22 45 105 38 22 1 19 21 28 25 33 28
588 22 112 102 31 22 1 25 14 28 25 33 28
589 22 164 148 11 29 1 22 1 23 36 34 27
590 21 1 93 32 28 1 21 29 21 15 33 27
591 22 69 87 17 32 69 21 38 17 13 33 27
592 22 63 526 35 30 45 26 35 26 21 33 27
593 21 1 150 45 25 15 18 38 29 8 33 27
594 21 1 144 25 32 46 17 37 30 19 33 27
595 22 23 168 13 38 1 14 9 25 33 34 27
596 21 1 155 44 22 1 17 4 27 30 33 27
597 21 1 221 44 18 38 22 39 33 5 33 27
598 21 1 434 43 27 58 26 35 35 14 33 27
599 22 76 92 31 32 71 17 22 24 13 33 27
600 22 65 401 37 21 20 18 11 28 33 34 27
601 21 1 108 42 22 1 20 20 15 12 33 27
602 22 10 252 25 25 10 21 35 28 23 33 27
603 22 78 453 21 33 54 22 26 33 25 33 27
604 22 172 104 20 31 21 21 25 28 19 33 27
605 21 1 767 36 22 13 23 26 21 22 33 27
606 22 72 498 46 22 12 23 23 27 21 33 27
607 22 177 202 13 22 4 19 22 20 23 33 27
608 22 5 118 27 25 1 14 12 35 39 34 27
609 22 37 271 25 25 1 18 38 22 8 33 27
610 22 92 320 17 37 12 20 34 28 23 33 27
611 21 1 154 29 28 15 19 38 21 15 33 27
612 22 1 107 33 34 9 21 43 26 6 33 27
613 21 1 78 40 24 40 24 48 34 1 33 27
614 22 81 266 25 23 1 21 21 25 25 33 27
615 21 1 132 39 28 37 19 49 20 10 33 27
616 22 83 924 35 31 1 21 48 25 6 33 27
617 21 1 234 42 11 19 18 53 22 7 33 27
618 22 180 158 36 30 1 27 18 24 27 34 27
619 22 53 304 13 34 80 17 27 25 21 33 27
620 21 1 364 50 17 42 20 36 30 15 33 27
621 22 55 195 19 39 25 21 42 27 13 33 27
622 22 34 105 39 27 5 19 31 25 16 33 27
623 22 51 270 25 32 1 24 33 31 13 33 27
624 22 70 263 39 30 48 22 34 26 9 33 27
625 22 137 215 30 22 32 18 17 26 24 33 27
626 21 1 155 37 22 29 18 11 31 30 34 27
627 22 204 98 18 34 22 21 11 23 18 33 27
628 22 121 136 23 22 17 21 15 31 23 33 27
629 22 13 86 14 24 1 20 16 26 30 34 27
630 21 1 127 40 18 1 26 53 39 5 33 27
631 22 29 162 41 23 1 23 28 25 23 33 27
632 21 1 242 31 27 41 17 16 25 36 34 27
633 22 34 136 29 24 59 17 35 26 16 33 28
634 22 85 95 39 33 19 22 27 25 12 33 27
635 22 113 561 35 31 21 22 36 24 16 33 27
636 22 84 91 23 31 91 21 28 30 22 33 27
637 21 1 167 29 21 1 22 13 30 30 33 27
638 22 1 203 41 20 1 16 14 25 25 33 27
639 21 1 540 29 30 6 28 16 35 24 33 27
640 22 29 819 15 29 10 12 3 31 42 34 27
641 21 1 164 15 27 52 19 33 23 13 33 27
642 22 58 96 39 18 23 25 27 21 19 33 27
643 22 79 205 24 25 1 25 19 25 25 33 27
644 22 26 93 43 25 40 23 15 28 25 33 27
645 22 107 184 15 27 23 24 44 17 4 33 27
646 22 84 159 28 32 24 25 42 33 16 33 28
647 21 1 308 36 23 4 23 36 33 22 33 27
648 21 1 385 27 30 86 25 34 31 19 33 27
649 21 1 191 32 29 28 21 54 28 3 33 27
650 22 93 137 22 40 115 20 26 32 25 33 27
651 22 43 182 32 29 18 19 28 34 24 33 28
652 22 109 261 22 103 4 24 39 34 13 33 27
653 21 1 390 31 31 16 23 46 26 6 33 27
654 21 1 476 26 31 29 25 29 31 23 33 27
655 22 1 585 17 40 96 20 38 32 22 33 27
656 22 62 156 20 36 1 25 20 26 22 33 28
657 22 26 224 36 23 1 15 36 21 8 33 27
658 21 1 87 26 27 12 25 40 21 13 33 27
659 21 1 502 31 23 1 16 17 32 26 33 27
660 22 110 495 16 32 27 22 20 26 21 33 27
661 21 1 295 32 23 42 29 45 27 6 33 27
662 22 58 158 17 39 12 21 15 30 25 33 27
663 21 1 314 33 27 13 13 37 33 22 33 27
664 21 1 316 45 21 31 20 41 21 8 33 27
665 22 24 470 41 24 64 26 38 33 18 33 27
666 22 50 88 15 37 1 21 42 31 15 33 27
667 22 81 439 19 37 66 26 36 23 20 33 27
668 22 66 450 16 35 28 14 16 27 29 34 27
669 21 1 426 40 30 16 25 43 24 11 33 27
670 22 94 386 26 30 1 27 13 22 26 33 27
671 21 1 525 23 21 1 20 9 25 30 33 27
672 22 70 105 29 19 27 21 29 23 16 33 27
673 22 46 457 23 26 48 21 9 20 30 34 27
674 22 63 211 24 32 48 23 43 26 14 33 28
675 22 66 661 22 36 36 26 44 25 12 33 27
676 21 1 222 28 29 1 16 19 33 29 33 27
677 21 1 183 26 26 68 23 39 25 12 33 27
678 22 81 128 16 43 65 21 39 36 19 33 27
679 21 1 89 36 18 1 19 33 11 14 33 27
680 22 52 171 20 23 3 20 13 20 25 33 27
681 21 1 90 18 32 16 24 54 26 14 33 27
682 22 155 590 31 27 21 21 32 27 20 33 27
683 21 1 297 40 32 1 15 28 28 22 33 27
684 22 100 259 28 35 58 19 32 22 9 34 27
685 22 1 101 31 22 31 15 4 25 31 34 27
686 21 1 166 34 24 64 18 25 28 25 33 27
687 22 7 102 32 32 39 23 31 25 21 33 28
688 22 66 487 44 23 19 21 32 35 12 33 27
689 22 34 184 28 28 74 25 1 27 36 34 27
690 22 93 226 2 30 1 17 11 18 31 34 27
691 22 49 145 26 32 32 18 44 26 18 33 28
692 22 1 171 40 37 1 26 31 35 22 33 27
693 21 1 385 36 19 47 20 36 29 11 33 27
694 21 1 276 37 29 78 21 33 25 16 33 27
695 21 1 150 34 26 58 23 48 34 9 33 27
696 21 1 242 11 36 1 17 33 24 22 33 27
697 21 1 221 38 31 36 18 40 27 17 33 27
698 21 1 133 33 30 46 22 35 22 8 33 27
699 22 61 141 35 26 27 15 14 21 26 34 28
700 21 1 300 43 18 27 17 9 26 24 33 27
701 22 24 199 32 22 5 24 21 16 16 33 27
702 22 369 122 24 30 46 331 361 452 17 33 27
703 22 7 205 15 32 42 22 17 28 29 34 27
704 21 1 229 12 25 11 23 34 20 17 33 27
705 21 1 155 37 26 65 22 29 24 14 33 27
706 22 28 163 34 25 64 16 37 34 13 33 27
707 21 1 223 26 30 45 23 37 26 13 33 27
708 22 105 139 9 36 1 24 12 23 31 34 27
709 22 79 623 28 19 1 16 32 29 15 33 27
710 22 60 351 42 24 23 21 11 23 30 34 27
711 21 1 178 46 25 8 21 52 38 4 33 27
712 21 1 102 19 24 16 24 20 22 19 33 27
713 22 31 136 30 26 1 16 11 30 25 33 28
714 21 1 870 31 25 40 16 29 25 24 33 27
715 22 84 223 46 26 53 22 43 22 1 33 28
716 22 36 361 22 25 52 20 17 22 30 34 27
717 21 1 92 44 25 1 19 16 32 28 33 27
718 21 1 379 23 24 1 20 16 26 23 33 27
719 22 103 293 22 33 90 21 34 35 20 33 27
720 22 98 126 35 34 36 26 42 24 8 33 27
721 22 1 195 9 30 45 23 12 30 32 34 27
722 22 43 102 30 32 68 24 41 24 16 33 27
723 22 84 144 27 29 37 23 31 24 23 33 27
724 22 26 259 26 32 23 24 3 30 32 34 27
725 22 5 159 31 28 33 26 35 32 18 33 28
726 22 53 264 25 29 53 21 15 24 31 34 27
727 22 29 323 26 33 49 18 24 23 28 34 28
728 21 1 112 13 32 1 27 31 34 22 33 27
729 22 3 297 23 30 1 24 23 31 26 33 27
730 22 113 164 38 29 40 16 14 28 25 33 28
731 22 112 433 21 28 1 19 24 29 22 34 28
732 21 1 196 32 29 57 21 29 34 20 33 27
733 22 25 97 17 36 1 25 11 26 29 34 27
734 21 1 177 41 25 56 24 37 23 19 33 27
735 21 8 286 32 29 65 23 47 34 15 33 27
736 21 1 201 26 19 12 22 24 27 23 33 27
737 22 42 139 21 42 31 27 49 24 19 33 28
738 21 1 160 27 28 24 20 30 32 23 33 27
739 22 63 285 28 35 32 19 43 30 17 33 27
740 21 1 157 35 26 47 13 30 24 17 33 27
741 21 1 146 37 24 11 21 28 30 28 33 27
742 22 74 200 23 23 27 23 1 30 31 34 28
743 22 49 233 19 38 86 17 26 30 24 33 27
744 22 22 214 30 30 57 30 38 23 9 33 27
745 22 50 162 8 29 1 20 8 25 30 34 27
746 22 121 93 21 33 52 24 8 29 38 34 27
747 22 19 549 37 41 1 18 6 27 35 34 27
748 21 1 127 20 26 1 20 38 25 22 33 27
749 22 46 1482 19 38 3 25 33 26 26 34 27
750 22 49 144 29 19 26 21 33 29 16 33 28
751 21 1 374 42 23 49 21 25 28 13 33 27
752 21 1 279 44 26 1 17 20 24 20 33 27
753 22 43 147 35 29 39 24 43 35 18 33 27
754 21 1 84 38 28 67 15 30 29 15 33 27
755 22 46 144 11 29 21 18 46 21 25 33 28
756 22 99 440 13 26 1 19 47 18 5 33 27
757 22 34 152 38 26 6 24 24 30 14 33 27
758 22 81 238 22 43 1 23 27 31 34 34 27
759 22 56 343 16 33 44 18 48 30 13 33 27
760 21 1 127 26 25 23 17 23 27 18 33 27
761 21 1 326 33 20 55 20 33 33 17 33 27
762 22 32 175 26 31 50 27 13 42 32 34 27
763 22 6 143 24 28 1 21 2 26 28 33 27
764 22 28 145 38 26 14 20 28 19 14 33 27
765 21 1 221 47 22 23 21 48 29 5 33 27
766 22 67 145 25 34 35 18 49 28 16 33 27
767 21 1 171 42 21 1 18 35 28 20 33 27
768 21 1 104 16 23 28 23 25 27 29 33 27
769 21 1 139 27 24 40 22 50 31 12 33 27
770 21 1 144 26 33 7 24 33 29 16 33 27
771 21 1 186 39 16 4 24 41 25 12 33 27
772 21 1 235 35 26 86 24 39 26 10 33 27
773 22 85 191 26 31 63 24 30 27 13 33 27
774 22 49 272 31 25 12 24 38 25 13 33 27
775 22 8 268 8 30 1 23 23 42 28 34 27
776 21 1 185 35 31 1 23 31 26 8 33 27
777 21 1 160 16 33 67 24 14 31 28 33 27
778 22 86 177 25 31 1 22 13 31 37 34 27
779 22 45 179 37 18 20 19 4 29 26 34 27
780 22 18 418 24 30 38 23 20 28 32 34 27
781 21 1 125 29 24 15 19 29 25 22 33 27
782 21 1 190 24 31 10 25 17 26 20 33 27
783 21 1 272 14 32 17 27 46 30 11 33 27
784 22 1 195 29 21 4 17 10 19 23 33 27
785 21 1 157 30 25 38 20 28 28 21 33 27
786 21 1 102 37 23 17 22 19 24 24 33 27
787 22 47 150 33 27 67 17 40 29 16 33 28
788 21 1 220 51 22 1 25 23 15 10 33 27
789 22 135 516 3 35 45 23 12 27 35 34 27
790 21 1 569 25 27 25 23 43 33 21 33 27
791 21 1 331 23 21 17 16 47 28 8 33 27
792 22 25 186 35 31 2 27 22 32 26 34 28
793 21 1 332 28 18 1 21 18 26 24 33 27
794 22 83 160 16 35 49 17 39 24 20 33 27
795 22 40 121 4 26 1 11 21 30 22 33 27
796 22 34 155 19 31 38 17 48 30 17 33 27
797 21 1 92 25 28 1 13 20 20 18 33 27
798 22 113 207 13 34 27 20 6 29 29 34 27
799 21 1 204 46 25 65 22 58 19 12 33 27
800 22 82 177 12 27 59 23 30 22 27 34 27
801 22 52 164 18 40 27 12 21 40 30 34 27
802 21 1 657 30 22 22 22 38 31 14 33 27
803 21 1 416 18 31 1 17 27 27 18 33 27
804 22 75 307 10 32 14 25 42 27 22 33 27
805 21 1 257 33 17 1 16 8 29 30 33 27
806 22 157 424 17 34 90 23 29 39 23 33 27
807 22 15 175 23 31 34 21 35 33 13 33 27
808 21 1 163 21 30 17 26 47 26 7 33 27
809 22 65 191 22 21 16 22 15 24 26 34 27
810 21 1 146 26 14 75 17 30 32 8 33 27
811 22 81 202 10 38 76 26 39 35 31 34 27
812 22 42 129 30 33 1 22 40 32 14 33 28
813 21 1 246 29 30 2 16 21 18 25 33 27
814 22 102 320 14 25 31 22 24 25 26 33 27
815 22 78 231 16 29 40 22 14 18 20 33 27
816 22 59 254 12 38 1 19 21 29 22 33 27
817 21 1 159 37 22 1 21 30 31 11 33 27
818 21 1 169 21 22 45 25 19 22 17 33 27
819 22 118 215 36 29 20 18 36 28 19 33 27
820 21 1 280 24 35 98 28 47 25 9 33 27
821 21 1 68 31 29 1 22 33 18 8 33 27
822 21 1 280 29 33 39 20 48 29 10 33 27
823 21 1 173 22 34 1 24 38 30 15 33 27
824 22 64 278 16 25 19 20 21 22 21 33 27
825 22 74 483 26 26 43 30 41 26 11 33 27
826 22 59 362 22 42 44 21 50 30 11 33 27
827 21 1 405 26 24 11 15 41 28 10 33 27
828 21 1 526 39 29 35 26 52 21 5 33 27
829 21 1 128 38 22 36 21 43 34 17 33 27
830 22 4 551 19 34 1 25 21 31 21 33 27
831 21 1 105 32 28 44 18 32 30 17 33 27
832 22 5 116 24 32 30 21 9 21 36 34 27
833 22 85 155 16 23 14 20 25 28 30 34 27
834 22 31 116 23 26 18 23 8 18 32 34 27
835 22 171 169 1 32 35 26 23 24 20 33 27
836 21 1 136 40 33 1 18 1 21 28 33 27
837 22 58 175 24 24 1 18 20 31 27 33 27
838 22 17 212 32 30 46 18 36 34 25 33 27
839 22 88 85 25 31 35 23 50 28 19 33 28
840 22 154 206 16 40 12 24 16 25 22 33 27
841 22 1 195 20 22 1 15 13 20 27 33 27
842 40 1 244 60 33 23 48 84 47 15 57 50
843 22 54 137 30 26 47 22 18 20 29 34 27
844 22 63 169 23 31 31 23 28 22 30 34 27
845 22 68 172 6 32 18 19 24 32 31 34 27
846 22 38 92 17 30 1 13 11 26 32 34 27
847 21 1 337 25 34 43 31 23 31 35 34 27
848 22 146 221 3 37 10 26 10 20 29 34 27
849 21 1 458 16 33 1 24 33 29 22 33 27
850 21 1 216 28 23 18 24 35 26 16 33 27
851 21 1 114 7 36 30 21 23 23 28 33 27
852 21 1 273 31 31 59 22 46 25 10 33 27
853 21 1 225 32 25 55 17 31 27 27 33 27
854 21 1 110 27 35 58 20 21 24 18 33 27
855 21 1 293 42 25 8 17 38 22 18 33 27
856 22 132 351 31 37 46 21 34 29 24 33 27
857 21 1 191 29 31 58 23 31 25 11 33 27
858 22 6 333 26 30 38 18 14 35 43 34 27
859 22 71 498 38 27 40 22 7 28 42 34 28
860 21 1 216 26 24 1 21 38 23 10 33 27
861 22 83 145 16 30 60 25 46 30 10 33 27
862 22 100 169 19 37 23 23 29 25 19 33 27
863 21 1 119 25 26 27 18 32 37 17 33 27
864 21 1 147 44 27 1 16 44 31 17 33 27
865 22 26 532 1 34 70 22 17 27 27 33 27
866 22 29 96 23 28 9 19 12 28 37 34 27
867 22 42 551 17 40 15 24 34 35 21 34 27
868 22 85 256 28 30 18 17 27 30 24 33 27
869 21 1 383 34 27 52 18 23 21 17 33 27
870 21 1 100 15 29 33 19 54 24 5 33 27
871 21 1 333 29 31 67 21 37 27 13 33 27
872 22 82 576 27 26 23 21 30 22 31 34 27
873 22 37 86 12 34 31 25 12 38 44 34 27
874 22 61 133 26 21 1 22 15 21 24 33 27
875 22 21 312 27 35 64 16 45 28 16 33 27
876 21 1 195 19 34 66 24 52 30 12 33 27
877 22 44 221 32 27 39 19 17 24 33 34 27
878 22 110 127 21 28 1 17 3 27 32 34 27
879 21 1 151 29 21 71 22 64 29 1 33 27
880 21 1 258 36 24 21 17 36 21 18 33 27
881 22 81 168 13 32 29 16 35 20 25 33 27
882 21 1 194 33 26 23 22 41 28 6 33 27
883 21 1 177 39 19 33 26 46 29 13 33 27
884 22 5 117 24 24 14 19 7 25 27 33 27
885 22 1 465 33 27 1 15 9 27 26 33 27
886 21 1 188 20 27 20 22 45 21 4 33 27
887 21 1 245 43 27 35 22 36 26 13 33 27
888 22 27 152 30 36 37 17 50 25 6 33 27
889 22 33 257 13 19 5 14 1 32 41 34 28
890 21 1 496 21 30 1 23 20 23 21 33 27
891 21 1 203 24 27 90 24 28 30 23 33 27
892 22 44 144 17 40 6 14 20 28 34 34 27
893 22 10 172 20 42 56 19 44 33 20 33 27
894 22 1 263 28 24 1 21 6 17 35 34 27
895 21 1 74 39 22 1 19 39 27 13 33 27
896 21 1 335 26 23 1 19 41 30 14 33 27
897 21 1 369 41 16 1 14 10 30 29 33 27
898 21 1 217 23 32 53 20 34 25 17 33 27
899 21 1 1112 30 30 1 25 12 22 34 34 27
900 22 79 271 17 37 44 27 16 25 31 34 28
901 22 72 148 40 27 1 19 28 20 18 33 27
902 22 1 310 34 26 16 19 22 34 33 34 27
903 22 1 219 5 35 65 24 7 44 37 34 27
904 21 1 255 14 27 1 17 32 38 25 33 27
905 21 1 145 39 19 56 19 42 20 10 33 27
906 21 1 777 22 21 58 17 34 27 7 33 27
907 22 77 187 29 26 47 16 36 27 16 33 27
908 21 1 172 42 20 57 18 31 32 15 33 27
909 21 1 165 32 28 53 27 41 28 13 33 27
910 22 76 161 18 35 32 16 24 28 26 33 27
911 21 1 113 28 36 10 27 36 31 17 33 27
912 22 41 276 27 32 41 25 38 33 18 33 28
913 21 1 187 25 34 47 22 39 26 5 33 27
914 22 18 125 35 25 32 12 16 23 29 34 27
915 22 76 209 27 22 14 13 37 23 3 33 27
916 22 125 171 17 30 1 17 34 20 14 33 27
917 22 100 154 11 39 33 23 10 27 36 34 27
918 21 1 399 33 29 296 20 6 21 38 34 27
919 22 122 326 17 30 53 27 43 32 11 33 27
920 22 197 144 16 39 48 18 20 19 32 34 27
921 22 19 715 19 33 35 22 27 28 20 33 27
922 22 32 66 17 22 8 14 43 24 19 33 27
923 22 29 237 24 26 7 20 22 26 28 34 27
924 22 118 283 17 36 45 14 24 24 18 33 27
925 22 68 120 34 20 1 22 14 25 28 34 27
926 22 2 182 39 25 1 21 16 26 27 34 27
927 22 186 128 6 33 49 28 29 26 16 33 27
928 21 1 110 44 25 1 22 42 26 11 33 27
929 21 1 244 40 20 12 20 25 19 21 33 27
930 21 1 103 53 25 65 20 41 33 14 33 27
931 21 1 133 37 23 1 19 40 27 14 33 27
932 21 1 340 32 19 29 15 13 32 28 33 27
933 21 1 165 29 21 35 16 25 31 29 33 27
934 22 60 238 36 24 1 17 1 24 31 34 27
935 22 77 117 25 28 86 19 1 33 39 34 27
936 22 57 351 31 27 12 18 14 29 29 34 27
937 21 1 118 40 12 1 18 12 28 25 33 27
938 22 109 517 26 37 6 18 29 22 18 33 27
939 22 63 524 17 33 1 15 30 26 26 33 27
940 21 1 167 33 30 65 28 38 23 10 33 27
941 22 134 341 38 26 41 21 20 28 27 34 27
942 21 1 121 21 30 1 21 16 32 32 33 27
943 22 40 203 7 32 52 17 15 39 40 34 27
944 22 71 401 20 35 27 15 26 22 15 33 27
945 22 19 228 23 32 52 21 24 29 29 34 27
946 21 1 201 15 26 5 25 40 33 17 33 27
947 21 1 104 30 29 46 22 24 32 30 33 27
948 21 1 222 18 38 34 32 41 18 9 33 27
949 21 1 747 28 21 14 15 21 26 24 33 27
950 21 1 152 37 28 1 27 38 22 17 33 27
951 21 1 239 23 28 14 22 41 29 8 33 27
952 22 67 173 25 24 72 19 29 26 14 33 28
953 21 1 151 26 28 63 17 13 26 21 33 27
954 21 1 95 36 19 36 20 17 29 28 33 27
955 22 85 357 18 40 9 17 32 32 19 33 27
956 22 94 141 29 27 37 23 5 36 33 34 27
957 22 100 232 33 23 21 22 33 27 11 33 27
958 21 1 129 35 35 1 23 42 22 16 33 27
959 22 112 215 38 39 8 19 33 24 22 33 27
960 21 1 110 23 21 35 18 21 27 31 33 27
961 22 73 176 13 29 14 21 15 25 35 34 27
962 21 1 103 37 20 40 15 1 33 34 33 27
963 21 1 91 11 31 35 25 40 34 17 33 27
964 21 1 139 16 29 34 16 36 24 20 33 27
965 22 41 184 32 27 39 28 27 30 24 33 27
966 21 1 301 36 25 1 17 23 26 20 33 27
967 21 1 226 29 33 43 25 46 23 10 33 27
968 21 1 88 36 19 1 19 18 26 28 33 27
969 22 102 100 25 31 31 23 31 27 16 33 28
970 21 1 248 25 37 61 19 35 27 19 33 27
971 22 51 116 14 31 29 19 1 31 44 34 28
972 22 54 174 21 37 87 28 31 23 16 33 27
973 22 117 114 37 24 29 23 31 29 26 33 28
974 21 1 332 39 25 28 17 23 28 24 33 27
975 22 82 143 16 31 5 22 32 37 16 33 27
976 21 1 406 27 28 24 26 35 26 13 33 27
977 22 73 98 23 27 35 26 33 19 9 33 27
978 22 156 239 10 33 11 25 14 27 26 33 28
979 22 18 385 9 39 45 19 29 26 22 33 27
980 21 1 190 25 32 21 24 42 30 7 33 27
981 21 1 112 24 35 56 27 46 25 11 33 27
982 21 1 316 38 30 1 15 62 27 1 33 27
983 22 1 153 14 37 1 22 20 29 33 34 27
984 21 1 380 17 26 1 20 21 28 23 33 27
985 22 135 178 29 40 12 21 29 19 12 33 27
986 22 53 150 30 28 15 18 12 27 36 34 27
987 22 39 124 18 24 44 13 31 31 18 33 27
988 22 66 424 18 32 1 19 26 36 27 33 27
989 21 1 253 33 30 12 20 38 26 16 33 27
990 22 47 80 15 26 1 25 2 27 33 34 27
991 22 83 196 25 28 71 23 19 30 25 33 28
992 22 38 98 18 31 26 25 47 34 8 33 27
993 21 1 506 26 31 1 21 29 27 16 33 27
994 21 1 77 12 30 26 23 47 26 14 33 27
995 22 77 128 24 31 36 23 33 26 12 33 28
996 21 1 377 28 25 1 18 18 25 24 33 27
997 22 95 417 31 37 1 18 16 22 26 33 27
998 22 43 180 21 34 31 19 24 24 27 34 27
999 22 169 91 36 23 16 19 26 18 19 33 27
1000 22 104 330 30 33 25 21 37 30 14 33 27
