1 22 37 351 22 33 21 23 19 32 25 33 27
2 22 31 189 17 39 46 27 32 33 25 33 27
3 21 1 320 38 24 1 18 31 18 7 33 27
4 22 44 350 38 28 1 18 14 25 32 34 27
5 22 69 151 17 27 80 18 21 24 31 34 27
6 21 1 112 28 25 1 23 38 28 9 33 27
7 22 20 135 22 29 75 22 30 38 19 33 27
8 22 22 79 18 31 1 26 27 24 19 33 27
9 22 32 150 32 28 35 22 12 29 30 34 27
10 21 1 156 38 23 36 20 56 34 6 33 27
11 22 41 112 24 29 1 23 33 31 26 33 27
12 21 1 112 47 22 16 20 45 28 3 33 27
13 22 79 187 8 35 51 18 18 26 23 33 27
14 21 1 167 22 33 51 24 46 26 15 33 27
15 22 38 66 24 33 1 18 24 32 23 33 27
16 22 51 546 12 30 1 16 36 26 24 33 27
17 21 1 104 23 22 7 14 29 22 12 33 27
18 22 29 215 25 40 7 19 49 29 13 33 27
19 22 10 404 34 30 77 24 20 23 21 34 28
20 22 33 180 30 14 1 20 38 33 9 33 27
21 21 1 127 32 39 14 18 37 21 4 33 27
22 22 83 304 19 29 1 23 18 32 39 34 27
23 21 1 318 28 18 1 25 32 26 12 33 27
24 22 19 100 22 38 10 21 36 23 12 33 27
25 22 27 128 40 29 19 20 26 22 11 33 27
26 22 55 225 24 22 1 19 15 28 34 34 28
27 21 1 96 36 24 31 21 21 23 18 33 27
28 21 1 186 25 29 36 24 58 26 6 33 27
29 22 51 243 29 21 32 22 17 31 34 34 27
30 21 1 167 37 23 50 20 34 35 10 33 27
31 22 67 188 26 28 17 17 23 26 19 33 27
32 22 34 102 8 34 1 21 18 35 29 34 27
33 21 1 201 37 25 1 12 19 12 12 33 27
34 22 1 141 31 22 1 24 13 28 26 33 27
35 22 23 136 24 24 27 15 20 27 24 33 27
36 22 78 154 12 32 1 25 10 30 39 34 27
37 21 1 180 27 15 1 22 26 25 11 33 27
38 22 94 75 17 26 1 21 6 30 36 34 27
39 21 1 82 29 31 82 17 34 27 15 33 27
40 21 1 234 44 31 27 20 20 27 21 33 27
41 22 7 140 23 30 38 21 23 27 20 33 27
42 21 1 119 39 26 63 20 38 18 4 33 27
43 22 51 119 29 39 33 17 31 19 18 33 27
44 22 36 215 34 22 7 13 9 33 28 34 27
45 21 1 155 39 21 13 22 32 32 15 33 27
46 21 1 192 30 27 40 25 41 36 16 33 27
47 21 1 405 34 32 24 22 49 27 1 33 27
48 21 1 76 34 29 1 19 27 20 8 33 27
49 22 55 429 37 25 1 17 31 24 23 33 27
50 21 1 185 26 27 37 24 46 32 8 33 27
51 21 1 211 29 26 37 20 34 24 19 33 27
52 22 8 158 27 22 10 18 17 29 37 34 27
53 22 70 104 26 27 25 15 14 23 22 33 27
54 22 1 104 15 31 1 26 28 34 20 33 27
55 22 59 107 17 33 68 24 16 21 28 34 28
56 21 1 116 28 35 74 22 37 29 12 33 27
57 22 57 277 33 26 37 23 11 31 36 34 28
58 21 1 102 26 29 61 21 31 30 22 33 27
59 22 99 442 6 43 58 25 32 33 27 34 28
60 21 1 113 23 31 60 21 48 30 5 33 27
61 21 1 113 44 28 15 20 43 29 14 33 27
62 22 41 309 38 32 59 20 18 26 34 34 27
63 21 1 76 32 36 65 17 40 26 3 33 27
64 22 35 135 31 27 12 21 25 26 10 33 27
65 22 21 106 28 23 51 26 10 31 35 34 28
66 22 48 176 23 27 43 20 18 28 27 34 27
67 21 1 191 43 24 43 22 32 27 21 33 27
68 21 1 109 37 29 1 20 28 24 19 33 27
69 22 1 117 16 29 38 26 28 33 28 34 27
70 22 41 157 29 38 1 25 28 29 23 33 27
71 22 45 137 17 23 1 24 28 14 25 33 27
72 21 1 82 34 21 18 23 43 34 14 33 27
73 22 62 264 29 32 31 17 35 21 12 33 27
74 22 64 106 21 35 28 23 12 23 23 33 27
75 22 57 178 7 39 1 23 39 26 16 33 28
76 22 80 150 36 29 13 23 31 27 23 33 27
77 22 43 198 5 36 20 23 21 30 23 33 27
78 22 23 195 27 26 59 23 26 39 28 34 27
79 21 1 267 39 20 60 22 49 31 5 33 27
80 21 1 356 32 33 81 17 29 29 13 33 27
81 22 20 160 35 23 33 23 7 28 37 34 27
82 22 79 246 16 32 34 17 19 18 28 34 27
83 22 21 130 31 30 40 17 30 22 9 33 27
84 22 58 380 22 29 7 20 15 28 36 34 28
85 21 1 496 45 23 12 29 39 26 8 33 27
86 22 71 165 24 37 64 18 19 26 21 33 27
87 21 1 179 40 29 24 22 34 24 17 33 27
88 22 19 268 17 30 44 20 26 22 20 33 27
89 22 8 132 26 25 67 24 32 33 19 33 28
90 22 77 138 26 30 55 19 21 26 25 33 27
91 21 1 670 36 21 1 16 32 31 17 33 27
92 22 51 311 29 34 65 17 25 32 20 33 28
93 22 75 512 30 26 45 17 23 28 25 34 28
94 22 66 301 25 26 55 22 22 28 27 34 27
95 22 83 128 23 44 89 26 35 21 14 33 27
96 22 57 155 13 30 1 21 19 24 25 34 27
97 21 1 268 40 22 14 21 38 31 11 33 27
98 22 20 158 26 32 49 19 26 29 12 33 27
99 22 49 173 24 29 35 24 31 26 27 34 27
100 22 23 126 38 20 1 17 24 29 18 33 28
101 22 45 161 16 32 26 22 26 31 22 33 27
102 22 9 258 25 21 1 20 20 23 29 34 27
103 22 1 161 30 28 6 21 32 28 23 33 27
104 21 1 534 30 17 1 20 25 29 15 33 27
105 22 1 351 34 25 49 24 16 31 30 34 27
106 22 45 126 37 25 1 23 14 23 31 34 27
107 22 28 489 26 25 32 24 24 20 24 33 27
108 22 21 154 28 26 1 14 8 31 30 34 28
109 21 1 136 13 31 11 16 45 28 17 33 27
110 22 37 194 18 36 18 21 18 27 26 33 27
111 22 78 166 12 44 32 21 6 39 44 34 28
112 21 1 119 33 19 1 21 45 32 10 33 27
113 22 11 140 24 25 1 19 24 23 24 33 27
114 22 1 259 23 37 1 19 42 38 7 33 27
115 21 1 93 33 21 2 20 30 19 15 33 27
116 22 27 128 26 25 1 20 14 21 30 34 27
117 21 1 106 31 25 35 17 45 28 13 33 27
118 21 1 229 34 31 20 24 52 30 1 33 27
119 21 1 285 29 32 6 20 36 17 18 33 27
120 21 1 1061 22 32 91 19 42 20 10 33 27
121 21 1 199 37 31 2 23 31 23 20 33 27
122 22 76 113 33 44 65 15 23 27 27 34 27
123 22 33 116 24 34 38 15 24 23 20 33 27
124 22 65 562 26 40 36 18 20 28 22 33 27
125 21 1 103 40 26 1 17 39 32 7 33 27
126 22 41 123 22 30 30 20 24 23 22 33 28
127 22 47 444 29 30 23 22 34 25 22 34 28
128 22 30 160 15 38 68 25 26 30 33 34 27
129 21 1 145 34 26 53 17 38 30 16 33 27
130 21 1 124 31 10 1 23 15 20 22 33 27
131 21 1 161 38 28 47 16 38 27 19 33 27
132 21 1 141 35 27 16 20 51 26 4 33 27
133 21 1 164 45 24 7 27 24 34 27 33 27
134 21 1 118 42 17 1 25 45 33 4 33 27
135 22 33 136 46 19 7 27 26 25 17 33 28
136 22 12 286 34 27 44 20 26 29 32 34 27
137 22 74 87 31 32 31 18 27 22 21 33 28
138 22 41 284 24 23 1 21 19 27 34 34 27
139 22 42 129 9 34 52 19 14 29 32 34 27
140 21 1 153 36 25 11 21 41 21 10 33 27
141 22 61 154 23 29 55 23 17 32 33 34 27
142 22 78 183 8 27 56 14 24 22 18 33 27
143 22 48 129 30 28 2 20 28 37 22 33 27
144 22 1 123 20 15 1 18 18 26 39 34 27
145 21 1 214 46 13 1 16 32 23 17 33 27
146 22 40 123 10 30 41 26 35 22 31 34 27
147 21 1 179 23 25 32 25 34 21 6 33 27
148 21 1 256 28 34 31 27 40 28 11 33 27
149 22 39 155 24 36 7 19 29 26 27 34 27
150 21 1 140 20 31 30 18 28 27 26 33 27
151 22 51 208 28 41 82 23 16 32 24 33 28
152 22 63 187 26 33 39 17 23 19 17 33 27
153 22 37 412 33 29 44 21 32 25 15 33 27
154 21 1 163 26 32 33 25 50 35 14 33 27
155 22 74 183 15 38 1 23 16 31 21 33 27
156 22 7 119 42 31 12 19 29 28 24 33 27
157 21 1 370 40 29 61 21 37 21 4 33 27
158 22 38 115 24 27 45 20 40 28 7 33 27
159 22 78 372 20 33 83 22 25 27 21 33 27
160 21 1 142 28 28 1 27 39 20 12 33 27
161 22 19 179 17 25 1 19 7 24 26 33 27
162 21 1 99 30 26 46 28 41 28 14 33 27
163 22 19 126 30 20 29 21 25 30 25 33 27
164 22 94 144 22 29 1 24 7 31 35 34 28
165 21 1 335 25 14 44 21 44 25 1 33 27
166 22 68 158 25 36 51 19 22 22 22 33 27
167 21 1 131 45 17 22 18 31 26 14 33 27
168 22 55 186 24 37 60 28 31 34 29 34 28
169 22 1 84 38 31 25 18 38 27 12 33 27
170 21 1 106 14 32 20 25 35 28 26 33 27
171 21 1 438 26 34 61 18 31 25 16 33 27
172 21 1 129 39 34 88 17 42 25 16 33 27
173 22 100 84 30 23 2 14 3 34 39 34 27
174 21 1 108 37 23 14 17 48 25 9 33 27
175 22 32 77 29 30 30 24 34 36 20 33 27
176 21 1 83 37 20 24 21 27 25 14 33 27
177 22 50 270 19 40 67 28 42 18 19 33 28
178 22 1 176 32 42 10 19 44 31 17 33 28
179 22 33 308 16 38 72 27 46 34 20 33 27
180 22 52 172 23 35 23 18 18 34 36 34 27
181 22 118 497 10 36 51 16 1 26 46 34 27
182 22 21 114 21 25 80 18 37 28 19 33 27
183 22 16 110 29 34 51 18 39 25 16 33 27
184 22 67 206 18 40 54 24 15 29 26 34 28
185 22 24 106 40 32 17 29 42 18 6 33 28
186 22 40 157 26 26 12 18 13 29 33 34 28
187 22 35 277 28 37 1 18 11 30 34 34 28
188 22 32 133 25 28 11 13 6 30 25 33 27
189 22 30 120 28 31 51 23 34 37 27 34 27
190 22 30 71 32 22 19 28 30 27 11 33 28
191 22 31 161 10 35 4 26 29 25 20 33 27
192 22 26 98 29 26 1 19 40 26 11 33 27
193 22 30 195 33 30 12 24 13 28 22 33 27
194 22 31 167 29 30 56 20 23 24 22 33 28
195 22 31 499 46 27 31 21 44 24 10 33 28
196 22 32 113 33 31 34 30 48 26 8 34 28
197 22 42 145 21 34 31 18 23 36 29 34 27
198 22 34 136 44 31 1 22 28 32 15 33 27
199 22 30 639 10 37 1 18 18 30 37 34 27
200 22 28 78 34 25 77 22 39 19 8 33 28
201 22 27 163 35 27 1 22 26 17 18 33 28
202 22 38 126 16 34 34 17 19 31 24 33 27
203 22 36 136 40 25 6 25 15 23 25 33 28
204 22 34 204 39 23 39 28 22 31 22 33 28
205 22 34 128 26 25 25 24 32 26 18 33 28
206 22 33 140 28 30 52 25 36 30 15 33 27
207 22 26 180 31 30 1 24 36 26 16 33 27
208 22 27 943 17 37 9 15 16 32 32 34 27
209 22 25 78 38 26 9 25 27 25 20 33 28
210 22 41 281 18 39 87 25 10 30 34 34 28
211 22 40 150 31 29 22 24 1 28 29 34 27
212 22 41 104 22 33 52 14 5 29 35 34 28
213 22 26 153 43 25 1 21 34 26 1 33 27
214 22 27 113 26 33 55 18 11 25 26 33 27
215 22 29 88 21 22 34 19 22 34 32 34 27
216 22 41 135 30 33 31 28 14 27 30 34 28
217 22 29 113 32 28 82 25 37 32 13 33 27
218 22 18 192 34 26 34 25 59 23 1 33 27
219 22 35 239 36 32 1 23 19 25 18 34 28
220 22 30 174 35 33 14 20 30 23 13 33 27
221 22 34 360 22 31 66 20 14 24 28 34 27
222 22 35 194 9 40 16 19 26 29 28 34 27
223 22 37 521 34 34 36 24 41 24 11 34 27
224 22 21 85 39 27 1 24 43 25 15 33 27
225 22 34 149 33 30 23 22 17 32 20 33 28
226 22 32 152 22 30 36 18 28 28 30 34 28
227 22 30 311 29 39 45 23 36 19 12 33 27
228 22 26 105 17 29 57 25 23 28 25 33 27
229 22 32 182 29 36 42 17 33 16 15 33 27
230 22 31 159 22 33 87 18 27 25 24 33 27
231 22 34 219 13 42 44 19 8 27 43 34 27
232 22 33 199 39 17 46 20 7 28 35 34 27
233 22 33 454 41 40 1 21 32 24 13 33 28
234 22 39 105 31 30 46 25 37 31 24 33 27
235 22 29 181 32 26 13 20 15 21 20 33 27
236 22 33 125 32 25 1 17 26 20 13 33 28
237 22 33 156 1 39 1 15 15 24 39 34 27
238 22 35 164 40 32 16 24 26 27 25 34 27
239 22 23 293 43 22 1 21 42 27 6 33 27
240 22 29 109 25 33 38 19 44 32 18 33 28
241 22 26 283 24 31 36 23 43 26 14 33 28
242 22 38 177 18 30 1 23 11 32 40 34 28
243 22 29 118 53 19 1 17 40 25 12 33 27
244 22 37 113 37 25 57 19 30 19 17 33 28
245 22 34 179 29 33 30 23 24 29 29 34 28
246 22 30 155 41 28 1 21 36 17 4 34 28
247 22 30 121 40 23 1 18 19 31 18 33 28
248 22 33 235 32 24 15 19 23 24 24 33 27
249 22 35 121 20 36 76 19 17 27 24 33 27
250 22 32 203 41 17 12 18 31 26 19 33 27
251 22 32 233 16 38 1 13 30 26 18 33 27
252 22 31 149 32 25 18 19 24 16 32 34 28
253 22 24 158 31 27 16 15 29 35 20 33 28
254 22 29 206 20 33 36 19 31 21 19 33 28
255 22 42 85 22 32 18 18 19 29 32 34 27
256 22 32 165 17 36 70 25 50 28 12 34 28
257 22 38 327 11 26 83 25 26 24 24 33 27
258 22 28 98 24 22 18 25 23 28 25 33 27
259 22 27 104 34 36 38 21 47 59 8 33 28
260 22 33 205 26 32 68 22 29 35 28 34 28
261 22 32 126 40 24 43 22 41 28 15 33 28
262 22 34 117 15 28 20 20 27 31 29 34 27
263 22 32 269 31 26 83 19 40 19 17 33 28
264 22 26 207 34 26 70 21 37 29 15 33 28
265 22 33 126 27 17 1 19 13 23 25 33 28
266 22 30 159 25 38 62 25 39 26 19 33 28
267 22 26 124 46 21 1 17 23 24 19 33 27
268 22 34 212 39 20 19 22 23 28 20 33 28
269 22 30 81 23 33 29 21 31 31 15 33 28
270 22 32 309 40 26 18 19 54 29 13 33 27
271 22 28 282 35 25 1 25 2 31 23 33 28
272 22 31 66 21 18 3 19 19 31 25 33 27
273 22 37 133 19 32 26 37 8 31 38 34 28
274 22 30 205 29 36 1 20 35 34 31 34 28
275 22 32 203 22 28 1 22 18 27 22 33 27
276 22 29 224 24 27 12 18 18 22 21 33 28
277 22 29 364 7 34 17 27 24 28 28 34 27
278 22 36 119 24 27 19 20 20 25 30 34 28
279 22 32 140 31 33 36 24 47 35 22 33 27
280 22 28 121 42 17 1 19 23 22 11 33 27
281 22 29 101 29 25 15 19 18 30 27 34 28
282 22 35 108 1 38 27 25 25 22 32 34 28
283 22 36 151 25 30 36 21 45 29 18 33 28
284 22 29 85 15 30 1 14 9 24 33 34 27
285 22 30 178 17 32 29 19 37 19 22 33 28
286 22 44 133 8 49 1 24 20 28 25 33 28
287 22 41 233 32 26 1 20 10 26 37 34 28
288 22 29 262 30 31 1 20 33 15 17 33 28
289 22 32 132 25 23 1 22 21 28 27 34 28
290 22 31 74 19 35 1 26 45 30 7 33 27
291 22 38 324 16 37 1 21 27 38 30 34 27
292 22 37 171 40 20 55 21 18 26 19 33 28
293 22 26 155 12 35 27 20 46 28 11 33 27
294 22 33 163 21 39 80 26 43 35 21 34 28
295 22 31 270 32 17 1 18 37 40 23 33 27
296 22 30 162 20 27 1 24 32 26 17 33 27
297 22 42 106 18 37 47 15 22 31 31 34 27
298 22 32 209 28 27 42 14 40 28 20 33 28
299 22 46 172 12 27 4 25 20 25 32 34 27
300 22 29 120 18 28 40 22 39 14 17 33 28
301 22 22 88 39 28 29 19 49 24 6 33 28
302 22 37 261 29 42 1 26 20 27 21 33 28
303 22 32 148 21 35 75 20 47 30 19 33 28
304 22 30 348 35 26 32 27 45 34 11 34 28
305 22 30 344 29 21 54 20 30 27 18 33 28
306 22 32 95 35 26 24 20 33 19 23 33 28
307 22 30 661 25 32 1 18 19 32 28 34 27
308 22 36 144 21 33 57 22 31 24 28 34 27
309 22 34 140 30 36 23 17 33 29 21 33 28
310 22 33 132 36 26 24 19 29 26 31 34 28
311 22 25 159 21 23 57 20 41 18 12 33 27
312 22 33 151 18 24 18 23 33 28 26 34 28
313 22 40 110 27 26 33 19 24 25 26 34 28
314 22 28 86 26 30 68 15 28 20 16 33 27
315 22 28 173 16 33 1 24 30 31 30 34 28
316 22 18 101 36 14 1 18 23 20 11 33 27
317 22 43 131 22 42 5 171 18 36 38 34 28
318 22 30 140 17 30 62 27 37 39 19 33 28
319 22 30 89 38 31 1 19 34 27 20 33 28
320 22 34 134 27 30 18 26 30 32 22 33 28
321 22 30 172 12 35 66 24 36 30 31 34 27
322 22 38 128 28 35 1 18 36 35 25 34 28
323 22 31 266 35 25 36 24 39 40 19 33 28
324 22 38 106 24 38 66 13 7 37 40 34 28
325 22 31 247 34 25 51 24 48 26 13 33 28
326 22 33 105 30 25 1 15 33 14 11 33 28
327 22 29 254 32 30 37 18 36 31 15 33 28
328 22 31 217 23 31 62 27 28 23 18 33 27
329 22 18 155 32 26 1 22 44 23 9 33 27
330 22 33 120 16 31 77 29 41 15 9 33 27
331 22 27 384 28 19 1 18 40 35 25 33 27
332 22 32 134 41 23 1 23 18 26 15 34 28
333 22 27 219 31 28 1 23 15 27 21 33 28
334 22 34 115 19 30 1 23 17 30 29 34 28
335 22 41 120 12 36 1 22 1 28 41 34 27
336 22 19 138 9 36 1 26 44 26 3 33 27
337 22 38 230 24 27 6 21 38 27 17 33 28
338 22 38 132 32 22 106 20 43 27 11 33 27
339 22 20 103 26 24 1 21 29 30 15 33 27
340 22 30 367 30 26 1 26 27 34 24 33 28
341 22 28 122 36 25 53 18 37 22 1 33 27
342 22 38 140 33 18 1 19 24 28 30 34 27
343 22 36 251 32 28 35 27 21 34 21 34 28
344 22 27 127 27 25 42 21 44 16 2 33 28
345 22 32 355 33 28 9 22 22 33 25 34 27
346 22 33 158 20 31 58 21 31 24 22 33 28
347 22 32 133 38 28 3 19 33 29 13 33 28
348 22 34 112 24 37 1 19 24 27 34 34 27
349 22 31 140 13 31 65 20 34 27 12 34 28
350 22 38 173 25 35 74 22 22 32 24 33 28
351 22 33 441 23 33 59 23 45 30 11 33 27
352 22 26 247 29 73 1 17 22 31 35 34 27
353 22 31 156 44 31 25 20 39 18 15 33 28
354 22 33 221 19 35 38 19 28 22 29 34 27
355 22 33 171 41 34 1 21 32 27 19 34 27
356 22 44 172 5 43 32 17 21 31 29 34 28
357 22 29 218 52 21 1 22 26 30 29 34 27
358 22 37 121 24 35 63 25 33 27 31 34 28
359 22 30 309 22 31 61 19 31 17 13 33 27
360 22 32 142 18 32 69 28 55 27 1 34 28
361 22 30 150 35 28 1 21 37 28 27 34 27
362 22 29 70 13 40 1 19 38 31 21 33 27
363 22 33 91 4 35 32 16 13 20 39 34 27
364 22 31 105 33 28 30 20 30 24 13 33 27
365 22 36 173 21 32 68 15 21 24 29 34 27
366 22 30 249 40 34 4 20 32 24 15 33 28
367 22 20 116 30 29 37 25 46 31 10 33 27
368 22 28 222 25 28 58 25 19 19 29 34 27
369 22 40 153 40 31 1 16 17 37 36 34 28
370 22 32 158 29 22 21 17 25 20 23 33 27
371 22 39 139 24 37 52 23 28 28 22 33 28
372 22 39 137 7 38 20 19 17 26 40 34 27
373 22 36 446 29 27 17 22 21 18 25 33 28
374 22 30 400 37 14 40 28 41 24 7 33 27
375 22 37 89 22 34 1 20 33 28 18 33 28
376 22 37 508 8 36 71 19 23 36 28 34 27
377 22 37 139 20 33 94 26 31 35 25 34 27
378 22 42 183 28 31 11 21 25 28 24 33 27
379 22 28 99 36 18 34 27 40 29 15 33 28
380 22 23 178 22 33 58 17 41 27 13 33 27
381 22 31 137 22 33 85 20 48 34 4 33 27
382 22 31 124 17 26 10 23 25 23 31 34 28
383 22 33 77 29 32 18 23 31 32 23 33 28
384 22 29 145 15 34 21 24 39 24 16 33 27
385 22 32 152 13 31 50 25 33 33 17 33 28
386 22 39 143 26 42 60 26 12 31 41 34 28
387 22 25 260 12 27 52 22 32 26 22 33 27
388 22 23 193 16 27 1 18 21 20 28 33 27
389 22 29 510 1 40 40 25 25 26 30 34 27
390 22 38 130 36 30 3 24 34 22 22 33 27
391 22 36 94 37 31 41 23 26 27 27 34 27
392 22 25 141 27 30 67 25 37 30 18 33 27
393 22 30 129 14 36 46 18 22 25 22 33 28
394 22 35 474 26 32 84 27 15 22 27 34 27
395 22 23 57 18 19 1 15 12 22 36 34 28
396 22 28 152 22 29 49 17 39 25 16 33 27
397 22 29 774 3 38 25 19 23 30 34 34 27
398 22 37 143 14 34 11 17 14 21 32 34 27
399 22 28 163 24 31 21 20 38 18 12 33 27
400 22 40 140 14 38 83 22 29 29 29 34 28
401 22 34 132 12 32 1 31 15 31 35 34 27
402 22 31 282 25 36 32 19 32 21 16 33 27
403 22 32 153 23 32 48 31 35 25 26 33 27
404 22 31 99 19 37 34 24 41 23 10 34 27
405 22 26 174 38 25 1 20 48 25 12 33 28
406 22 20 112 32 11 1 17 39 21 9 33 27
407 22 29 93 33 27 27 23 40 31 14 33 28
408 22 42 112 29 33 30 23 24 36 26 34 28
409 22 29 77 36 25 36 18 38 26 18 33 28
410 22 28 242 35 22 1 24 26 43 18 33 28
411 22 26 196 37 20 1 16 29 26 24 33 28
412 22 30 331 40 26 42 19 37 29 8 33 28
413 22 30 328 36 26 35 13 8 31 36 34 28
414 22 29 142 33 22 1 17 22 29 23 33 27
415 22 33 215 27 23 35 17 21 35 34 34 28
416 22 30 153 41 21 38 23 30 27 17 33 28
417 22 22 324 28 30 1 20 45 28 13 33 27
418 22 28 244 37 29 33 23 41 31 10 33 28
419 22 30 117 25 33 1 22 32 31 19 33 28
420 22 25 102 37 22 1 23 27 31 26 33 28
421 22 20 195 33 31 65 20 48 35 14 33 27
422 22 24 75 23 34 35 21 49 27 9 33 28
423 22 35 349 31 23 3 20 19 22 30 34 27
424 22 29 251 18 32 8 21 38 25 11 33 27
425 22 33 98 26 30 81 26 33 25 19 33 27
426 22 23 85 12 38 1 18 40 31 12 33 27
427 22 25 51 10 31 1 22 20 28 17 33 27
428 22 34 138 37 32 14 17 20 18 19 33 27
429 22 24 202 36 36 1 21 43 21 9 33 27
430 22 31 200 23 29 30 21 18 22 32 34 28
431 22 37 127 16 35 37 19 12 29 39 34 27
432 22 28 329 19 31 2 22 16 33 35 34 28
433 22 26 221 26 35 11 21 38 27 14 33 28
434 22 36 194 36 38 42 23 23 31 30 34 28
435 22 27 294 36 28 19 22 61 31 7 33 28
436 22 34 152 27 27 1 18 22 28 22 33 27
437 22 33 188 28 31 1 17 33 21 22 33 28
438 22 28 154 28 28 41 19 22 28 24 33 28
439 22 38 170 27 23 45 27 20 25 29 34 27
440 22 23 206 35 32 50 15 59 23 1 33 27
441 22 35 302 28 25 22 24 25 29 27 34 27
442 22 32 92 26 24 4 29 32 26 17 33 28
443 22 37 197 17 26 78 24 27 26 17 33 27
444 22 29 170 26 26 1 22 32 31 14 33 28
445 22 32 150 4 37 85 16 30 35 30 34 28
446 22 32 133 34 31 27 19 36 36 22 33 27
447 22 37 116 15 22 34 21 17 27 32 34 27
448 22 26 136 24 24 1 18 30 33 24 33 28
449 22 36 165 14 37 39 20 5 22 30 34 28
450 22 29 170 20 26 58 25 46 24 16 33 28
451 22 43 148 31 35 12 15 28 27 24 34 28
452 22 25 79 22 24 53 21 51 23 12 33 28
453 22 26 370 8 30 15 14 27 18 25 33 28
454 22 19 235 39 22 59 24 47 24 7 33 27
455 22 26 669 44 30 1 19 45 32 13 33 28
456 22 27 111 23 27 51 26 37 31 20 33 28
457 22 25 165 11 43 97 21 30 24 26 34 28
458 22 31 204 28 35 13 23 39 40 28 34 27
459 22 28 195 7 40 1 26 16 34 29 34 27
460 22 26 128 28 24 54 22 32 31 20 33 27
461 22 27 129 41 24 1 16 19 31 11 33 28
462 22 22 129 32 19 3 21 40 24 15 33 27
463 22 33 115 19 28 56 15 27 33 21 33 27
464 22 30 222 15 28 25 20 22 27 16 33 28
465 22 36 78 31 30 1 21 7 30 34 34 28
466 22 28 151 29 30 47 17 34 25 26 34 28
467 22 31 76 26 20 1 23 3 25 28 34 27
468 22 24 364 28 34 1 18 42 28 15 33 28
469 22 27 124 26 23 14 22 27 17 10 33 28
470 22 28 201 19 24 55 21 37 18 14 33 27
471 22 38 124 20 39 98 23 11 28 36 34 28
472 22 34 282 35 28 49 20 4 25 30 34 27
473 22 34 199 20 28 36 19 36 27 26 33 28
474 22 26 107 32 23 1 23 51 34 16 33 28
475 22 34 157 32 34 26 28 26 33 25 33 28
476 22 35 188 3 37 1 18 25 22 26 34 28
477 22 37 107 48 34 1 25 33 26 23 34 28
478 22 17 160 27 20 1 19 53 33 10 33 27
479 22 25 87 5 35 30 17 29 20 24 33 27
480 22 32 98 34 25 1 24 30 32 19 33 28
481 22 30 144 19 31 54 21 32 22 19 33 28
482 22 30 154 26 24 24 22 42 28 10 33 28
483 22 34 161 37 21 20 22 48 24 15 33 28
484 22 28 114 15 31 1 19 25 32 23 33 27
485 22 34 144 26 27 53 16 3 28 33 34 27
486 22 18 193 17 27 1 17 44 24 12 33 27
487 22 38 270 20 21 40 19 25 19 18 33 27
488 22 28 254 23 27 2 22 14 27 20 33 28
489 22 44 196 12 30 34 19 18 36 28 34 27
490 22 35 225 24 40 11 15 20 26 28 34 27
491 22 38 361 31 37 84 23 46 24 15 33 27
492 22 27 67 21 22 1 23 40 26 14 33 27
493 22 33 80 24 34 43 25 49 24 9 33 27
494 22 29 146 30 27 51 24 28 31 16 34 28
495 22 31 367 47 24 12 21 29 28 18 33 27
496 22 26 259 40 30 45 19 34 27 17 33 28
497 22 31 150 39 28 1 22 30 33 23 33 28
498 22 48 118 25 26 60 23 1 28 38 34 28
499 22 35 173 31 33 23 21 15 29 29 34 28
500 22 31 97 23 38 121 26 48 31 15 33 27
501 22 32 264 16 44 22 20 13 23 37 34 28
502 22 37 156 36 20 6 16 17 28 17 33 27
503 22 23 321 26 19 1 15 37 25 9 33 27
504 22 26 184 22 27 1 13 37 23 11 33 28
505 22 23 138 35 19 1 18 33 37 10 33 27
506 22 32 289 38 18 14 20 33 16 17 34 27
507 22 21 101 25 27 37 25 44 20 11 33 27
508 22 34 144 25 33 93 24 40 25 14 33 28
509 22 26 193 44 29 1 25 46 29 9 33 27
510 22 34 109 1 39 112 21 9 20 30 34 27
511 22 24 268 13 27 26 17 39 25 17 33 27
512 22 38 225 25 35 1 28 15 29 28 34 27
513 22 30 126 13 30 43 16 37 27 22 33 27
514 22 33 228 20 26 14 21 29 33 26 33 28
515 22 33 149 37 24 25 17 13 29 26 34 28
516 22 33 138 38 26 16 20 42 22 12 33 28
517 22 40 128 19 41 53 17 14 29 36 34 27
518 22 38 196 32 33 4 27 16 31 22 33 28
519 22 37 169 37 31 97 19 21 26 27 34 28
520 22 35 117 31 41 70 21 27 18 18 33 27
521 22 34 148 19 38 117 20 54 23 23 33 28
522 22 34 269 34 32 44 16 50 33 13 33 28
523 22 30 296 19 41 34 23 31 26 25 34 28
524 22 39 167 24 37 1 19 4 33 32 34 28
525 22 29 165 22 25 1 25 15 23 21 33 27
526 22 35 181 51 28 1 20 25 30 17 33 28
527 22 32 483 46 20 19 23 28 25 15 33 27
528 22 31 330 20 27 13 25 35 25 15 33 27
529 22 34 201 24 25 1 26 25 27 23 33 28
530 22 28 171 35 34 1 17 59 27 8 33 28
531 22 25 92 23 21 1 23 46 27 17 33 27
532 22 26 239 27 25 74 19 48 30 1 33 28
533 22 38 210 16 38 23 19 17 20 30 34 27
534 22 29 163 25 26 55 17 48 26 14 33 28
535 22 33 186 34 19 14 19 7 33 32 34 27
536 22 29 155 26 36 8 21 48 26 16 33 28
537 22 36 117 40 22 4 30 23 23 16 33 27
538 22 34 130 17 29 39 18 11 29 31 34 27
539 22 31 253 28 28 1 10 19 25 33 34 27
540 22 32 120 35 27 1 24 19 24 22 33 28
541 22 23 501 25 15 1 22 15 21 27 33 27
542 22 27 208 35 22 1 25 33 30 11 33 27
543 22 31 175 27 31 29 17 17 18 16 33 28
544 22 41 138 25 29 68 24 10 21 31 34 27
545 22 43 104 19 28 42 19 9 26 31 34 27
546 22 31 93 35 34 27 19 40 30 2 33 28
547 22 40 139 11 29 14 28 21 26 23 33 27
548 22 29 115 39 27 19 26 47 30 12 33 27
549 22 25 141 24 33 68 23 49 31 12 33 28
550 22 33 138 36 16 1 19 40 23 13 33 27
551 22 35 124 36 27 56 17 38 24 22 33 28
552 22 25 261 30 21 27 23 44 20 8 33 27
553 22 37 197 37 29 1 24 13 21 27 34 27
554 22 25 209 35 22 1 18 30 34 12 33 27
555 22 31 126 12 30 14 23 36 32 27 34 28
556 22 33 291 23 29 1 19 16 29 22 33 27
557 22 33 231 37 27 1 25 12 28 32 34 27
558 22 34 278 20 37 31 20 23 28 22 33 27
559 22 32 199 26 26 1 25 22 29 23 33 28
560 22 29 319 35 20 36 20 19 28 29 34 27
561 22 37 279 40 27 14 25 17 19 23 33 27
562 22 25 158 29 23 1 20 35 26 13 33 28
563 22 26 186 30 32 33 10 24 16 17 33 27
564 22 41 176 12 30 55 23 18 23 25 34 28
565 22 29 93 25 20 15 20 21 22 25 33 27
566 22 30 196 11 27 42 19 27 26 17 33 27
567 22 34 149 35 30 85 23 43 27 6 33 28
568 22 29 194 16 25 1 18 23 26 27 33 27
569 22 27 220 20 23 8 17 29 24 9 33 27
570 22 32 110 27 25 38 15 25 22 26 33 28
571 22 27 252 38 32 25 23 40 39 9 33 27
572 22 36 139 34 31 13 23 4 24 29 34 27
573 22 36 141 21 35 1 15 24 29 27 33 27
574 22 33 222 15 27 80 20 25 22 22 33 28
575 22 41 482 19 35 42 19 5 35 35 34 27
576 22 30 159 43 28 1 19 22 26 31 34 27
577 22 25 265 48 24 4 22 40 27 23 33 27
578 22 26 264 19 26 39 22 32 30 22 33 27
579 22 33 180 25 32 36 16 41 36 25 33 27
580 22 25 103 30 23 1 26 38 25 16 33 27
581 22 36 206 29 28 44 22 11 34 38 34 28
582 22 33 191 29 30 33 25 45 31 8 33 27
583 22 26 139 33 31 11 18 47 27 6 33 28
584 22 41 134 16 42 19 17 1 32 37 34 27
585 22 33 174 16 24 21 19 27 25 26 34 27
586 22 39 124 21 29 282 24 16 20 22 33 27
587 22 32 75 25 26 1 27 23 19 27 33 28
588 22 37 185 33 37 1 22 18 23 9 33 27
589 22 34 156 18 23 39 28 31 30 18 33 27
590 22 33 120 20 29 39 19 27 24 28 34 28
591 22 38 245 31 33 19 20 1 32 41 34 27
592 22 36 160 19 41 36 24 40 29 11 34 27
593 22 34 266 33 21 1 19 18 26 35 34 27
594 22 33 138 33 36 1 24 34 30 25 33 27
595 22 41 1670 24 36 21 25 22 25 22 33 27
596 22 23 311 28 23 37 18 43 33 18 33 28
597 22 36 134 41 23 33 21 20 27 32 34 27
598 22 40 122 18 33 5 20 1 33 52 34 28
599 22 27 72 19 27 22 19 16 30 23 33 27
600 22 29 133 31 31 62 26 40 33 12 33 27
601 22 31 193 16 39 34 19 28 29 24 33 28
602 22 29 179 30 26 30 20 18 23 27 34 27
603 22 29 109 34 30 1 21 47 31 6 33 27
604 22 31 279 29 26 26 20 18 27 31 34 28
605 22 27 154 37 28 51 22 44 28 9 33 27
606 22 26 141 34 31 9 20 30 28 12 33 27
607 22 39 119 37 35 1 19 26 30 28 34 28
608 22 37 211 40 26 1 24 8 24 29 34 27
609 22 26 147 27 29 45 26 44 26 13 33 27
610 22 40 97 17 27 9 18 28 25 27 34 27
611 22 29 186 36 41 66 20 30 29 17 33 27
612 22 33 265 27 31 28 19 25 27 25 33 27
613 22 33 144 32 31 35 21 30 28 23 34 28
614 22 15 124 22 22 21 20 44 26 5 33 27
615 22 25 122 47 26 27 29 32 45 22 33 28
616 22 27 125 5 36 6 21 29 40 26 34 27
617 22 41 242 19 29 21 23 18 23 32 34 27
618 22 31 99 28 27 54 15 32 21 14 33 28
619 22 39 236 26 34 29 23 20 25 16 33 27
620 22 41 221 36 31 9 22 10 31 30 34 27
621 22 34 107 17 35 27 20 22 22 21 33 27
622 22 38 127 30 32 1 20 20 20 24 33 27
623 22 37 125 32 34 10 21 39 34 11 33 27
624 22 34 158 10 33 32 17 21 36 35 34 27
625 22 34 147 37 26 24 28 20 29 22 33 28
626 22 40 192 14 28 19 13 1 23 43 34 27
627 22 31 168 16 29 35 20 46 20 8 33 27
628 22 34 127 42 21 36 22 14 43 34 34 27
629 22 17 114 20 27 1 24 28 27 18 33 27
630 22 28 484 15 25 1 17 20 25 28 34 27
631 22 37 125 22 28 24 21 12 29 39 34 27
632 22 27 154 40 24 76 22 46 20 12 33 28
633 22 32 270 30 32 24 18 27 29 26 33 27
634 22 28 108 29 24 28 25 39 30 5 33 27
635 22 34 248 38 20 39 26 32 21 10 33 27
636 22 20 184 31 16 29 25 43 29 6 33 27
637 22 30 140 42 29 62 23 40 19 4 33 27
638 22 30 213 38 27 50 16 22 27 18 33 28
639 22 37 137 18 33 1 27 28 26 19 33 28
640 22 38 65 8 32 14 23 1 25 33 34 27
641 22 35 341 12 36 82 17 28 31 20 33 27
642 22 21 269 26 34 51 22 48 27 1 33 27
643 22 30 83 24 39 1 23 40 32 9 33 27
644 22 23 222 17 27 19 15 28 25 17 33 27
645 22 41 155 34 25 23 20 17 34 36 34 27
646 22 23 174 20 29 26 17 41 30 11 33 27
647 22 35 305 36 26 42 21 26 26 20 33 28
648 22 35 344 43 17 3 16 6 28 33 34 27
649 22 30 241 40 27 1 24 16 26 29 34 28
650 22 26 162 39 25 72 21 39 25 13 33 27
651 22 38 92 26 38 4 17 30 28 22 33 27
652 22 25 157 42 25 64 23 46 25 1 34 28
653 22 31 95 35 33 13 31 31 19 12 33 27
654 22 40 461 11 36 40 22 12 29 30 34 27
655 22 28 151 19 39 1 22 47 28 9 33 27
656 22 36 147 24 36 74 20 29 35 25 33 28
657 22 25 167 28 33 44 14 26 34 28 34 27
658 22 45 109 27 44 40 21 29 32 28 34 27
659 22 35 184 14 37 43 24 27 30 20 33 28
660 22 31 192 28 28 24 17 17 26 33 34 28
661 22 31 196 42 28 6 24 41 27 18 33 28
662 22 34 147 30 26 1 16 34 27 16 33 27
663 22 36 305 20 37 1 15 3 31 45 34 27
664 22 40 442 30 37 1 16 20 39 22 33 27
665 22 35 87 24 31 38 19 12 26 36 34 27
666 22 33 137 26 28 69 25 36 26 15 33 27
667 22 28 82 40 18 1 15 20 23 18 33 27
668 22 31 153 34 23 37 23 36 23 16 33 27
669 22 27 215 25 36 66 18 46 27 16 33 28
670 22 30 129 13 44 45 21 24 25 26 33 28
671 22 30 298 41 16 39 19 16 24 29 34 28
672 22 34 210 33 23 22 24 23 29 27 34 27
673 22 24 81 34 31 38 18 54 30 6 33 27
674 22 29 155 40 23 19 28 36 26 21 33 28
675 22 34 285 25 35 40 24 27 24 19 33 28
676 22 50 121 20 39 14 24 20 22 38 34 28
677 22 30 171 33 37 2 18 41 31 9 33 27
678 22 29 248 31 30 76 26 46 31 12 33 28
679 22 26 105 47 30 1 45 45 28 13 33 28
680 22 30 173 12 34 54 25 11 28 28 34 27
681 22 30 192 32 24 46 21 14 18 29 34 27
682 22 35 106 28 31 37 18 29 24 18 33 27
683 22 27 253 25 24 17 16 29 25 22 33 27
684 22 34 132 45 22 1 18 27 27 27 34 27
685 22 31 118 32 27 45 16 45 48 15 33 27
686 22 39 224 26 29 22 19 33 28 26 33 27
687 22 24 174 16 39 61 22 47 37 12 33 27
688 22 25 174 34 29 29 18 21 26 22 33 28
689 22 28 79 29 30 36 22 34 28 12 33 27
690 22 21 270 37 28 1 18 46 30 8 33 27
691 22 37 126 24 34 82 17 17 20 27 33 27
692 22 31 390 9 29 51 23 32 17 11 33 28
693 22 31 147 44 17 28 22 38 34 23 33 27
694 22 31 183 24 29 1 18 2 23 29 34 28
695 22 33 172 32 28 1 16 26 27 12 33 28
696 22 43 141 24 30 51 16 6 23 35 34 28
697 22 37 287 22 38 58 28 7 28 35 34 27
698 22 32 148 30 38 37 17 39 28 16 33 28
699 22 35 440 27 30 93 26 28 26 37 34 28
700 22 39 391 19 46 7 22 20 26 31 34 28
701 22 28 199 32 33 24 20 30 22 24 33 27
702 22 33 269 27 35 49 18 22 32 37 34 28
703 22 27 136 46 22 17 17 35 20 12 33 27
704 22 22 146 37 23 1 19 36 30 14 33 28
705 22 35 108 26 25 1 22 6 28 31 34 28
706 22 35 550 21 32 73 14 26 20 21 33 28
707 22 12 124 33 22 1 22 45 26 3 33 27
708 22 37 95 22 33 62 18 33 25 18 33 27
709 22 36 727 37 28 1 15 17 25 29 34 27
710 22 25 180 40 23 79 17 47 19 3 33 27
711 22 36 184 2 46 59 16 16 30 42 34 27
712 22 32 118 45 23 1 21 14 26 21 34 28
713 22 29 76 23 25 1 27 9 32 30 34 27
714 22 26 135 27 27 5 23 38 33 18 33 28
715 22 23 188 38 31 10 25 42 27 4 33 28
716 22 28 214 21 33 1 22 38 23 15 33 27
717 22 32 103 28 22 1 20 19 28 22 33 27
718 22 28 203 29 27 88 15 54 24 5 33 27
719 22 31 129 12 33 1 20 28 24 29 34 27
720 22 23 148 31 25 1 18 40 24 12 33 27
721 22 30 195 46 30 52 20 48 26 6 33 27
722 22 29 183 26 33 78 19 42 31 12 33 28
723 22 24 218 29 25 1 15 29 30 17 33 27
724 22 36 92 11 29 49 19 24 30 23 33 27
725 22 26 84 13 18 1 29 19 23 20 33 27
726 22 44 119 25 40 105 23 19 23 34 34 27
727 22 28 195 26 34 25 24 32 25 26 33 27
728 22 38 271 21 25 40 25 30 28 24 33 28
729 22 35 143 28 29 1 24 22 28 27 34 27
730 22 34 255 14 32 19 13 24 26 29 34 27
731 22 29 110 19 34 24 21 36 22 14 33 27
732 22 27 133 4 34 19 22 15 25 23 33 27
733 22 32 128 27 23 77 20 34 29 9 33 28
734 22 37 117 31 29 33 28 31 27 14 33 27
735 22 35 148 35 20 25 22 34 32 17 34 28
736 22 30 177 106 33 215 41 38 30 13 33 27
737 22 33 283 35 30 62 27 24 25 21 33 27
738 22 33 123 30 18 3 21 22 18 25 33 27
739 22 34 144 27 34 47 21 39 30 28 34 27
740 22 22 103 35 29 1 26 41 24 11 33 27
741 22 35 181 34 22 46 54 25 20 22 33 28
742 22 28 110 37 22 10 23 29 22 16 33 27
743 22 38 174 25 36 112 20 24 33 30 34 28
744 22 32 161 29 23 40 15 11 16 25 33 27
745 22 24 164 35 36 5 16 34 19 4 33 27
746 22 31 136 28 34 30 15 20 24 22 33 27
747 22 41 137 17 26 15 24 14 28 28 34 27
748 22 28 305 20 35 41 14 30 27 14 33 28
749 22 38 215 8 33 44 26 11 27 31 34 27
750 22 29 173 27 32 208 23 32 20 20 33 27
751 22 33 139 26 28 17 23 24 17 29 34 27
752 22 35 237 37 29 93 25 37 22 19 33 28
753 22 30 162 42 28 47 16 34 23 14 33 28
754 22 33 124 23 29 76 24 24 20 22 33 27
755 22 37 142 33 24 45 23 25 24 25 33 28
756 22 39 171 13 36 1 28 14 33 33 34 28
757 22 38 375 3 26 1 27 1 21 38 34 27
758 22 33 200 36 27 23 27 30 20 12 33 28
759 22 38 101 23 29 5 19 1 26 37 34 28
760 22 35 212 37 29 49 21 29 27 24 33 28
761 22 33 104 20 39 67 21 30 30 24 33 27
762 22 29 224 12 33 4 25 43 27 18 33 27
763 22 31 259 35 31 70 21 38 34 23 33 28
764 22 25 124 12 31 1 19 30 23 23 33 27
765 22 20 317 29 23 1 22 43 26 7 33 27
766 22 38 146 24 41 13 26 13 19 27 34 27
767 22 33 111 18 29 49 22 43 29 13 33 27
768 22 21 120 26 22 1 26 31 28 18 33 27
769 22 20 170 12 33 1 21 46 20 16 33 27
770 22 26 238 29 25 28 22 44 25 6 33 27
771 22 38 108 14 34 72 17 20 30 40 34 28
772 22 58 214 40 24 23 23 23 36 18 33 28
773 22 31 177 28 35 1 23 37 30 19 33 28
774 22 34 245 37 28 42 23 22 25 11 33 28
775 22 43 159 8 36 42 17 21 30 24 33 28
776 22 35 129 10 39 32 12 14 32 31 34 27
777 22 32 123 29 29 33 19 24 25 18 33 27
778 22 39 458 30 30 1 19 18 20 21 33 27
779 22 34 132 42 26 69 24 33 22 19 33 27
780 22 30 129 20 26 1 21 21 22 22 34 28
781 22 29 244 21 27 1 26 20 26 24 33 27
782 22 29 169 41 23 56 15 21 27 22 33 28
783 22 33 455 34 33 83 22 36 27 19 33 27
784 22 33 369 20 30 84 19 45 37 16 33 27
785 22 36 131 19 33 49 22 23 24 27 34 27
786 22 27 177 37 22 71 26 30 24 11 33 27
787 22 39 98 24 39 10 25 27 28 21 33 27
788 22 26 290 36 20 1 21 30 27 16 33 27
789 22 26 283 43 36 43 22 45 33 4 33 27
790 22 33 233 33 37 41 24 48 30 12 33 27
791 22 29 63 15 28 45 22 37 35 22 33 27
792 22 28 114 41 23 32 16 29 20 1 33 27
793 22 30 184 30 27 50 16 16 23 21 33 27
794 22 25 168 29 35 83 16 24 22 15 33 27
795 22 39 119 8 29 22 18 1 20 36 34 27
796 22 28 387 44 29 1 25 41 24 13 33 28
797 22 33 105 41 17 27 28 26 27 13 33 27
798 22 32 89 28 26 31 22 20 35 31 34 28
799 22 36 116 13 27 20 19 6 33 34 34 27
800 22 36 157 26 34 1 20 32 30 28 34 28
801 22 33 156 1 41 71 21 12 26 29 34 27
802 22 32 178 20 35 75 15 33 26 23 33 27
803 22 34 99 10 33 28 26 30 29 23 34 28
804 22 29 128 14 23 46 19 13 31 31 34 28
805 22 30 206 33 29 44 19 20 23 27 34 27
806 22 38 96 27 34 12 21 37 26 16 33 27
807 22 35 232 25 29 76 19 11 26 28 34 27
808 22 43 418 21 32 47 15 15 28 35 34 27
809 22 34 128 26 37 73 26 31 23 12 33 27
810 22 26 139 27 19 2 23 25 44 25 33 27
811 22 29 179 10 30 45 20 24 33 20 33 27
812 22 24 190 35 30 1 22 46 24 6 33 27
813 22 26 499 21 19 39 16 36 25 13 33 27
814 22 36 965 22 28 48 18 28 38 29 34 27
815 22 35 168 20 30 59 27 45 17 19 33 27
816 22 41 317 36 29 22 13 1 32 32 34 27
817 22 25 210 14 39 1 22 36 27 16 33 27
818 22 30 248 31 40 1 23 47 30 11 33 28
819 22 35 218 28 32 51 17 34 31 22 33 28
820 22 29 83 20 29 5 20 18 29 27 34 27
821 22 20 83 25 30 1 21 43 29 15 33 27
822 22 29 230 29 33 71 19 29 16 11 33 27
823 22 34 268 20 41 47 15 35 25 25 33 28
824 22 25 137 26 34 73 21 35 25 15 33 27
825 22 33 83 24 30 1 25 29 26 19 33 27
826 22 27 140 30 25 66 19 38 28 13 33 27
827 22 22 130 37 27 29 19 43 35 10 33 27
828 22 22 138 10 36 60 26 50 25 11 33 27
829 22 31 188 26 34 42 26 43 31 14 33 27
830 22 31 158 38 33 64 26 49 39 18 33 27
831 22 36 137 43 32 19 23 17 30 31 34 27
832 22 39 210 37 25 23 21 29 27 24 33 27
833 22 28 156 32 34 72 27 47 31 15 33 27
834 22 33 215 28 29 54 21 33 31 25 34 28
835 22 24 150 26 27 30 18 36 24 22 33 28
836 22 43 289 22 29 67 13 23 30 25 33 28
837 22 33 137 43 25 1 21 35 28 18 33 27
838 22 32 161 35 21 21 22 9 32 24 33 27
839 22 33 180 28 23 84 20 36 24 22 33 27
840 22 29 143 33 35 1 20 34 25 11 33 27
841 22 13 91 40 29 1 22 52 27 2 33 27
842 22 24 103 20 25 1 25 15 26 22 33 28
843 22 33 104 17 33 70 20 39 24 18 33 28
844 22 27 162 36 23 4 26 39 26 27 34 27
845 22 37 142 27 29 76 24 13 32 27 34 28
846 22 21 127 41 17 17 17 27 34 24 33 27
847 22 37 176 23 34 52 23 44 33 16 33 27
848 22 17 109 33 5 1 10 24 20 11 33 27
849 22 24 270 39 25 81 23 37 23 7 33 27
850 22 29 342 32 27 18 16 14 29 21 33 27
851 22 29 133 32 18 20 24 37 25 12 33 27
852 22 33 173 16 33 57 22 29 29 28 34 27
853 22 21 147 37 24 5 22 34 21 13 33 28
854 22 29 76 3 36 21 23 39 27 19 33 27
855 22 25 292 32 24 19 23 53 27 9 33 27
856 22 31 175 27 21 1 15 1 28 33 34 28
857 22 31 113 38 26 10 20 1 26 34 34 27
858 22 31 232 23 35 33 21 29 15 15 33 27
859 22 28 207 28 22 72 24 32 16 9 33 27
860 22 23 128 28 33 1 16 19 25 24 33 27
861 22 34 301 28 26 19 21 17 26 22 33 27
862 22 34 220 20 38 64 26 20 36 39 34 27
863 22 19 119 30 20 8 28 47 27 4 33 27
864 22 23 111 38 24 26 21 35 20 9 33 27
865 22 39 100 3 34 1 28 15 26 32 34 27
866 22 21 113 26 32 33 22 43 20 15 33 27
867 22 26 131 30 34 69 25 40 29 9 33 28
868 22 39 103 39 32 1 25 21 31 29 34 27
869 22 23 313 38 33 53 21 53 24 1 33 27
870 22 22 141 25 29 42 21 34 26 14 33 28
871 22 43 163 19 34 1 15 26 40 29 34 27
872 22 30 107 22 30 71 24 15 24 23 33 28
873 22 28 180 22 37 14 27 28 19 14 33 27
874 22 29 206 29 37 1 30 24 40 31 34 28
875 22 33 381 11 39 1 22 9 31 39 34 27
876 22 27 89 38 25 34 19 44 17 4 33 27
877 22 31 183 24 27 57 11 12 26 34 34 27
878 22 29 147 33 31 1 25 33 38 19 33 27
879 22 32 108 15 20 5 27 25 36 15 33 28
880 22 36 250 33 27 30 25 10 25 34 34 28
881 22 30 237 38 22 63 23 44 29 25 33 27
882 22 22 75 35 25 1 16 20 33 12 33 27
883 22 28 105 10 41 45 16 21 35 28 34 27
884 22 32 235 32 24 11 21 30 29 17 33 28
885 22 40 197 24 31 5 17 11 24 34 34 27
886 22 27 127 25 34 67 25 43 28 10 33 27
887 22 25 109 39 19 1 23 41 33 16 33 28
888 22 29 115 24 22 1 21 33 28 22 33 27
889 22 38 86 37 20 1 23 14 28 32 34 28
890 22 37 115 23 23 25 18 7 27 41 34 28
891 22 24 393 46 13 3 24 34 26 1 33 27
892 22 25 158 27 30 1 19 26 36 22 33 27
893 22 34 143 22 29 35 29 26 29 22 33 28
894 22 37 134 29 27 23 19 14 27 32 34 28
895 22 35 156 43 17 40 25 13 26 22 33 27
896 22 34 196 25 22 6 25 13 30 37 34 28
897 22 35 154 13 32 79 12 17 24 28 34 27
898 22 32 157 13 37 93 26 29 19 17 33 27
899 22 29 128 27 17 23 25 43 33 18 33 27
900 22 38 97 11 29 1 24 1 39 45 34 27
901 22 35 104 18 22 7 18 15 30 33 34 28
902 22 36 128 39 31 7 18 42 21 14 33 27
903 22 26 255 43 28 3 21 33 33 21 33 27
904 22 26 144 37 27 82 21 25 21 20 33 27
905 22 33 168 30 21 39 23 27 29 22 33 27
906 22 24 103 17 24 1 18 13 23 22 33 27
907 22 35 183 17 31 1 21 1 29 40 34 27
908 22 31 133 42 27 39 23 37 27 8 33 27
909 22 30 226 14 39 10 23 29 25 27 34 27
910 22 37 117 23 36 43 22 26 26 15 33 28
911 22 37 198 35 30 13 13 6 26 35 34 27
912 22 33 178 11 36 79 23 27 34 34 34 27
913 22 36 84 24 30 1 12 12 24 37 34 28
914 22 22 141 23 26 44 21 35 32 18 33 27
915 22 39 394 30 34 71 18 25 32 37 34 28
916 22 27 163 44 23 37 17 39 31 6 33 28
917 22 40 201 35 28 1 18 15 26 35 34 27
918 22 41 126 41 24 43 23 27 23 28 34 27
919 22 35 141 23 30 35 25 22 28 20 33 28
920 22 40 125 17 36 13 20 16 35 31 34 27
921 22 42 203 25 36 16 19 20 29 39 34 28
922 22 29 177 28 29 96 18 25 184 23 33 27
923 22 30 165 28 32 1 19 21 28 20 33 28
924 22 45 148 18 32 116 18 19 23 32 34 27
925 22 30 127 22 33 29 12 15 26 31 33 27
926 22 27 180 20 39 97 26 49 29 11 33 28
927 22 34 132 15 30 42 23 22 18 21 33 27
928 22 28 186 43 25 34 23 21 33 27 34 27
929 22 34 137 30 22 36 21 25 25 20 33 27
930 22 37 202 24 38 42 22 13 29 37 34 27
931 22 30 131 31 24 1 15 33 33 20 33 28
932 22 28 343 33 32 48 19 36 14 8 33 27
933 22 35 130 17 32 58 20 14 18 21 33 27
934 22 28 130 25 34 40 24 28 31 26 34 28
935 22 27 96 5 26 21 25 26 25 23 34 28
936 22 26 131 38 21 13 27 24 31 20 33 27
937 22 29 119 26 33 92 25 30 25 12 33 27
938 22 36 134 29 24 1 20 5 27 35 34 27
939 22 28 292 25 22 1 22 2 31 37 34 27
940 22 22 110 34 37 84 27 40 21 15 33 27
941 22 28 252 16 39 22 25 38 27 11 33 27
942 22 30 328 26 35 40 26 43 23 14 33 28
943 22 38 103 25 36 26 24 760 24 33 34 27
944 22 20 105 40 10 1 19 42 28 14 33 27
945 22 21 227 37 29 1 18 27 26 19 33 27
946 22 26 164 17 32 1 15 21 30 34 33 27
947 22 36 124 18 40 31 23 29 25 24 33 27
948 22 30 127 18 28 7 20 30 31 19 33 27
949 22 34 1294 34 22 56 19 25 23 24 33 27
950 22 21 114 28 23 1 21 50 29 4 33 27
951 22 41 192 34 32 1 19 27 22 25 33 27
952 22 29 159 32 28 40 26 39 20 10 33 28
953 22 28 233 23 32 30 15 34 25 13 33 28
954 22 24 123 29 28 10 28 38 31 14 33 27
955 22 35 154 36 32 26 19 27 25 21 34 28
956 22 28 110 36 29 3 25 38 21 17 33 27
957 22 24 261 16 30 73 23 30 30 17 33 27
958 22 40 123 24 26 56 26 1 28 37 34 27
959 22 41 160 19 33 29 22 19 26 24 33 27
960 22 36 104 19 35 67 27 5 22 33 34 27
961 22 38 131 27 31 36 22 16 24 34 34 28
962 22 24 126 9 32 37 25 37 39 23 33 28
963 22 30 114 35 18 8 19 27 27 27 34 27
964 22 39 139 34 30 1 22 29 32 11 33 27
965 22 28 74 3 45 31 18 20 30 30 34 27
966 22 36 239 46 20 1 26 32 22 15 33 27
967 22 23 116 9 33 17 26 46 31 11 33 28
968 22 40 124 27 37 1 22 1 43 46 34 27
969 22 32 127 20 28 3 24 30 26 19 33 27
970 22 38 111 30 28 1 27 11 22 24 33 28
971 22 23 86 16 37 2 21 37 27 20 33 27
972 22 33 153 25 33 82 20 35 29 7 33 27
973 22 32 152 40 19 3 15 13 20 33 34 27
974 22 34 369 13 37 44 18 26 35 34 34 28
975 22 37 340 22 33 40 21 21 30 29 34 27
976 22 26 150 22 33 27 10 33 35 18 33 27
977 22 31 165 35 19 58 19 24 28 19 33 28
978 22 30 192 38 23 28 21 28 22 16 33 27
979 22 27 155 24 28 25 20 27 23 24 33 28
980 22 22 118 36 32 17 23 49 17 1 33 27
981 22 26 119 19 34 46 29 46 34 15 33 27
982 22 29 315 24 25 33 21 47 31 16 33 27
983 22 31 134 21 31 6 21 16 21 28 34 27
984 22 36 180 25 32 12 26 37 27 17 33 27
985 22 27 233 20 26 46 20 36 16 18 33 28
986 22 30 138 37 38 1 16 36 30 19 33 28
987 22 29 127 23 26 22 22 29 22 17 33 27
988 22 27 399 16 22 8 25 18 16 30 34 27
989 22 34 81 28 33 38 20 35 34 18 33 27
990 22 36 128 15 39 46 19 20 32 37 34 28
991 22 32 355 9 28 39 18 23 42 32 34 27
992 22 35 201 34 25 35 18 28 35 23 33 27
993 22 27 123 47 28 1 16 39 34 4 33 27
994 22 34 169 14 43 60 26 25 28 35 34 27
995 22 25 639 19 25 32 29 37 29 12 33 27
996 22 31 164 33 32 1 22 40 33 24 33 28
997 22 33 91 37 25 30 16 18 16 17 33 27
998 22 34 317 38 21 29 18 31 26 23 33 27
999 22 26 173 32 29 1 19 40 31 17 33 27
1000 22 28 130 23 34 88 19 45 25 15 33 28
