1 22 270 22 25 28 67 16 35 26 544 34 27
2 22 186 36 36 29 15 23 12 25 1177 34 27
3 22 169 29 26 23 1 17 5 30 281 34 27
4 22 117 28 37 20 1 21 47 33 878 34 27
5 22 269 24 26 35 1 13 28 25 1292 34 27
6 22 254 17 19 22 20 16 20 27 585 34 27
7 22 109 39 31 31 62 22 33 22 467 34 27
8 22 147 30 30 29 1 16 26 27 230 34 27
9 22 108 21 30 24 1 15 33 21 705 34 27
10 22 401 30 34 27 1 22 23 31 581 34 28
11 22 116 28 16 32 28 16 9 29 871 33 27
12 22 101 38 21 31 85 20 36 32 803 34 27
13 22 489 13 15 21 1 23 14 25 1274 34 27
14 22 126 34 43 19 16 16 38 19 451 34 27
15 22 106 25 19 33 51 16 18 23 767 34 27
16 22 137 39 34 23 1 22 5 29 728 34 27
17 22 228 43 32 33 36 19 15 20 1353 34 27
18 22 90 40 35 28 34 22 30 21 789 34 27
19 22 118 20 27 30 1 24 30 24 809 34 27
20 22 149 31 36 25 2 20 6 24 700 34 27
21 22 169 35 11 38 24 21 22 27 1557 34 27
22 22 114 35 47 26 14 31 43 29 774 34 27
23 22 119 38 20 34 79 16 34 23 2006 34 27
24 22 198 36 1 42 27 23 20 26 521 34 27
25 22 143 21 16 30 1 21 26 23 1265 34 27
26 22 166 24 19 32 20 18 30 32 660 34 27
27 22 233 35 43 19 12 25 42 18 656 34 27
28 22 146 37 32 27 56 14 30 31 1203 34 27
29 22 145 25 22 30 1 23 25 36 754 34 27
30 22 96 23 30 27 20 24 45 43 1067 34 27
31 22 127 32 36 37 1 20 15 32 1098 34 27
32 22 108 38 29 39 3 30 35 28 567 34 27
33 22 158 28 24 33 27 23 34 25 936 34 28
34 22 208 35 21 39 3 14 15 42 903 34 27
35 22 114 28 29 27 88 30 38 19 606 34 27
36 22 134 34 36 24 2 25 8 28 998 34 27
37 22 104 14 20 28 1 15 14 28 753 34 27
38 22 124 42 36 35 1 22 13 38 747 34 27
39 22 116 36 29 35 37 18 43 32 868 34 27
40 22 107 44 43 31 1 17 19 30 1856 34 27
41 22 125 34 30 30 31 23 7 23 1075 34 27
42 22 112 43 29 38 43 20 39 27 1051 34 27
43 22 186 32 25 28 74 25 35 32 771 34 27
44 22 258 17 10 33 34 23 17 30 584 34 27
45 22 117 26 32 25 1 15 27 25 623 34 27
46 22 193 23 37 21 1 23 31 23 1075 34 27
47 22 167 26 21 22 1 16 16 31 899 34 27
48 22 146 35 36 34 1 17 27 27 779 34 27
49 22 110 19 11 32 12 31 36 24 936 34 27
50 22 108 32 36 19 49 17 43 27 686 34 27
51 22 213 39 49 13 41 29 19 26 963 34 27
52 22 130 45 25 41 117 19 28 35 682 34 27
53 22 224 18 15 35 47 17 28 22 691 34 27
54 22 214 25 19 27 37 22 21 23 1383 34 27
55 22 133 26 19 36 31 20 10 27 878 34 27
56 22 125 35 37 22 24 22 17 30 965 34 27
57 22 118 27 28 26 31 16 32 20 996 34 27
58 22 155 38 32 32 76 18 37 25 322 34 27
59 22 207 34 27 31 48 24 40 30 772 34 27
60 22 370 33 27 32 32 25 38 27 1394 34 27
61 22 125 27 1 40 75 23 13 23 611 34 27
62 22 205 32 40 15 22 29 22 21 490 34 27
63 22 87 21 37 15 15 17 44 24 2006 34 27
64 22 183 16 12 37 1 19 40 27 526 34 27
65 22 220 20 25 22 23 19 16 30 1443 34 27
66 22 106 32 22 37 21 25 30 35 1217 34 27
67 22 107 34 24 31 54 22 40 25 1049 34 27
68 22 251 20 29 31 42 20 29 29 523 34 27
69 22 102 26 30 20 32 22 31 27 798 34 27
70 22 178 26 37 24 1 19 26 26 1268 34 27
71 22 193 36 37 26 25 18 16 25 929 34 27
72 22 136 28 25 31 4 27 41 26 816 34 27
73 22 133 28 30 25 25 27 23 27 508 34 27
74 22 160 32 13 35 9 28 22 25 1134 34 27
75 22 107 23 36 20 1 22 31 31 2006 34 27
76 22 104 37 40 20 1 17 11 22 886 34 27
77 22 112 35 34 22 24 18 26 36 955 34 27
78 22 242 31 33 24 36 24 26 30 644 34 27
79 22 339 26 25 32 1 18 1 27 1389 34 27
80 22 192 36 19 39 23 21 20 31 494 34 27
81 22 606 19 1 36 45 18 24 31 963 34 27
82 22 106 19 26 23 53 18 38 24 583 34 27
83 22 449 143 464 136 2004 26 118 121 2005 34 27
84 22 100 34 29 32 70 24 28 30 993 34 27
85 22 360 33 18 32 77 21 23 29 600 34 27
86 22 124 17 11 35 1 19 11 37 945 34 27
87 22 189 32 40 22 1 18 35 23 657 34 27
88 22 97 23 15 35 31 22 27 27 724 34 27
89 22 211 19 15 33 20 22 46 28 813 34 27
90 22 345 18 19 23 1 20 8 27 1380 34 27
91 22 368 35 20 38 3 19 23 34 944 34 27
92 22 223 37 40 23 23 27 28 34 478 34 27
93 22 140 34 42 22 61 21 40 34 663 34 27
94 22 178 19 19 28 17 27 31 30 552 34 27
95 22 133 38 25 35 31 21 17 36 694 34 27
96 22 159 15 19 21 2 21 29 27 386 34 27
97 22 109 29 31 31 73 12 45 28 757 34 27
98 22 168 7 18 22 3 27 44 17 635 34 27
99 22 149 35 27 32 87 26 22 15 947 34 27
100 22 127 27 27 22 28 28 26 32 946 34 27
101 22 143 17 22 25 1 21 37 22 504 34 27
102 22 133 33 39 31 2 14 44 21 429 34 27
103 22 106 31 31 26 10 17 22 22 885 34 27
104 22 148 26 25 32 1 27 26 24 494 34 27
105 22 109 41 37 30 45 25 37 30 816 34 27
106 22 94 17 14 38 38 23 47 30 1179 34 27
107 22 108 33 36 20 1 16 12 22 1011 34 28
108 22 282 16 26 25 44 29 54 21 937 34 27
109 22 220 31 19 34 1 15 22 28 649 34 27
110 22 101 33 38 20 55 27 31 27 1240 34 27
111 22 213 18 29 26 16 25 45 28 621 34 27
112 22 166 27 33 18 6 23 22 30 726 34 27
113 22 145 29 29 30 35 21 21 33 917 34 28
114 22 109 37 35 29 35 21 41 32 1337 34 27
115 22 227 27 28 22 30 21 6 25 946 34 27
116 22 227 32 25 28 3 16 23 32 892 34 27
117 22 149 19 14 29 1 25 22 21 705 34 27
118 22 184 32 42 20 1 19 39 23 609 34 27
119 22 225 45 18 38 62 22 24 22 935 34 27
120 22 143 36 26 28 51 21 12 30 702 34 27
121 22 132 15 33 17 7 19 36 26 1459 34 27
122 22 143 34 16 35 93 29 47 33 595 34 27
123 22 146 21 19 20 26 20 21 28 558 34 27
124 22 98 21 18 29 1 20 30 28 639 34 27
125 22 161 25 15 40 1 14 31 21 613 34 27
126 22 101 34 28 39 46 19 36 26 632 34 27
127 22 116 41 21 41 5 24 24 23 583 34 27
128 22 152 42 27 33 15 21 41 28 842 34 27
129 22 185 25 39 19 41 21 33 29 1630 34 27
130 22 141 25 30 23 1 23 36 27 739 34 27
131 22 133 34 40 26 1 22 40 14 560 34 27
132 22 235 45 24 39 86 26 23 28 1126 34 27
133 22 103 35 13 42 48 18 16 29 425 34 27
134 22 618 27 39 22 32 16 32 31 532 34 27
135 22 131 4 21 28 1 18 43 28 450 34 27
136 22 98 42 36 30 1 25 40 33 923 34 27
137 22 160 25 15 32 3 24 24 13 743 34 27
138 22 152 13 16 26 11 21 25 26 573 34 27
139 22 224 31 36 21 1 20 24 22 404 34 27
140 22 146 18 8 33 1 25 20 33 446 34 27
141 22 224 32 37 24 39 21 27 31 705 34 27
142 22 217 26 16 30 81 18 22 24 1840 34 27
143 22 189 48 33 35 53 24 40 30 925 34 27
144 22 126 35 33 28 1 19 17 25 768 34 27
145 22 110 38 33 28 36 14 9 19 754 34 27
146 22 143 28 20 37 22 23 22 30 601 34 27
147 22 196 28 27 24 47 19 26 33 777 34 27
148 22 171 22 18 38 2 15 22 22 1205 34 27
149 22 177 32 27 27 42 23 23 26 773 34 27
150 22 243 25 13 35 39 26 34 26 410 34 27
151 22 130 27 26 28 58 19 14 30 1434 34 27
152 22 195 30 30 27 41 17 26 38 679 34 27
153 22 180 29 17 40 22 17 17 31 532 34 27
154 22 140 21 25 28 26 20 33 34 668 34 27
155 22 114 14 27 21 32 24 33 25 1009 34 27
156 22 92 18 28 29 6 26 45 25 1090 34 28
157 22 133 24 17 31 40 23 6 18 626 34 27
158 22 159 12 20 21 1 20 22 25 723 34 27
159 22 100 31 36 30 1 24 23 21 2006 34 27
160 22 182 33 39 25 76 23 35 31 686 34 27
161 22 172 29 35 24 14 23 14 21 719 34 27
162 22 147 37 19 34 31 19 27 26 745 34 27
163 22 208 34 17 35 24 15 1 27 827 34 27
164 22 360 44 28 32 49 39 29 28 664 34 27
165 22 232 36 12 41 44 19 12 29 683 34 27
166 22 97 34 19 39 26 26 31 31 917 34 27
167 22 155 36 38 24 41 19 18 32 700 34 27
168 22 117 19 33 22 1 26 37 22 1316 34 27
169 22 109 38 35 24 35 21 21 26 830 34 27
170 22 214 29 6 40 78 22 20 25 835 34 27
171 22 211 50 28 36 85 18 12 28 564 34 27
172 22 160 34 31 21 9 26 19 22 548 34 27
173 22 207 40 19 44 63 24 1 25 1372 34 27
174 22 169 38 25 30 59 17 42 20 668 34 27
175 22 159 39 45 20 1 19 7 24 860 34 27
176 22 112 39 30 31 59 15 25 28 900 34 27
177 22 107 44 40 30 15 25 34 28 696 34 27
178 22 95 20 13 31 10 15 4 29 917 34 27
179 22 118 31 22 37 45 19 38 29 522 34 27
180 22 521 18 17 39 16 18 42 28 658 34 27
181 22 212 31 24 28 28 20 31 24 527 34 27
182 22 152 41 35 26 1 25 19 27 736 34 27
183 22 194 37 24 34 26 21 38 29 509 34 27
184 22 100 15 1 48 1 26 22 29 1194 34 27
185 22 197 24 16 37 1 19 26 32 1163 34 27
186 22 117 24 29 27 1 20 19 24 894 33 27
187 22 165 40 23 39 60 18 27 26 661 34 27
188 22 98 28 19 34 53 17 39 32 656 34 27
189 22 118 27 16 32 26 18 27 32 648 34 27
190 22 130 20 26 21 20 18 21 23 362 34 27
191 22 342 43 17 41 66 27 22 33 656 34 27
192 22 135 24 28 24 5 27 25 23 776 34 27
193 22 201 31 32 30 1 19 18 28 838 34 27
194 22 203 29 23 26 58 29 34 18 717 34 27
195 22 131 40 43 29 31 15 28 30 894 34 27
196 22 253 38 25 36 41 27 29 24 1291 34 27
197 22 114 24 13 29 27 23 27 31 240 34 27
198 22 214 22 28 21 18 22 42 34 1011 34 27
199 22 128 21 7 26 6 23 12 29 666 34 27
200 22 165 19 25 28 1 17 14 27 887 34 27
201 22 186 24 25 30 16 19 33 27 996 34 27
202 22 119 18 16 31 1 20 20 23 922 34 27
203 22 89 40 31 22 1 19 9 29 675 34 27
204 22 303 47 28 37 48 20 34 34 1283 34 27
205 22 130 30 33 32 1 20 27 29 714 34 27
206 22 206 28 12 37 90 20 21 29 245 34 27
207 22 592 26 23 32 7 23 38 23 748 34 27
208 22 109 33 28 28 92 22 27 18 786 34 27
209 22 133 39 19 32 13 24 4 24 943 34 27
210 22 135 25 32 22 1 16 7 21 1094 34 27
211 22 137 33 35 27 43 27 43 34 886 34 28
212 22 110 22 14 26 12 18 16 27 903 34 27
213 22 192 21 19 31 67 25 39 14 585 34 27
214 22 131 32 35 23 1 20 16 23 760 34 27
215 22 157 32 40 19 36 23 38 22 594 34 27
216 22 172 39 34 28 34 20 19 29 886 34 28
217 22 124 22 17 24 3 22 31 17 561 34 27
218 22 216 4 25 19 1 16 44 19 394 34 27
219 22 360 14 20 53 1 25 34 19 697 34 27
220 22 101 40 29 38 6 18 17 30 798 34 27
221 22 99 1 22 16 1 24 35 20 487 34 27
222 22 414 44 32 26 69 18 14 30 1025 34 27
223 22 142 29 28 26 74 23 41 26 578 34 27
224 22 101 28 13 31 35 23 6 30 474 34 27
225 22 139 39 34 29 1 16 15 24 965 34 28
226 22 180 38 36 23 83 21 30 29 800 34 27
227 22 152 23 13 25 1 19 19 28 1085 34 27
228 22 108 20 31 25 1 16 16 30 1100 34 27
229 22 86 28 18 25 60 24 23 23 1221 34 27
230 22 223 32 31 23 12 23 20 33 1127 34 27
231 22 150 38 27 35 19 23 31 33 1093 34 27
232 22 140 26 23 34 21 23 32 29 1607 34 27
233 22 93 19 30 15 15 17 38 16 910 34 27
234 22 295 17 15 31 1 26 37 27 524 34 27
235 22 94 28 24 29 26 22 36 22 1157 34 27
236 22 127 42 17 40 45 26 17 30 468 34 27
237 22 142 40 31 34 1 19 8 25 417 34 27
238 22 124 37 33 32 46 14 42 34 720 34 27
239 22 122 24 23 30 86 14 48 30 677 34 27
240 22 123 40 26 33 29 21 40 30 1368 34 27
241 22 101 10 20 20 1 19 15 28 546 34 27
242 22 184 32 32 19 20 23 15 40 525 34 27
243 22 229 21 28 20 14 18 37 29 900 34 27
244 22 172 48 38 35 9 26 29 28 1367 34 27
245 22 123 40 34 27 31 19 35 31 1042 34 27
246 22 137 41 33 33 57 22 23 27 845 34 27
247 22 401 17 5 38 20 18 14 42 519 34 27
248 22 117 44 2 44 24 23 5 36 600 34 27
249 22 125 25 28 21 1 23 25 29 1200 34 27
250 22 188 17 25 27 1 24 17 27 934 34 27
251 22 158 35 34 31 74 17 27 14 1055 34 27
252 22 336 38 31 33 120 15 25 30 1774 34 27
253 22 126 33 18 42 29 24 26 29 1010 34 27
254 22 183 38 35 31 1 22 42 29 1305 34 27
255 22 117 24 30 23 51 26 41 17 953 33 27
256 22 212 37 21 36 88 21 44 25 724 34 27
257 22 117 28 35 27 1 12 34 31 625 34 27
258 22 121 33 27 33 27 23 19 23 1038 34 27
259 22 209 29 37 28 54 23 39 25 544 34 27
260 22 99 26 34 23 36 25 18 32 971 34 27
261 22 120 29 42 27 48 20 38 26 2006 34 28
262 22 319 33 25 31 44 21 36 29 1046 34 27
263 22 177 34 42 22 1 26 31 30 852 34 27
264 22 118 32 33 27 74 16 34 25 942 34 27
265 22 117 40 31 29 22 22 42 28 908 34 27
266 22 361 39 18 31 75 20 28 35 1091 34 27
267 22 106 26 34 31 1 22 31 29 495 34 27
268 22 125 22 20 28 32 24 33 20 700 34 27
269 22 157 32 24 29 61 18 10 24 674 34 27
270 22 140 17 25 27 1 17 30 19 908 34 27
271 22 101 30 20 35 70 16 28 24 731 34 27
272 22 211 27 36 19 1 17 31 17 1013 34 27
273 22 220 35 9 42 58 23 24 33 303 34 27
274 22 125 22 31 18 78 22 41 24 684 34 27
275 22 423 32 13 27 25 23 9 38 1529 34 27
276 22 196 36 26 37 56 19 22 30 627 34 27
277 22 147 38 35 27 57 28 28 29 697 34 27
278 22 220 49 20 50 92 18 15 37 1161 34 27
279 22 124 35 22 37 51 22 45 28 1008 34 27
280 22 256 26 27 32 26 21 37 31 629 34 27
281 22 370 28 38 33 1 17 30 28 269 34 27
282 22 102 19 31 26 1 22 32 31 1036 34 27
283 22 107 28 29 21 17 24 42 25 903 34 27
284 22 290 32 21 28 58 20 23 33 810 34 27
285 22 253 24 37 19 44 18 26 21 239 34 27
286 22 1556 31 28 22 40 26 29 23 2007 34 28
287 22 383 43 26 44 1 20 25 37 1623 34 28
288 22 155 34 37 30 61 20 33 31 541 34 27
289 22 90 20 26 24 62 22 49 32 1345 34 27
290 22 106 33 37 21 37 29 29 22 1298 34 27
291 22 110 10 12 28 1 18 18 25 707 34 27
292 22 177 17 22 28 1 26 36 32 542 34 27
293 22 148 13 25 16 55 18 33 23 474 34 27
294 22 112 32 1 41 37 21 19 28 688 34 27
295 22 182 26 33 25 68 23 35 34 324 34 27
296 22 173 38 37 21 59 18 7 26 980 34 27
297 22 129 18 28 26 6 22 39 21 658 34 27
298 22 108 8 29 26 19 23 46 27 933 34 27
299 22 120 34 29 35 1 24 22 20 1959 34 27
300 22 237 38 28 33 75 20 33 25 969 34 27
301 22 137 31 17 33 54 17 18 24 815 34 27
302 22 164 36 30 20 27 22 21 27 478 34 27
303 22 96 37 26 34 95 18 49 23 1295 34 27
304 22 144 46 29 34 90 20 38 27 648 34 27
305 22 477 43 9 40 39 22 19 33 876 34 27
306 22 154 15 25 22 37 21 44 19 881 34 27
307 22 258 7 10 33 1 23 31 24 701 34 27
308 22 164 39 38 25 1 16 11 14 287 34 27
309 22 115 23 25 24 2 22 36 35 597 34 27
310 22 117 27 29 17 39 25 14 28 682 34 27
311 22 122 14 36 22 1 26 36 24 414 34 27
312 22 168 42 48 23 66 23 39 45 648 34 27
313 22 201 30 15 33 58 25 16 34 643 34 27
314 22 155 29 21 34 27 19 33 27 505 34 27
315 22 109 28 28 35 20 25 20 34 613 34 27
316 22 232 35 36 23 1 17 25 15 843 34 27
317 22 122 28 35 23 45 22 37 32 619 34 27
318 22 177 27 25 37 1 26 44 31 1086 34 27
319 22 97 23 36 24 1 23 41 28 544 34 27
320 22 131 23 23 24 1 23 29 17 558 34 27
321 22 106 7 11 29 4 24 27 32 375 34 27
322 22 228 24 29 18 22 26 22 25 582 34 27
323 22 281 18 25 22 6 25 18 19 1131 34 27
324 22 176 27 21 30 1 28 21 35 664 34 27
325 22 114 26 30 27 58 23 50 26 825 34 27
326 22 168 19 29 21 38 19 44 26 152 34 27
327 22 211 46 31 28 29 18 6 27 946 34 27
328 22 116 31 34 20 35 12 29 28 1236 34 27
329 22 112 30 30 29 3 17 12 32 791 34 27
330 22 139 39 16 43 35 16 22 31 881 34 27
331 22 173 36 19 36 60 24 16 33 1279 34 27
332 22 217 38 40 23 49 16 21 29 1236 34 27
333 22 130 36 45 30 1 16 23 32 679 34 27
334 22 91 32 26 34 13 17 32 27 773 34 27
335 22 146 18 16 28 26 19 37 27 634 34 27
336 22 96 34 25 35 13 16 15 29 1244 34 27
337 22 329 29 32 22 51 24 37 23 1395 34 27
338 22 175 25 25 33 68 22 29 24 985 34 27
339 22 128 10 32 13 9 20 23 19 759 34 27
340 22 123 38 38 28 65 21 17 29 1075 34 27
341 22 120 7 7 23 11 21 31 17 532 34 27
342 22 143 25 23 32 1 21 24 28 774 34 27
343 22 139 36 11 45 68 29 24 23 622 34 27
344 22 684 28 12 32 29 19 17 31 927 34 27
345 22 143 25 19 33 30 16 30 32 693 34 27
346 22 94 6 23 23 7 20 31 25 256 34 27
347 22 215 40 28 43 1 23 24 32 574 34 27
348 22 126 22 13 35 15 24 28 26 2005 34 27
349 22 141 29 17 35 48 22 30 30 664 34 27
350 22 515 44 34 36 75 25 34 41 2005 34 27
351 22 117 24 28 24 1 16 17 25 486 34 27
352 22 127 37 48 23 1 27 32 35 1895 34 27
353 22 200 26 14 33 61 19 35 33 799 34 27
354 22 201 35 19 35 63 16 27 24 723 34 27
355 22 117 25 30 34 14 22 33 24 663 34 27
356 22 147 37 35 28 33 14 30 28 824 34 27
357 22 495 21 15 31 33 26 37 25 539 34 27
358 22 105 38 19 34 88 27 29 24 668 34 27
359 22 201 21 22 23 1 27 13 25 742 34 27
360 22 158 17 8 35 11 21 33 18 743 34 27
361 22 104 57 32 45 19 21 34 33 826 34 27
362 22 2005 38 37 28 27 27 16 30 1456 34 27
363 22 141 35 12 50 21 23 32 35 1060 34 27
364 22 103 22 9 36 56 25 26 28 535 34 28
365 22 153 35 20 35 69 26 32 28 722 34 27
366 22 181 28 34 29 39 13 16 21 544 34 27
367 22 143 20 20 29 1 24 19 19 850 34 27
368 22 105 29 19 30 1 23 30 31 676 34 27
369 22 93 16 18 29 37 17 27 32 1180 34 27
370 22 158 28 15 36 34 25 31 32 542 34 27
371 22 210 36 26 26 97 20 22 23 948 34 27
372 22 104 24 32 25 2 17 31 25 571 34 27
373 22 168 13 21 19 1 17 15 1145 1017 34 27
374 22 114 16 15 31 16 17 24 20 388 34 27
375 22 201 19 26 29 1 18 26 26 768 34 27
376 22 126 35 35 23 1 16 29 23 753 34 27
377 22 112 32 28 32 12 18 33 40 671 34 27
378 22 125 32 23 29 16 23 27 27 852 34 27
379 22 124 41 17 37 52 17 10 34 851 34 27
380 22 163 43 25 26 37 20 1 27 595 34 27
381 22 147 46 34 31 23 22 4 30 1448 34 27
382 22 129 20 24 27 54 24 37 26 773 34 27
383 22 136 36 38 26 40 23 41 26 203 34 27
384 22 167 29 39 21 1 19 25 24 504 34 27
385 22 153 38 39 27 59 26 33 34 804 34 27
386 22 307 17 20 30 33 18 31 29 654 34 27
387 22 222 34 9 39 44 24 19 29 792 34 27
388 22 139 45 15 41 78 25 12 28 926 34 27
389 22 106 38 27 32 29 18 12 22 649 34 27
390 22 460 29 23 26 11 21 36 25 597 34 27
391 22 118 46 41 24 2 21 11 30 755 34 27
392 22 415 36 43 28 32 23 37 25 660 34 27
393 22 114 44 34 30 1 17 21 23 833 34 27
394 22 158 19 24 27 17 22 39 31 792 34 27
395 22 129 28 23 23 1 27 29 30 611 34 27
396 22 180 33 25 31 12 23 32 22 490 34 27
397 22 92 38 36 31 1 18 10 22 907 34 27
398 22 315 33 46 18 15 18 24 19 1603 34 28
399 22 93 22 17 26 45 29 27 17 1180 34 27
400 22 274 19 11 24 1 20 4 28 563 34 27
401 22 87 13 39 27 1 25 50 37 492 34 27
402 22 197 17 21 31 6 20 45 22 1265 34 27
403 22 138 40 33 33 63 22 31 23 616 34 27
404 22 131 21 21 29 56 24 46 23 489 34 27
405 22 206 34 81 38 37 25 36 24 174 34 27
406 22 260 34 22 35 20 21 18 24 1331 34 27
407 22 216 30 39 17 1 24 6 25 667 34 27
408 22 116 28 29 30 23 12 24 23 582 34 27
409 22 128 46 30 33 44 25 16 29 746 34 27
410 22 109 37 37 28 23 17 37 27 504 34 27
411 22 105 23 41 20 1 25 33 26 411 34 27
412 22 99 16 22 23 1 14 30 24 1490 34 27
413 22 111 33 32 25 12 21 28 29 731 34 27
414 22 121 22 16 24 61 21 28 27 2006 34 27
415 22 363 25 28 23 62 27 32 23 572 34 27
416 22 467 24 19 31 7 26 17 25 948 34 28
417 22 157 32 18 38 12 18 29 32 661 34 27
418 22 98 43 27 37 58 25 32 32 619 34 27
419 22 214 40 43 29 2 26 36 26 553 34 27
420 22 118 36 37 26 13 22 9 25 341 34 27
421 22 144 36 28 36 63 23 34 25 589 34 27
422 22 147 19 9 28 1 22 15 25 507 34 27
423 22 180 33 27 28 39 20 30 34 785 34 27
424 22 104 18 29 27 24 19 30 25 428 34 27
425 22 162 35 40 34 1 23 40 22 510 34 27
426 22 114 35 26 29 39 15 15 26 775 34 28
427 22 161 46 33 31 19 24 28 28 758 34 27
428 22 153 18 13 33 3 23 41 33 1023 34 27
429 22 99 32 36 27 1 17 13 32 1256 34 27
430 22 93 33 29 23 36 25 38 24 890 34 27
431 22 144 29 29 32 81 21 35 40 1354 34 27
432 22 254 34 17 35 1 19 23 29 761 34 27
433 22 129 30 20 24 37 21 18 17 627 34 27
434 22 264 35 37 21 26 23 21 23 827 34 27
435 22 170 39 39 29 34 23 12 20 774 34 27
436 22 461 41 41 26 104 22 42 25 733 34 27
437 22 110 30 15 37 1 25 22 29 892 34 27
438 22 105 29 36 22 5 27 33 12 619 34 27
439 22 259 49 38 23 52 24 11 23 736 34 27
440 22 121 17 8 37 1 14 17 26 358 34 27
441 22 139 38 42 26 49 32 42 24 1089 34 27
442 22 199 34 1 35 62 23 23 36 1196 34 27
443 22 248 43 41 21 15 27 32 26 298 34 27
444 22 226 27 24 24 67 29 36 26 856 34 27
445 22 276 30 30 25 41 20 29 25 650 34 27
446 22 304 35 42 21 48 18 17 30 239 34 27
447 22 153 20 19 28 1 15 14 26 576 34 27
448 22 145 37 29 36 13 19 33 31 590 34 27
449 22 601 50 34 37 1 19 24 40 1617 34 27
450 22 107 34 7 42 60 23 20 29 714 34 27
451 22 168 33 38 23 15 18 49 23 2007 34 27
452 22 174 45 34 28 53 16 26 28 735 34 27
453 22 108 31 44 23 37 19 32 31 761 34 27
454 22 110 39 31 31 57 25 25 25 730 34 27
455 22 188 13 9 28 29 19 24 23 756 34 27
456 22 113 30 8 35 58 17 23 38 814 34 27
457 22 153 32 40 18 1 14 23 29 2006 34 27
458 22 141 34 35 25 19 18 13 25 636 34 27
459 22 153 47 18 41 35 21 9 22 780 34 27
460 22 135 38 25 31 9 29 28 31 1444 34 28
461 22 109 23 26 19 9 19 15 27 641 34 27
462 22 88 8 29 14 21 19 33 28 784 34 27
463 22 213 40 32 36 20 15 18 31 690 34 27
464 22 240 36 27 28 37 27 21 31 744 34 27
465 22 128 9 21 33 1 24 50 31 658 34 27
466 22 245 34 17 42 18 20 20 30 1081 34 27
467 22 138 11 11 30 49 22 38 21 385 34 27
468 22 111 26 29 32 33 24 47 25 532 34 27
469 22 130 28 33 18 20 23 37 22 515 34 28
470 22 130 26 28 19 7 13 26 20 939 34 27
471 22 555 25 27 35 1 14 28 26 519 34 27
472 22 99 30 20 33 1 26 17 33 355 34 28
473 22 147 34 33 29 44 20 18 28 828 34 27
474 22 192 38 23 31 1 22 13 27 537 34 27
475 22 122 38 28 30 10 19 19 29 802 34 27
476 22 118 36 30 34 22 19 36 26 779 34 27
477 22 127 33 35 26 93 27 33 23 575 34 27
478 22 90 8 22 24 1 21 20 25 1279 34 27
479 22 112 24 35 21 70 25 41 24 445 34 27
480 22 268 24 11 26 59 27 27 30 1143 34 27
481 22 141 19 25 24 1 24 40 32 1156 34 27
482 22 557 27 21 32 1 21 35 37 2006 34 27
483 22 124 17 6 34 1 17 27 20 741 34 27
484 22 163 29 20 37 1 21 17 34 1262 34 27
485 22 135 33 30 27 48 24 9 34 538 34 27
486 21 137 33 24 55 39 20 20 20 1008 33 26
487 22 164 41 22 35 40 25 29 27 731 34 27
488 22 122 27 14 34 34 24 25 30 862 34 27
489 22 181 22 32 20 30 28 34 29 773 34 27
490 22 181 33 25 31 1 22 38 29 1570 34 27
491 22 311 27 18 34 70 34 17 30 834 34 27
492 22 153 27 30 34 1 21 36 23 448 34 27
493 22 176 24 29 21 22 11 11 17 1776 34 27
494 22 232 20 17 32 39 25 39 27 854 34 27
495 22 110 27 22 29 37 18 22 34 632 34 28
496 22 297 32 8 43 87 23 20 33 1257 34 28
497 22 134 15 13 34 14 10 37 29 502 34 27
498 22 282 15 17 28 4 21 45 34 963 34 27
499 22 216 37 36 32 41 27 32 27 642 34 27
500 22 224 41 40 25 22 23 22 35 951 34 27
501 22 398 35 14 44 1 23 3 29 926 34 27
502 22 144 25 16 28 18 18 10 34 756 34 27
503 22 284 36 41 26 49 14 40 19 2006 34 27
504 22 141 41 44 35 7 29 33 33 930 34 27
505 22 214 22 6 43 1 19 3 39 601 34 27
506 22 113 20 12 31 1 24 29 27 896 34 27
507 22 111 34 29 33 55 24 20 26 1015 34 27
508 22 342 17 3 35 23 26 24 27 604 34 27
509 22 170 44 30 37 42 25 39 32 608 34 27
510 22 248 20 44 8 1 22 30 21 779 34 27
511 22 99 13 5 33 46 24 40 28 1040 34 27
512 22 148 28 19 28 39 21 20 23 828 34 27
513 22 143 28 30 31 47 24 21 33 1498 34 27
514 22 428 40 41 29 1 22 27 34 1271 34 27
515 22 161 29 35 24 1 22 25 23 644 34 27
516 22 240 32 14 38 13 18 17 33 796 34 27
517 22 169 21 20 31 24 20 33 22 815 34 27
518 22 158 23 25 26 35 14 44 33 750 34 27
519 22 99 30 1 39 68 13 19 30 574 34 27
520 22 269 24 7 36 57 20 11 28 663 34 27
521 22 125 43 31 39 13 24 30 30 1110 34 27
522 22 409 35 36 26 7 15 4 26 477 34 27
523 22 138 40 38 28 38 27 39 21 571 34 28
524 22 187 11 29 26 1 21 30 23 1413 34 27
525 22 176 18 27 23 16 25 18 26 1354 34 27
526 22 225 29 24 29 54 23 37 35 461 34 27
527 22 162 22 28 21 9 18 18 25 556 34 27
528 22 158 27 26 32 89 24 38 23 997 34 27
529 22 182 41 27 46 13 23 35 24 1119 34 27
530 22 122 25 21 24 16 25 32 21 707 34 27
531 22 265 33 35 33 1 15 28 33 1799 34 27
532 22 158 29 36 21 15 25 25 17 778 34 27
533 22 186 18 23 25 1 24 16 30 818 34 27
534 22 293 38 18 42 1 24 22 28 661 34 27
535 22 171 32 33 27 30 14 21 23 357 34 27
536 22 118 33 36 17 11 15 10 19 528 34 27
537 22 205 22 30 17 10 17 13 20 543 34 27
538 22 145 28 27 33 1 20 16 30 719 34 27
539 22 243 8 11 25 1 20 20 27 704 34 27
540 22 115 29 35 22 80 31 52 20 911 34 27
541 22 151 27 26 20 31 21 16 28 201 34 27
542 22 169 31 32 22 32 22 34 19 649 34 27
543 22 218 59 34 32 1 24 34 27 1045 34 27
544 22 166 34 28 35 11 25 7 35 490 34 27
545 22 118 27 26 26 78 18 20 26 1253 34 27
546 22 194 28 31 25 1 24 26 27 846 34 27
547 22 136 35 23 38 38 20 29 29 544 34 27
548 22 106 37 60 15 25 23 33 31 693 34 27
549 22 113 35 37 13 1 22 22 26 1477 34 27
550 22 142 44 38 26 11 18 17 36 592 34 27
551 22 92 34 31 29 102 25 36 27 855 34 27
552 22 234 19 6 22 61 22 1 21 871 34 27
553 22 158 39 28 29 19 25 35 29 897 34 27
554 22 115 27 30 27 36 20 21 25 1145 34 27
555 22 173 25 24 31 28 21 34 27 759 34 27
556 22 468 29 17 36 1 19 21 26 676 34 27
557 22 123 26 36 22 3 27 27 38 1130 34 27
558 22 136 35 37 26 7 16 17 27 940 34 27
559 22 122 35 126 22 1 18 25 28 716 34 27
560 22 99 22 19 30 18 17 30 30 1290 34 27
561 22 111 32 33 17 1 21 14 22 739 34 27
562 22 111 26 25 29 47 20 35 24 613 34 27
563 22 112 28 33 16 63 18 26 25 1466 34 27
564 22 120 44 34 34 16 24 36 30 840 34 27
565 22 120 31 27 29 108 15 41 28 185 34 27
566 22 105 19 15 28 34 376 954 1017 467 34 27
567 22 103 40 24 37 57 22 37 23 932 34 27
568 22 121 8 22 27 13 25 27 23 866 34 27
569 22 149 20 29 21 12 21 8 26 642 33 27
570 22 635 22 10 28 15 22 23 26 2006 34 27
571 22 208 32 25 34 65 17 29 28 721 34 27
572 22 140 33 36 28 45 22 45 32 534 34 27
573 22 125 37 43 15 1 16 15 28 1059 34 27
574 22 182 23 22 31 1 29 26 30 1014 34 27
575 22 169 25 24 23 20 9 18 31 2006 34 27
576 22 102 29 32 25 52 25 33 34 949 34 27
577 22 249 34 39 30 1 16 32 29 1747 34 27
578 22 212 33 40 15 46 28 33 22 993 34 27
579 22 93 23 17 35 5 22 17 27 1026 34 27
580 22 93 16 18 20 55 24 40 22 1330 34 27
581 22 223 28 28 22 38 17 14 23 1326 34 27
582 22 325 30 24 32 11 26 14 28 428 34 27
583 22 164 37 39 33 47 32 33 32 582 34 28
584 22 129 30 26 31 30 16 30 23 763 34 27
585 22 96 15 9 33 1 23 22 32 1332 34 27
586 22 178 38 25 31 20 24 26 36 635 34 27
587 22 149 40 27 32 56 30 47 21 656 34 27
588 22 214 20 27 22 1 21 13 31 829 34 27
589 22 678 35 14 34 26 25 18 25 907 34 27
590 22 153 34 35 25 58 26 41 53 514 34 27
591 22 104 37 42 23 1 27 33 23 1023 34 27
592 22 157 22 38 26 1 22 44 36 747 34 27
593 22 91 17 18 25 6 24 25 21 629 34 27
594 22 131 42 40 30 7 16 20 30 623 34 27
595 22 147 35 10 44 1 21 10 31 819 34 27
596 22 163 32 19 29 1 19 19 31 535 34 27
597 22 97 15 17 25 1 20 23 22 583 34 27
598 22 141 34 14 35 59 29 20 21 569 34 27
599 22 300 23 14 28 1 27 26 27 574 34 27
600 22 138 23 29 22 38 24 17 27 678 34 27
601 22 113 24 21 33 1 16 8 22 1020 34 27
602 22 214 20 27 33 1 23 38 29 88 34 27
603 22 158 28 24 26 20 20 26 29 715 34 27
604 22 174 40 24 33 1 28 23 30 803 34 27
605 22 149 26 40 17 25 25 43 34 652 34 27
606 22 84 37 28 37 10 25 41 29 1043 34 27
607 22 138 35 35 24 58 22 39 21 286 34 27
608 22 166 15 1 36 36 23 1 26 852 34 27
609 22 121 29 30 20 19 18 3 26 564 34 27
610 22 170 26 10 32 10 21 28 27 712 34 27
611 22 137 37 23 38 41 19 33 21 595 34 27
612 22 94 26 36 14 1 21 26 24 925 34 27
613 22 171 41 38 34 32 19 35 23 905 34 27
614 22 122 34 33 29 36 14 36 23 656 34 27
615 22 155 34 21 38 13 15 30 32 2006 34 27
616 22 217 33 31 22 1 21 9 28 796 34 27
617 22 269 20 26 26 1 13 19 24 950 34 27
618 22 146 12 23 21 1 26 46 31 2006 34 27
619 22 153 32 21 21 42 18 30 27 630 34 27
620 22 261 26 30 24 1 19 22 31 261 34 27
621 22 123 28 36 27 1 23 36 24 374 34 28
622 22 141 35 17 42 96 23 22 34 749 34 27
623 22 252 29 35 17 48 22 27 25 723 34 27
624 22 374 43 25 35 49 16 17 18 904 34 27
625 22 387 43 27 37 64 23 32 25 528 34 27
626 22 152 31 24 28 69 30 28 28 881 34 27
627 22 185 35 32 23 1 18 26 29 637 34 27
628 22 298 18 25 29 36 25 33 22 493 34 27
629 22 137 19 25 23 1 23 18 18 490 34 28
630 22 117 41 31 28 20 23 31 18 1615 34 27
631 22 161 33 39 25 32 19 23 30 762 34 27
632 22 144 39 34 18 34 22 10 26 745 34 27
633 22 103 11 17 33 1 15 37 25 1009 34 27
634 22 97 21 23 27 96 24 27 28 548 34 27
635 22 123 14 32 13 23 24 38 27 760 34 27
636 22 314 38 16 32 1 15 18 29 576 34 27
637 22 354 18 13 33 33 25 40 30 491 34 27
638 22 121 23 17 34 35 21 33 32 713 34 27
639 22 283 44 19 39 34 23 1 27 1181 34 27
640 22 159 32 26 28 56 25 27 23 880 34 27
641 22 175 16 15 27 1 20 40 31 1525 34 27
642 22 133 40 12 41 95 17 23 30 997 34 27
643 22 154 33 22 34 48 28 33 20 643 34 27
644 22 157 35 35 34 1 17 18 29 1542 34 27
645 22 125 39 32 36 36 21 29 24 484 34 27
646 22 106 34 2 39 79 22 12 26 585 34 27
647 22 116 41 37 34 55 21 40 24 822 34 27
648 22 352 12 23 15 5 24 23 28 673 34 27
649 22 139 31 30 28 1 17 5 26 807 34 27
650 22 106 47 28 33 73 26 20 36 618 34 27
651 22 167 26 27 38 1 14 33 24 597 34 27
652 22 117 36 45 19 33 16 30 26 1091 34 27
653 22 198 17 25 28 1 17 40 22 845 34 27
654 22 143 40 38 31 1 25 34 31 639 34 27
655 22 134 30 29 34 11 24 47 32 1119 34 27
656 22 232 30 27 35 39 16 49 26 512 34 27
657 22 171 31 20 34 7 19 13 27 424 34 27
658 22 109 21 18 29 20 15 16 30 1426 34 27
659 22 122 1009 32 98 230 26 43 20 518 34 27
660 22 109 35 24 31 111 27 42 33 607 34 28
661 22 102 29 39 16 1 17 37 32 744 34 27
662 22 570 31 27 21 61 18 37 26 1101 34 27
663 22 146 28 36 18 34 19 22 19 1107 34 27
664 22 136 20 16 35 14 25 17 31 914 34 27
665 22 410 32 12 37 9 20 25 26 1038 34 27
666 22 117 31 11 41 65 20 24 30 782 34 27
667 22 144 32 16 33 18 14 12 23 730 34 28
668 22 136 42 24 40 43 21 9 26 1591 34 27
669 22 164 43 27 33 33 20 31 27 1169 34 27
670 22 126 42 35 29 16 25 31 29 1184 34 27
671 22 105 44 18 39 33 24 32 31 457 34 27
672 22 140 39 32 28 27 21 39 25 775 34 27
673 22 86 16 19 21 29 13 25 31 562 34 27
674 22 165 41 30 35 74 26 14 20 673 34 27
675 22 175 34 32 25 1 21 20 31 710 34 27
676 22 105 23 1 32 1 13 21 28 1979 34 27
677 22 114 34 28 30 1 16 9 24 644 34 27
678 22 381 33 29 29 35 20 11 25 1163 34 27
679 22 157 36 12 28 16 17 1 33 1101 34 27
680 22 110 31 37 30 1 21 23 33 583 34 27
681 22 130 41 30 30 1 25 30 30 838 34 27
682 22 471 26 9 38 17 16 27 28 407 34 27
683 22 111 19 20 26 1 17 15 26 655 34 27
684 22 104 33 25 26 63 23 33 24 666 34 27
685 22 104 18 30 18 21 24 42 23 796 34 27
686 22 141 21 22 27 1 18 19 26 445 34 27
687 22 93 30 43 20 1 19 24 24 328 34 27
688 22 177 15 21 22 6 25 11 25 516 34 27
689 22 154 25 16 39 42 17 36 35 653 34 27
690 22 104 21 32 26 40 16 38 32 643 34 27
691 22 162 35 35 30 82 16 37 16 1491 34 27
692 22 173 29 17 25 1 20 10 24 1130 34 27
693 22 158 20 23 28 1 19 15 25 590 34 27
694 22 199 31 26 33 53 21 36 23 778 34 27
695 22 112 45 33 38 1 24 23 30 664 34 27
696 22 119 12 16 26 31 19 31 24 924 34 28
697 22 120 35 37 31 41 21 27 27 785 34 27
698 22 184 31 25 33 63 27 24 31 633 34 27
699 22 121 20 27 34 68 19 32 25 1564 34 27
700 22 121 27 31 22 18 16 20 19 1322 34 27
701 22 149 34 29 30 10 21 21 23 2006 34 27
702 22 172 33 24 36 63 23 39 30 940 34 27
703 22 174 32 23 26 17 19 37 18 560 34 27
704 22 140 30 37 20 1 24 16 21 1281 34 27
705 22 97 37 25 37 24 14 22 41 719 34 27
706 22 152 48 33 38 55 24 39 27 1414 34 28
707 22 167 40 26 30 46 21 26 31 843 34 27
708 22 117 34 17 42 1 20 13 31 526 34 27
709 22 197 16 16 27 1 26 32 27 1389 34 27
710 22 191 20 19 24 96 25 27 22 577 34 27
711 22 122 33 22 29 21 25 18 24 713 34 27
712 22 114 31 32 25 22 20 18 26 665 34 27
713 22 118 41 35 23 1 18 24 21 975 34 27
714 22 113 37 21 20 53 23 9 27 717 34 27
715 22 204 28 24 31 1 21 12 28 1074 34 27
716 22 249 23 18 31 1 20 27 29 793 34 27
717 22 166 40 23 33 114 25 38 28 703 34 27
718 22 116 19 18 32 32 25 47 31 334 34 27
719 22 172 29 8 46 31 14 17 28 544 34 27
720 22 864 780 799 728 2006 1990 377 1295 2007 34 27
721 22 98 23 27 29 26 12 27 34 829 33 27
722 22 231 27 22 28 12 15 29 36 782 34 27
723 22 163 21 30 26 62 14 33 26 1021 34 27
724 22 113 24 30 24 1 16 13 23 642 34 27
725 22 92 34 23 40 2 26 32 36 934 34 27
726 22 366 417 832 115 41 20 47 28 663 34 27
727 22 169 37 31 31 1 15 16 27 1203 34 27
728 22 183 22 12 31 25 24 24 22 1774 34 27
729 22 223 19 22 27 1 20 1 32 987 34 27
730 22 315 28 25 34 12 21 17 28 561 34 27
731 22 109 34 30 28 66 22 18 25 718 34 27
732 22 288 40 24 35 31 24 23 35 890 34 28
733 22 190 30 29 24 37 24 35 35 770 34 27
734 22 108 34 25 40 1 25 26 32 722 34 27
735 22 116 30 24 36 1 25 35 40 871 34 27
736 22 119 45 21 48 1 22 26 39 997 34 27
737 22 204 19 24 20 10 17 29 25 753 34 27
738 22 97 22 25 25 24 14 7 21 634 34 27
739 22 216 40 36 21 1 20 27 25 724 34 27
740 22 130 25 24 24 48 16 19 29 996 34 27
741 22 190 36 36 32 94 24 40 33 607 34 27
742 22 166 28 24 37 15 17 20 32 454 34 27
743 22 273 12 30 15 1 19 44 21 615 34 27
744 22 116 25 29 27 32 26 43 28 555 34 27
745 22 110 30 24 26 22 25 25 27 868 34 27
746 22 206 31 25 29 37 18 38 31 753 34 27
747 22 277 35 27 31 17 18 28 29 691 34 27
748 22 116 35 26 29 1 22 23 33 763 34 27
749 22 115 34 34 32 72 20 31 28 913 34 27
750 22 207 16 29 20 1 30 50 24 496 34 27
751 22 180 35 27 32 54 18 45 34 785 34 27
752 22 172 37 21 35 80 16 39 26 979 34 27
753 22 148 34 35 24 1 18 16 30 813 34 27
754 22 262 26 19 24 16 17 1 21 603 34 27
755 22 278 20 27 26 1 22 17 27 664 34 27
756 22 101 22 9 40 1 20 30 29 596 34 27
757 22 117 16 20 31 57 23 36 31 883 34 27
758 22 139 22 29 25 20 22 22 30 1834 34 27
759 22 922 38 33 36 70 26 43 30 676 34 28
760 22 108 23 30 24 34 21 35 20 659 34 27
761 22 203 30 31 32 59 20 30 26 576 34 28
762 22 218 33 29 21 67 27 27 25 756 34 27
763 22 219 42 31 25 1 26 16 24 529 34 27
764 22 89 27 38 22 85 23 35 26 586 34 27
765 22 259 33 27 38 66 24 38 39 1218 34 27
766 22 309 20 26 19 3 17 23 29 614 34 27
767 22 118 31 17 34 26 22 23 34 720 34 27
768 22 151 27 17 37 10 26 3 31 2006 34 27
769 22 128 26 24 30 1 28 29 26 878 34 27
770 22 202 20 22 20 5 17 10 32 1085 34 27
771 22 117 27 22 28 46 20 17 29 543 34 27
772 22 277 27 30 24 50 21 35 32 2006 34 27
773 22 370 8 20 32 1 13 32 33 496 34 27
774 22 252 18 17 29 20 20 35 30 824 34 27
775 22 135 39 43 20 25 31 39 29 217 34 27
776 22 248 35 24 28 47 25 46 31 522 34 27
777 22 122 19 32 28 29 18 51 29 626 34 27
778 22 212 36 35 36 1 19 23 16 844 34 27
779 22 139 22 20 27 22 20 22 28 670 34 27
780 22 151 23 33 23 1 15 12 23 1049 34 27
781 22 156 40 37 27 53 15 39 23 516 34 27
782 22 651 44 28 33 8 25 27 35 1077 34 27
783 22 194 24 13 28 27 19 37 28 860 34 27
784 22 134 30 23 31 33 21 47 21 696 34 27
785 22 156 27 27 23 4 17 29 28 704 34 27
786 22 101 28 28 25 36 19 31 33 688 34 27
787 22 241 34 21 39 52 27 34 32 652 34 27
788 22 111 43 18 33 49 21 19 25 683 34 27
789 22 188 30 25 28 60 21 14 19 794 34 27
790 22 112 11 5 19 19 24 30 31 988 34 27
791 22 172 34 33 26 13 19 6 28 907 34 27
792 22 191 15 7 29 33 16 34 28 649 34 27
793 22 161 35 39 22 1 24 20 27 1121 34 27
794 22 148 33 18 42 27 15 17 26 904 34 27
795 22 159 20 23 21 28 21 30 29 1812 34 28
796 22 110 31 48 21 58 19 44 27 974 34 27
797 22 113 23 31 30 1 17 38 34 1032 34 27
798 22 163 21 29 16 63 19 27 23 594 34 27
799 22 155 33 28 36 66 21 24 31 1091 34 27
800 22 354 27 24 34 1 18 14 30 558 34 27
801 22 160 38 26 35 58 20 30 32 957 34 27
802 22 552 32 40 24 1 19 18 27 445 34 27
803 22 356 35 37 19 1 30 35 30 814 34 27
804 22 214 42 28 40 1 18 26 32 955 34 27
805 22 170 32 25 27 94 27 26 25 665 34 27
806 22 106 29 23 31 1 22 29 30 716 34 27
807 22 117 35 14 39 47 25 7 26 906 34 27
808 22 222 41 28 40 28 22 33 41 884 34 27
809 22 231 13 15 28 1 24 18 31 773 34 27
810 22 370 34 17 39 8 18 8 40 758 34 27
811 22 108 17 28 14 30 18 36 25 946 34 27
812 22 326 46 42 28 10 21 16 36 924 34 27
813 22 177 21 14 20 28 18 4 23 633 33 27
814 22 113 9 21 32 78 22 42 19 311 34 27
815 22 244 25 25 24 12 19 44 31 625 34 27
816 22 232 21 20 32 59 18 31 34 137 34 27
817 22 154 27 36 15 75 22 33 24 506 34 27
818 22 630 891 73 193 198 37 46 32 2006 34 27
819 22 117 41 33 41 26 24 25 19 708 34 27
820 22 153 43 23 31 17 18 1 25 763 34 27
821 22 101 22 13 33 40 16 12 25 613 34 27
822 22 107 13 20 32 1 19 34 28 483 34 27
823 22 273 46 42 31 64 26 45 24 793 34 27
824 22 110 35 35 34 43 29 29 32 643 34 27
825 22 238 44 22 46 10 21 27 31 773 34 27
826 22 190 30 14 35 35 20 14 32 981 34 27
827 22 119 33 24 39 1 18 19 31 1697 34 27
828 22 104 38 35 25 82 18 25 27 1176 34 27
829 22 174 40 32 30 58 25 15 19 1186 34 27
830 22 216 28 35 27 11 18 44 22 449 34 27
831 22 179 43 29 38 2 22 31 33 962 34 27
832 22 106 33 29 28 1 29 20 19 553 34 27
833 22 150 23 16 34 47 21 38 30 455 34 27
834 22 228 46 37 35 17 18 28 26 1092 34 27
835 22 170 33 34 29 1 22 4 34 577 34 27
836 22 119 32 30 27 1 23 27 29 1429 34 27
837 22 103 28 11 36 40 16 29 34 1158 34 27
838 22 107 40 15 46 58 19 27 29 400 34 27
839 22 103 31 41 26 17 27 33 23 394 34 27
840 22 105 32 29 33 60 18 46 34 939 34 27
841 22 231 34 31 23 67 16 34 21 874 34 27
842 22 106 40 30 32 21 22 34 32 853 34 27
843 22 179 41 37 33 1 23 43 24 1941 34 27
844 22 283 37 36 31 55 20 10 26 1813 34 27
845 22 110 41 32 37 11 11 20 31 838 34 27
846 22 99 23 33 27 14 24 41 30 637 34 27
847 22 132 45 43 34 14 27 39 25 865 34 27
848 22 118 31 29 25 1 18 14 27 757 34 27
849 22 196 34 11 29 13 18 17 29 1544 34 27
850 22 120 24 26 24 16 19 22 26 696 34 27
851 22 103 43 22 33 50 25 26 32 798 34 27
852 22 126 47 43 26 40 12 18 25 738 34 27
853 22 87 10 23 15 1 20 33 20 519 34 27
854 22 519 23 25 34 1 15 30 24 1636 34 27
855 22 225 31 25 26 26 23 26 34 1037 34 27
856 22 134 19 21 32 18 21 30 32 610 34 27
857 22 138 35 28 31 29 26 27 31 828 34 27
858 22 127 38 22 29 15 20 24 15 1241 34 27
859 22 133 45 33 33 34 23 31 26 752 34 27
860 22 136 20 19 33 1 20 17 27 577 34 27
861 22 148 19 11 37 33 28 31 30 229 34 27
862 22 364 22 27 22 1 37 19 27 557 34 27
863 22 106 37 6 49 33 24 25 31 806 34 27
864 22 270 26 31 28 1 19 25 31 774 34 27
865 22 115 36 38 33 51 17 39 33 515 34 27
866 22 164 22 23 25 50 23 28 31 476 34 27
867 22 147 23 23 28 1 17 16 26 1096 34 27
868 22 245 27 15 35 45 21 27 40 415 34 27
869 22 130 38 23 35 56 21 32 32 503 34 27
870 22 118 29 15 39 48 16 12 30 1782 34 27
871 22 198 34 26 37 41 15 25 22 1004 34 27
872 22 155 41 24 43 45 21 32 20 2006 34 27
873 22 105 33 21 37 34 25 32 41 2006 34 27
874 22 194 38 42 28 53 25 22 26 937 34 27
875 22 161 33 28 26 20 19 15 25 669 34 27
876 22 96 33 20 29 31 22 18 36 678 34 27
877 22 139 29 12 37 52 27 24 24 1245 34 27
878 22 161 20 26 24 21 14 14 28 692 34 27
879 22 203 32 11 34 63 24 20 31 1545 34 27
880 22 140 42 21 41 9 27 30 27 824 34 27
881 22 137 25 15 30 52 27 27 24 1090 34 27
882 22 320 26 31 21 1 17 11 31 900 34 27
883 22 282 29 28 25 44 21 4 30 606 34 27
884 22 133 20 21 28 62 25 38 14 1152 34 27
885 22 191 40 26 35 58 19 21 30 1120 34 27
886 22 499 28 18 39 3 19 39 29 618 34 27
887 22 116 37 39 27 22 26 34 30 781 34 27
888 22 147 22 19 28 8 12 38 28 2006 34 27
889 22 111 40 29 29 1 20 37 27 1082 34 27
890 22 144 22 18 26 58 28 22 17 929 34 27
891 22 178 31 32 26 38 23 9 30 485 34 27
892 22 212 22 17 38 1 21 12 26 742 34 27
893 22 126 20 28 33 9 18 40 31 1008 34 27
894 22 155 31 14 35 41 23 19 19 665 34 27
895 22 131 23 28 17 7 24 32 29 1623 34 28
896 22 123 42 19 37 34 26 20 27 810 34 27
897 22 198 18 38 15 7 21 36 20 830 34 27
898 22 178 40 36 25 50 23 1 28 622 34 27
899 22 169 39 26 28 30 21 16 30 669 34 27
900 22 141 50 40 29 1 21 26 34 799 34 27
901 22 139 44 106 29 5 16 30 22 830 34 27
902 22 130 38 19 35 53 24 22 37 1416 34 27
903 22 173 24 21 28 54 21 30 25 710 34 27
904 22 233 19 28 23 32 24 41 26 603 34 27
905 22 107 79 306 207 138 22 33 47 1429 34 27
906 22 93 14 12 35 24 24 35 22 524 34 27
907 22 253 30 37 24 28 20 37 24 847 34 28
908 22 167 16 18 32 13 23 29 29 1670 34 27
909 22 171 23 34 28 1 27 55 24 568 34 27
910 22 214 37 16 35 47 24 25 22 884 34 27
911 22 186 33 17 45 23 14 30 33 739 34 27
912 22 104 19 17 33 1 24 30 31 1090 34 27
913 22 125 30 26 28 71 24 32 24 585 34 27
914 22 146 31 24 28 52 20 23 21 755 34 27
915 22 183 24 24 40 1 27 29 29 568 34 27
916 22 161 32 42 18 27 21 38 21 1328 34 27
917 22 122 35 28 37 1 24 16 24 782 34 28
918 22 139 20 23 27 1 22 21 22 992 34 27
919 22 105 41 22 32 33 26 18 26 523 34 27
920 22 153 39 31 35 22 25 28 23 919 34 27
921 22 150 33 21 31 57 19 23 32 1162 34 27
922 22 229 43 48 22 23 23 31 33 736 34 27
923 22 111 39 42 25 17 19 30 28 1018 34 27
924 22 243 7 20 30 1 17 25 36 569 34 27
925 22 133 27 16 34 61 24 40 34 1264 34 27
926 22 92 20 11 26 17 21 6 26 601 34 27
927 22 179 15 4 32 30 25 27 26 472 34 27
928 22 168 16 4 32 19 16 27 34 796 34 27
929 22 109 40 38 22 22 18 26 27 1522 34 27
930 22 219 34 23 34 40 23 36 20 498 34 27
931 22 113 14 26 27 1 23 37 40 454 34 27
932 22 156 34 35 31 10 16 33 27 817 34 27
933 22 120 16 36 17 8 19 41 30 1404 34 27
934 22 172 25 15 34 29 22 33 26 991 34 27
935 22 113 28 27 27 59 19 29 24 1075 34 27
936 22 83 24 11 40 24 23 35 31 1180 34 27
937 22 109 42 34 29 35 21 29 24 831 34 27
938 22 120 16 18 25 7 20 31 31 131 34 27
939 22 168 34 42 16 12 22 34 21 879 34 27
940 22 95 12 21 14 6 24 17 24 848 34 27
941 22 98 23 20 31 71 27 56 28 773 34 27
942 22 168 31 26 20 13 27 16 27 771 34 27
943 22 211 25 25 26 1 23 2 31 802 34 27
944 22 98 29 23 36 25 22 31 33 634 34 27
945 22 122 34 27 30 16 26 30 27 811 34 27
946 22 134 9 23 20 1 24 27 25 947 34 27
947 22 331 34 28 31 90 18 34 26 723 34 27
948 22 186 29 32 20 42 13 17 32 799 34 27
949 22 113 41 42 19 4 21 17 26 665 34 27
950 22 101 41 37 27 1 18 22 31 681 34 27
951 22 127 35 28 30 56 17 15 26 677 34 27
952 22 161 41 30 34 66 28 30 34 884 34 27
953 22 320 46 40 33 5 23 1 29 922 34 27
954 22 119 29 39 20 1 21 29 20 644 34 27
955 22 170 24 11 41 25 23 14 30 405 34 27
956 22 144 25 27 25 1 24 18 23 612 34 27
957 22 167 42 33 26 59 19 34 28 371 34 27
958 22 96 26 38 23 53 25 33 28 1895 34 27
959 22 256 28 28 30 21 20 37 29 920 34 27
960 22 188 28 17 31 31 16 30 19 603 34 27
961 22 131 30 9 38 62 22 4 32 848 34 27
962 22 91 39 27 39 95 23 29 35 765 34 28
963 22 116 33 35 32 1 19 32 30 810 34 27
964 22 210 27 22 36 34 21 33 29 283 34 27
965 22 245 22 26 17 4 17 7 47 635 34 27
966 22 466 38 37 22 28 25 26 33 699 34 27
967 22 126 27 36 24 32 24 48 29 665 34 27
968 22 238 50 25 41 73 17 23 30 603 34 27
969 22 100 32 15 41 15 24 30 26 726 34 27
970 22 207 43 24 35 1 23 13 35 648 34 27
971 22 112 71 10 33 19 26 21 25 999 34 27
972 22 371 30 27 28 1 25 11 26 596 34 27
973 22 100 36 16 40 18 20 41 23 540 34 27
974 22 119 20 25 18 16 18 6 25 2007 34 27
975 22 137 43 22 37 91 25 17 26 457 34 27
976 22 107 32 13 35 91 18 20 21 609 34 27
977 22 151 30 24 35 63 27 25 27 312 34 27
978 22 111 27 20 37 46 23 31 32 1911 34 27
979 22 179 22 22 26 11 18 24 31 615 34 27
980 22 113 29 9 39 72 19 26 49 904 34 27
981 22 140 42 27 40 1 24 12 22 1060 34 27
982 22 129 30 35 28 8 24 27 28 606 34 28
983 22 125 42 22 37 41 18 31 36 609 34 27
984 22 114 42 28 34 21 19 29 27 1214 34 27
985 22 177 33 27 24 29 23 22 21 1006 34 27
986 22 179 24 23 31 1 17 25 24 773 34 27
987 22 160 42 30 29 42 17 23 32 794 34 27
988 22 138 22 25 18 12 20 32 27 548 34 27
989 22 108 18 25 22 28 25 30 37 789 34 27
990 22 178 13 22 16 1 22 4 28 958 34 27
991 22 137 35 29 31 22 25 38 18 666 34 27
992 22 112 27 32 27 1 23 18 23 740 34 27
993 22 175 23 26 34 76 31 39 25 650 34 27
994 22 106 25 28 16 10 22 20 20 299 34 27
995 22 123 36 27 32 95 21 24 20 2007 34 27
996 22 159 43 23 40 1 28 20 29 1201 34 28
997 22 185 31 34 30 1 20 17 22 645 34 27
998 22 89 34 31 26 22 18 34 32 555 34 27
999 22 294 30 41 25 49 19 37 24 247 34 27
1000 22 135 41 30 33 4 23 2 32 695 34 27
