1 22 152 25 25 31 49 22 27 25 15 33 28
2 22 164 18 44 1 1 20 24 28 14 33 27
3 22 85 30 22 32 1 19 32 26 17 33 27
4 22 91 15 7 29 12 20 32 28 28 34 27
5 22 234 39 44 28 25 19 33 23 16 33 27
6 22 98 18 18 30 1 21 36 31 7 33 27
7 22 87 34 41 25 19 21 38 26 20 33 27
8 22 205 3 18 26 1 18 23 37 27 34 27
9 22 105 9 7 27 1 16 34 28 33 34 27
10 22 758 36 28 29 20 24 11 28 36 34 27
11 22 95 32 36 21 16 19 40 24 17 33 28
12 22 157 29 34 32 68 28 46 24 7 34 28
13 22 73 38 43 23 5 21 36 26 18 33 28
14 22 206 42 24 30 51 25 9 29 30 34 27
15 22 254 31 25 35 58 26 33 38 23 33 28
16 22 134 16 1 26 23 23 1 32 35 34 27
17 22 148 26 19 36 1 17 28 18 23 33 28
18 22 79 22 45 13 1 25 29 26 15 33 27
19 22 147 34 33 32 1 21 11 20 31 34 28
20 22 163 31 36 26 1 14 17 29 23 33 28
21 22 130 33 31 30 34 22 28 25 11 34 28
22 22 103 42 26 34 76 27 48 27 14 33 28
23 22 184 45 24 36 23 17 23 30 27 34 28
24 22 98 25 40 21 17 21 30 28 17 33 28
25 22 177 36 35 32 46 20 21 28 25 33 27
26 22 67 23 27 22 1 18 8 22 28 33 27
27 22 96 16 23 30 37 22 43 26 6 33 27
28 22 90 24 26 34 4 24 34 24 18 33 27
29 22 407 31 36 30 83 24 50 26 3 34 28
30 22 80 14 19 24 6 22 16 23 24 33 27
31 22 51 11 19 15 1 26 33 26 3 33 27
32 22 111 26 27 24 1 19 20 21 23 33 27
33 22 81 36 42 32 50 18 41 22 1 34 28
34 22 60 31 44 22 9 25 53 32 9 33 28
35 22 130 33 27 26 40 25 35 18 19 33 28
36 22 83 39 21 30 102 26 25 29 28 34 27
37 22 190 17 25 32 1 27 48 22 13 33 27
38 22 162 23 12 34 6 22 32 27 16 33 27
39 22 231 32 24 30 54 18 29 23 19 33 28
40 22 82 37 39 25 38 20 16 25 27 34 28
41 22 75 36 30 33 84 23 37 29 10 33 27
42 22 121 38 18 37 92 19 27 31 27 34 27
43 22 260 40 48 24 16 23 33 21 25 33 27
44 22 194 17 12 31 7 15 33 22 13 33 27
45 22 171 40 27 27 48 17 21 30 32 34 28
46 22 351 37 19 49 51 20 30 28 16 33 27
47 22 105 33 35 33 1 19 31 34 20 33 28
48 22 159 27 33 24 1 11 30 31 24 33 27
49 22 134 32 18 38 35 21 27 26 27 34 27
50 22 306 40 27 36 48 23 30 17 27 34 28
51 22 105 40 22 37 84 17 23 34 34 34 27
52 22 79 36 25 33 58 24 19 25 24 34 28
53 22 241 22 20 29 22 24 36 28 22 33 27
54 22 477 48 31 40 76 27 35 25 13 33 27
55 22 65 30 30 27 1 18 21 25 21 33 27
56 22 122 33 21 32 33 22 23 29 24 33 27
57 22 359 39 13 39 59 24 20 27 33 34 28
58 22 110 30 21 34 50 25 39 27 15 33 28
59 22 128 43 15 38 96 23 11 29 38 34 27
60 22 147 24 17 22 13 22 18 25 27 34 28
61 22 162 34 16 35 74 22 44 34 17 33 27
62 22 172 38 16 31 65 24 1 22 36 34 27
63 22 105 29 41 23 50 17 42 28 1 33 27
64 22 196 27 14 39 1 22 37 33 14 33 27
65 22 238 43 28 38 11 30 52 25 10 34 28
66 22 123 30 27 26 31 19 25 23 17 33 27
67 22 170 19 27 21 1 21 39 20 13 33 27
68 22 141 14 7 35 11 23 47 22 8 33 27
69 22 739 33 25 33 59 19 26 31 21 33 28
70 22 100 34 26 34 16 26 49 30 8 33 28
71 22 270 22 14 31 1 24 10 30 39 34 27
72 22 114 33 44 27 43 28 43 22 6 33 28
73 22 152 24 23 20 1 19 23 21 23 33 28
74 22 131 23 22 28 43 25 39 31 20 34 28
75 22 70 35 39 24 41 18 33 39 23 33 28
76 22 130 31 22 35 62 23 15 34 41 34 28
77 22 143 34 25 29 16 25 26 21 30 34 28
78 22 139 46 28 35 1 22 15 28 36 34 28
79 22 252 27 12 37 79 23 38 28 12 33 28
80 22 140 22 38 23 43 17 33 21 8 33 27
81 22 119 22 30 26 1 18 16 32 40 34 28
82 22 111 36 34 32 4 18 19 29 29 34 28
83 22 58 26 33 24 45 16 41 31 20 33 28
84 22 98 36 28 32 35 27 27 31 21 33 28
85 22 395 22 22 40 1 17 18 15 12 33 27
86 22 95 23 20 33 7 28 34 34 21 33 28
87 22 121 32 25 29 8 20 36 26 23 33 27
88 22 104 40 25 39 57 21 18 24 23 33 27
89 22 138 23 11 28 50 23 32 29 23 33 27
90 22 90 23 11 36 57 26 50 25 15 33 27
91 22 30 32 42 21 58 18 55 26 7 33 28
92 22 139 37 17 31 32 24 18 33 37 34 28
93 22 54 15 24 32 18 18 28 28 16 33 27
94 22 142 24 30 18 20 20 21 20 30 34 27
95 22 143 39 12 35 72 23 42 37 21 34 28
96 22 189 46 20 33 75 17 18 34 35 34 27
97 22 237 35 10 35 37 24 22 28 24 33 28
98 22 109 33 8 41 37 21 21 28 27 34 28
99 22 131 38 32 28 72 21 45 32 19 33 28
100 22 204 17 31 22 7 27 33 24 14 33 27
101 22 92 47 22 41 1 19 12 35 44 34 27
102 22 144 41 26 34 71 20 43 32 8 33 27
103 22 86 17 26 29 18 23 28 27 21 33 27
104 22 80 23 18 29 29 17 29 27 35 34 27
105 22 101 17 21 24 1 16 17 25 33 34 27
106 22 128 25 20 27 27 21 11 24 26 33 27
107 22 69 40 45 21 8 22 20 35 30 34 27
108 22 96 14 26 26 1 17 10 31 33 34 27
109 22 85 19 2 44 1 21 20 24 31 34 27
110 22 62 31 26 31 5 22 30 28 16 33 28
111 22 147 34 20 35 68 23 44 28 4 34 27
112 22 120 33 29 29 29 22 17 33 17 33 28
113 22 138 26 24 33 13 22 37 28 19 33 27
114 22 91 40 36 36 13 20 27 32 33 34 28
115 22 114 32 29 32 25 16 28 30 18 34 28
116 22 82 38 32 30 58 18 24 30 27 34 28
117 22 162 30 32 28 85 23 37 28 9 33 28
118 22 154 32 32 30 21 23 36 35 19 33 28
119 22 133 12 12 30 27 31 29 29 16 33 27
120 22 78 24 32 27 42 25 31 20 16 33 28
121 22 111 39 22 32 47 17 15 27 36 34 27
122 22 158 17 21 29 1 15 28 29 26 33 27
123 22 112 18 10 35 1 21 23 30 21 33 28
124 22 89 25 30 15 1 24 32 26 16 33 27
125 22 90 28 15 29 1 22 30 20 22 33 27
126 22 148 42 30 30 43 19 27 33 26 34 28
127 22 255 27 18 32 21 21 39 37 18 33 27
128 22 78 34 38 29 5 21 40 23 13 33 27
129 22 111 30 34 26 34 18 22 27 24 33 28
130 22 135 31 18 35 73 24 35 32 19 33 28
131 22 109 23 25 18 11 21 39 30 13 33 27
132 22 100 26 18 34 56 20 35 25 18 33 27
133 22 84 26 23 29 33 23 20 30 27 33 27
134 22 183 35 26 23 53 23 32 27 22 33 28
135 22 168 41 20 44 20 21 7 21 31 34 27
136 22 107 37 35 29 41 23 24 32 28 34 27
137 22 118 33 42 32 48 23 33 21 14 33 28
138 22 102 33 29 39 48 20 45 14 17 33 28
139 22 100 22 34 17 1 23 27 31 22 33 27
140 22 350 31 26 29 1 14 22 29 25 33 27
141 22 155 30 22 30 1 15 15 34 18 33 27
142 22 105 31 34 27 30 22 16 32 28 34 28
143 22 171 37 34 30 1 22 15 29 27 33 27
144 22 220 47 36 21 44 20 9 25 30 34 27
145 22 111 23 33 19 12 27 45 17 4 33 27
146 22 162 33 25 30 23 16 23 21 25 33 27
147 22 93 28 9 35 34 20 29 31 25 33 27
148 22 256 48 28 38 36 20 35 26 28 34 28
149 22 68 40 32 33 35 23 27 22 20 33 27
150 22 168 36 30 37 1 24 43 18 12 33 28
151 22 136 23 16 37 1 16 30 28 21 33 27
152 22 113 33 19 42 67 12 14 10 30 34 27
153 22 180 21 27 22 1 18 14 25 30 34 27
154 22 174 22 16 28 11 20 38 27 17 33 27
155 22 110 13 19 27 1 28 29 19 16 33 27
156 22 96 16 12 26 5 20 50 32 8 33 27
157 22 158 26 10 29 14 22 7 26 39 34 27
158 22 113 32 27 37 1 21 35 26 19 33 28
159 22 138 17 24 27 13 22 50 30 1 33 27
160 22 87 27 11 44 69 25 33 25 29 34 27
161 22 230 37 35 30 1 24 33 34 21 33 28
162 22 226 25 13 32 1 17 8 38 36 34 28
163 22 117 29 37 28 57 16 32 21 9 33 27
164 22 211 31 22 29 4 20 31 27 20 33 28
165 22 179 21 19 22 7 22 12 30 32 34 27
166 22 140 26 14 35 14 24 47 29 12 33 27
167 22 162 28 38 20 50 20 49 29 6 33 27
168 22 91 23 16 25 49 21 28 25 11 33 27
169 22 155 33 47 19 1 23 23 14 20 33 28
170 22 470 27 21 40 1 19 43 24 19 33 27
171 22 102 30 19 28 71 23 26 30 28 34 27
172 22 88 36 30 32 40 17 54 25 12 33 28
173 22 78 21 26 20 10 19 18 34 30 34 28
174 22 87 24 23 34 35 25 25 32 31 34 27
175 22 84 14 7 21 1 19 18 28 31 34 27
176 22 102 17 23 25 24 23 41 25 12 33 27
177 22 268 25 27 25 1 21 15 26 20 33 27
178 22 136 20 25 21 1 17 9 21 31 34 27
179 22 94 28 29 27 65 29 46 28 14 33 27
180 22 137 22 16 30 1 20 40 23 20 33 27
181 22 78 26 18 22 38 23 20 33 23 33 27
182 22 322 27 23 29 24 16 43 21 15 33 28
183 22 94 39 46 24 1 26 60 34 12 34 28
184 22 233 31 39 22 1 19 30 20 11 33 27
185 22 415 33 14 38 34 25 25 39 33 34 27
186 22 98 43 30 34 63 14 25 20 29 34 28
187 22 81 33 22 36 3 27 21 26 28 34 27
188 22 139 29 14 34 55 22 21 19 25 33 27
189 22 60 26 14 43 6 23 34 28 21 33 27
190 22 140 25 17 34 1 25 35 25 21 33 27
191 22 67 32 28 24 49 23 32 16 13 33 28
192 22 175 42 20 44 131 25 26 37 28 34 27
193 22 121 31 22 23 36 23 9 22 25 33 27
194 22 118 48 25 43 31 24 27 32 27 34 27
195 22 113 18 25 30 1 17 22 23 24 33 27
196 22 154 29 8 40 46 20 30 32 31 34 27
197 22 164 48 25 33 87 16 22 32 34 34 28
198 22 94 35 27 33 35 27 31 26 23 33 28
199 22 80 14 13 29 1 15 6 26 29 34 27
200 22 47 10 6 32 1 19 37 26 18 33 27
201 22 299 36 25 31 6 21 32 29 20 33 28
202 22 102 28 34 25 1 23 33 25 20 33 28
203 22 69 25 27 18 14 17 21 19 25 33 27
204 22 76 16 11 32 34 25 38 32 17 33 27
205 22 63 26 25 30 45 19 32 20 11 33 28
206 22 115 18 18 27 17 17 21 22 27 34 27
207 22 83 35 33 32 16 24 38 28 17 33 27
208 22 206 40 20 26 1 17 17 39 40 34 28
209 22 96 37 36 28 86 17 44 20 11 34 28
210 22 97 33 36 21 25 24 5 22 31 34 27
211 22 165 16 13 36 27 21 25 19 21 33 27
212 22 91 29 34 28 1 20 22 37 22 33 27
213 22 121 25 33 24 23 25 35 33 22 33 27
214 22 227 38 22 31 33 23 17 36 26 34 28
215 22 148 19 11 29 1 14 13 34 26 33 27
216 22 111 31 38 25 26 20 29 22 5 33 28
217 22 82 19 18 28 27 21 20 27 26 33 27
218 22 181 37 34 24 58 28 43 20 6 33 28
219 22 109 29 20 36 58 27 39 36 16 33 28
220 22 141 54 36 36 42 25 9 27 38 34 28
221 22 108 28 23 38 1 22 37 30 14 33 27
222 22 77 35 37 26 29 19 46 22 11 34 28
223 22 50 26 35 34 38 23 38 22 12 33 28
224 22 77 40 24 36 39 20 32 31 30 34 27
225 22 90 37 31 31 28 24 14 31 32 34 28
226 22 164 41 27 32 78 25 29 21 21 33 28
227 22 100 32 32 34 60 25 51 23 9 33 27
228 22 109 47 41 27 72 21 42 31 18 33 28
229 22 97 48 24 37 63 23 13 36 44 34 28
230 22 92 22 29 36 61 22 27 31 24 33 27
231 22 122 39 26 26 5 21 24 23 18 33 28
232 22 110 40 32 33 6 20 40 19 21 33 27
233 22 48 31 39 22 18 17 28 31 15 33 27
234 22 197 39 23 30 24 19 26 32 21 33 28
235 22 95 11 17 23 8 13 16 19 26 34 27
236 22 129 22 26 24 40 24 36 29 18 33 28
237 22 82 41 38 28 25 20 40 27 14 33 28
238 22 212 36 39 22 25 31 24 23 17 33 27
239 22 245 35 14 39 65 23 29 30 30 34 27
240 22 138 35 33 31 39 25 39 31 19 33 27
241 22 196 40 30 27 1 23 8 32 33 34 27
242 22 119 15 22 25 26 27 17 23 31 34 28
243 22 256 31 11 34 30 22 1 23 38 34 27
244 22 102 28 27 32 1 24 29 30 24 33 27
245 22 86 10 1 40 15 21 41 23 10 33 27
246 22 136 22 21 31 39 20 48 27 15 33 27
247 22 82 31 21 27 25 23 28 28 23 33 28
248 22 100 38 31 29 31 23 39 28 19 33 28
249 22 121 39 40 27 16 22 47 27 12 33 27
250 22 85 30 7 43 99 24 27 20 20 34 28
251 22 116 34 31 26 34 19 32 28 17 33 27
252 22 75 16 20 31 12 20 50 18 10 33 27
253 22 152 27 31 23 38 21 36 28 17 33 28
254 22 323 38 20 36 35 19 22 32 32 34 27
255 22 148 29 26 24 1 21 24 22 15 33 27
256 22 57 11 28 22 1 22 18 20 26 33 27
257 22 71 22 16 36 28 19 16 34 37 34 27
258 22 79 35 25 27 1 18 28 28 34 34 27
259 22 100 34 34 27 53 23 44 30 14 33 28
260 22 122 37 35 32 20 18 29 30 27 34 28
261 22 293 22 28 27 1 20 35 27 14 33 28
262 22 72 32 19 41 29 21 48 31 20 33 28
263 22 112 30 12 34 1 19 1 24 33 34 27
264 22 143 23 23 34 1 15 18 19 24 33 27
265 22 183 22 26 30 48 21 21 32 18 33 27
266 22 353 42 46 22 45 23 35 23 16 33 28
267 22 89 34 22 34 103 23 48 27 16 33 27
268 22 118 36 31 34 1 16 24 25 20 33 27
269 22 64 34 27 27 48 20 38 19 16 33 28
270 22 103 32 29 30 53 21 20 24 21 33 28
271 22 119 19 25 26 52 21 46 31 16 33 27
272 22 93 22 29 30 1 16 29 19 14 33 27
273 22 134 32 34 26 21 24 33 39 21 33 28
274 22 237 45 39 30 1 21 15 38 34 34 27
275 22 123 34 37 27 1 20 22 21 17 33 27
276 22 198 16 22 23 1 14 11 28 21 33 27
277 22 125 37 30 29 10 21 32 27 16 33 27
278 22 101 32 27 24 48 23 25 25 17 33 28
279 22 297 35 29 28 64 28 56 30 10 33 28
280 22 227 8 27 27 1 23 37 23 16 33 27
281 22 229 23 28 29 39 22 38 22 8 33 27
282 22 106 36 34 24 83 24 17 24 32 34 28
283 22 148 31 14 29 88 17 32 27 24 34 27
284 22 65 28 22 36 59 22 45 32 16 33 28
285 22 106 31 48 22 19 24 44 18 5 33 28
286 22 165 27 12 35 53 22 28 32 29 34 28
287 22 174 38 31 32 1 20 32 29 21 33 28
288 22 95 33 50 20 10 21 57 38 7 34 28
289 22 128 37 40 26 58 16 26 25 17 33 28
290 22 190 28 38 23 2 21 41 29 11 33 27
291 22 90 30 34 16 66 21 36 20 9 33 27
292 22 190 33 29 32 1 20 7 25 26 34 27
293 22 293 32 26 31 1 19 26 28 29 34 27
294 22 284 25 20 39 90 17 38 23 19 33 27
295 22 57 27 31 31 8 24 50 27 4 33 27
296 22 320 19 36 23 1 24 33 26 17 33 27
297 22 91 20 23 23 1 22 15 26 22 33 28
298 22 155 40 24 31 74 23 29 28 22 33 27
299 22 111 34 22 35 12 18 9 27 31 34 27
300 22 237 47 34 28 1 24 21 20 29 34 27
301 22 85 25 18 29 49 16 43 26 16 33 28
302 22 213 21 28 24 4 24 25 24 10 33 27
303 22 145 31 17 36 44 18 27 24 30 34 28
304 22 150 26 29 35 1 27 37 28 16 33 28
305 22 97 38 22 31 30 28 22 24 16 33 28
306 22 120 36 25 30 66 27 44 33 8 33 28
307 22 151 29 35 22 18 23 36 28 12 33 27
308 22 176 28 36 21 1 17 10 28 30 34 27
309 22 180 34 19 31 71 27 39 31 15 33 27
310 22 88 38 22 35 38 20 25 27 20 33 28
311 22 100 34 28 32 1 18 22 25 25 34 28
312 22 162 23 29 28 31 17 34 21 10 33 27
313 22 95 24 22 26 1 23 31 32 17 33 27
314 22 173 20 16 32 1 20 32 19 16 33 27
315 22 237 39 39 33 7 20 41 26 14 33 28
316 22 121 40 35 29 10 21 16 23 25 34 28
317 22 86 28 41 25 15 20 49 29 7 33 28
318 22 124 30 32 26 1 21 20 31 30 34 27
319 22 165 34 25 36 3 19 34 30 25 33 27
320 22 139 22 22 28 6 24 25 30 34 34 28
321 22 170 28 25 25 45 22 37 31 23 33 27
322 22 75 23 10 29 17 16 27 28 35 34 27
323 22 70 34 34 33 84 23 31 25 19 33 28
324 22 229 40 23 29 49 27 13 35 41 34 28
325 22 143 25 20 32 1 15 27 25 17 33 28
326 22 299 24 24 26 1 17 22 27 22 33 27
327 22 213 25 32 22 49 17 14 21 23 33 27
328 22 137 26 26 24 26 22 52 39 8 33 27
329 22 139 34 18 28 1 23 18 28 26 33 28
330 22 171 32 25 29 1 33 40 32 13 33 28
331 22 120 34 27 34 31 16 41 28 7 33 27
332 22 358 32 21 30 46 16 41 24 16 33 28
333 22 145 40 120 21 62 24 32 37 17 33 28
334 22 107 32 29 39 1 17 49 28 14 33 28
335 22 167 44 29 40 52 25 36 33 21 33 28
336 22 92 29 36 22 1 23 9 36 25 33 27
337 22 132 38 14 37 58 23 23 22 26 34 27
338 22 86 37 23 30 28 13 39 22 15 33 27
339 22 146 38 27 42 7 25 46 21 7 33 28
340 22 180 43 49 30 37 20 45 27 3 34 28
341 22 151 32 12 42 36 21 21 22 25 33 27
342 22 210 26 9 32 64 28 33 33 19 33 27
343 22 94 36 39 30 1 29 38 34 12 33 28
344 22 99 22 17 34 58 22 39 32 17 33 28
345 22 243 23 14 24 31 23 7 33 32 34 27
346 22 135 34 33 25 1 17 11 24 30 34 27
347 22 159 32 23 32 51 25 17 26 25 33 28
348 22 87 41 25 37 13 24 33 34 27 34 28
349 22 175 35 14 43 6 19 15 32 27 34 27
350 22 62 36 35 24 17 17 33 27 11 33 27
351 38 198 52 67 43 35 47 51 51 40 55 48
352 22 127 33 24 27 62 16 24 26 30 34 28
353 22 146 26 24 29 44 19 32 25 23 33 28
354 22 87 32 33 34 83 25 43 31 19 33 28
355 22 226 33 19 33 1 18 36 32 16 33 28
356 22 125 38 29 26 15 28 37 19 17 33 28
357 22 385 40 25 31 1 22 40 36 19 33 28
358 22 160 30 25 27 1 21 32 30 20 33 28
359 22 81 29 28 27 1 23 27 31 26 34 28
360 22 109 37 37 27 1 17 25 32 29 34 28
361 22 90 25 26 34 48 16 51 32 1 33 28
362 22 367 38 23 34 52 21 24 20 17 33 27
363 22 162 32 29 25 41 22 30 20 17 33 27
364 22 140 29 34 22 1 17 30 16 14 33 28
365 22 119 40 43 24 46 24 30 25 17 33 28
366 22 112 36 36 33 25 21 50 27 6 33 28
367 22 117 25 34 26 31 15 36 25 13 33 28
368 22 342 36 47 16 35 17 24 21 13 33 27
369 22 173 45 43 33 24 17 35 31 24 34 28
370 22 239 36 21 35 1 23 27 36 25 34 27
371 22 86 12 18 25 12 12 20 28 36 34 27
372 22 73 33 34 28 1 20 23 26 25 34 28
373 22 136 36 41 21 45 22 41 23 12 33 28
374 22 136 41 46 22 43 27 45 22 17 34 28
375 22 131 39 38 24 1 18 3 28 39 34 28
376 22 236 22 25 21 1 23 33 22 16 33 28
377 22 96 26 32 28 34 12 48 31 7 33 28
378 22 216 43 42 21 46 28 45 19 12 33 27
379 22 148 18 20 23 22 24 30 19 31 34 27
380 22 121 40 23 36 100 19 57 27 9 34 28
381 22 94 10 19 22 37 25 26 25 29 34 28
382 22 60 24 23 33 1 16 34 34 19 33 28
383 22 98 18 24 11 1 13 30 32 22 33 27
384 22 109 40 19 41 1 15 27 31 25 34 28
385 22 268 25 15 28 1 29 13 25 31 34 28
386 22 48 23 33 25 1 17 46 22 10 33 28
387 22 116 26 33 25 1 20 29 18 18 33 28
388 22 147 26 21 31 1 17 11 21 34 34 27
389 22 104 24 13 30 1 20 25 32 27 34 27
390 22 75 40 25 32 54 21 39 28 25 34 28
391 22 95 28 33 27 1 17 13 27 38 34 28
392 22 79 33 29 25 1 21 28 26 25 33 28
393 22 160 30 34 21 1 21 21 20 22 33 28
394 22 175 26 13 28 33 25 17 33 39 34 28
395 22 81 34 38 27 67 19 37 16 13 33 28
396 22 180 33 21 30 59 22 35 35 31 34 28
397 22 110 23 20 23 3 25 18 27 38 34 27
398 22 107 37 7 32 81 17 20 28 31 34 28
399 22 99 29 17 28 76 20 19 34 33 34 28
400 22 161 39 39 29 40 27 39 28 13 34 27
401 22 122 31 38 30 1 19 51 31 12 33 28
402 22 528 29 25 36 62 25 40 24 15 33 28
403 22 141 24 37 15 1 20 17 29 21 33 27
404 22 113 19 24 21 29 24 47 37 18 33 28
405 22 126 39 31 27 1 18 13 31 30 34 27
406 22 123 32 27 28 25 27 11 37 36 34 28
407 22 187 29 30 31 1 18 31 28 25 33 27
408 22 219 35 31 27 18 21 37 17 13 33 27
409 22 94 39 35 25 11 22 38 30 18 33 28
410 22 146 33 22 34 55 20 32 26 20 33 27
411 22 226 21 22 30 1 29 25 20 20 33 27
412 22 146 32 19 24 68 18 3 25 34 34 27
413 22 71 26 15 36 61 23 33 32 25 33 28
414 22 152 37 17 41 25 14 28 29 22 33 28
415 22 130 43 38 37 2 21 24 18 16 33 28
416 22 230 34 21 35 49 18 27 29 20 33 28
417 22 174 36 40 24 20 27 46 34 16 33 28
418 22 141 25 14 30 1 19 31 36 25 33 28
419 22 203 34 53 16 1 19 31 26 13 33 28
420 22 185 15 9 35 15 21 25 26 19 33 27
421 22 248 30 35 20 23 22 19 27 18 33 27
422 22 75 41 27 41 45 23 44 22 6 33 27
423 22 280 20 20 28 1 19 29 23 19 33 27
424 22 180 37 36 26 38 14 22 27 25 33 27
425 22 461 29 45 21 30 23 31 25 20 33 28
426 22 102 27 41 20 37 20 37 32 17 33 28
427 22 170 22 25 32 1 20 41 30 14 33 28
428 22 77 42 32 37 25 17 36 24 15 33 27
429 22 62 26 20 25 43 22 34 33 23 33 28
430 22 146 36 32 26 47 15 29 30 25 33 27
431 22 114 42 28 35 69 20 42 29 6 33 28
432 22 77 16 29 24 1 16 22 21 16 33 27
433 22 56 37 30 34 24 27 38 30 11 33 28
434 22 152 21 21 27 13 17 28 29 23 33 27
435 22 318 22 8 33 26 27 29 29 27 34 27
436 22 133 21 25 26 1 13 14 23 29 34 28
437 22 164 29 15 35 88 16 33 31 26 33 28
438 22 53 30 34 29 20 24 43 24 13 33 28
439 22 124 35 31 18 23 22 16 30 30 34 28
440 22 124 23 10 37 46 23 36 32 13 33 27
441 22 78 29 25 33 76 25 38 27 14 33 28
442 22 124 37 42 29 44 21 34 21 9 34 28
443 22 126 39 35 29 35 15 19 27 27 34 27
444 22 138 18 32 13 8 10 38 27 22 33 27
445 22 75 35 44 7 1 23 13 25 21 33 27
446 22 60 23 32 29 7 20 40 28 11 33 28
447 22 112 28 33 12 30 20 33 29 20 33 28
448 22 65 30 20 38 48 23 44 31 12 33 27
449 22 292 23 23 28 58 21 29 19 28 33 27
450 22 145 24 8 33 42 18 11 23 31 34 28
451 22 134 34 34 24 24 23 25 22 21 33 27
452 22 115 42 24 39 63 20 32 30 27 34 27
453 22 200 25 42 30 1 16 33 27 10 33 27
454 22 149 15 26 19 12 24 42 30 17 33 28
455 22 89 27 1 36 87 25 11 26 37 34 27
456 22 150 36 33 31 1 24 32 35 19 33 28
457 22 135 20 13 25 28 16 15 26 35 34 27
458 22 85 26 29 25 106 18 53 27 17 33 27
459 22 83 41 15 39 28 23 22 33 25 33 27
460 22 141 23 29 21 1 17 13 25 32 34 27
461 22 155 47 31 43 18 24 38 31 13 33 27
462 22 168 25 15 26 9 25 16 24 27 34 27
463 22 282 23 34 22 1 18 14 29 19 33 27
464 22 163 28 30 17 1 16 19 14 17 33 27
465 22 139 34 17 37 53 20 14 28 29 34 28
466 22 128 42 24 40 67 15 27 25 22 33 28
467 22 178 30 17 31 1 25 2 30 29 34 27
468 22 112 30 32 25 65 23 32 21 12 33 27
469 22 81 39 29 28 1 21 28 23 24 33 27
470 22 142 28 22 23 17 15 17 33 27 34 27
471 22 77 29 17 37 1 18 23 31 31 34 28
472 22 120 23 13 38 1 24 48 29 14 33 27
473 22 66 18 25 37 83 31 35 19 12 33 28
474 22 88 40 54 35 9 24 47 24 9 33 27
475 22 121 32 17 37 60 28 17 28 28 34 27
476 22 140 36 37 31 30 23 48 21 10 34 27
477 22 135 47 26 43 47 18 25 33 17 33 27
478 22 83 17 20 25 63 20 33 27 6 33 27
479 22 134 29 30 23 1 19 17 29 26 33 28
480 22 92 32 49 16 42 23 40 24 16 33 27
481 22 163 44 34 33 41 21 40 30 19 33 27
482 22 175 36 19 33 1 16 17 33 36 34 27
483 22 96 34 39 22 1 22 41 28 10 34 27
484 22 110 32 37 28 1 21 29 25 22 33 27
485 22 131 41 20 38 76 16 29 31 22 33 27
486 22 91 31 40 19 1 21 27 29 28 34 27
487 22 236 24 36 24 66 23 31 23 7 33 28
488 22 121 19 36 25 41 20 35 22 10 33 27
489 22 143 22 10 23 1 23 25 31 21 33 27
490 22 133 40 37 34 1 20 26 27 20 33 28
491 22 229 35 22 31 106 27 37 28 16 33 27
492 22 99 26 36 24 45 24 38 30 19 33 27
493 22 103 25 19 33 14 21 29 33 27 33 28
494 22 90 40 33 28 41 24 27 28 18 33 27
495 22 106 36 29 24 54 25 24 42 32 34 27
496 22 101 34 40 30 1 13 20 24 16 33 27
497 22 151 39 31 35 62 19 33 28 12 33 28
498 22 101 43 21 34 48 17 20 33 32 34 27
499 22 152 22 10 37 57 22 33 30 24 33 27
500 22 141 29 21 34 62 19 35 25 25 33 28
501 22 61 39 38 32 52 20 46 28 16 33 28
502 22 227 45 34 26 32 15 11 23 34 34 27
503 22 89 22 34 33 1 23 39 21 17 33 27
504 22 84 46 29 30 1 18 25 35 36 34 28
505 22 74 27 21 30 69 23 35 24 23 33 27
506 22 63 23 38 27 1 21 49 24 1 34 28
507 22 117 27 12 32 27 24 27 32 23 33 28
508 22 158 25 24 25 26 27 29 24 20 33 27
509 22 443 34 31 31 52 20 39 27 20 33 28
510 22 122 40 42 42 1 31 38 20 13 33 27
511 22 143 37 28 28 23 31 42 34 21 33 27
512 22 134 40 36 26 54 25 54 27 13 33 28
513 22 76 36 18 41 65 21 8 34 28 34 27
514 22 144 31 34 28 37 27 41 24 13 33 28
515 22 269 32 22 32 44 20 24 28 31 34 28
516 22 79 43 45 30 1 23 16 28 29 34 28
517 22 158 32 35 29 40 19 24 28 21 34 28
518 22 160 40 34 30 12 29 30 23 16 33 28
519 22 279 36 25 34 43 21 41 21 24 33 27
520 22 114 42 25 39 1 21 33 30 18 33 28
521 22 120 38 31 30 58 19 23 24 26 34 27
522 22 168 14 27 26 43 20 39 21 6 33 28
523 22 145 26 18 34 68 26 38 20 12 33 27
524 22 107 15 17 24 16 18 15 20 27 34 27
525 22 131 38 38 31 1 16 32 23 18 33 28
526 22 114 47 38 31 22 18 25 27 22 33 28
527 22 119 27 23 31 35 24 28 23 17 33 28
528 39 445 32 70 19 76 45 110 33 7 55 48
529 22 193 23 34 24 20 15 46 20 5 33 27
530 22 291 31 29 30 44 18 33 18 19 33 28
531 22 170 33 22 24 11 17 22 29 27 33 27
532 22 301 32 13 33 102 20 24 33 29 34 27
533 22 153 35 15 37 70 22 27 35 28 34 27
534 22 88 38 28 35 60 27 27 30 28 34 28
535 22 104 37 18 30 1 25 9 23 34 34 27
536 22 127 21 13 21 1 22 20 22 29 34 27
537 22 190 19 17 23 3 29 21 17 20 33 27
538 22 312 39 32 30 49 17 28 25 26 34 27
539 22 154 43 26 34 45 19 17 29 33 34 27
540 22 235 31 10 37 53 20 16 31 34 34 28
541 22 103 34 37 25 28 17 31 31 22 33 27
542 22 320 42 34 38 30 25 14 23 27 34 27
543 22 84 37 24 36 5 18 26 31 32 34 27
544 22 106 27 31 20 3 19 38 29 15 33 27
545 22 91 41 30 35 15 16 15 32 35 34 27
546 22 108 37 27 40 1 33 39 27 18 33 28
547 22 130 25 15 30 50 24 28 23 21 33 27
548 22 125 10 3 37 29 21 36 28 16 33 27
549 22 67 36 35 29 51 19 35 35 27 34 27
550 22 70 27 21 27 22 20 36 28 21 33 27
551 22 182 25 20 25 5 22 13 32 26 33 27
552 22 223 23 18 21 6 22 14 46 25 33 27
553 22 82 43 31 31 47 22 20 28 29 34 27
554 22 113 28 32 27 1 20 12 29 24 33 28
555 22 180 29 34 24 56 17 45 25 14 33 28
556 22 93 24 21 38 62 24 39 27 17 33 27
557 22 115 18 22 28 11 21 32 28 23 33 27
558 22 46 14 24 23 18 19 33 31 15 33 27
559 22 196 36 36 27 82 22 38 30 13 34 27
560 22 216 17 18 22 1 22 33 24 22 33 27
561 22 94 16 21 28 1 13 22 28 26 33 27
562 22 176 23 19 29 1 18 35 34 14 33 27
563 22 92 37 35 34 93 25 59 25 9 33 27
564 22 80 24 16 34 48 20 48 32 16 33 28
565 22 106 31 41 23 43 22 52 27 18 33 28
566 22 492 19 27 38 1 30 48 33 9 33 27
567 22 164 20 15 28 1 18 42 26 14 33 27
568 22 69 44 31 39 28 21 37 26 15 33 27
569 22 168 33 33 21 18 22 38 29 15 33 27
570 22 42 24 33 27 32 24 45 35 8 33 27
571 22 64 30 37 28 1 23 21 30 17 33 27
572 22 60 27 27 33 4 17 30 23 14 33 28
573 22 230 34 20 27 1 19 15 32 31 34 27
574 22 146 26 4 34 16 20 19 23 30 34 28
575 22 95 18 4 38 32 23 22 26 27 34 27
576 22 135 26 23 36 1 26 25 25 23 33 28
577 22 217 31 42 16 1 21 51 25 10 33 27
578 22 74 27 20 33 22 15 19 22 22 33 27
579 22 114 26 23 25 19 22 40 30 22 33 28
580 22 63 6 4 33 1 22 24 24 28 34 27
581 22 78 24 22 33 47 27 39 21 8 33 28
582 22 114 22 24 23 1 18 14 29 29 34 27
583 22 158 26 9 33 35 22 26 24 24 33 28
584 22 364 27 27 22 49 20 26 21 21 33 27
585 22 57 21 17 31 12 22 34 37 20 33 27
586 22 224 44 43 28 1 23 29 22 17 33 27
587 22 70 28 14 35 7 19 11 36 29 34 27
588 22 98 32 17 28 70 17 29 45 37 34 27
589 22 163 21 13 32 39 22 29 34 30 34 27
590 22 121 26 29 27 22 24 24 21 10 33 27
591 22 181 44 17 40 69 19 7 29 38 34 28
592 22 151 26 17 29 65 18 27 19 21 33 27
593 22 59 36 44 20 10 17 37 27 18 33 27
594 22 152 22 15 25 68 22 34 24 21 33 27
595 22 205 32 39 24 1 25 29 21 13 34 28
596 22 133 38 16 39 1 19 21 30 33 34 27
597 22 59 30 25 27 12 23 45 24 11 33 28
598 22 121 24 24 26 34 24 16 22 26 33 27
599 22 88 35 38 30 20 17 30 37 25 33 28
600 22 166 28 26 28 1 17 28 29 28 34 28
601 22 136 16 19 24 1 24 24 29 19 33 27
602 22 216 31 20 37 53 17 28 28 23 33 27
603 22 70 18 30 27 59 25 38 36 14 33 27
604 22 129 22 19 24 8 20 24 37 31 34 27
605 22 126 26 42 19 36 22 27 21 11 33 28
606 22 148 33 28 24 53 16 28 28 26 34 28
607 22 175 35 29 32 53 17 26 30 14 33 28
608 22 103 36 34 33 76 23 21 24 11 33 27
609 22 608 18 1 38 31 18 28 26 20 33 27
610 22 119 44 31 31 51 25 21 27 24 34 28
611 22 116 38 29 29 78 19 44 31 12 33 27
612 22 107 39 30 32 11 19 23 30 20 33 28
613 22 62 25 32 25 14 26 40 23 21 33 28
614 22 79 27 41 28 10 23 37 19 1 33 27
615 22 133 25 17 27 45 20 44 20 18 33 27
616 22 229 29 48 17 1 24 44 38 10 33 28
617 22 195 44 30 37 1 21 18 28 31 34 27
618 22 107 23 25 25 3 25 26 27 22 33 28
619 22 131 38 21 33 7 21 19 37 34 34 28
620 22 158 34 1 43 123 18 2 31 35 34 28
621 22 106 37 34 32 35 28 31 22 19 33 28
622 22 94 16 11 33 22 26 42 16 19 33 27
623 22 318 39 36 34 1 18 19 23 24 33 27
624 22 93 29 23 29 20 24 29 29 21 33 28
625 22 243 40 30 29 94 22 40 21 21 33 28
626 22 95 35 35 23 1 21 18 22 29 34 27
627 22 182 46 38 30 1 19 39 22 23 33 27
628 22 178 31 7 41 89 18 35 30 21 33 27
629 22 163 31 24 28 74 18 20 29 32 34 27
630 22 72 21 25 24 24 15 35 32 24 33 27
631 22 154 40 28 31 64 20 50 25 13 33 27
632 22 51 35 42 22 8 19 39 35 16 33 27
633 22 252 16 20 25 1 26 34 28 11 33 27
634 22 200 108 304 216 1 18 42 28 7 33 27
635 22 116 26 30 32 1 23 37 22 15 33 28
636 22 104 28 29 25 53 17 20 14 22 33 28
637 22 154 23 19 23 2 16 16 23 25 33 27
638 22 157 41 37 20 2 23 22 31 36 34 28
639 22 132 30 28 30 1 19 33 32 20 33 27
640 22 57 27 33 27 31 23 50 26 12 33 28
641 22 175 38 34 27 29 19 22 29 26 33 28
642 22 109 36 22 28 7 19 5 28 35 34 27
643 22 68 23 30 31 1 17 21 25 13 33 27
644 22 94 15 21 28 1 20 26 30 15 33 27
645 22 93 47 34 30 11 19 33 32 24 34 28
646 22 117 18 10 32 1 19 24 26 28 34 27
647 22 74 12 13 27 1 20 38 21 6 33 27
648 22 230 17 24 16 50 30 47 28 3 34 28
649 22 153 44 36 32 27 18 25 27 19 33 27
650 22 379 32 27 29 1 21 25 27 25 33 28
651 22 81 17 18 33 1 20 27 27 16 33 27
652 22 142 18 13 31 1 20 45 31 11 33 27
653 22 119 30 10 28 1 21 17 29 28 34 27
654 22 121 15 19 25 1 23 27 25 12 33 27
655 22 60 19 27 30 1 24 39 23 12 33 27
656 22 77 22 26 29 11 17 44 25 9 33 28
657 22 97 20 27 24 59 18 37 23 16 33 27
658 22 131 34 31 30 25 24 41 24 18 33 28
659 22 56 18 29 29 1 18 28 27 14 33 27
660 22 276 22 27 19 30 17 21 27 24 33 28
661 22 36 27 49 15 16 19 56 27 1 33 27
662 22 108 14 38 18 16 23 31 22 14 33 27
663 22 129 24 20 27 22 26 47 31 9 34 28
664 22 122 37 30 30 66 20 25 37 28 34 28
665 22 156 25 26 27 50 19 44 23 9 33 27
666 22 112 29 29 25 2 23 21 30 28 34 27
667 22 111 19 23 25 45 19 23 27 24 33 27
668 22 223 41 44 25 66 22 44 19 6 33 27
669 22 103 46 33 42 9 24 38 24 9 33 28
670 22 139 24 8 33 14 20 14 20 30 34 28
671 22 81 29 18 27 16 16 39 25 25 33 28
672 22 177 42 33 29 48 21 8 31 34 34 28
673 22 136 35 25 33 1 14 5 26 44 34 28
674 22 314 14 13 20 1 17 9 21 31 34 27
675 22 72 33 35 23 1 26 1 24 30 34 27
676 22 151 24 13 33 8 25 19 24 25 33 27
677 22 79 33 16 40 24 19 20 19 23 33 27
678 22 213 27 23 35 1 19 30 25 16 33 27
679 22 180 37 39 21 35 18 20 32 24 33 27
680 22 269 33 26 37 39 29 35 30 20 33 28
681 22 106 33 20 32 37 22 22 35 31 34 27
682 22 68 32 32 27 4 20 32 23 21 33 27
683 22 136 28 10 46 1 25 52 26 12 33 27
684 22 85 37 11 36 69 26 23 23 20 33 28
685 22 76 46 21 38 74 24 41 26 21 33 28
686 22 105 35 42 21 6 20 23 23 23 33 27
687 22 111 22 32 15 13 20 26 23 12 33 27
688 22 142 38 23 34 22 20 23 33 29 34 27
689 22 107 20 24 24 33 15 34 33 19 33 27
690 22 85 29 26 27 63 11 28 31 16 33 28
691 22 216 32 12 37 1 27 12 27 36 34 27
692 22 79 37 27 33 21 24 30 27 28 34 27
693 22 83 22 39 18 1 25 51 34 1 33 28
694 22 53 31 41 28 1 24 30 23 15 33 27
695 22 155 33 17 39 34 22 46 17 19 33 27
696 22 164 30 4 39 1 23 22 31 31 34 27
697 22 134 21 38 28 23 23 51 29 4 33 27
698 22 115 33 36 30 1 20 25 21 16 33 28
699 22 155 35 35 30 17 24 40 20 25 33 27
700 22 139 50 33 38 64 24 25 25 21 33 27
701 22 114 33 28 34 14 18 14 27 32 34 27
702 22 103 29 30 30 46 17 13 27 32 34 28
703 22 116 30 2 35 1 16 1 24 44 34 27
704 22 88 29 28 34 26 19 25 29 23 33 27
705 22 156 42 26 34 26 14 14 37 31 34 27
706 22 76 19 30 21 1 25 24 28 19 33 28
707 22 79 23 29 33 1 21 31 28 18 33 27
708 22 192 41 20 30 41 20 9 33 35 34 28
709 22 93 28 11 30 59 19 26 37 28 34 27
710 22 198 28 24 41 1 20 42 26 13 33 28
711 22 72 32 18 36 26 21 28 27 27 34 27
712 22 189 39 26 40 1 20 16 26 34 34 27
713 22 102 15 20 24 8 24 25 20 19 33 27
714 22 160 40 13 38 27 15 18 27 27 34 27
715 22 131 26 29 27 38 34 38 25 8 33 28
716 22 123 33 13 33 35 22 25 29 23 33 28
717 22 270 42 38 30 36 22 14 29 25 33 28
718 22 98 37 45 30 26 17 34 16 7 33 27
719 22 74 24 26 21 14 25 45 38 5 33 28
720 22 81 30 33 30 96 15 35 13 18 33 28
721 22 92 24 27 28 46 23 45 35 12 33 28
722 22 120 37 32 34 45 18 23 17 26 34 27
723 22 250 42 23 32 1 14 4 24 33 34 27
724 22 105 29 29 22 1 13 18 20 29 34 27
725 22 219 11 23 29 49 20 39 21 13 33 27
726 22 83 9 29 20 1 23 42 38 10 33 27
727 22 109 29 36 21 1 29 44 18 2 33 27
728 22 107 38 24 39 46 29 28 29 16 33 28
729 22 81 23 14 34 33 20 45 21 12 33 28
730 22 78 33 12 40 33 20 17 29 41 34 28
731 22 66 33 31 30 11 18 17 27 35 34 27
732 22 208 43 27 38 15 20 40 29 15 34 27
733 22 49 29 31 26 13 21 34 29 18 34 28
734 22 47 25 39 23 8 25 51 25 2 34 28
735 22 114 19 15 27 1 14 44 31 10 33 27
736 22 231 37 25 33 27 18 30 23 27 34 27
737 22 134 75 38 22 34 25 34 30 18 33 28
738 22 208 38 13 36 1 21 10 21 33 34 27
739 22 156 19 25 14 1 25 26 25 21 33 27
740 22 100 33 36 24 51 27 38 19 16 33 28
741 22 73 38 33 27 40 25 21 11 27 34 28
742 22 114 34 34 22 1 18 11 23 28 34 28
743 22 65 35 20 36 55 25 40 30 12 34 27
744 22 84 10 11 22 13 22 32 29 19 33 27
745 22 156 33 23 28 33 24 30 21 17 33 28
746 22 67 28 21 32 28 28 44 31 7 33 27
747 22 184 26 37 24 20 26 40 22 15 33 28
748 22 71 39 46 23 1 21 48 26 10 33 27
749 22 172 24 16 36 1 20 36 30 16 33 27
750 22 120 19 19 32 1 22 25 25 25 33 27
751 22 132 34 12 34 9 18 1 32 39 34 27
752 22 135 20 27 16 1 22 7 28 31 34 27
753 22 59 41 40 27 21 26 45 31 1 33 27
754 22 102 28 33 30 3 26 18 25 23 33 27
755 22 463 17 35 15 1 24 44 27 12 33 27
756 22 59 33 33 31 16 29 41 32 13 33 27
757 22 128 33 29 35 8 20 33 25 19 33 27
758 22 105 30 32 35 29 18 33 25 18 33 28
759 22 100 41 32 28 1 25 21 29 24 34 28
760 22 61 21 14 39 1 19 20 32 31 34 27
761 22 166 31 18 30 58 20 28 22 20 33 28
762 22 113 39 32 33 79 19 34 34 26 34 28
763 22 150 34 31 26 4 17 31 21 20 33 27
764 22 88 15 29 16 1 13 32 28 17 33 27
765 22 106 29 18 31 28 21 21 27 32 34 27
766 22 133 32 45 17 1 22 30 24 18 33 28
767 22 93 28 18 36 38 21 39 26 9 33 27
768 22 135 26 24 28 11 18 29 27 17 33 28
769 22 155 31 23 34 81 20 41 32 16 33 27
770 22 118 22 17 29 42 19 37 30 12 33 27
771 22 69 38 26 31 16 18 23 27 23 33 27
772 22 86 26 28 31 31 25 35 25 19 33 28
773 22 167 32 26 28 58 17 35 25 16 33 28
774 22 77 22 12 31 2 22 12 38 41 34 27
775 22 119 26 36 17 22 22 24 36 24 33 27
776 22 233 34 41 28 1 17 24 14 17 33 28
777 22 365 27 25 32 52 18 30 28 26 33 28
778 22 72 31 26 33 58 18 28 28 19 33 28
779 22 158 33 8 44 44 16 9 35 32 34 28
780 22 184 37 39 29 13 22 30 39 21 33 28
781 22 180 42 35 31 33 19 10 23 35 34 27
782 22 106 5 14 25 1 20 8 24 35 34 28
783 22 203 23 1 39 48 18 23 32 23 33 28
784 22 68 48 38 25 100 21 39 35 23 33 28
785 22 109 39 25 34 87 19 31 31 14 34 28
786 22 92 21 19 29 8 25 31 27 17 33 27
787 22 145 38 34 33 1 19 15 19 27 34 28
788 22 91 28 18 36 80 20 42 27 10 33 27
789 22 162 34 35 23 22 21 22 25 25 33 27
790 22 98 34 35 24 1 25 29 30 18 33 27
791 22 91 44 23 42 70 21 24 26 27 34 27
792 22 136 41 25 38 83 26 32 23 16 33 27
793 22 96 37 35 27 51 23 23 34 23 33 27
794 22 99 15 25 28 10 21 34 26 20 33 28
795 22 474 11 22 26 450 30 32 26 12 33 27
796 22 76 28 1 46 65 23 24 28 32 34 27
797 22 180 17 23 27 1 18 11 32 31 34 27
798 22 241 42 34 36 1 24 26 34 27 34 28
799 22 233 36 33 24 9 26 30 36 27 33 27
800 22 293 45 27 39 1 20 17 33 22 33 28
801 22 98 39 28 31 30 14 27 31 27 33 28
802 22 123 21 10 30 72 22 30 39 14 33 27
803 22 76 31 27 30 24 16 23 24 26 34 27
804 22 124 38 33 24 56 17 22 28 23 33 28
805 22 120 42 40 33 15 21 32 29 26 34 28
806 22 174 42 23 34 83 18 29 23 19 33 28
807 22 72 39 25 40 10 16 22 35 29 34 28
808 22 148 37 32 29 1 23 28 22 26 33 27
809 22 203 13 27 19 1 18 49 27 11 33 27
810 22 105 39 33 28 27 17 29 37 23 33 27
811 22 94 27 21 34 19 19 27 25 22 33 27
812 22 112 30 23 29 50 20 17 30 37 34 27
813 22 90 30 29 27 40 25 46 34 14 33 27
814 22 101 32 16 31 43 26 18 33 26 34 28
815 22 81 20 27 24 35 28 34 22 13 33 27
816 22 156 35 29 34 22 15 37 27 12 34 28
817 22 47 31 47 23 87 25 54 25 1 33 27
818 22 62 31 22 30 77 22 44 29 15 33 28
819 22 41 11 23 27 20 25 36 24 12 33 27
820 22 209 30 26 29 51 23 11 20 21 33 28
821 22 93 34 43 22 45 22 42 25 12 33 28
822 22 219 24 17 35 11 26 12 28 29 34 28
823 22 177 27 34 24 1 34 38 30 7 33 27
824 22 330 24 9 33 59 23 44 24 19 33 27
825 22 99 33 22 31 1 25 24 25 22 33 27
826 22 116 22 26 28 1 24 10 34 33 34 28
827 22 144 25 19 25 30 24 24 29 25 33 27
828 22 108 25 19 36 63 26 34 22 15 33 27
829 22 158 26 1 37 1 22 7 26 32 34 27
830 22 64 20 13 31 82 14 43 22 21 33 27
831 22 80 22 33 26 4 24 28 21 13 33 27
832 22 106 27 25 31 1 20 24 21 20 33 27
833 22 99 32 17 41 35 23 45 28 18 33 28
834 22 139 15 16 26 50 15 32 22 15 34 28
835 22 257 19 13 26 17 20 40 25 22 33 27
836 22 196 39 34 31 24 15 19 22 22 33 28
837 22 133 23 14 24 19 17 22 27 30 34 27
838 22 164 31 27 32 57 16 30 24 19 33 27
839 22 31 17 36 21 36 20 52 25 1 33 27
840 22 198 45 27 40 101 24 16 38 41 34 28
841 22 150 23 8 39 57 20 38 36 22 33 27
842 22 271 37 13 34 13 21 17 25 35 34 27
843 22 116 18 13 33 1 22 34 25 25 33 27
844 22 102 22 10 32 1 17 32 43 23 33 27
845 22 118 36 26 31 1 20 29 34 33 34 28
846 22 98 39 29 36 3 18 34 29 24 33 28
847 22 102 20 25 19 32 17 21 23 22 33 27
848 22 55 36 39 28 81 21 34 26 13 33 28
849 22 163 18 21 24 1 18 10 21 30 34 27
850 22 153 17 14 28 1 20 24 22 24 33 27
851 22 101 34 28 31 74 24 41 26 14 33 27
852 22 101 43 28 24 88 23 11 25 33 34 27
853 22 241 41 25 30 60 27 29 27 21 33 27
854 22 139 48 46 37 42 28 46 19 9 33 27
855 22 189 33 33 28 58 25 33 25 13 33 28
856 22 193 37 36 31 80 25 42 24 22 33 28
857 22 57 35 40 21 79 21 44 24 9 34 27
858 22 147 20 17 29 62 20 25 22 20 33 27
859 22 57 28 30 31 72 27 32 23 16 33 28
860 22 307 27 16 30 18 28 29 21 22 33 28
861 22 240 48 39 35 4 13 19 27 30 34 27
862 22 134 20 24 23 1 17 19 22 17 33 27
863 22 55 36 44 21 61 19 37 28 16 33 28
864 22 103 33 4 45 85 21 24 31 36 34 27
865 22 64 13 27 21 1 29 43 30 12 33 27
866 22 195 28 32 21 9 26 33 25 14 34 28
867 22 99 27 25 25 1 19 10 28 33 34 27
868 22 110 23 30 22 1 23 23 29 23 33 27
869 22 118 37 28 26 38 22 17 24 21 33 27
870 22 98 24 38 22 8 22 26 19 9 33 27
871 22 86 34 22 32 57 20 21 25 25 34 28
872 22 180 37 33 32 94 20 29 29 12 33 28
873 22 273 34 27 30 55 17 12 20 30 34 27
874 22 114 41 24 40 94 14 26 26 30 34 28
875 22 78 17 31 22 1 25 44 30 12 33 27
876 22 82 22 18 38 1 25 40 19 16 33 28
877 22 69 25 18 32 37 24 31 29 27 33 27
878 22 71 15 21 28 35 24 30 27 11 33 27
879 22 203 25 32 32 25 26 29 28 21 33 27
880 22 124 42 15 40 76 24 14 21 32 34 27
881 22 146 16 23 30 13 23 51 20 10 33 27
882 22 87 27 38 23 54 20 47 23 1 33 28
883 22 118 35 35 28 1 20 23 26 23 33 28
884 22 80 35 29 29 1 20 26 24 11 33 28
885 22 108 28 20 31 69 20 29 30 22 33 27
886 22 126 31 31 26 60 21 31 37 19 33 28
887 22 107 33 18 42 8 21 32 30 22 33 28
888 22 236 37 26 29 40 24 12 32 38 34 28
889 22 201 23 17 34 9 22 44 32 18 33 27
890 22 71 42 28 34 1 23 35 36 18 33 28
891 22 125 34 22 35 1 16 21 29 24 33 27
892 22 408 43 14 45 20 28 11 27 39 34 27
893 22 277 31 20 29 96 20 29 30 24 33 27
894 22 171 47 28 33 1 20 16 32 36 34 28
895 22 131 44 46 17 70 19 34 26 19 33 28
896 22 85 30 22 30 18 21 28 27 18 33 27
897 22 108 31 13 31 39 20 33 26 20 33 27
898 22 120 25 24 27 1 20 7 26 26 33 28
899 22 84 19 34 22 4 29 35 25 8 33 27
900 22 74 35 30 29 36 21 23 26 20 33 27
901 22 80 28 19 27 90 18 18 31 30 34 27
902 22 198 36 23 32 40 16 20 24 19 33 27
903 22 127 35 44 19 58 19 43 25 10 33 28
904 22 101 33 31 33 25 23 30 25 20 33 28
905 22 116 31 9 33 34 28 15 25 29 34 27
906 22 125 41 18 40 21 30 30 27 31 34 27
907 22 101 38 36 28 66 18 4 29 36 34 27
908 22 205 26 39 23 1 24 28 29 13 33 27
909 22 70 33 35 27 1 18 21 30 18 33 27
910 22 93 17 12 32 1 22 38 27 20 33 27
911 22 150 38 38 27 63 19 22 36 22 33 27
912 22 100 24 22 37 1 26 29 28 18 33 28
913 22 327 24 24 24 1 19 24 28 22 33 27
914 22 166 33 12 32 82 22 11 32 28 34 27
915 22 82 37 28 27 26 20 25 33 36 34 28
916 22 67 33 48 16 1 13 27 25 15 33 27
917 22 113 30 11 36 53 28 28 29 13 33 27
918 22 46 17 38 21 1 15 31 13 4 33 27
919 22 58 27 41 14 43 20 33 24 18 34 28
920 22 44 16 35 30 1 24 44 28 1 33 27
921 22 139 35 27 38 103 28 41 26 20 33 28
922 22 206 21 24 28 1 14 16 25 30 34 27
923 22 82 16 32 25 20 22 34 26 11 33 27
924 22 250 21 26 30 1 16 29 31 21 33 28
925 22 165 36 12 42 1 25 27 33 25 33 28
926 22 115 31 41 21 41 21 22 30 22 33 27
927 22 123 33 38 25 61 23 34 16 12 33 28
928 22 126 29 24 25 4 21 22 20 16 33 27
929 22 203 48 34 36 70 27 34 31 33 34 28
930 22 100 24 19 28 35 18 22 21 24 33 27
931 22 161 44 24 29 16 26 8 25 33 34 28
932 22 139 28 30 35 1 18 26 23 25 33 27
933 22 126 33 26 28 1 25 22 31 17 33 27
934 22 214 42 28 39 61 25 21 30 32 34 28
935 22 122 30 30 29 5 26 30 20 23 33 28
936 22 118 38 34 26 1 19 16 39 28 34 27
937 22 85 20 27 29 1 24 15 30 25 33 27
938 22 147 26 23 18 22 18 37 25 26 33 27
939 22 71 32 40 23 1 26 57 29 9 33 28
940 22 147 39 24 35 40 25 24 23 30 34 28
941 22 86 14 23 23 2 15 26 26 18 33 27
942 22 139 28 20 33 80 22 53 27 7 33 27
943 22 1708 10 1 38 43 24 31 38 25 33 27
944 22 117 18 16 29 1 16 21 22 26 33 27
945 22 149 30 13 31 83 26 37 27 26 34 28
946 22 133 42 26 34 69 29 25 35 29 34 27
947 22 109 34 38 20 1 20 14 16 24 33 28
948 22 124 28 23 24 1 17 12 30 27 33 27
949 22 92 31 28 36 1 23 31 27 27 34 27
950 22 149 38 26 35 37 25 47 30 9 33 27
951 22 93 39 40 29 51 18 12 25 30 34 28
952 22 158 21 19 29 36 19 24 28 30 34 27
953 22 166 39 39 24 57 25 35 23 17 33 27
954 22 195 25 18 35 8 27 21 28 28 34 27
955 22 77 33 28 29 22 16 23 20 27 34 27
956 22 225 35 27 24 4 21 27 35 27 34 27
957 22 202 18 35 23 1 23 30 18 7 33 27
958 22 171 25 14 28 75 21 44 22 4 33 27
959 22 197 27 22 23 1 22 25 31 26 34 28
960 22 140 22 1 36 68 18 22 20 26 33 27
961 22 201 34 23 33 1 22 35 26 16 33 27
962 22 110 19 22 19 1 25 14 21 25 33 27
963 22 170 14 20 27 59 21 42 29 10 33 27
964 22 102 33 24 33 76 17 45 19 19 33 27
965 22 104 33 32 21 41 25 38 30 15 33 27
966 22 102 34 23 36 1 17 24 30 25 33 27
967 22 128 34 31 24 30 16 23 22 26 33 28
968 22 197 33 45 26 44 21 38 29 17 33 28
969 22 106 42 26 32 9 17 29 32 29 34 28
970 22 222 37 29 23 44 17 35 34 19 33 28
971 22 253 13 23 22 16 18 48 28 12 33 27
972 22 120 30 32 27 1 22 26 27 26 33 27
973 22 61 34 24 34 34 25 45 23 11 33 28
974 22 68 42 37 24 56 22 34 27 23 33 27
975 22 120 46 42 34 1 19 10 22 31 34 27
976 22 68 23 38 27 58 27 26 22 14 33 28
977 22 66 35 35 25 41 27 33 34 20 33 27
978 22 89 23 18 30 1 24 18 27 29 34 27
979 22 107 29 191 70 251 19 14 28 25 33 27
980 22 487 39 20 42 1 24 29 31 24 33 27
981 22 63 40 32 29 78 26 42 23 8 33 28
982 22 112 45 26 36 126 27 45 28 13 33 28
983 22 178 25 33 19 1 17 24 29 21 33 27
984 22 134 26 24 18 1 17 18 29 24 33 27
985 22 98 21 16 23 40 21 42 34 10 33 27
986 22 169 44 34 34 9 16 16 25 26 34 28
987 22 529 27 25 29 12 20 19 26 19 33 27
988 22 193 39 15 39 43 16 14 28 28 34 28
989 22 134 40 19 39 1 22 6 21 34 34 28
990 22 110 24 15 33 1 21 40 22 25 33 28
991 22 125 41 29 34 90 20 28 34 20 33 28
992 22 71 48 47 34 20 20 40 25 19 33 28
993 22 185 21 26 17 17 18 27 22 29 34 27
994 22 102 38 32 32 1 18 26 23 18 33 28
995 22 142 22 32 23 8 15 22 23 12 33 27
996 22 78 29 32 16 38 18 13 18 32 34 28
997 22 91 31 37 25 44 21 39 24 9 33 27
998 22 98 25 44 16 8 17 29 25 21 33 27
999 22 236 35 25 37 39 20 26 28 22 33 27
1000 22 191 28 30 25 12 22 17 19 29 34 28
