1 22 97 18 14 25 4 20 36 17 869 34 27
2 22 140 4 25 22 28 23 40 16 1340 34 27
3 22 159 44 31 40 58 24 27 22 375 34 27
4 22 220 32 17 34 94 20 30 27 751 34 28
5 22 86 22 25 24 40 17 39 19 1112 34 27
6 22 93 43 17 36 56 20 1 19 654 34 27
7 22 131 42 37 35 31 22 42 29 977 34 28
8 22 190 21 17 35 54 17 37 21 845 34 27
9 22 94 30 29 27 49 27 19 24 834 34 28
10 22 299 26 31 23 39 22 42 20 1440 34 27
11 22 262 31 19 28 33 20 3 82 1007 34 27
12 22 108 42 35 27 22 20 30 24 726 34 27
13 22 115 19 30 18 16 18 21 21 830 34 27
14 22 213 29 11 38 1 21 16 27 1236 34 27
15 22 99 11 12 36 1 23 20 28 1516 34 27
16 22 147 16 8 39 1 21 16 30 918 34 27
17 22 222 26 16 36 32 22 17 30 768 34 28
18 22 385 18 11 37 33 17 28 16 1468 34 27
19 22 143 25 1 29 1 18 12 28 850 34 28
20 22 228 24 31 32 1 22 17 27 1412 34 27
21 22 155 27 21 28 1 19 3 25 2007 34 27
22 22 134 15 22 24 1 21 39 19 771 34 27
23 22 120 34 27 26 53 21 32 29 852 34 28
24 22 119 23 37 20 68 21 28 18 970 34 27
25 22 354 18 26 16 1 25 41 19 399 34 27
26 22 226 35 27 31 1 18 16 36 1648 34 27
27 22 127 24 21 30 15 18 46 24 889 34 27
28 22 104 23 38 34 29 24 35 26 632 34 27
29 22 248 17 21 23 57 26 20 24 1780 34 27
30 22 158 32 22 28 62 20 31 22 561 34 27
31 22 215 17 22 28 68 26 47 20 954 34 27
32 22 107 21 10 30 6 16 16 25 304 34 27
33 22 227 37 24 77 13 22 34 20 1252 34 27
34 22 219 35 11 28 58 17 1 30 813 34 27
35 22 123 36 18 36 38 20 8 23 1229 34 27
36 22 114 24 24 29 1 20 42 28 157 34 27
37 22 217 22 22 25 12 20 20 20 1125 34 27
38 22 207 47 31 29 34 21 16 22 1729 34 28
39 22 120 28 29 36 30 21 52 26 691 34 27
40 22 87 40 25 34 65 20 44 20 598 34 27
41 22 178 32 34 22 14 19 14 23 671 34 27
42 22 95 21 2 30 1 20 20 27 1081 34 27
43 22 117 44 43 25 29 25 41 23 663 34 27
44 22 148 17 19 32 1 16 41 25 1022 34 27
45 22 121 31 28 26 67 18 18 28 802 34 28
46 22 78 33 22 37 83 25 52 26 490 34 27
47 22 113 26 28 32 30 22 37 24 678 34 27
48 22 160 12 4 35 27 26 40 24 568 34 27
49 22 103 33 20 33 36 22 31 29 687 34 27
50 22 258 32 30 25 1 25 24 24 1400 34 28
51 22 233 32 32 17 1 18 17 22 613 34 27
52 22 147 38 30 28 55 19 46 22 979 34 28
53 22 135 23 33 34 9 19 33 27 628 34 27
54 22 105 33 45 25 1 23 26 27 968 34 27
55 22 105 35 41 33 37 20 46 26 635 34 28
56 22 354 26 26 34 21 24 33 30 1638 34 28
57 22 95 27 30 25 19 20 16 24 729 34 28
58 22 118 39 20 42 67 20 38 27 502 34 27
59 22 103 38 30 31 51 19 35 31 1542 34 27
60 22 331 32 39 25 1 20 16 26 1062 34 27
61 22 128 42 31 31 1 17 17 34 434 34 27
62 22 120 42 35 36 9 21 38 27 871 34 27
63 22 156 22 24 27 57 22 28 18 403 34 27
64 22 102 33 40 21 1 16 33 26 955 34 27
65 22 118 34 12 45 101 25 28 34 795 34 27
66 22 196 42 31 37 1 20 11 37 818 34 27
67 22 154 16 9 32 1 15 15 31 1109 34 27
68 22 151 46 32 29 77 23 28 26 867 34 28
69 22 227 38 30 20 36 20 9 24 1193 34 28
70 22 232 41 28 29 48 20 32 25 2007 34 27
71 22 333 20 21 23 2 15 21 33 2007 34 27
72 22 168 29 22 30 34 22 32 25 808 34 27
73 22 100 18 29 31 72 22 46 26 1478 34 27
74 22 288 42 40 29 66 17 23 28 946 34 28
75 22 104 33 34 24 41 19 39 14 858 34 28
76 22 169 30 9 49 23 19 34 28 776 34 27
77 22 102 28 22 31 19 21 4 27 803 34 27
78 22 152 36 41 20 53 19 21 26 971 34 27
79 22 286 17 24 31 10 20 41 28 2007 34 27
80 22 111 34 32 30 39 18 23 27 410 34 28
81 22 210 33 29 30 23 24 31 27 1265 34 28
82 22 156 26 31 16 10 20 31 29 1088 34 27
83 22 127 19 23 25 1 16 3 27 1169 34 27
84 22 403 33 27 31 42 18 35 16 2007 34 28
85 22 222 25 24 31 86 23 32 24 207 34 27
86 22 231 26 19 33 21 18 39 27 2007 34 27
87 22 94 25 32 23 20 22 33 27 1037 34 28
88 22 278 25 22 27 46 23 24 16 2007 34 27
89 22 182 36 37 29 30 20 32 27 2000 34 28
90 22 124 24 15 41 48 21 53 27 1162 34 27
91 22 253 44 41 23 23 22 44 28 305 34 27
92 22 208 32 28 29 67 19 16 20 474 34 27
93 22 132 36 25 37 68 17 47 29 1223 34 27
94 22 113 27 9 35 26 17 21 30 979 34 27
95 22 160 19 24 30 29 23 34 24 568 34 27
96 22 114 27 22 31 45 21 27 21 706 34 28
97 22 137 41 16 33 10 20 1 28 883 34 27
98 22 241 21 41 20 1 21 40 20 1171 34 27
99 22 125 28 19 23 23 27 19 34 736 34 28
100 22 97 24 13 27 36 16 23 31 471 34 27
101 22 143 21 27 21 1 21 11 14 266 34 27
102 22 110 32 34 27 1 22 7 20 406 34 27
103 22 347 47 14 341 31 17 13 26 197 34 28
104 22 146 37 40 26 34 17 6 30 635 34 28
105 22 92 30 16 32 45 21 34 26 1367 34 27
106 22 125 21 2 40 1 20 32 31 680 34 27
107 22 124 29 41 17 41 20 43 25 609 34 27
108 22 176 11 22 22 1 16 20 19 914 34 27
109 22 152 22 34 23 30 18 53 23 549 34 27
110 22 132 13 22 21 1 20 23 24 775 34 27
111 22 235 18 23 29 1 19 14 19 1378 34 27
112 22 195 21 18 31 57 23 31 31 2007 34 27
113 22 95 37 37 26 2 14 10 29 1939 34 27
114 22 412 36 29 31 51 25 38 30 1609 34 28
115 22 127 34 25 36 46 25 22 26 921 34 27
116 22 158 20 1 43 59 20 27 25 362 34 27
117 22 131 25 32 27 1 15 17 21 812 34 27
118 22 133 32 23 30 27 16 20 32 605 34 27
119 22 180 40 29 35 40 23 44 25 863 34 27
120 22 213 45 23 40 67 23 13 29 697 34 27
121 22 127 15 26 26 1 20 25 16 974 34 27
122 22 139 30 2 39 51 20 22 37 903 34 27
123 22 86 37 14 49 1 17 14 29 1284 34 27
124 22 121 38 30 28 28 20 43 24 1029 34 28
125 22 120 38 17 33 71 20 1 20 608 34 27
126 22 128 17 21 29 1 20 2 28 1590 34 27
127 22 224 41 39 35 23 20 37 29 1589 34 28
128 22 83 29 19 27 35 22 33 27 661 34 27
129 22 148 33 25 39 63 20 35 29 1307 34 28
130 22 125 37 36 28 34 18 33 16 765 34 27
131 22 111 41 18 39 75 25 12 33 1022 34 27
132 22 359 35 41 15 24 19 16 29 1411 34 28
133 22 188 34 32 35 42 22 35 25 793 34 28
134 22 126 25 28 19 8 20 47 24 384 34 27
135 22 149 37 25 35 50 21 37 26 1294 34 28
136 22 105 28 33 27 1 16 10 26 88 34 27
137 22 133 35 41 27 28 29 33 35 1478 34 27
138 22 184 16 1 37 1 24 25 31 1268 34 27
139 22 378 24 5 36 7 18 26 28 464 34 27
140 22 124 31 27 27 94 20 33 26 780 34 27
141 22 225 35 13 45 47 29 30 31 2007 34 27
142 22 231 40 30 33 72 24 24 35 230 34 27
143 22 151 48 21 40 65 20 5 33 1250 34 27
144 22 121 36 27 32 56 20 34 25 802 34 27
145 22 151 32 30 25 1 21 21 25 548 34 27
146 22 115 30 25 26 37 19 36 22 1135 34 28
147 22 219 33 29 30 25 18 30 20 992 34 27
148 22 130 37 21 34 1 17 16 28 1748 34 27
149 22 109 38 44 28 1 22 42 19 569 34 28
150 22 128 42 25 34 79 22 29 24 928 34 27
151 22 107 30 7 34 1 21 27 33 1174 34 27
152 22 152 33 23 32 31 22 8 31 1046 34 27
153 22 132 33 28 22 26 23 12 23 557 34 28
154 22 482 39 33 24 50 20 16 23 1144 34 27
155 22 95 32 30 22 68 20 19 24 820 34 27
156 22 263 43 21 44 93 21 36 23 445 34 27
157 22 158 18 35 11 1 17 31 26 467 34 27
158 22 121 32 43 19 40 23 51 19 905 34 28
159 22 165 41 38 25 30 15 17 21 415 34 28
160 22 125 32 25 30 44 22 12 27 758 34 27
161 22 146 29 15 42 29 23 33 39 562 34 28
162 22 131 45 25 40 65 21 14 29 344 34 28
163 22 176 31 21 38 42 24 45 32 838 34 27
164 22 315 19 19 29 27 17 16 19 1625 34 27
165 22 153 14 21 20 1 18 32 22 1 33 27
166 22 173 25 33 22 10 18 7 31 1134 34 27
167 22 131 32 42 19 1 23 25 19 666 34 27
168 22 125 29 19 33 47 28 13 21 581 34 28
169 22 279 33 19 39 56 19 41 29 1260 34 27
170 22 540 23 14 33 55 18 14 24 1069 34 27
171 22 103 16 9 32 33 19 33 30 764 34 27
172 22 107 41 24 29 41 21 26 25 424 34 27
173 22 94 36 35 26 1 20 27 29 736 34 28
174 22 126 29 1 37 42 20 19 24 502 34 27
175 22 133 38 14 38 70 20 15 24 1149 34 28
176 22 535 36 25 37 43 24 7 27 964 34 27
177 22 113 33 13 37 52 20 25 23 2007 34 27
178 22 257 31 37 29 1 18 35 21 1853 34 27
179 22 121 43 30 33 67 16 8 33 888 34 27
180 22 114 48 34 38 1 24 26 28 812 34 27
181 22 137 23 40 22 1 19 15 18 1046 34 27
182 22 112 40 29 35 71 22 40 26 1073 34 27
183 22 141 32 13 33 46 18 14 16 932 34 27
184 22 126 51 28 27 28 17 1 32 921 34 27
185 22 124 34 30 23 1 16 8 25 902 34 27
186 22 117 17 24 22 1 21 5 19 202 34 27
187 22 140 34 19 39 64 25 49 29 1995 34 28
188 22 135 39 24 32 19 19 9 29 808 34 27
189 22 142 41 24 31 24 20 17 31 995 34 27
190 22 152 17 16 28 37 22 25 26 873 34 27
191 22 144 40 40 21 59 24 30 25 2007 34 27
192 22 208 36 27 23 34 18 17 27 349 34 27
193 22 147 40 23 30 1 18 14 21 914 34 28
194 22 130 28 22 30 26 21 30 26 1004 34 27
195 22 142 41 22 41 61 19 32 25 1205 34 27
196 22 149 20 31 23 51 21 41 27 1228 34 27
197 22 82 32 36 31 1 15 36 30 612 34 27
198 22 116 17 35 17 1 23 50 27 883 34 27
199 22 122 36 20 38 1 18 25 24 1196 34 27
200 22 164 38 43 36 1 19 30 36 781 34 27
201 22 215 29 17 33 50 19 21 26 1519 34 27
202 22 274 25 25 18 1 21 15 22 1778 34 27
203 22 101 35 22 41 47 27 23 32 1963 34 27
204 22 146 21 19 28 2 20 36 28 1009 34 27
205 22 105 25 24 21 34 23 33 31 979 34 28
206 22 90 37 30 31 46 18 37 19 579 34 27
207 22 104 40 23 38 1 19 11 29 868 34 27
208 22 143 31 29 32 26 25 42 21 566 34 27
209 22 109 26 26 29 1 21 26 27 1108 34 28
210 22 128 29 24 32 26 27 37 26 1184 34 27
211 22 130 37 22 39 34 19 43 31 545 34 27
212 22 186 21 12 34 1 19 27 28 927 34 27
213 22 85 17 25 25 1 22 31 15 706 34 27
214 22 93 34 17 43 1 17 25 34 678 34 28
215 22 88 28 20 34 54 18 25 30 536 34 27
216 22 208 31 19 34 53 25 26 21 1177 34 27
217 22 132 10 23 21 23 24 25 22 426 34 28
218 22 218 49 34 37 1 19 127 32 257 34 27
219 22 149 35 16 29 63 22 20 26 1136 34 27
220 22 107 14 30 22 1 20 38 25 449 34 27
221 22 128 36 28 35 55 16 15 23 827 34 28
222 22 89 21 23 15 46 20 23 17 272 34 27
223 22 222 15 14 28 1 25 31 25 511 34 27
224 22 182 17 25 25 1 16 22 31 1192 34 27
225 22 118 33 5 40 24 22 5 25 1360 34 28
226 22 110 48 41 32 7 24 4 33 1351 34 27
227 22 146 40 35 29 1 23 31 30 1002 34 28
228 22 116 26 36 19 21 28 54 22 592 34 27
229 22 99 24 18 28 15 17 27 33 305 34 27
230 22 123 25 33 33 20 17 32 28 784 34 27
231 22 130 39 30 25 39 18 34 29 833 34 27
232 22 191 29 16 20 40 19 13 21 1032 34 27
233 22 118 31 21 34 35 23 44 32 991 34 28
234 22 91 22 13 38 1 16 12 43 751 34 27
235 22 110 23 22 18 60 26 33 21 816 34 28
236 22 149 43 32 26 38 21 15 23 1433 34 27
237 22 97 1 18 29 1 21 49 32 757 34 27
238 22 187 41 21 35 82 18 26 30 1290 34 27
239 22 228 45 16 42 86 21 20 32 1312 34 27
240 22 269 29 28 22 20 23 23 28 2007 34 27
241 22 214 16 13 31 40 24 32 31 673 34 27
242 22 104 46 29 37 21 21 22 29 973 34 27
243 22 192 6 20 16 46 20 35 27 656 34 27
244 22 134 50 30 43 1 22 1 26 994 34 27
245 22 108 30 15 28 24 22 23 35 1238 34 27
246 22 92 25 24 35 1 23 30 21 929 34 27
247 22 218 17 1 42 36 20 29 31 275 34 27
248 22 113 32 24 31 45 21 14 26 288 34 27
249 22 121 44 44 26 1 16 15 27 1219 34 28
250 22 94 25 12 39 21 18 19 30 1138 34 27
251 22 115 37 52 15 12 21 37 28 944 34 28
252 22 132 14 22 23 48 18 46 24 2007 34 27
253 22 137 51 33 32 58 25 21 26 945 34 27
254 22 826 33 21 34 67 21 45 25 1051 34 27
255 22 196 19 10 28 1 19 33 32 1050 34 27
256 22 108 25 23 26 38 22 24 33 794 34 27
257 22 93 31 15 33 4 22 31 30 731 34 27
258 22 221 48 23 39 79 20 11 27 1138 34 28
259 22 209 24 30 24 12 24 47 24 1171 34 27
260 22 105 39 42 26 64 19 17 31 655 34 27
261 22 144 34 28 29 57 23 24 24 1024 34 27
262 22 132 27 17 37 16 26 28 21 575 34 28
263 22 159 24 25 32 13 25 40 28 439 34 27
264 22 102 35 25 36 8 16 5 23 593 34 27
265 22 162 23 16 29 1 19 19 37 1343 34 28
266 22 180 22 33 28 6 20 40 17 835 34 27
267 22 117 32 20 36 52 21 34 24 1151 34 27
268 22 198 31 33 25 35 31 41 24 949 34 27
269 22 139 21 14 35 66 23 41 25 874 34 27
270 22 202 16 32 15 1 23 42 24 751 34 27
271 22 134 24 24 38 1 21 32 34 913 34 28
272 22 133 30 3 41 44 21 7 30 1122 34 28
273 22 123 43 41 29 58 21 39 30 677 34 27
274 22 126 38 19 29 105 17 19 27 1297 34 27
275 22 142 39 31 27 54 22 6 24 648 34 27
276 22 110 41 12 41 45 19 16 36 860 34 27
277 22 152 31 38 16 32 21 31 23 657 34 27
278 22 144 32 18 25 46 21 8 24 1593 34 27
279 22 119 38 32 31 41 24 38 16 614 34 27
280 22 94 58 29 42 55 21 11 39 772 34 27
281 22 91 16 30 17 1 18 31 27 993 34 27
282 22 180 38 40 21 83 19 27 27 537 34 27
283 22 149 35 27 30 58 15 22 23 1223 34 27
284 22 102 30 17 38 59 17 22 24 516 34 27
285 22 293 29 32 17 1 20 36 33 1250 34 27
286 22 170 32 12 33 44 20 26 18 688 34 27
287 22 170 29 28 22 35 24 33 24 675 34 27
288 22 167 32 30 30 1 24 10 27 1613 34 28
289 22 124 36 21 39 45 24 33 26 787 34 28
290 22 173 37 27 31 28 25 47 23 828 34 27
291 22 433 33 15 39 43 20 34 24 1841 34 27
292 22 131 23 31 18 23 22 28 18 822 34 27
293 22 96 44 32 39 1 21 32 27 610 34 27
294 22 145 12 1 38 1 21 18 28 2007 34 27
295 22 132 27 32 26 30 23 22 25 894 34 28
296 22 192 28 45 17 29 22 31 24 1227 34 28
297 22 340 188 284 51 254 60 287 431 286 34 27
298 22 117 29 33 26 43 24 31 25 1357 34 27
299 22 136 32 27 28 19 22 41 15 898 34 28
300 22 271 29 11 36 69 25 38 21 1043 34 27
301 22 113 39 19 32 109 25 26 23 634 34 27
302 22 120 29 8 32 61 24 10 27 745 34 28
303 22 116 26 11 28 22 21 22 21 343 34 27
304 22 99 26 19 35 36 18 47 28 431 34 27
305 22 185 22 10 32 41 22 5 28 687 34 27
306 22 93 22 1 47 36 22 8 37 651 34 28
307 22 104 28 29 20 73 19 24 29 705 34 27
308 22 97 38 36 31 61 20 39 35 651 34 28
309 22 109 29 27 23 83 24 40 18 945 34 28
310 22 182 34 13 43 64 22 26 26 1119 34 28
311 22 915 40 41 28 38 20 16 23 2007 34 27
312 22 106 27 31 27 1 20 10 24 752 34 27
313 22 150 20 22 18 12 21 31 24 2007 34 27
314 22 100 33 14 32 30 17 8 31 766 34 27
315 22 130 36 14 32 54 19 23 32 862 34 27
316 21 144 19 17 26 31 21 32 22 1148 34 27
317 22 193 22 38 20 11 24 30 32 674 34 27
318 22 100 25 26 24 28 23 14 37 1740 34 27
319 22 115 46 30 36 83 19 20 26 977 34 27
320 22 181 34 30 25 1 17 14 23 1774 34 27
321 22 89 37 19 43 43 19 1 30 1565 34 28
322 22 91 18 27 14 25 19 1 33 1071 34 27
323 22 103 37 34 22 56 26 34 23 1181 34 28
324 22 138 41 33 30 47 22 36 27 1172 34 27
325 22 122 36 21 39 1 20 36 27 330 34 27
326 22 102 35 30 27 41 26 18 25 901 34 28
327 22 105 29 32 30 13 20 35 29 724 34 27
328 22 95 17 22 29 1 20 39 25 1062 34 27
329 22 150 31 7 40 34 19 16 21 203 34 28
330 22 83 16 32 28 1 24 45 26 1103 34 27
331 22 144 38 5 43 75 26 28 31 887 34 28
332 22 234 16 25 24 41 25 35 22 1351 34 27
333 22 132 35 40 28 1 19 16 26 1320 34 27
334 22 102 31 28 35 1 16 19 24 588 34 27
335 22 120 22 23 29 1 18 21 29 253 34 27
336 22 162 44 43 34 1 24 36 35 696 34 28
337 22 123 18 16 27 12 23 32 25 1217 34 27
338 22 183 28 34 21 45 26 33 26 1103 34 27
339 22 209 23 34 23 58 24 48 30 1120 34 27
340 22 114 42 23 32 119 23 41 23 584 34 27
341 22 97 33 33 27 70 18 21 24 1393 34 27
342 22 109 24 24 26 1 16 16 25 630 34 27
343 22 124 18 1 44 8 14 17 126 689 34 27
344 22 142 29 18 32 38 23 47 25 1193 34 28
345 22 199 50 33 40 28 22 11 30 963 34 27
346 22 252 30 26 29 1 25 19 25 749 34 27
347 22 106 31 24 23 1 20 23 28 246 34 27
348 22 102 24 22 29 1 22 37 27 875 34 27
349 22 146 37 32 30 33 21 34 26 920 34 28
350 22 106 28 20 33 16 19 30 24 814 34 27
351 22 108 26 27 16 61 23 45 21 1925 34 27
352 22 103 27 1 39 64 24 14 21 1201 34 27
353 22 199 35 30 31 9 22 26 21 1284 34 27
354 22 85 14 25 30 1 23 52 26 646 34 27
355 22 212 11 8 34 18 20 41 32 1824 34 27
356 22 131 25 26 18 37 21 29 21 739 34 27
357 22 124 15 18 29 41 28 39 24 655 34 27
358 22 135 29 33 17 1 16 4 24 849 34 27
359 22 130 26 11 36 72 25 35 19 727 34 27
360 22 128 23 11 28 27 20 27 29 631 34 27
361 22 200 39 22 33 26 22 4 31 1559 34 27
362 22 155 19 30 22 29 24 60 25 1483 34 27
363 22 124 22 32 22 10 24 30 35 851 34 27
364 22 156 26 28 19 6 24 13 22 811 34 27
365 22 90 32 22 36 63 21 41 29 613 34 27
366 22 491 38 42 24 1 19 30 20 339 34 27
367 22 194 22 24 29 1 21 23 30 1739 34 27
368 22 126 38 38 26 1 14 15 28 1123 34 27
369 22 130 38 45 24 30 15 59 27 371 34 27
370 22 135 31 37 16 74 21 19 14 914 34 27
371 22 249 25 14 36 41 19 46 16 496 34 27
372 22 112 39 36 30 1 20 13 23 1225 34 27
373 22 111 17 16 29 1 22 12 20 781 34 27
374 22 143 35 29 26 67 19 18 16 417 34 27
375 22 120 34 28 27 47 18 40 32 1446 34 27
376 22 79 27 25 35 1 19 14 25 780 34 27
377 22 107 27 23 32 8 20 38 27 1691 34 28
378 22 622 26 20 28 46 23 42 18 1000 34 27
379 22 153 31 23 29 19 19 31 26 788 34 28
380 22 106 32 29 30 57 23 47 27 1841 34 28
381 22 123 37 18 28 3 29 17 25 938 34 28
382 22 216 10 14 32 47 21 47 33 837 34 27
383 22 97 7 40 15 1 23 35 28 718 34 27
384 22 129 19 28 25 1 19 36 34 1214 34 27
385 22 211 37 27 26 85 17 26 28 1270 34 27
386 22 129 38 36 32 25 19 17 21 122 34 27
387 22 557 51 21 50 41 23 18 26 1789 34 27
388 22 180 34 32 28 49 19 18 18 851 34 28
389 22 150 15 5 34 1 22 8 24 663 34 27
390 22 117 24 21 25 45 23 38 22 1962 34 27
391 22 136 16 1 31 46 14 35 29 735 34 28
392 22 112 31 39 23 4 16 13 21 1106 34 27
393 22 214 39 29 36 1 21 40 27 882 34 27
394 22 87 30 29 29 80 22 39 30 845 34 28
395 22 96 29 17 35 39 23 34 28 465 34 27
396 22 122 41 31 41 18 22 35 26 632 34 27
397 22 98 19 16 26 19 24 29 32 706 34 27
398 22 150 40 31 35 60 14 15 21 815 34 27
399 22 214 29 33 25 64 23 34 24 1743 34 27
400 22 105 35 37 26 1 18 15 24 908 34 27
401 22 106 25 30 19 20 19 10 19 800 34 27
402 22 112 36 31 27 1 16 21 34 1736 34 27
403 22 151 31 25 25 37 22 6 28 971 34 28
404 22 107 33 33 23 56 20 15 19 759 34 27
405 22 147 31 1 41 43 23 12 30 854 34 28
406 22 152 34 24 27 1 16 26 25 1073 34 28
407 22 278 36 10 34 36 21 1 26 1711 34 27
408 22 99 29 31 18 17 21 35 24 944 34 27
409 22 147 34 25 29 63 21 27 33 839 34 28
410 22 114 35 30 21 1 18 11 21 361 34 28
411 22 871 27 9 39 70 19 26 26 1612 34 27
412 22 88 17 26 31 19 23 35 27 474 34 27
413 22 223 28 46 30 1 17 40 27 2009 34 28
414 22 152 43 22 36 5 19 19 41 708 34 27
415 22 128 35 17 38 67 23 31 21 1583 34 27
416 22 103 32 21 37 8 26 40 26 580 34 28
417 22 113 43 28 37 1 17 20 23 787 34 27
418 22 163 28 8 44 14 21 13 31 935 34 27
419 22 92 33 39 31 12 26 51 20 571 34 27
420 22 92 28 34 29 1 22 38 33 1102 34 27
421 22 110 31 25 22 102 23 28 28 944 34 27
422 22 259 40 27 39 1 25 9 27 1322 34 27
423 22 564 23 26 33 1 23 32 22 1366 34 27
424 22 127 36 27 34 1 22 23 24 626 34 28
425 22 97 38 29 31 3 19 27 27 822 34 27
426 22 137 32 31 32 72 23 46 27 689 34 28
427 22 92 37 24 37 64 26 44 28 1031 34 27
428 22 166 10 35 12 3 21 28 19 1067 34 27
429 22 112 37 20 41 1 21 33 29 769 34 28
430 22 133 32 23 40 6 17 31 30 1708 34 27
431 22 182 11 1 34 12 18 19 30 946 34 27
432 22 121 25 21 28 1 24 7 29 1154 34 27
433 22 109 34 35 27 50 18 33 26 787 34 28
434 22 343 24 36 26 1 24 29 17 2007 34 27
435 22 107 25 20 29 14 19 18 31 735 34 27
436 22 119 23 27 17 14 15 21 25 1062 34 27
437 22 97 44 37 32 24 19 34 21 782 34 27
438 22 99 38 26 30 1 20 5 38 892 34 27
439 22 545 29 22 31 8 20 18 29 799 34 27
440 22 128 34 29 23 56 22 33 28 1085 34 27
441 22 410 38 34 31 1 23 14 29 2007 34 27
442 22 201 31 22 34 1 22 15 34 1157 34 28
443 22 126 37 25 33 7 24 30 30 1555 34 28
444 22 107 23 24 23 29 23 13 30 773 34 27
445 22 197 43 38 30 1 21 30 28 828 34 28
446 22 233 38 28 28 1 19 33 38 886 34 28
447 22 152 41 32 36 68 21 35 31 692 34 28
448 22 795 21 16 32 12 22 27 20 2007 34 27
449 22 192 31 34 24 46 22 31 26 1874 34 27
450 22 138 37 19 40 9 15 7 25 881 34 28
451 22 126 291 122 23 86 20 31 28 579 34 27
452 22 115 36 23 31 78 23 47 27 1281 34 27
453 22 587 36 25 22 58 21 28 21 1610 34 27
454 22 108 36 33 32 33 19 28 26 741 34 27
455 22 307 41 27 30 40 22 25 26 1020 34 28
456 22 241 34 25 35 55 17 40 28 347 34 27
457 22 245 45 21 31 54 22 27 37 2007 34 27
458 22 123 47 35 36 25 22 12 36 544 34 28
459 22 191 45 41 31 1 17 10 21 2007 34 27
460 22 527 35 29 26 13 17 12 36 2005 34 28
461 22 105 27 14 31 1 18 22 20 1091 34 27
462 22 166 30 37 26 33 23 34 24 1904 34 27
463 22 109 44 32 26 28 25 35 23 819 34 27
464 22 115 35 12 32 87 24 1 30 866 34 27
465 22 143 41 38 21 19 23 15 24 462 34 28
466 22 143 6 17 27 34 22 46 24 446 34 27
467 22 158 12 11 25 25 19 15 25 1301 34 27
468 22 203 25 22 32 60 18 26 31 1186 34 27
469 22 119 33 27 35 70 28 35 27 800 34 27
470 22 129 21 25 24 1 22 3 30 1511 34 27
471 22 115 33 34 33 30 19 57 29 1021 34 27
472 22 270 30 38 21 1 18 12 29 596 34 27
473 22 1933 17 23 29 23 24 46 23 2007 34 27
474 22 311 37 35 22 29 19 12 21 1558 34 27
475 22 204 33 21 37 108 19 51 30 1188 34 27
476 22 105 47 40 23 2 20 25 22 2007 34 27
477 22 110 22 14 28 1 19 9 24 623 34 27
478 22 91 11 22 18 18 19 34 19 868 34 27
479 22 631 36 40 27 18 19 29 27 1812 34 27
480 22 107 13 18 27 1 21 35 25 522 34 27
481 22 123 18 32 20 1 19 14 30 1468 34 27
482 22 91 32 46 11 1 18 32 20 1110 34 27
483 22 164 28 3 30 13 20 17 24 1292 34 27
484 22 209 21 15 37 35 23 36 35 1113 34 27
485 22 100 33 38 32 11 22 39 28 579 34 28
486 22 126 37 22 38 91 20 44 25 915 34 27
487 22 345 25 18 28 63 23 21 30 779 34 27
488 22 380 36 30 23 32 25 8 32 366 34 27
489 22 130 29 11 35 1 18 15 17 1068 34 27
490 22 127 21 27 32 1 22 25 19 825 34 27
491 22 125 16 28 28 1 25 21 36 1761 34 27
492 22 139 43 33 34 21 20 19 17 867 34 28
493 22 202 16 18 29 1 23 48 32 1105 34 27
494 22 140 36 26 30 8 21 14 33 1078 34 27
495 22 380 33 16 27 46 23 5 21 1339 34 27
496 22 125 18 9 30 34 18 24 28 1509 34 27
497 22 126 51 21 42 43 21 13 32 293 34 28
498 22 138 34 14 43 89 25 17 30 962 34 27
499 22 126 25 37 21 1 20 32 20 1228 34 27
500 22 143 22 9 35 2 17 26 30 1072 34 27
501 22 100 23 27 34 1 26 36 23 1158 34 27
502 22 182 30 37 20 57 18 40 24 161 34 27
503 22 148 44 21 37 61 26 26 29 1011 34 28
504 22 225 33 29 33 3 16 38 26 956 34 27
505 22 116 28 32 22 26 21 18 25 956 34 27
506 22 83 16 20 33 24 17 30 26 704 34 27
507 22 169 19 25 20 1 23 8 30 491 34 27
508 22 86 25 34 16 19 23 29 22 1526 34 27
509 22 123 23 24 21 84 22 26 15 682 34 27
510 22 93 25 29 31 57 23 38 32 1202 34 27
511 22 119 11 19 27 1 19 37 23 1174 34 27
512 22 122 31 30 19 58 25 36 21 683 34 28
513 22 168 21 3 36 8 19 29 23 732 34 27
514 22 88 17 13 42 1 25 50 23 589 34 27
515 22 368 40 37 33 17 23 46 27 1251 34 27
516 22 372 32 31 36 17 20 31 29 1414 34 28
517 22 106 34 33 24 1 16 8 25 704 34 28
518 22 238 33 46 21 1 19 29 28 1310 34 27
519 22 342 42 32 25 66 19 18 23 1750 34 27
520 22 208 42 32 33 1 20 32 21 420 34 28
521 22 109 34 13 38 15 20 5 33 586 34 27
522 22 312 42 35 34 1 15 17 29 1218 34 27
523 22 257 19 20 35 4 22 37 24 2007 34 27
524 22 142 21 19 32 1 19 26 28 904 34 27
525 22 106 20 15 34 1 17 28 27 917 34 27
526 22 180 28 30 28 42 23 8 27 1281 34 28
527 22 118 37 21 34 23 25 22 31 630 34 28
528 22 155 25 14 26 1 15 8 35 1623 34 27
529 22 96 36 31 28 69 19 25 19 839 34 28
530 22 210 37 30 33 22 27 28 21 938 34 27
531 22 104 28 27 37 42 20 36 27 1429 34 27
532 22 217 38 33 27 15 24 20 30 1149 34 28
533 22 337 34 46 24 22 18 25 21 444 34 27
534 22 104 35 36 23 21 25 25 24 696 34 27
535 22 113 26 32 18 34 18 27 22 744 34 28
536 22 122 16 12 29 15 23 31 24 821 34 27
537 22 234 39 33 28 25 22 27 24 1354 34 27
538 22 130 35 24 32 31 24 23 28 705 34 27
539 22 111 40 34 27 3 23 24 21 902 34 28
540 22 270 25 17 19 1 24 1 25 1116 34 27
541 22 133 35 19 32 1 23 22 18 1135 34 27
542 22 99 27 37 28 21 20 47 22 1044 34 28
543 22 115 34 19 37 1 24 27 30 182 34 27
544 22 129 33 19 33 33 17 23 32 598 34 27
545 22 113 27 26 25 1 20 27 25 510 34 27
546 22 191 22 19 26 35 22 30 23 2007 34 27
547 22 243 25 11 34 38 17 20 27 1291 34 27
548 22 92 29 31 31 69 17 44 32 764 34 28
549 22 151 35 24 29 26 23 35 21 659 34 27
550 22 98 20 28 15 2 19 6 22 1316 34 27
551 22 115 39 30 33 35 24 32 25 947 34 27
552 22 111 35 31 30 42 18 27 28 836 34 27
553 22 119 40 18 45 62 25 14 15 1042 34 27
554 22 177 35 36 28 6 19 12 23 958 34 28
555 22 246 34 159 23 44 17 10 20 2007 34 27
556 22 186 36 37 33 1 20 30 28 1256 34 27
557 22 105 37 34 37 80 20 44 24 1166 34 27
558 22 329 50 27 39 74 21 23 30 2007 34 27
559 22 95 14 28 16 1 25 39 25 720 34 27
560 22 103 19 18 25 30 21 26 19 399 34 27
561 22 148 22 24 30 38 23 44 26 1194 34 28
562 22 154 36 43 29 79 18 47 27 1788 34 27
563 22 121 34 30 24 52 18 4 23 1103 34 27
564 22 122 30 7 35 45 25 4 27 1175 34 27
565 22 134 19 32 20 17 28 41 36 1190 34 27
566 22 127 48 29 35 42 22 23 34 1671 34 28
567 22 113 33 38 21 39 20 26 30 1271 34 27
568 22 194 37 35 30 11 21 40 26 1053 34 28
569 22 171 22 26 29 1 22 22 25 1007 34 27
570 22 163 20 1 27 31 22 19 27 1631 34 27
571 22 158 45 36 34 50 28 23 25 403 34 28
572 22 133 18 17 28 20 16 32 33 848 34 27
573 22 112 31 37 22 30 23 39 28 1939 34 27
574 22 111 11 26 20 1 22 35 28 818 34 27
575 22 85 37 27 26 1 18 41 19 1268 34 28
576 22 97 23 21 25 1 26 14 32 1058 34 27
577 22 146 34 8 39 3 21 17 27 585 34 28
578 22 108 33 24 30 19 20 40 28 1108 34 28
579 22 284 35 33 26 48 22 11 29 760 34 27
580 22 227 31 33 33 30 25 45 35 1203 34 28
581 22 118 31 28 29 1 25 3 23 852 34 27
582 22 191 32 21 31 29 22 45 25 2007 34 27
583 22 245 38 28 39 108 21 42 27 1541 34 28
584 22 104 41 21 35 76 23 11 28 797 34 27
585 22 195 38 15 41 60 25 16 22 788 34 28
586 22 149 25 35 24 63 25 40 29 799 34 27
587 22 129 16 25 19 20 21 37 18 231 34 27
588 22 146 32 37 17 1 20 32 26 1103 34 27
589 22 115 39 24 30 77 18 24 30 665 34 28
590 22 156 25 11 31 2 27 27 24 775 34 28
591 22 204 34 24 35 59 20 31 19 887 34 28
592 22 192 18 17 31 1 18 37 27 628 34 27
593 22 204 27 17 23 51 20 9 29 838 34 27
594 22 197 33 32 25 70 14 4 24 2007 34 27
595 22 119 33 36 21 41 23 7 22 893 34 27
596 22 121 36 34 25 1 23 27 30 1626 34 27
597 22 246 31 33 30 26 22 10 27 1418 34 27
598 22 108 42 35 29 21 19 17 22 742 34 27
599 22 163 37 29 32 21 23 33 20 415 34 27
600 22 137 40 43 19 33 24 30 23 765 34 27
601 22 137 9 15 26 14 23 28 20 352 34 27
602 22 197 25 31 22 1 20 25 24 1917 34 27
603 22 108 32 30 26 77 18 10 32 1276 34 28
604 22 142 54 21 35 100 26 11 24 752 34 27
605 22 140 27 39 22 1 19 17 28 1350 34 27
606 22 310 17 17 26 9 20 38 25 1518 34 27
607 22 127 36 18 37 97 26 26 34 1257 34 27
608 22 141 34 17 40 85 19 45 25 644 34 27
609 22 136 40 26 31 60 24 36 27 1021 34 27
610 22 124 27 38 15 1 16 40 26 910 34 27
611 22 154 32 20 31 17 21 21 27 462 34 27
612 22 163 30 13 40 27 21 41 19 833 34 27
613 22 93 28 31 24 89 18 39 17 876 34 27
614 22 168 41 41 37 19 20 40 29 223 34 27
615 22 229 43 13 43 59 19 20 25 437 34 27
616 22 184 34 24 34 34 22 23 31 2007 34 27
617 22 261 29 26 35 45 21 46 22 1781 34 28
618 22 87 32 21 28 18 18 21 31 636 34 27
619 22 118 33 37 21 1 17 22 20 1042 34 28
620 22 98 34 19 41 1 19 26 32 302 34 27
621 22 141 47 29 32 15 23 25 23 1074 34 27
622 22 176 37 37 27 5 21 39 32 1192 34 27
623 22 130 25 43 14 22 17 34 11 1204 34 27
624 22 147 24 19 28 60 19 21 26 1548 34 27
625 22 101 28 20 32 24 20 36 18 697 34 27
626 22 167 26 13 33 50 27 22 25 1069 34 27
627 22 134 25 29 26 56 22 32 29 887 34 27
628 22 108 42 34 38 16 16 28 22 646 34 28
629 22 217 20 9 24 5 20 21 622 367 34 27
630 22 251 14 26 22 1 23 35 32 1372 34 27
631 22 462 36 30 29 1 20 7 33 816 34 27
632 22 226 24 33 20 22 22 38 24 1829 34 27
633 22 138 36 37 28 1 22 1 25 814 34 28
634 22 117 33 32 29 29 21 27 27 1146 34 27
635 22 154 31 40 13 49 25 29 27 1055 34 27
636 22 387 46 23 33 46 28 20 29 1344 34 28
637 22 122 35 24 29 12 24 21 27 990 34 27
638 22 117 26 34 22 1 18 45 27 1212 34 28
639 22 310 34 22 33 93 25 45 24 2007 34 27
640 22 197 45 35 32 15 21 23 29 525 34 27
641 22 443 25 3 33 19 23 1 21 1808 34 27
642 22 103 20 22 28 1 22 27 20 1160 34 27
643 22 122 45 11 40 29 17 1 36 536 34 27
644 22 197 17 35 24 9 20 58 30 223 34 27
645 22 111 34 34 22 29 19 30 20 649 34 28
646 22 207 27 29 22 21 18 19 19 977 34 27
647 22 114 22 42 11 30 22 37 20 567 34 27
648 22 272 22 29 21 10 22 39 19 799 34 27
649 22 266 41 41 26 1 18 13 20 2007 34 27
650 22 102 29 22 36 41 19 19 26 912 34 27
651 22 95 27 31 20 51 22 34 24 833 34 27
652 22 109 31 38 25 21 19 36 19 736 34 27
653 22 181 22 23 28 1 20 26 23 370 34 27
654 22 101 35 33 32 1 20 13 22 855 34 27
655 22 146 34 16 41 1 24 21 30 2006 34 27
656 22 117 26 23 24 18 23 26 21 729 34 27
657 22 132 49 252 139 12 23 96 271 1277 34 28
658 22 243 22 35 14 1 26 48 25 1832 34 27
659 22 165 20 28 23 39 20 30 19 728 34 27
660 22 279 38 43 31 1 21 38 31 1975 34 27
661 22 116 24 35 23 4 36 41 21 434 34 27
662 22 117 40 31 35 27 20 35 29 1115 34 27
663 22 97 11 1 36 46 16 24 23 736 34 27
664 22 99 34 35 23 1 20 10 28 1258 34 28
665 22 201 41 26 30 18 24 19 32 1433 34 27
666 22 170 24 38 26 28 25 46 20 741 34 28
667 22 120 36 31 35 71 22 30 23 2007 34 28
668 22 233 35 27 33 15 22 35 25 1037 34 27
669 22 139 29 32 19 52 23 13 20 676 34 27
670 22 111 39 17 38 26 17 8 30 967 34 27
671 22 125 31 26 27 24 24 7 20 562 34 27
672 22 111 23 17 30 35 25 32 31 619 34 28
673 22 153 36 26 29 44 22 20 22 796 34 28
674 22 173 32 22 29 28 20 19 24 798 34 27
675 22 140 20 21 31 1 21 12 25 666 34 27
676 22 94 25 21 32 55 23 46 29 431 34 27
677 22 178 37 27 34 14 24 24 20 1096 34 27
678 22 184 796 481 435 157 2007 1388 1348 964 34 28
679 22 115 26 26 27 34 21 39 25 1145 34 28
680 22 127 35 36 30 30 18 34 23 637 34 28
681 22 126 34 39 13 1 18 24 22 1167 34 27
682 22 108 32 33 28 38 17 35 33 549 34 27
683 22 123 26 34 30 52 21 46 23 1180 34 27
684 22 105 28 29 29 10 22 26 27 1240 34 27
685 22 118 27 16 40 54 28 42 18 917 34 27
686 22 231 42 35 34 14 15 22 19 1684 34 28
687 22 306 26 28 24 6 22 22 26 1141 34 27
688 22 109 36 27 28 34 26 10 33 927 34 27
689 22 116 32 18 32 39 22 36 29 2007 34 28
690 22 116 28 26 33 8 21 24 25 923 34 28
691 22 139 38 32 27 1 21 14 26 937 34 27
692 22 103 19 17 32 6 17 29 29 660 34 27
693 22 91 29 41 9 21 29 33 23 825 34 27
694 22 140 44 18 41 63 21 1 24 236 34 27
695 22 278 11 27 36 1 23 37 33 223 34 27
696 22 123 24 21 33 1 19 24 27 957 34 27
697 22 106 19 34 20 1 14 9 26 981 34 27
698 22 249 22 7 37 77 19 22 29 1739 34 27
699 22 128 37 32 28 15 22 22 31 1127 34 28
700 22 186 50 27 38 49 21 31 42 811 34 27
701 22 272 38 34 27 43 14 25 29 403 34 28
702 22 198 29 23 28 25 23 12 29 466 34 27
703 22 111 35 27 27 35 19 14 27 845 34 27
704 22 118 28 29 26 3 20 27 26 1376 34 27
705 22 123 37 29 26 14 20 8 27 1172 34 27
706 22 99 31 36 24 26 22 44 28 1990 34 27
707 22 238 43 24 34 76 21 19 24 279 34 27
708 22 288 32 8 36 1 22 1 32 888 34 27
709 22 147 39 23 34 50 23 28 25 1174 34 28
710 22 146 33 23 25 40 23 26 28 1021 34 27
711 22 255 42 22 33 1 19 18 38 2007 34 27
712 22 103 39 20 26 56 23 1 24 719 34 27
713 22 109 38 36 34 36 22 30 26 1363 34 27
714 22 203 31 39 27 1 217 352 19 1586 34 27
715 22 228 38 25 35 74 25 42 17 1250 34 28
716 22 160 29 30 32 88 28 39 29 1018 34 27
717 22 200 38 20 33 62 22 8 27 196 34 27
718 22 106 36 30 36 21 22 31 28 799 34 27
719 22 144 22 29 30 5 20 29 24 1996 34 27
720 22 118 22 30 24 7 22 31 22 385 34 27
721 22 88 35 21 40 48 24 44 23 845 34 27
722 22 97 27 42 12 14 18 28 31 845 34 27
723 22 192 32 16 31 1 18 37 23 776 34 27
724 22 157 47 41 31 10 104 471 132 1280 34 27
725 22 105 31 34 27 30 23 34 19 1031 34 27
726 22 192 36 31 33 42 18 21 35 1404 34 27
727 22 98 37 31 29 29 13 33 23 656 34 27
728 22 117 24 25 21 38 20 34 23 993 34 27
729 22 96 29 24 27 60 26 23 19 774 34 27
730 22 106 28 34 23 48 22 43 164 707 34 27
731 22 102 28 41 16 1 20 19 17 640 34 27
732 22 209 34 50 14 29 22 44 30 2007 34 27
733 22 156 37 36 30 40 25 44 25 1605 34 28
734 22 216 37 23 36 40 20 30 30 905 34 28
735 22 103 33 32 30 1 24 45 31 908 34 27
736 22 177 43 29 28 21 18 1 26 786 34 27
737 22 127 21 23 22 1 17 20 24 812 34 27
738 22 237 23 21 25 58 23 28 29 615 34 27
739 22 149 27 23 26 7 19 21 27 800 34 27
740 22 188 40 26 35 1 25 19 31 973 34 27
741 22 125 20 20 26 1 19 9 16 667 34 27
742 22 97 29 25 30 43 20 43 29 964 34 27
743 22 119 23 21 27 49 20 31 19 812 34 27
744 22 154 23 38 17 44 22 35 16 836 34 27
745 22 146 29 34 19 50 21 29 24 800 34 28
746 22 307 23 25 18 1 20 8 25 1265 34 27
747 22 101 23 21 35 16 22 37 26 364 34 27
748 22 93 42 32 30 21 20 31 27 926 34 27
749 22 295 50 27 33 83 21 16 29 1364 34 27
750 22 97 30 24 33 26 25 47 23 702 34 27
751 22 206 32 17 31 71 18 18 22 824 34 27
752 22 103 16 15 23 1 27 35 31 597 34 27
753 22 106 15 27 16 12 23 28 21 157 34 27
754 22 75 28 38 16 74 23 29 20 561 34 27
755 22 278 32 27 38 60 15 27 33 433 34 27
756 22 123 22 27 34 1 21 44 21 765 34 27
757 22 113 31 34 28 13 21 32 29 2007 34 27
758 22 148 33 16 40 16 18 23 29 1105 34 27
759 22 101 36 39 28 97 26 40 24 930 34 27
760 22 311 39 47 27 37 25 40 28 983 34 28
761 22 471 35 29 28 18 21 32 16 897 34 27
762 22 127 13 25 25 1 21 30 30 173 34 27
763 22 137 33 39 20 42 23 37 27 768 34 27
764 22 459 33 35 37 43 18 52 30 982 34 27
765 22 162 24 28 22 12 22 22 27 923 34 28
766 22 342 21 37 23 1 22 55 29 798 34 27
767 22 179 29 27 19 21 23 22 21 1673 34 27
768 22 111 39 26 35 30 15 34 30 607 34 28
769 22 237 31 26 31 11 25 36 25 2007 34 28
770 22 193 32 30 25 81 25 35 25 2007 34 27
771 22 320 10 14 18 64 24 48 17 1769 34 27
772 22 180 10 12 24 8 21 19 26 107 34 27
773 22 145 29 24 26 49 24 22 21 840 34 27
774 22 149 38 35 28 1 21 7 25 642 34 27
775 22 127 30 36 23 47 25 46 21 756 34 27
776 22 109 28 29 27 10 21 30 27 784 34 27
777 22 246 31 36 28 3 16 43 27 2007 34 27
778 22 233 29 20 43 39 21 33 32 407 34 27
779 22 138 26 39 22 5 19 32 18 1016 34 28
780 22 156 36 27 29 17 14 42 32 1027 34 27
781 22 125 22 11 34 17 22 31 25 741 34 27
782 22 93 19 24 25 24 18 19 23 804 34 27
783 22 866 41 42 25 1 22 8 26 2007 34 27
784 22 204 39 24 37 3 20 10 24 1106 34 27
785 22 117 33 55 18 1 17 38 24 842 34 27
786 22 111 13 19 29 1 21 15 23 714 34 27
787 22 112 22 29 22 1 27 47 26 513 34 27
788 22 77 15 22 33 4 16 47 27 1064 34 27
789 22 162 46 28 37 63 18 26 18 768 34 28
790 22 169 15 30 28 26 20 36 27 1608 34 27
791 22 145 26 30 21 2 20 41 26 1130 34 27
792 22 104 34 26 36 49 27 35 33 1214 34 28
793 22 109 35 25 35 51 21 41 30 1633 34 28
794 22 113 38 24 36 89 18 23 29 608 34 28
795 22 106 46 27 32 98 19 7 25 660 34 27
796 22 106 36 42 26 33 17 16 26 830 34 27
797 22 459 23 11 35 1 17 13 34 1614 34 27
798 22 227 32 45 26 1 17 30 29 1320 34 27
799 22 190 29 30 22 55 22 43 20 651 34 27
800 22 282 37 30 27 42 21 32 16 2007 34 28
801 22 122 28 9 30 74 22 14 28 1821 34 28
802 22 120 39 28 34 90 22 37 28 1148 34 27
803 22 222 18 33 19 25 20 27 26 1222 34 27
804 22 214 35 35 29 19 24 20 16 326 34 27
805 22 130 24 24 27 24 20 39 24 704 34 28
806 22 109 34 23 39 29 26 45 28 781 34 27
807 22 115 33 25 27 67 19 25 17 1444 34 27
808 22 247 24 26 20 15 19 14 32 990 34 27
809 22 154 22 21 21 31 19 17 15 814 34 27
810 22 116 20 29 31 36 26 49 19 928 34 27
811 22 123 28 23 31 29 24 18 26 1125 34 27
812 22 138 22 33 20 1 16 21 17 466 34 27
813 22 112 31 28 39 39 22 40 30 217 34 27
814 22 94 26 19 31 6 18 28 33 794 34 27
815 22 150 45 26 33 100 19 18 40 974 34 27
816 22 125 43 32 32 1 21 29 30 912 34 28
817 22 121 43 19 28 70 22 29 21 878 34 27
818 22 216 36 33 29 1 17 17 26 1024 34 28
819 22 125 28 22 20 40 22 23 20 631 34 27
820 22 311 32 39 23 1 18 13 29 1132 34 27
821 22 653 23 28 15 11 24 6 26 1036 34 27
822 22 114 37 32 27 41 21 17 28 2007 34 27
823 22 305 39 40 25 64 28 33 26 1552 34 27
824 22 184 27 4 39 1 19 4 30 1038 34 28
825 22 193 42 34 32 77 24 42 33 897 34 27
826 22 165 31 24 30 49 18 29 28 1432 34 27
827 22 121 30 43 110 12 21 31 22 1278 34 27
828 22 175 45 26 37 72 18 27 28 1187 34 28
829 22 105 28 26 23 63 23 40 31 199 34 27
830 22 219 27 18 34 5 26 46 29 1047 34 27
831 22 136 35 38 24 40 23 14 27 1277 34 27
832 22 152 22 22 28 22 27 40 22 250 34 27
833 22 104 30 29 29 86 22 29 32 1789 34 28
834 22 130 27 47 14 1 19 42 26 652 34 27
835 22 261 40 38 23 49 31 19 30 2007 34 27
836 22 114 26 29 21 29 24 47 20 613 34 27
837 22 162 25 30 21 3 20 35 28 1037 34 27
838 22 360 29 14 41 38 18 27 38 1321 34 27
839 22 77 23 11 35 1 24 19 25 694 34 27
840 22 117 33 34 32 1 16 38 16 2007 34 27
841 22 111 34 30 29 1 13 23 23 594 34 27
842 22 157 29 38 15 18 20 46 24 674 34 27
843 22 242 30 16 24 21 17 2 30 919 34 27
844 22 122 33 40 23 1 16 29 25 828 34 27
845 22 141 50 15 45 63 25 4 23 876 34 27
846 22 170 33 15 35 56 26 8 27 954 34 27
847 22 81 27 37 28 5 21 52 24 576 34 27
848 22 326 20 22 20 48 20 10 29 1855 34 27
849 22 120 48 37 32 1 22 27 25 569 34 27
850 22 100 37 34 30 45 20 49 38 885 34 27
851 22 192 24 7 35 24 22 29 30 615 34 27
852 22 129 15 18 28 1 25 33 20 1916 34 27
853 22 113 46 29 39 1 17 35 24 503 34 27
854 22 92 19 25 19 14 17 13 20 1034 34 27
855 22 644 27 26 35 32 19 28 23 497 34 27
856 22 246 38 33 27 51 18 37 28 951 34 27
857 22 176 23 15 35 2 26 36 32 1733 34 27
858 22 226 25 181 28 28 18 44 29 1362 34 27
859 22 132 20 26 26 34 19 30 25 1403 34 27
860 22 357 26 19 27 20 24 31 28 2007 34 27
861 22 118 32 4 48 50 17 10 35 750 34 27
862 22 107 28 22 29 28 18 18 26 986 34 27
863 22 132 28 19 30 60 22 45 25 449 34 28
864 22 217 27 27 21 17 24 29 33 1108 34 27
865 22 395 38 13 46 1 23 16 23 2007 34 27
866 22 158 31 16 35 47 20 28 29 1045 34 27
867 22 287 39 29 42 1 19 48 24 2007 34 27
868 22 221 28 28 36 61 24 57 21 1495 34 28
869 22 99 35 50 26 10 18 48 31 1254 34 27
870 22 125 34 22 38 1 26 21 31 1088 34 27
871 22 113 31 24 33 60 17 30 31 554 34 28
872 22 108 29 28 29 46 16 25 23 1127 34 27
873 22 91 29 1 45 22 18 15 46 1150 34 27
874 22 203 36 25 31 20 20 19 29 1350 34 28
875 22 424 25 34 29 22 19 26 22 1131 34 27
876 22 85 24 26 30 30 19 27 32 882 34 28
877 22 97 23 15 24 54 23 13 20 1003 34 27
878 22 94 21 1 49 13 20 17 27 232 34 27
879 22 93 22 17 33 25 22 28 34 575 34 27
880 22 189 24 23 28 27 23 12 28 1291 34 28
881 22 174 38 35 25 41 21 26 29 1200 34 27
882 22 321 15 14 28 1 24 39 31 1416 34 27
883 22 320 15 6 19 28 23 11 24 2007 34 27
884 22 135 40 34 29 23 25 37 21 1348 34 28
885 22 600 14 18 22 1 18 18 22 1889 34 27
886 22 206 46 30 33 30 20 5 21 849 34 27
887 22 126 15 1 40 1 22 18 20 907 34 27
888 22 111 18 23 31 1 26 37 16 1521 34 27
889 22 195 36 40 26 43 17 25 29 1374 34 27
890 22 129 35 23 39 58 17 28 31 747 34 27
891 22 90 26 38 28 1 20 25 20 1319 34 27
892 22 216 23 29 29 18 25 45 31 1881 34 28
893 22 117 26 34 16 6 20 14 18 1221 34 27
894 22 92 36 17 36 1 20 22 34 1344 34 27
895 22 102 20 16 29 1 21 28 21 538 34 27
896 22 196 42 46 17 38 19 21 20 1592 34 27
897 22 118 37 40 30 1 19 11 24 523 34 27
898 22 124 45 24 36 94 24 45 29 1333 34 28
899 22 203 42 22 26 31 23 16 24 361 34 28
900 22 189 16 23 27 1 22 15 21 996 34 27
901 22 122 40 19 36 38 11 11 26 924 34 27
902 22 164 21 13 24 25 18 47 24 779 34 27
903 22 111 19 46 22 1 17 51 27 611 34 27
904 22 146 36 36 32 43 26 52 35 908 34 28
905 22 101 31 35 21 28 14 15 21 681 34 27
906 22 96 26 29 25 1 20 32 31 1231 34 27
907 22 104 11 36 13 1 20 36 27 1037 34 27
908 22 156 29 24 29 27 23 37 26 700 34 27
909 22 121 33 33 24 58 26 39 32 601 34 27
910 22 180 18 32 21 11 18 32 21 675 34 27
911 22 112 38 24 35 55 22 46 26 1267 34 27
912 22 92 1 25 8 1 22 32 20 937 34 28
913 22 110 49 26 33 34 23 23 27 1329 34 28
914 22 237 35 8 29 70 21 17 25 618 34 28
915 22 128 49 28 30 9 19 14 29 1800 34 27
916 22 217 31 20 34 1 24 32 38 797 34 27
917 22 118 27 16 38 56 17 31 25 748 34 27
918 22 125 21 17 30 29 25 15 21 754 34 27
919 22 237 27 28 28 16 17 23 24 1109 34 28
920 22 127 18 15 33 7 25 34 27 610 34 27
921 22 120 27 20 38 66 22 48 28 540 34 27
922 22 189 18 11 29 21 22 41 27 396 34 27
923 22 120 39 21 33 42 25 20 25 1160 34 27
924 22 219 46 36 29 1 24 20 25 1403 34 27
925 22 152 20 24 29 2 22 27 27 775 34 27
926 22 417 47 35 27 67 21 32 26 965 34 27
927 22 118 22 29 30 7 21 31 27 949 34 27
928 22 120 38 26 28 1 16 15 27 720 34 27
929 22 163 37 36 24 23 25 48 27 1499 34 27
930 22 260 37 32 29 26 19 40 20 1735 34 27
931 22 594 33 48 24 25 23 60 33 849 34 28
932 22 89 19 27 22 1 22 17 32 628 34 28
933 22 115 38 25 35 75 17 19 31 333 34 27
934 22 161 21 17 32 19 19 20 36 720 34 27
935 22 84 30 2 36 54 20 17 32 945 34 27
936 22 185 25 30 29 1 20 7 22 1136 34 27
937 22 242 34 21 33 79 21 14 23 789 34 27
938 22 170 38 15 45 22 20 1 34 743 34 27
939 22 107 42 26 31 1 25 24 33 416 34 27
940 22 100 27 22 39 28 23 34 21 628 34 27
941 22 145 35 33 29 44 17 24 19 715 34 27
942 22 156 12 18 26 1 21 35 23 750 34 27
943 22 179 40 42 29 19 21 50 26 907 34 27
944 22 352 36 35 31 68 17 36 28 2007 34 27
945 22 110 22 30 22 1 26 16 29 1120 34 28
946 22 138 22 13 26 36 21 14 22 801 34 27
947 22 96 40 34 30 59 27 41 22 719 34 27
948 22 329 36 32 33 14 23 31 23 1654 34 27
949 22 132 24 13 29 7 21 29 38 1245 34 27
950 22 274 45 20 42 46 17 36 31 1026 34 27
951 22 149 48 30 32 43 27 23 20 1644 34 28
952 22 234 36 24 36 18 23 16 28 1845 34 27
953 22 115 20 1 36 66 21 32 28 576 34 27
954 22 169 30 15 40 44 24 41 25 222 34 27
955 22 345 11 19 29 1 22 52 24 1508 34 27
956 22 101 10 28 24 29 19 28 18 1005 34 27
957 22 202 44 35 29 45 25 35 28 483 34 27
958 22 171 35 17 39 84 16 33 21 1574 34 27
959 22 76 29 36 45 14 19 20 26 1054 34 27
960 22 178 28 21 37 30 17 43 24 944 34 27
961 22 154 38 31 29 57 21 26 21 1387 34 27
962 22 145 31 25 28 42 23 35 27 1025 34 28
963 22 461 34 51 13 1 15 35 17 1577 34 28
964 22 91 29 42 23 1 22 42 25 801 34 28
965 22 356 40 35 30 23 24 35 32 315 34 27
966 22 109 41 33 29 77 21 30 24 1022 34 27
967 22 372 38 22 44 36 19 39 18 2007 34 27
968 22 101 21 10 33 79 27 43 17 796 34 27
969 22 183 21 26 20 1 17 20 23 964 34 27
970 22 342 30 33 36 55 25 46 27 1731 34 28
971 22 260 37 23 31 14 20 38 32 1223 34 27
972 22 109 19 13 34 24 22 38 25 1133 34 27
973 22 377 41 26 36 54 20 15 28 2007 34 27
974 22 275 40 38 22 37 19 1 31 1230 34 27
975 22 238 13 24 20 1 20 17 27 1258 34 27
976 22 155 31 38 22 1 25 27 35 1055 34 27
977 22 107 38 36 31 1 18 9 23 594 34 27
978 22 249 27 31 25 80 19 28 29 237 34 27
979 22 161 34 28 27 1 21 15 27 574 34 28
980 22 163 31 26 35 1 24 9 21 777 34 27
981 22 151 20 18 29 19 27 34 19 783 34 27
982 22 248 33 24 34 28 22 39 23 1184 34 27
983 22 229 18 13 34 16 22 44 25 2007 34 27
984 22 124 26 20 27 1 26 12 21 783 34 27
985 22 102 26 9 40 50 23 40 30 856 34 27
986 22 216 34 30 30 17 23 32 29 812 34 27
987 22 134 35 21 29 1 19 1 26 1249 34 27
988 22 139 29 15 37 35 23 47 25 688 34 27
989 22 131 41 18 32 106 22 16 20 1701 34 28
990 22 93 34 23 31 1 16 20 34 877 34 27
991 22 154 31 34 23 66 20 28 27 612 34 27
992 22 101 34 25 34 39 20 36 24 669 34 27
993 22 80 6 18 21 25 19 39 27 940 34 27
994 22 93 39 31 30 107 25 38 22 586 34 27
995 22 138 14 28 23 12 23 52 21 1341 34 27
996 22 124 23 16 32 1 21 32 27 1193 33 27
997 22 136 26 36 21 20 20 31 21 266 34 27
998 22 97 26 30 29 57 21 34 33 654 34 28
999 22 324 33 19 34 50 22 26 34 333 34 27
1000 22 98 42 52 33 1 20 59 27 824 34 27
