1 22 127 41 35 36 43 22 34 28 1 33 27
2 22 102 24 10 34 44 23 29 29 1 33 27
3 22 231 17 16 28 28 21 44 35 1 33 27
4 22 149 35 41 24 14 18 48 26 20 33 28
5 22 114 23 28 31 1 20 14 21 1 33 27
6 22 163 34 34 27 48 20 6 29 57 34 28
7 22 74 23 12 38 47 19 5 30 1 33 27
8 22 213 29 18 37 1 23 11 35 32 34 27
9 22 77 33 14 39 1 26 28 27 7 34 27
10 22 117 38 41 19 33 26 17 23 78 34 28
11 22 109 25 22 25 41 18 39 31 68 34 27
12 22 84 36 26 33 2 20 40 30 25 34 28
13 22 108 48 38 32 1 23 1 30 47 34 27
14 22 80 37 33 29 1 24 24 17 17 33 28
15 22 111 26 51 10 3 22 44 21 24 33 27
16 22 94 21 24 23 4 24 27 22 1 33 27
17 22 198 39 23 40 1 14 24 24 1 33 27
18 22 54 21 14 30 79 23 35 25 14 33 27
19 22 126 24 79 17 14 23 41 25 1 33 27
20 22 107 35 32 24 25 23 19 33 841 34 27
21 22 133 31 38 23 34 27 14 32 75 34 27
22 22 177 36 37 33 1 28 32 29 344 34 27
23 22 82 36 37 25 28 16 14 22 43 34 28
24 22 166 17 9 31 1 21 27 32 1 33 27
25 22 80 35 41 22 1 25 8 28 40 34 27
26 22 100 25 10 33 33 18 14 31 1 33 27
27 22 77 32 29 31 5 22 36 30 1 33 27
28 22 80 26 19 27 66 14 25 21 21 33 27
29 22 412 18 29 24 1 17 45 20 1 33 27
30 22 53 23 31 28 1 27 49 20 1 33 27
31 22 84 28 25 28 6 19 15 34 1 33 27
32 22 168 29 13 40 58 18 40 30 11 33 27
33 22 65 27 40 27 1 19 48 30 1 33 27
34 22 105 20 26 26 1 17 20 20 11 33 27
35 22 140 29 19 37 42 21 22 18 17 33 27
36 22 138 23 10 34 37 22 19 33 1 34 27
37 22 77 36 28 26 13 20 20 27 21 33 27
38 22 71 17 20 22 1 23 21 27 1 33 27
39 22 119 32 11 30 62 23 14 21 4 34 28
40 22 106 39 26 37 52 24 44 21 1 33 27
41 22 54 32 44 21 48 26 39 25 71 34 28
42 22 149 33 48 25 69 17 37 25 1 33 27
43 22 324 37 27 36 65 22 27 26 7 34 28
44 22 154 21 23 30 24 18 34 25 20 33 27
45 22 114 41 28 29 36 23 4 21 29 34 28
46 22 99 37 29 31 49 22 36 27 1 33 27
47 22 90 48 25 35 67 19 14 24 66 34 27
48 22 70 24 20 31 45 22 43 22 14 33 27
49 22 142 40 17 33 23 27 1 24 1577 34 27
50 22 340 33 41 29 33 18 42 27 1820 34 27
51 22 100 24 11 38 67 24 20 28 1 33 27
52 22 380 12 9 31 1 19 32 18 1 33 27
53 22 396 20 3 41 69 20 29 26 1 33 27
54 22 133 41 42 20 74 15 21 24 103 34 27
55 22 66 14 25 28 1 20 22 29 1 33 27
56 22 639 35 14 42 4 19 19 31 1 33 27
57 22 94 24 36 30 1 20 37 27 1020 34 27
58 22 67 24 27 21 22 19 20 23 21 33 27
59 22 146 41 18 28 88 16 1 23 38 34 27
60 22 315 16 7 29 29 24 34 25 1 33 27
61 22 143 13 30 26 1 20 13 26 986 34 28
62 22 71 34 33 26 58 19 28 18 1 33 27
63 22 79 32 41 25 29 20 44 30 1 33 27
64 22 117 33 18 35 30 25 20 30 1 34 27
65 22 72 38 27 31 91 19 19 19 1 34 27
66 22 91 37 27 33 50 21 29 28 44 34 28
67 22 146 27 26 31 8 23 32 24 6 33 27
68 22 115 38 28 31 1 23 26 32 46 34 27
69 22 127 28 11 37 1 22 8 32 1 33 28
70 22 180 27 40 20 42 18 37 23 44 34 28
71 22 61 16 42 20 43 29 39 24 1 33 28
72 22 78 20 35 23 1 15 39 31 1 33 27
73 22 109 34 37 26 44 20 23 28 77 34 27
74 22 224 35 28 31 12 19 1 18 44 34 28
75 22 85 29 38 27 33 24 30 29 1 33 27
76 22 188 19 20 27 1 14 24 31 1 33 27
77 22 72 27 25 22 53 23 33 29 1 33 27
78 22 91 46 37 33 38 21 1 27 76 34 28
79 22 140 31 34 23 17 20 19 28 31 34 27
80 22 116 19 15 29 18 21 34 35 30 34 27
81 22 163 39 33 25 24 13 1 34 38 34 27
82 22 395 28 29 27 17 24 28 26 24 33 27
83 22 122 25 11 36 1 16 35 29 1 33 27
84 22 273 45 24 41 12 23 21 34 81 34 27
85 22 95 37 41 22 3 16 26 31 51 34 27
86 22 134 32 38 15 1 22 5 27 41 34 28
87 22 55 25 43 18 1 24 30 34 1 33 27
88 22 161 28 17 27 41 21 21 24 1 33 27
89 22 129 42 27 31 47 17 33 26 47 34 27
90 22 265 27 26 34 1 29 45 31 827 34 27
91 22 147 28 34 22 1 22 29 29 24 33 28
92 22 79 23 15 39 15 18 47 26 24 33 27
93 22 109 30 39 29 1 18 27 28 1 33 27
94 22 97 17 34 14 41 16 60 28 1 33 27
95 22 83 27 14 32 18 17 45 30 36 34 27
96 22 354 36 20 36 35 19 1 32 50 34 27
97 22 109 23 29 26 1 19 20 25 30 34 28
98 22 337 36 34 27 120 22 46 23 41 34 27
99 22 148 28 25 29 1 22 9 28 18 33 27
100 22 105 34 36 34 1 24 32 29 1 34 27
101 22 64 37 49 27 35 22 35 26 66 34 27
102 22 266 25 18 31 49 26 48 28 1 33 27
103 22 94 18 43 17 33 27 44 32 1 33 27
104 22 115 39 25 38 1 17 26 36 17 34 28
105 22 112 44 33 28 96 28 40 25 942 34 27
106 22 221 29 31 21 84 16 8 26 786 34 28
107 22 148 32 33 29 54 22 21 26 10 34 28
108 22 108 29 24 29 21 20 17 28 37 34 28
109 22 114 29 18 35 17 23 49 26 1 33 27
110 22 300 38 37 30 31 16 15 27 38 34 27
111 22 147 39 21 33 65 26 29 26 34 34 27
112 22 405 40 20 38 4 20 3 36 354 34 27
113 22 530 46 32 29 32 26 56 23 2007 34 27
114 22 211 41 23 43 60 22 29 26 28 34 28
115 22 74 17 14 28 1 20 9 23 1 33 27
116 22 178 24 16 26 59 17 25 16 1 33 27
117 22 80 23 37 25 1 17 27 32 1 33 27
118 22 69 32 35 31 14 22 42 29 1 33 27
119 22 57 1 19 29 1 26 37 28 1 33 27
120 22 273 24 19 41 1 14 24 31 1 33 27
121 22 184 19 18 37 31 17 35 34 655 34 27
122 22 201 22 13 33 27 21 51 28 1 33 27
123 22 168 35 18 41 1 17 18 20 10 33 27
124 22 174 18 23 27 1 20 17 28 1 33 27
125 22 107 34 25 32 40 19 15 20 54 34 27
126 22 148 35 37 20 1 15 1 24 19 33 27
127 22 141 22 41 19 38 21 43 33 1 33 27
128 22 220 37 26 34 70 17 35 25 1 34 27
129 22 65 32 38 27 34 14 17 13 51 34 28
130 22 146 22 18 30 1 21 15 33 1 33 27
131 22 111 37 23 31 1 19 44 23 22 34 28
132 22 89 24 23 26 18 19 30 34 4 33 27
133 22 103 25 21 21 1 22 19 27 45 34 27
134 22 55 26 46 12 1 27 55 29 11 33 27
135 22 144 20 4 40 45 23 41 26 1 33 27
136 22 88 45 25 34 1 22 4 32 35 34 27
137 22 82 31 28 29 1 25 42 29 16 33 27
138 22 125 31 18 35 80 24 23 36 1 33 27
139 22 67 30 38 16 29 26 13 27 64 34 27
140 22 156 45 36 39 43 22 32 23 71 34 27
141 22 61 12 22 32 1 23 46 27 1 33 27
142 22 117 43 31 34 7 22 43 22 53 34 27
143 22 100 27 19 36 1 22 22 26 1 33 27
144 22 134 33 25 38 82 21 45 28 5 33 27
145 22 112 24 24 28 70 19 59 27 1 33 27
146 22 83 30 19 26 27 23 10 31 45 34 27
147 22 67 31 35 34 1 19 43 23 48 34 28
148 22 125 24 21 34 1 22 2 28 34 34 27
149 22 395 32 31 27 1 18 1 21 26 33 27
150 22 109 26 12 27 11 22 16 30 929 34 27
151 22 315 25 31 23 53 16 40 34 64 34 27
152 22 84 35 18 30 26 21 1 28 19 33 27
153 22 180 38 29 29 63 18 19 26 4 33 27
154 22 123 22 16 31 29 22 32 29 1 33 27
155 22 71 37 45 21 1 22 13 25 11 33 27
156 22 149 38 11 36 1 24 24 30 51 34 27
157 22 216 39 30 25 1 19 15 29 28 34 27
158 22 474 20 24 28 37 21 48 31 1 33 27
159 22 85 42 38 24 33 17 34 34 107 34 28
160 22 119 16 15 26 28 24 44 27 1 33 27
161 22 143 32 38 21 1 15 40 35 12 33 27
162 22 134 12 19 34 1 24 46 30 1 33 27
163 22 57 37 30 28 17 22 40 22 20 33 27
164 22 120 45 41 24 26 21 30 18 82 34 27
165 22 103 23 41 21 1 23 31 33 30 34 27
166 22 108 15 28 18 23 21 58 21 1 33 27
167 22 75 22 26 28 41 24 59 23 1 33 27
168 22 76 17 32 28 1 15 44 22 1 33 27
169 22 115 28 36 26 69 19 21 22 19 33 27
170 22 74 36 44 19 68 32 49 17 11 33 27
171 22 163 27 29 33 1 19 34 28 1 33 27
172 22 236 36 44 16 95 23 49 18 1 33 27
173 22 241 21 28 29 1 21 35 24 1 33 27
174 22 130 37 15 31 94 24 10 34 42 34 27
175 22 217 20 21 29 19 24 33 21 3 33 27
176 22 81 35 23 38 1 20 5 30 20 33 27
177 22 59 28 25 34 31 25 33 34 1 33 27
178 22 85 16 1 36 16 18 36 32 1 33 27
179 22 111 34 30 36 18 21 28 27 67 34 27
180 22 75 44 38 31 1 16 15 28 47 34 28
181 22 207 29 6 39 42 18 20 26 29 34 28
182 22 87 36 32 23 79 16 9 26 36 34 27
183 22 78 36 36 8 90 28 20 14 55 34 27
184 22 154 36 34 35 1 22 22 38 15 33 27
185 22 88 48 32 33 45 22 18 18 96 34 27
186 22 189 25 41 18 1 181 36 26 72 34 27
187 22 100 12 16 32 1 19 26 23 1 33 27
188 22 193 43 34 28 35 26 43 30 64 34 27
189 22 75 25 16 32 56 21 38 33 26 33 27
190 22 231 23 22 20 14 20 31 26 1672 34 27
191 22 238 30 24 30 1 14 4 25 55 34 27
192 22 115 29 31 27 1 16 14 33 1 33 27
193 22 134 30 20 37 15 27 54 32 1 33 27
194 22 202 43 39 20 55 19 15 24 107 34 27
195 22 107 40 26 34 1 23 12 25 31 34 27
196 22 104 38 25 29 1 23 12 24 42 34 27
197 22 134 28 25 26 15 15 24 29 44 34 27
198 22 68 21 27 21 43 24 11 26 48 33 27
199 22 235 29 12 36 1 23 18 42 1 33 27
200 22 48 26 45 18 1 18 19 26 1 33 27
201 22 77 32 27 30 78 19 13 22 30 34 27
202 22 89 30 37 27 14 21 37 30 34 34 27
203 22 178 42 27 30 8 22 1 33 27 34 27
204 22 83 33 15 35 1 12 1 25 1 33 27
205 22 173 20 18 28 57 25 36 32 1 33 27
206 22 82 21 26 20 1 24 21 33 31 34 27
207 22 222 23 11 35 36 20 54 25 1 33 27
208 22 88 44 23 33 42 21 28 35 43 34 27
209 22 205 14 25 24 23 23 38 29 1 33 27
210 22 127 36 44 20 42 21 33 21 49 34 27
211 22 78 41 28 37 7 21 34 25 24 34 28
212 22 198 23 20 29 1 18 10 29 4 33 27
213 22 61 37 38 35 13 22 36 23 36 34 27
214 22 76 14 8 38 70 27 57 32 1 33 27
215 22 102 32 23 35 83 17 47 31 1157 34 27
216 22 113 18 29 27 27 27 41 22 1 33 27
217 22 79 20 24 24 1 22 16 16 16 33 27
218 22 257 31 44 22 1 18 33 36 42 34 27
219 22 238 17 18 31 25 21 19 26 7 33 27
220 22 78 35 34 26 41 17 19 21 57 34 27
221 22 150 37 15 36 29 15 12 26 39 34 27
222 22 277 33 25 39 37 20 29 22 1714 34 28
223 22 165 31 39 25 35 22 51 28 1 33 27
224 22 202 31 34 22 1 18 29 28 22 33 28
225 22 92 15 36 23 1 24 46 32 1 33 27
226 22 187 21 9 29 1 23 1 35 1 33 27
227 22 89 35 13 45 22 30 16 29 28 34 27
228 22 112 44 42 29 47 16 23 24 100 34 27
229 22 109 25 25 21 1 15 1 29 1 33 27
230 22 72 14 23 22 5 14 7 23 1 33 27
231 22 90 24 18 32 1 14 32 24 15 33 27
232 22 71 34 25 36 38 26 40 25 7 34 27
233 22 464 27 26 37 1 24 3 40 1 33 27
234 22 223 27 18 27 50 23 39 29 18 33 28
235 22 119 16 7 32 19 25 45 19 894 34 28
236 22 143 40 12 39 53 22 18 30 36 34 27
237 22 137 12 8 30 1 17 23 30 1 33 27
238 22 304 36 11 41 41 19 18 26 6 33 27
239 22 137 27 24 30 64 17 1 28 26 33 28
240 22 163 39 33 26 54 19 41 27 821 34 28
241 22 108 38 41 20 15 25 24 25 49 34 28
242 22 153 36 39 22 1 14 9 24 9 33 27
243 22 87 33 32 35 55 18 41 25 1 33 27
244 22 144 36 23 33 83 19 15 32 25 33 27
245 22 56 20 20 30 1 18 30 33 1 33 27
246 22 400 34 8 30 45 23 1 31 19 33 27
247 22 86 19 16 36 27 26 34 25 1 33 27
248 22 72 43 37 30 101 19 26 29 87 34 27
249 22 175 45 44 27 34 20 35 23 104 34 28
250 22 174 23 8 31 47 21 1 26 2 33 27
251 22 137 43 26 37 69 24 9 30 53 34 27
252 22 194 31 20 30 29 24 34 33 1 33 27
253 22 54 24 25 32 9 16 40 28 1 33 27
254 22 120 22 20 26 1 22 35 30 1 33 27
255 22 70 40 31 37 21 19 28 26 1 33 27
256 22 148 29 27 25 1 28 14 19 12 34 28
257 22 74 44 41 32 81 22 15 30 69 34 28
258 22 142 24 31 26 23 23 45 25 1 33 27
259 22 91 14 25 27 1 19 60 33 1 33 27
260 22 232 19 33 16 16 19 33 20 35 34 27
261 22 568 31 46 21 1 16 25 21 68 34 27
262 22 137 30 31 28 8 23 27 18 45 34 27
263 22 115 34 31 32 46 17 35 23 10 33 27
264 22 109 16 28 19 1 22 27 28 1 33 27
265 22 102 34 33 26 74 18 13 31 45 34 28
266 22 62 35 35 34 82 21 48 31 1 33 27
267 22 129 32 13 36 42 21 32 39 1 33 27
268 22 353 31 24 27 34 20 37 24 1 33 27
269 22 310 52 20 43 18 22 25 27 38 34 27
270 22 121 40 39 28 63 22 22 28 349 34 28
271 22 221 1 32 20 1 24 37 29 1 33 27
272 22 140 34 28 38 14 13 21 32 1 33 27
273 22 71 30 37 29 21 16 30 29 1 33 27
274 22 107 32 30 25 46 16 24 26 75 34 27
275 22 565 36 26 28 44 20 22 27 63 34 28
276 22 118 24 28 35 4 20 24 40 8 33 28
277 22 242 25 22 20 27 21 26 28 54 34 27
278 22 54 19 34 21 22 23 30 28 1 33 27
279 22 77 17 4 38 74 22 38 29 1 33 27
280 22 65 15 19 21 27 21 17 31 1 33 27
281 22 290 28 26 22 9 24 24 16 39 34 28
282 22 68 32 39 34 23 22 38 30 1 33 27
283 22 140 31 24 25 24 27 13 18 34 34 27
284 22 80 33 27 25 20 21 24 27 56 34 27
285 22 137 30 38 28 67 20 23 28 35 34 28
286 22 289 40 37 22 5 18 15 33 22 33 27
287 22 215 40 46 21 26 20 32 24 5 34 28
288 22 166 46 16 46 19 24 23 32 37 34 27
289 22 68 38 37 22 24 17 34 23 48 34 28
290 22 127 31 49 28 1 14 39 25 274 34 27
291 22 108 39 43 26 66 24 34 26 44 34 27
292 22 91 27 4 36 1 17 27 29 1 33 27
293 22 86 31 25 29 97 21 31 23 22 33 27
294 22 76 37 35 28 1 23 2 24 27 34 27
295 22 70 34 25 39 16 15 36 37 1 33 27
296 22 81 30 27 26 8 16 22 14 43 34 28
297 22 89 41 27 36 27 18 28 30 68 34 28
298 22 175 10 19 21 10 21 31 28 2007 34 27
299 22 139 17 22 26 55 26 18 25 3 33 27
300 22 92 22 17 39 27 23 26 26 1304 34 27
301 22 115 35 27 34 1 17 33 26 24 33 27
302 22 65 36 25 31 33 16 41 35 18 33 28
303 22 95 40 27 34 80 20 24 20 31 34 27
304 22 77 41 23 39 1 14 41 26 25 34 27
305 22 61 20 22 30 52 19 33 35 1 33 27
306 22 93 38 37 22 29 25 25 23 803 34 27
307 22 77 32 31 26 33 16 14 28 37 34 28
308 22 79 27 26 30 44 25 40 26 14 33 28
309 22 124 40 40 22 13 23 30 25 59 34 28
310 22 144 20 25 21 7 23 9 21 642 34 27
311 22 125 37 28 26 56 23 37 22 18 33 27
312 22 88 30 20 41 1 18 9 31 32 34 27
313 22 69 27 29 31 8 21 42 25 11 34 28
314 22 227 29 16 33 48 18 28 27 6 33 27
315 22 74 30 21 30 56 24 40 28 23 33 28
316 22 324 27 26 33 1 16 22 28 1 33 27
317 22 254 25 16 31 68 22 45 27 65 34 27
318 22 119 29 26 34 85 29 57 31 1 33 27
319 22 110 39 34 25 47 18 33 21 105 34 27
320 22 136 38 41 24 1 21 9 28 662 34 28
321 22 140 41 42 21 47 19 32 29 12 33 27
322 22 133 33 26 34 1 21 1 33 1 33 27
323 22 63 26 24 27 1 18 1 18 1 33 27
324 22 88 41 37 34 1 26 12 24 20 33 28
325 22 452 36 11 32 38 16 24 22 66 34 27
326 22 91 39 43 22 25 20 22 26 67 34 28
327 22 65 12 24 23 42 20 40 28 1 33 27
328 22 100 25 21 39 67 20 43 23 1 33 27
329 22 98 14 24 23 61 21 33 32 1 33 27
330 22 184 16 16 24 1 19 17 35 1 33 27
331 22 61 26 39 14 1 24 45 23 8 33 27
332 22 93 33 33 21 9 17 5 20 30 34 27
333 22 136 33 39 21 32 18 1 27 37 34 27
334 22 141 27 37 24 31 18 25 25 19 33 28
335 22 80 29 37 31 9 26 25 28 20 33 27
336 22 73 38 23 34 56 22 50 28 58 34 27
337 22 55 1 26 18 1 20 47 21 1 33 27
338 22 58 43 44 26 47 21 31 30 24 33 28
339 22 133 39 25 32 114 20 33 21 62 34 27
340 22 216 33 28 32 27 16 35 26 1800 34 28
341 22 186 32 25 31 63 23 31 32 13 33 28
342 22 105 27 10 26 67 29 22 31 1 33 27
343 22 107 35 47 15 42 20 44 26 78 34 27
344 22 101 38 23 32 54 17 26 28 49 34 27
345 22 183 34 43 22 1 22 42 21 1 33 27
346 22 130 24 21 27 1 19 28 26 1 33 27
347 22 72 42 24 43 21 17 1 34 10 33 27
348 22 178 17 36 25 1 21 45 27 1 33 27
349 22 292 32 43 16 16 23 32 26 1 33 27
350 22 153 27 30 15 53 23 33 25 7 33 27
351 22 140 39 10 43 89 26 19 41 26 34 27
352 22 130 33 16 33 31 25 7 24 27 34 27
353 22 102 20 14 31 39 22 41 22 1 34 27
354 22 54 28 40 27 45 24 32 28 19 33 27
355 22 149 30 38 22 44 23 51 16 39 34 28
356 22 265 40 28 32 86 17 39 28 288 34 28
357 22 105 24 32 17 3 18 28 32 30 34 28
358 22 160 31 39 26 41 24 40 30 10 33 28
359 22 95 41 32 34 1 23 19 31 62 34 28
360 22 189 34 8 38 50 23 1 29 4 33 27
361 22 134 39 30 31 46 21 14 26 47 34 28
362 22 62 18 27 17 1 17 49 21 25 33 27
363 22 191 34 41 24 1 18 27 26 11 34 27
364 22 130 21 21 31 49 27 30 28 1 33 27
365 22 156 34 14 38 72 21 38 31 15 33 27
366 22 134 36 22 33 56 27 60 32 15 33 27
367 22 83 40 37 26 57 15 12 32 29 34 28
368 22 146 36 34 17 33 23 1 20 95 34 27
369 22 295 21 25 23 1 21 19 31 2 33 27
370 22 112 18 19 35 53 20 45 19 858 34 27
371 22 111 30 31 25 62 21 35 21 2 33 28
372 22 67 21 17 29 23 14 34 26 14 33 27
373 22 62 26 41 12 1 17 32 28 1 33 27
374 22 98 28 14 32 41 21 50 31 1 33 27
375 22 187 38 40 16 64 26 28 23 41 34 27
376 22 124 15 19 24 10 18 11 22 1 33 27
377 22 152 34 23 42 37 22 24 28 1 33 27
378 22 167 24 28 24 59 23 51 31 1 33 27
379 22 134 35 23 41 69 12 36 19 1 33 27
380 22 128 20 29 23 32 19 47 27 1 33 27
381 22 67 16 18 28 3 23 24 32 1 33 27
382 22 136 37 13 45 1 23 7 39 10 33 27
383 22 72 29 35 22 27 24 32 16 1 33 27
384 22 69 32 23 31 64 24 26 22 10 33 27
385 22 210 19 21 22 40 18 34 22 1 33 27
386 22 79 18 28 34 1 20 40 29 1 33 27
387 22 101 20 21 25 19 19 36 17 488 34 27
388 22 243 39 29 27 29 22 33 19 27 34 28
389 22 93 30 12 36 53 22 25 24 30 34 27
390 22 159 21 15 34 1 21 48 22 1 33 27
391 22 107 42 25 40 40 21 51 23 6 33 27
392 22 71 43 25 38 28 22 29 29 58 34 28
393 22 92 26 24 33 68 28 50 24 1 33 27
394 22 82 30 19 38 1 17 23 30 28 34 27
395 22 486 39 31 27 1 24 25 26 19 33 27
396 22 65 33 34 23 44 17 39 36 1 33 27
397 22 204 37 40 26 1 24 21 22 24 33 27
398 22 178 16 27 15 26 22 32 26 1 33 27
399 22 125 30 4 39 10 16 23 32 30 34 27
400 22 176 23 10 38 43 19 42 25 1 33 27
401 22 176 23 13 29 69 27 25 25 900 34 27
402 22 265 33 13 27 1 20 13 33 51 34 27
403 22 99 16 25 20 1 24 9 28 1 33 27
404 22 117 19 25 14 12 27 31 21 15 33 27
405 22 116 25 21 28 20 18 13 30 38 34 27
406 22 208 41 26 30 59 27 39 34 77 34 27
407 22 113 37 29 28 1 21 4 33 111 34 27
408 22 299 28 21 35 17 21 42 33 20 33 27
409 22 78 38 33 30 1 19 18 27 7 33 28
410 22 294 34 36 26 23 19 22 27 38 34 27
411 22 121 38 11 42 97 24 22 26 810 34 27
412 22 56 21 31 33 34 24 50 28 1 33 27
413 22 491 30 37 28 24 22 28 25 1 33 27
414 22 144 24 37 23 38 23 33 25 1 33 27
415 22 497 35 41 20 56 25 50 25 21 33 27
416 22 611 15 23 33 17 22 49 34 1 33 27
417 22 209 21 22 27 32 20 8 18 270 34 27
418 22 179 23 40 22 7 20 47 30 22 33 27
419 22 147 30 21 32 93 26 38 22 48 34 27
420 22 113 8 21 26 31 25 51 36 1 33 27
421 22 94 42 25 37 91 20 35 24 55 34 28
422 22 106 42 10 42 112 21 27 26 746 34 28
423 22 140 39 36 23 45 18 13 31 77 34 27
424 22 102 33 37 24 6 19 32 29 26 34 27
425 22 239 35 21 34 1 15 23 29 1 33 27
426 22 99 33 34 23 73 18 18 17 52 34 28
427 22 108 33 23 38 23 17 45 34 1 34 27
428 22 109 21 30 22 1 23 56 25 1 33 27
429 22 162 35 44 24 31 21 24 24 69 34 27
430 22 121 24 33 28 51 21 58 25 1 33 27
431 22 147 29 4 47 43 26 1 35 758 34 27
432 22 112 14 14 23 1 21 19 19 1 33 27
433 22 116 44 33 36 17 22 19 27 36 34 28
434 22 115 38 33 30 3 19 1 27 63 34 28
435 22 97 27 24 29 1 16 21 28 1 33 27
436 22 73 42 23 45 1 18 12 36 10 33 27
437 22 67 33 24 31 33 26 42 28 1 33 27
438 22 125 36 26 22 47 23 36 27 15 34 28
439 22 76 35 32 23 7 23 23 26 44 34 27
440 22 374 21 14 35 33 20 57 30 1 33 27
441 22 207 38 21 40 1 21 15 40 34 34 27
442 22 145 38 35 39 71 25 45 30 1 33 27
443 22 313 30 17 38 7 22 35 30 2007 34 27
444 22 96 27 40 16 1 18 32 28 1 33 27
445 22 191 30 20 32 84 23 17 20 33 34 28
446 22 228 27 13 38 44 25 40 26 1 33 27
447 22 276 34 33 35 1 17 26 30 57 34 28
448 22 498 34 37 24 14 25 1 30 1 33 27
449 22 81 24 24 33 1 20 40 24 15 33 27
450 22 101 34 36 38 1 24 37 27 26 34 28
451 22 78 25 15 34 39 19 50 21 1 33 27
452 22 122 28 18 39 1 15 3 33 10 33 27
453 22 106 33 11 41 1 21 13 20 36 34 27
454 22 111 39 26 35 1 20 16 25 18 33 28
455 22 116 35 37 23 1 23 28 25 62 34 27
456 22 122 25 43 17 1 25 41 25 26 33 27
457 22 114 23 9 32 68 18 33 36 1 33 27
458 22 153 45 39 32 19 20 41 27 83 34 28
459 22 197 44 20 35 80 19 16 35 16 33 27
460 22 171 36 24 33 49 26 41 31 1 33 27
461 22 89 29 21 28 41 22 13 27 1 33 27
462 22 128 35 35 31 1 17 34 31 1220 34 27
463 22 109 41 38 37 41 21 45 40 744 34 28
464 22 234 29 27 18 93 27 38 24 7 33 27
465 22 210 39 34 27 30 23 23 21 50 34 28
466 22 110 43 31 34 91 16 54 31 65 34 27
467 22 94 39 34 28 76 26 46 25 39 34 28
468 22 488 18 16 38 1 49 21 35 1 33 27
469 22 81 34 30 33 1 17 16 32 41 34 28
470 22 177 23 26 29 1 19 17 27 6 33 28
471 22 196 37 33 25 46 23 20 28 37 34 28
472 22 195 17 27 24 1 29 38 33 8 33 27
473 22 104 29 38 23 61 20 38 26 72 34 27
474 22 134 38 9 33 1 17 13 32 64 34 27
475 22 130 26 18 33 1 17 39 27 31 34 27
476 22 106 25 18 34 1 17 20 36 763 34 27
477 22 109 36 44 18 2 19 24 16 24 33 28
478 22 277 43 42 21 5 20 13 25 40 34 27
479 22 74 34 22 32 15 19 25 27 24 33 27
480 22 169 32 19 38 76 21 49 31 1 33 27
481 22 132 19 20 29 1 23 2 36 15 33 27
482 22 229 25 18 34 1 15 14 29 22 33 28
483 22 358 31 29 33 38 18 54 27 21 33 27
484 22 73 32 16 42 46 18 28 33 33 34 27
485 22 231 31 31 25 1 17 13 30 79 34 28
486 22 90 27 36 30 1 21 23 30 1266 34 28
487 22 71 31 36 20 1 18 22 29 37 34 28
488 22 214 34 22 29 47 16 1 22 45 34 27
489 22 125 6 14 35 1 30 49 30 341 34 27
490 22 98 1 37 16 1 14 46 17 1 33 27
491 22 124 36 39 18 1 27 1 21 21 33 27
492 22 182 31 24 34 61 19 32 28 15 33 28
493 22 163 32 41 23 77 23 40 26 31 34 27
494 22 144 19 27 14 27 22 44 24 1 33 27
495 22 189 40 17 28 20 20 1 29 53 34 27
496 22 52 28 40 22 1 18 28 40 1 33 27
497 22 112 35 31 35 24 15 30 29 1 33 27
498 22 93 44 37 31 13 24 21 25 108 34 28
499 22 124 16 27 30 1 22 29 30 1 33 27
500 22 76 26 30 30 17 22 27 20 16 33 27
501 22 141 19 26 24 1 20 29 27 1 33 27
502 22 168 34 24 33 74 18 7 29 4 34 28
503 22 76 40 36 40 1 15 22 28 60 34 27
504 22 87 17 18 36 1 22 1 22 1 33 27
505 22 112 36 41 28 43 21 37 33 31 34 28
506 22 232 30 32 23 59 16 20 27 38 34 28
507 22 90 25 39 21 1 17 43 29 1 33 27
508 22 166 36 43 18 84 19 40 14 53 34 27
509 22 100 27 14 35 57 19 25 21 6 33 27
510 22 130 35 22 34 1 20 1 29 891 34 28
511 22 120 19 19 20 6 19 33 25 5 33 27
512 22 172 39 29 37 29 22 24 34 1 33 27
513 22 126 35 27 37 19 22 40 33 676 34 27
514 22 111 37 43 33 1 26 50 26 30 34 27
515 22 50 16 28 28 31 33 53 25 1 34 27
516 22 358 33 35 31 1 20 24 30 39 34 28
517 22 162 30 43 23 1 20 24 21 20 33 27
518 22 107 16 25 23 9 20 23 20 20 33 27
519 22 172 13 16 24 10 22 28 23 1 33 27
520 22 163 6 20 26 32 20 38 28 1 33 27
521 22 77 16 1 39 48 22 21 35 1 33 27
522 22 67 23 28 14 10 22 32 22 15 33 27
523 22 423 24 28 23 24 22 10 24 1 33 27
524 22 121 23 43 21 1 13 46 31 1 33 27
525 22 163 21 14 34 1 20 29 28 1 33 27
526 22 138 26 37 22 1 23 46 30 61 34 27
527 22 63 9 30 26 1 22 40 25 1 33 27
528 22 62 23 30 25 19 21 44 25 1 33 27
529 22 79 27 17 39 43 20 50 28 1 33 27
530 22 208 37 29 28 43 20 41 31 8 33 27
531 22 91 39 46 28 18 23 47 26 1 33 27
532 22 176 33 30 26 19 27 28 29 1 33 28
533 22 151 27 25 30 45 26 52 27 1 33 27
534 22 74 46 47 17 1 15 19 21 85 34 28
535 22 165 16 2 29 20 24 25 29 1 33 27
536 22 321 9 15 25 13 31 41 27 1 33 27
537 22 247 35 33 23 77 26 38 20 43 34 28
538 22 80 24 28 16 1 23 17 27 72 34 27
539 22 174 40 22 37 114 23 14 27 29 34 28
540 22 106 32 34 25 49 23 52 26 1 33 27
541 22 60 13 29 17 1 19 30 22 1 33 27
542 22 134 31 22 35 1 26 42 22 1 33 27
543 22 130 27 13 28 56 20 1 19 16 33 27
544 22 100 23 19 30 1 22 18 26 21 34 28
545 22 68 30 36 32 41 23 50 26 1 33 27
546 22 129 16 26 17 1 24 42 20 1 33 27
547 22 102 17 21 29 1 19 29 33 1 33 27
548 22 74 33 30 33 70 18 47 29 1 33 27
549 22 128 37 22 38 64 23 35 23 1 33 27
550 22 102 39 24 37 47 20 39 21 1 33 27
551 22 139 14 22 31 1 19 39 22 1 33 27
552 22 129 32 30 31 26 19 31 27 39 34 27
553 22 356 22 29 23 16 26 47 27 1 33 28
554 22 65 33 30 28 79 16 10 27 42 34 28
555 22 88 29 50 21 23 21 39 20 8 33 27
556 22 130 24 22 32 9 19 21 31 40 34 28
557 22 214 28 21 38 1 21 23 29 19 33 27
558 22 163 36 11 38 1 19 1 36 17 33 27
559 22 109 32 19 37 52 25 54 36 6 34 28
560 22 743 39 32 29 27 17 34 33 74 34 27
561 22 118 36 41 30 1 20 36 24 1 33 27
562 22 91 28 26 34 1 17 20 25 16 33 27
563 22 191 27 30 26 64 23 42 23 68 34 27
564 22 162 22 16 29 1 20 1 22 460 34 27
565 22 151 30 159 25 74 25 45 18 1 33 28
566 22 121 33 10 43 31 15 4 30 1 33 27
567 22 115 43 36 27 56 22 10 30 62 34 28
568 22 102 34 22 35 3 25 19 27 51 34 28
569 22 99 18 22 26 35 25 54 21 11 33 27
570 22 90 43 33 29 38 20 8 19 105 34 27
571 22 366 49 39 34 1 21 25 33 34 34 27
572 22 58 25 30 28 1 26 41 23 32 34 28
573 22 83 46 19 43 114 26 8 32 50 34 27
574 22 175 21 21 36 1 25 36 33 1 33 27
575 22 160 30 15 49 14 15 16 25 1 33 27
576 22 81 35 39 23 1 14 13 23 35 34 28
577 22 125 35 29 23 30 24 29 24 48 34 28
578 22 49 31 38 26 51 21 55 35 1 33 27
579 22 84 36 26 29 45 23 7 25 1 33 27
580 22 70 37 33 30 68 21 41 25 1 33 27
581 22 244 32 33 34 111 27 17 30 79 34 28
582 22 88 42 45 23 70 25 27 27 64 34 28
583 22 318 39 29 28 109 23 30 31 67 34 27
584 22 131 24 17 34 1 21 16 31 28 34 28
585 22 156 25 24 29 27 22 17 28 93 34 27
586 22 127 32 37 20 1 13 24 24 21 33 27
587 22 98 35 25 32 9 21 40 20 37 34 27
588 22 88 30 3 45 49 22 26 30 1 33 27
589 22 182 25 23 37 44 20 29 27 1 33 27
590 22 65 24 8 35 26 28 21 30 1 33 27
591 22 181 30 18 26 70 27 25 22 1 33 27
592 22 101 39 19 34 60 19 7 31 38 34 28
593 22 115 38 43 22 1 12 1 19 49 34 27
594 22 75 34 22 31 36 19 48 29 10 33 28
595 22 98 23 27 28 41 26 39 28 1 33 27
596 22 82 30 43 19 1 18 59 34 1 33 27
597 22 157 12 23 23 1 16 34 21 1 33 27
598 22 91 21 10 24 2 23 32 27 1 33 27
599 22 67 22 21 32 1 21 18 16 1 33 27
600 22 96 25 31 15 1 22 26 20 35 34 27
601 22 76 13 13 28 1 19 23 17 1 33 27
602 22 222 31 37 25 63 28 45 18 1 33 27
603 22 217 26 44 21 1 21 31 27 1 33 27
604 22 259 28 34 22 70 26 36 25 26 34 27
605 22 212 41 28 34 1 20 16 25 32 34 28
606 22 99 41 13 42 19 18 1 23 30 34 27
607 22 132 34 29 29 30 16 20 19 27 34 28
608 22 164 31 19 30 6 21 21 26 25 33 27
609 22 382 27 28 23 1 23 17 27 45 34 27
610 22 351 41 39 22 30 17 19 28 65 34 27
611 22 155 17 25 22 1 22 30 27 15 33 27
612 22 65 42 34 38 35 23 37 25 44 34 27
613 22 214 17 26 24 1 21 18 17 15 33 27
614 22 233 18 36 17 31 24 46 30 1 33 27
615 22 126 37 18 37 1 20 1 30 69 34 27
616 22 120 24 51 19 1 23 44 29 16 33 27
617 22 177 11 25 23 1 21 43 28 1 33 27
618 22 76 31 29 34 48 27 19 27 46 34 28
619 22 77 27 32 33 1 22 29 28 45 34 27
620 22 345 35 21 41 64 23 59 30 1 33 27
621 22 180 20 28 17 1 26 11 30 1 33 27
622 22 114 29 42 16 11 22 22 21 51 34 27
623 22 125 35 28 30 24 24 29 20 8 33 27
624 22 73 28 15 34 1 21 27 26 1 33 27
625 22 87 27 27 20 82 22 27 25 1 34 27
626 22 82 23 18 35 14 23 24 31 32 34 27
627 22 63 18 21 23 33 25 40 30 1 33 27
628 22 107 27 30 28 20 17 10 23 30 34 27
629 22 52 22 35 21 1 18 43 20 1 33 27
630 22 287 20 43 9 42 20 56 32 20 33 27
631 22 116 7 31 19 1 20 15 25 1402 34 27
632 22 168 38 25 36 34 23 48 22 1 33 27
633 22 219 14 33 12 2 26 34 19 1 33 27
634 22 84 18 10 31 1 17 27 31 15 33 27
635 22 99 32 32 27 86 26 29 34 35 34 28
636 22 84 41 28 28 10 18 21 28 55 34 27
637 22 116 21 1 36 23 22 10 25 7 33 28
638 22 168 24 16 29 34 26 50 27 1 33 27
639 22 224 17 33 15 14 16 58 24 7 34 27
640 22 164 23 30 29 1 22 43 17 1 33 27
641 22 273 30 24 36 1 24 17 28 46 34 27
642 22 84 45 32 34 19 14 1 23 75 34 27
643 22 129 38 27 30 57 19 30 25 9 34 28
644 22 95 1 17 26 1 18 43 32 1 33 27
645 22 66 34 35 31 66 21 59 28 10 34 28
646 22 126 32 26 26 49 23 33 32 20 33 27
647 22 279 31 30 37 1 20 36 37 33 34 27
648 22 156 26 1 41 10 22 21 27 27 34 27
649 22 87 26 10 28 1 22 18 32 1 33 27
650 22 68 27 44 16 7 20 42 24 47 34 27
651 22 82 37 48 20 11 29 30 27 77 34 27
652 22 61 30 44 18 3 21 26 27 49 34 27
653 22 70 26 32 34 1 22 28 27 10 33 28
654 22 71 30 28 35 26 27 22 30 10 34 28
655 22 88 31 33 25 10 26 21 35 1 33 27
656 22 44 11 17 31 62 19 45 28 1 33 27
657 22 158 20 39 22 1 22 28 27 1 33 27
658 22 204 18 27 15 4 20 17 24 44 34 27
659 22 68 20 19 32 56 22 56 33 1 33 27
660 22 75 8 19 21 1 23 33 31 1 33 27
661 22 237 38 40 24 65 23 22 20 17 33 27
662 22 96 30 34 30 26 20 46 22 20 33 27
663 22 70 31 27 25 20 25 23 24 22 33 27
664 22 93 20 25 27 41 23 40 26 1302 34 28
665 22 79 25 28 34 1 20 42 31 17 33 28
666 22 123 30 26 30 1 21 25 18 1 33 27
667 22 133 29 29 30 34 20 19 26 1 33 27
668 22 120 25 30 26 36 16 16 25 1 33 27
669 22 77 40 35 32 28 24 39 30 28 34 27
670 22 111 20 20 29 1 18 17 26 26 33 27
671 22 217 33 32 25 15 17 1 23 54 34 27
672 22 119 27 22 20 32 25 22 24 76 34 27
673 22 118 27 20 30 9 18 14 26 60 34 28
674 22 73 19 1 43 25 20 32 32 1 33 27
675 22 188 16 30 21 1 20 13 24 1 33 27
676 22 135 16 14 29 13 22 41 27 1 34 28
677 22 149 28 27 33 1 21 32 33 1 33 27
678 22 77 23 35 23 38 21 26 27 19 33 27
679 22 163 36 38 27 66 22 39 17 28 34 28
680 22 156 28 24 30 26 21 42 29 1 33 27
681 22 144 44 1 33 105 24 23 19 77 34 28
682 22 170 25 19 33 1 23 19 22 14 33 27
683 22 109 35 31 28 12 19 22 27 42 34 28
684 22 316 25 21 23 21 22 26 25 1 33 27
685 22 109 31 20 41 30 26 60 24 1 34 27
686 22 262 24 8 32 36 18 15 32 1 34 28
687 22 151 48 25 43 37 21 11 23 2007 34 28
688 22 133 28 29 27 7 26 34 21 13 33 27
689 22 169 14 15 30 5 19 32 21 1 33 27
690 22 96 44 22 40 37 21 18 28 48 34 28
691 22 94 32 26 30 48 17 25 24 16 33 28
692 22 114 26 22 28 57 23 28 33 533 34 27
693 22 108 17 16 21 67 18 16 33 1 33 27
694 22 162 28 39 28 48 28 36 26 1 33 27
695 22 66 23 30 22 29 19 27 19 1 33 27
696 22 211 36 41 28 1 18 39 24 18 33 28
697 22 202 26 10 29 38 26 32 22 1 33 27
698 22 104 26 27 33 59 25 48 25 1 33 27
699 22 106 26 21 37 9 22 46 34 1 33 27
700 22 85 33 42 27 5 21 30 26 59 34 28
701 22 117 39 22 36 78 21 52 22 849 34 28
702 22 231 31 33 30 1 18 47 22 42 34 27
703 22 91 26 20 24 10 22 24 30 41 34 27
704 22 177 30 12 39 35 22 30 31 24 33 27
705 22 99 30 25 24 30 19 20 24 36 34 27
706 22 104 50 22 32 44 29 1 25 101 34 27
707 22 149 32 14 46 1 19 21 34 49 34 27
708 22 89 34 4 38 89 18 23 29 1 33 27
709 22 82 24 22 25 70 23 32 20 1 33 27
710 22 68 32 40 23 1 19 34 30 1 33 27
711 22 80 28 34 15 8 16 6 20 15 33 27
712 22 196 24 1 42 21 19 24 32 1 33 27
713 22 541 34 19 36 34 23 21 35 1 34 27
714 22 154 30 36 18 4 22 29 27 1250 34 27
715 22 75 41 31 32 68 28 27 29 56 34 28
716 22 95 42 36 30 18 23 32 32 36 34 28
717 22 339 42 33 25 30 16 40 27 58 34 28
718 22 151 22 15 37 1 22 8 28 20 33 27
719 22 97 5 16 20 6 22 35 29 1 33 27
720 22 115 22 18 32 1 20 46 26 42 34 27
721 22 72 26 25 27 20 26 31 30 1 33 27
722 22 224 17 23 27 37 23 53 22 1 33 27
723 22 93 19 9 29 42 23 28 28 1 33 27
724 22 125 15 13 30 44 24 37 20 1 33 27
725 22 319 33 31 37 1 24 36 26 6 33 28
726 22 87 41 37 29 1 25 24 31 51 34 28
727 22 89 36 30 32 14 13 5 32 18 33 27
728 22 132 17 20 26 35 19 41 29 1 33 27
729 22 70 35 45 28 33 22 22 27 25 34 28
730 22 122 38 37 29 32 18 13 30 19 33 27
731 22 122 32 44 26 18 20 56 31 1 33 27
732 22 161 36 32 28 77 18 42 22 24 33 28
733 22 69 36 53 13 1 21 21 21 41 34 28
734 22 183 22 21 35 27 21 49 28 1 33 27
735 22 103 35 13 37 34 22 19 36 63 34 28
736 22 121 21 25 17 19 22 1 26 34 34 27
737 22 68 34 35 31 1 24 32 37 1 33 27
738 22 124 41 35 31 42 24 52 36 47 34 28
739 22 85 38 36 19 14 15 14 22 38 34 27
740 22 155 33 32 24 66 25 35 22 10 33 27
741 22 120 15 19 28 1 18 20 29 4 33 27
742 22 86 28 42 21 36 19 34 28 390 34 27
743 22 147 18 11 33 1 30 51 29 2 33 27
744 22 128 35 22 34 16 25 22 33 9 33 27
745 22 602 22 34 24 1 24 33 18 14 33 27
746 22 81 40 32 31 1 25 35 17 46 34 27
747 22 266 20 22 25 1 18 32 25 23 33 27
748 22 82 34 27 28 32 15 22 25 16 33 27
749 22 87 34 30 33 19 21 21 28 6 34 27
750 22 405 39 22 38 31 22 21 33 1 33 27
751 22 114 32 25 30 55 15 46 24 1 33 27
752 22 67 17 32 21 1 18 48 37 25 33 27
753 22 103 27 17 40 1 18 12 26 1 33 27
754 22 83 34 24 36 35 22 45 23 9 34 27
755 22 62 38 23 37 30 26 46 26 23 33 27
756 22 75 37 41 26 105 22 31 26 14 33 28
757 22 155 24 13 30 45 15 18 31 23 33 28
758 22 151 34 17 35 75 21 41 29 15 33 27
759 22 228 24 15 34 49 23 44 28 10 33 27
760 22 146 29 10 40 62 22 31 29 6 33 27
761 22 155 25 22 35 1 24 29 29 1 33 27
762 22 118 12 22 19 1 18 3 29 1 33 27
763 22 166 24 11 33 15 17 25 21 1 33 27
764 22 106 37 43 31 29 23 53 22 61 34 28
765 22 159 12 10 28 85 20 30 25 1 33 27
766 22 87 36 31 31 42 19 25 25 56 34 27
767 22 127 37 37 12 49 21 24 22 30 34 27
768 22 118 23 28 20 1 22 41 20 24 33 27
769 22 189 45 39 29 35 20 29 24 48 34 27
770 22 145 44 33 18 58 20 13 32 692 34 27
771 22 209 26 25 38 1 21 17 34 1 33 27
772 22 139 29 37 23 1 21 32 30 7 34 27
773 22 89 15 26 25 1 22 40 27 1 33 27
774 22 175 39 38 25 1 15 3 20 48 34 27
775 22 67 35 30 26 78 27 47 31 40 34 27
776 22 93 43 35 24 7 18 12 29 57 34 28
777 22 100 22 37 30 1 23 29 24 1 33 27
778 22 82 36 26 25 35 19 52 17 38 34 28
779 22 188 35 25 33 37 27 33 25 1 34 27
780 22 187 35 39 29 1 21 22 33 7 34 28
781 22 75 34 38 20 23 19 23 19 1 33 27
782 22 320 27 21 32 24 15 49 19 1 33 27
783 22 53 29 42 21 58 17 60 22 15 33 27
784 22 81 41 28 31 7 21 30 32 27 34 27
785 22 133 28 28 28 8 21 47 29 784 34 28
786 22 115 41 16 39 20 22 14 33 55 34 27
787 22 114 22 9 28 10 23 12 26 1 33 27
788 22 85 21 26 25 5 15 22 26 14 33 27
789 22 78 22 12 36 1 21 41 19 1 33 27
790 22 162 30 37 24 45 22 29 23 1 34 27
791 22 205 31 13 35 71 21 22 24 1 34 27
792 22 100 35 39 29 19 23 46 26 70 34 28
793 22 84 43 41 34 1 12 22 20 29 34 28
794 22 126 32 10 27 58 23 29 33 6 33 27
795 22 141 25 33 27 1 14 27 19 57 34 27
796 22 67 26 30 18 45 17 47 19 22 33 27
797 22 150 9 13 26 38 15 39 24 1 33 27
798 22 102 34 20 39 23 26 23 24 45 34 28
799 22 248 42 38 21 1 19 1 24 74 34 27
800 22 126 24 27 29 39 19 43 28 20 33 27
801 22 125 32 29 27 12 21 15 22 1 33 27
802 22 103 35 17 38 64 20 26 34 48 34 28
803 22 214 31 24 28 98 16 23 31 2 33 27
804 22 127 35 26 34 4 25 37 21 16 34 28
805 22 67 24 11 38 25 20 30 27 6 33 27
806 22 104 11 15 25 13 21 28 23 1 33 27
807 22 71 17 7 27 1 20 19 30 1 33 27
808 22 189 16 23 23 1 19 9 27 1 33 27
809 22 60 30 39 20 2 20 19 28 59 34 27
810 22 80 33 34 21 7 15 27 21 63 34 27
811 22 148 16 3 32 1 23 20 30 1 33 27
812 22 260 36 27 36 95 24 48 31 49 34 28
813 22 97 26 32 29 1 19 16 25 96 34 28
814 22 83 34 25 27 38 22 10 30 41 34 27
815 22 176 33 35 30 42 22 44 19 56 34 27
816 22 85 38 9 44 118 23 37 23 1 33 27
817 22 185 31 33 25 31 20 3 18 20 33 28
818 22 92 14 23 19 20 12 13 21 1 33 27
819 22 68 35 31 28 9 21 24 19 36 34 27
820 22 66 30 29 26 13 27 18 31 1 33 27
821 22 284 38 34 37 16 21 32 27 17 34 28
822 22 96 27 24 27 69 20 56 29 1 33 28
823 22 105 18 31 26 1 22 42 22 1 33 27
824 22 489 21 18 29 1 18 1 37 5 33 27
825 22 116 19 20 24 12 19 24 26 36 34 27
826 22 120 21 23 27 30 17 7 29 552 34 27
827 22 537 48 21 41 20 16 4 33 63 34 27
828 22 446 27 23 28 38 26 37 27 35 34 27
829 22 307 25 20 29 20 25 26 27 2 33 27
830 22 321 33 34 27 36 17 20 30 36 34 28
831 22 113 17 17 28 1 21 34 32 1 33 27
832 22 329 34 8 42 23 21 5 31 20 33 28
833 22 115 14 22 27 1 22 41 21 1 33 27
834 22 55 9 25 20 23 22 33 18 1 33 27
835 22 54 26 37 20 1 23 41 26 12 33 27
836 22 293 39 18 49 1 30 16 27 41 34 27
837 22 73 32 15 37 18 20 24 37 4 34 27
838 22 175 45 31 36 1 16 9 23 22 34 28
839 22 127 24 30 21 1 21 39 35 1 33 27
840 22 86 25 21 28 1 19 41 31 1 33 27
841 22 102 47 30 27 25 18 7 32 79 34 28
842 22 171 41 25 35 84 22 56 28 47 34 28
843 22 98 25 1 43 37 28 39 33 1 33 27
844 22 75 18 9 30 34 22 29 20 1 33 27
845 22 119 32 14 38 1 24 17 28 27 34 28
846 22 333 32 40 24 1 23 14 28 33 34 27
847 22 173 50 32 30 92 27 39 21 46 34 28
848 22 80 41 30 34 102 25 42 27 41 34 27
849 22 97 34 36 27 23 20 37 29 1 34 27
850 22 91 42 18 45 1 21 19 30 58 34 27
851 22 276 15 20 32 16 19 14 25 1 33 27
852 22 86 47 44 25 18 22 1 35 69 34 27
853 22 113 42 32 31 79 18 52 22 9 34 28
854 22 118 33 30 22 105 23 47 26 41 34 28
855 22 287 38 18 37 26 21 37 30 21 33 27
856 22 415 26 22 27 8 24 20 26 1 33 27
857 22 68 20 27 18 31 25 26 26 1 34 27
858 22 130 33 27 32 1 23 52 19 1 33 27
859 22 102 16 27 18 26 25 9 23 17 33 27
860 22 78 33 28 33 23 23 31 33 16 33 28
861 22 71 25 23 26 1 18 33 28 1 33 27
862 22 78 34 18 34 35 23 28 26 42 34 27
863 22 65 21 27 23 1 25 24 33 1 33 27
864 22 137 36 31 29 24 25 37 22 22 33 28
865 22 213 24 25 25 28 20 3 26 1 33 27
866 22 100 27 1 41 63 20 27 33 25 34 27
867 22 92 12 27 17 17 16 31 20 601 34 27
868 22 72 25 14 34 62 20 44 28 4 34 27
869 22 144 28 16 36 1 25 38 28 1 33 27
870 22 108 32 29 38 59 24 42 26 1 34 28
871 22 305 35 33 26 79 19 31 21 16 33 27
872 22 74 25 20 34 1 14 23 28 1 33 27
873 22 86 31 37 23 10 15 12 25 7 33 28
874 22 54 14 20 24 30 17 22 17 1 33 27
875 22 285 51 25 38 1 16 12 34 96 34 27
876 22 206 37 33 31 23 18 27 22 61 34 27
877 22 71 44 47 19 59 19 54 24 1 33 27
878 22 89 33 12 42 1 20 39 27 1 33 27
879 22 107 41 35 38 1 23 37 23 26 34 27
880 22 82 10 30 21 8 22 57 20 1 33 27
881 22 210 43 15 41 1 15 9 27 47 34 28
882 22 371 50 37 35 1 23 7 24 89 34 28
883 22 132 36 38 33 33 20 25 26 68 34 27
884 22 156 29 41 25 1 22 46 27 1 34 27
885 22 107 30 31 29 76 28 36 17 64 34 28
886 22 247 44 43 24 1 21 6 29 89 34 28
887 22 173 38 16 39 28 27 21 21 22 33 28
888 22 66 49 32 36 54 23 46 24 53 34 28
889 22 144 36 36 34 1 26 35 23 28 34 27
890 22 223 38 31 31 64 21 19 29 45 34 27
891 22 71 23 35 15 51 21 15 27 55 34 27
892 22 157 45 18 33 90 22 15 34 67 34 28
893 22 132 39 33 29 43 16 20 27 29 34 27
894 22 545 30 34 19 26 26 21 25 26 34 27
895 22 103 26 23 32 5 22 16 24 27 34 27
896 22 235 25 19 34 5 24 27 38 51 34 27
897 22 67 19 22 21 1 23 12 30 1 33 27
898 22 74 38 29 37 94 20 39 35 40 34 27
899 22 250 15 28 15 1 17 42 24 18 33 27
900 22 105 35 18 37 14 20 47 30 1534 34 28
901 22 119 24 48 20 41 23 42 16 1 33 27
902 22 314 21 4 24 20 26 17 30 780 34 27
903 22 211 45 24 36 13 24 20 27 55 34 28
904 22 143 44 30 37 107 22 48 30 621 34 28
905 22 79 21 28 22 1 21 1 23 32 34 27
906 22 428 35 25 34 4 18 14 19 23 33 27
907 22 122 6 14 20 1 20 18 25 1 33 27
908 22 322 25 13 30 76 31 44 27 38 34 27
909 22 87 33 24 31 1 19 8 28 1 33 27
910 22 91 36 28 34 25 24 34 31 2 34 28
911 22 83 25 9 41 31 20 49 35 1 33 27
912 22 50 34 34 32 55 21 49 18 1 33 27
913 22 134 25 32 25 1 19 14 29 1 33 27
914 22 160 31 33 26 1 23 14 18 1 33 27
915 22 108 39 25 35 15 22 42 30 15 33 27
916 22 72 34 36 29 72 19 44 24 1 33 27
917 22 206 25 33 11 27 18 17 33 28 34 28
918 22 105 41 34 37 64 21 41 35 24 34 28
919 22 208 26 25 29 7 26 33 28 34 34 28
920 22 54 19 35 28 50 26 43 24 1 33 27
921 22 76 43 31 41 1 30 51 32 5 33 27
922 22 539 19 15 27 50 22 23 24 1 33 27
923 22 135 36 24 33 48 16 13 22 1 34 27
924 22 58 14 13 27 1 25 46 33 1 33 27
925 22 158 40 19 43 1 19 28 37 66 34 27
926 22 97 29 8 39 31 26 24 34 1 33 27
927 22 142 35 20 36 44 28 18 24 1079 34 27
928 22 100 34 12 36 46 22 24 29 22 33 27
929 22 250 34 40 29 22 20 33 29 1 33 27
930 22 80 35 19 35 2 25 36 29 5 33 27
931 22 161 30 26 33 1 20 22 21 9 33 27
932 22 152 27 22 31 53 20 30 27 36 34 28
933 22 97 23 18 36 1 24 48 27 1 33 27
934 22 366 20 11 33 11 16 1 13 1 33 27
935 22 122 29 19 36 124 18 49 20 1 33 27
936 22 143 42 37 27 55 23 40 26 36 34 27
937 22 82 28 17 34 1 17 6 30 17 33 27
938 22 66 35 19 38 40 24 52 26 1 34 27
939 22 115 22 21 28 61 21 36 29 2 33 27
940 22 112 27 20 26 19 21 15 25 727 34 27
941 22 139 32 17 36 102 24 38 25 1 34 27
942 22 87 25 26 31 29 22 34 34 763 34 27
943 22 93 36 38 32 31 23 44 26 1 33 27
944 22 60 33 50 11 52 23 40 18 47 34 28
945 22 112 18 16 29 52 23 40 27 1467 34 27
946 22 141 41 30 33 42 22 19 28 202 34 27
947 22 107 30 36 24 1 29 44 35 1 33 27
948 22 122 40 30 30 1 25 20 29 954 34 28
949 22 291 28 25 28 22 22 23 29 1 33 27
950 22 95 18 24 25 8 25 29 33 1 34 27
951 22 52 9 39 21 1 16 20 29 1 33 27
952 22 193 16 32 6 1 18 16 23 14 33 27
953 22 168 33 21 40 1 15 11 26 1 33 27
954 22 410 20 43 25 1 20 40 16 1 33 27
955 22 73 36 43 15 1 21 1 28 78 34 27
956 22 96 56 28 43 26 23 8 32 96 34 28
957 22 76 30 19 30 1 25 22 31 28 34 27
958 21 115 20 39 13 8 22 45 18 22 33 27
959 22 248 44 31 36 10 22 26 17 67 34 27
960 22 249 20 20 26 50 17 24 22 1 33 27
961 22 73 23 23 33 49 22 45 28 16 33 27
962 22 119 35 18 37 66 22 19 35 54 34 27
963 22 129 35 46 20 11 14 26 31 43 34 27
964 22 216 38 33 26 1 26 9 31 33 34 28
965 22 167 39 35 35 1 21 16 29 54 34 27
966 22 77 33 35 25 70 22 31 31 62 34 28
967 22 467 25 22 36 71 19 67 31 1 33 27
968 22 84 43 30 35 1 16 17 28 27 34 28
969 22 145 23 36 24 1 17 39 21 1 33 27
970 22 92 23 1 39 9 19 13 26 1 33 27
971 22 84 40 36 25 13 13 14 26 57 34 27
972 22 72 38 43 18 32 20 13 25 65 34 27
973 22 108 18 14 37 1 21 12 31 1 33 27
974 22 111 40 44 28 1 14 25 21 56 34 28
975 22 69 23 8 37 80 25 33 34 1 33 27
976 22 163 45 48 22 56 14 27 25 73 34 27
977 22 1274 625 63 147 1225 760 47 117 304 34 27
978 22 92 24 35 20 16 21 23 23 39 34 27
979 22 67 38 38 31 1 21 38 24 8 33 27
980 22 279 36 24 33 21 20 46 31 343 34 27
981 22 85 32 40 22 33 19 32 32 19 33 28
982 22 137 42 28 39 1 24 18 26 32 34 28
983 22 185 32 24 30 113 22 29 33 23 33 27
984 22 141 23 34 24 1 23 33 29 1 33 27
985 22 154 19 7 36 49 24 46 24 1 33 27
986 22 67 9 24 29 1 22 43 28 1 33 27
987 22 141 28 29 30 20 24 38 24 1 33 27
988 22 75 40 31 21 14 19 38 28 58 34 28
989 22 60 14 15 30 31 24 39 34 1 33 27
990 22 96 46 24 38 1 25 1 31 44 34 28
991 22 136 21 23 26 1 14 19 25 24 33 27
992 22 196 34 21 38 13 16 38 25 15 33 27
993 22 278 46 18 39 10 15 17 27 75 34 28
994 22 364 36 32 26 19 20 24 32 40 34 27
995 22 59 15 28 26 1 15 45 22 1 33 27
996 22 99 16 19 30 1 17 3 27 4 33 27
997 22 86 35 34 38 1 23 35 29 2 33 27
998 22 69 39 20 45 27 23 36 36 1 33 27
999 22 88 24 33 23 100 25 31 28 1 33 27
1000 31 377 33 49 34 62 35 63 45 1 44 38
