1 22 32 31 35 28 64 410 49 17 9 34 28
2 22 27 27 29 32 28 753 225 27 9 33 28
3 22 28 34 38 31 1 569 38 30 1 33 27
4 22 33 44 43 35 38 296 190 32 1 33 27
5 22 33 38 31 38 75 551 150 31 20 33 28
6 22 31 37 34 25 5 135 36 25 24 34 28
7 22 22 17 30 29 1 589 50 24 1 33 27
8 22 32 27 28 29 29 424 18 29 8 33 27
9 22 24 14 17 33 36 428 250 42 1 33 27
10 22 38 34 25 28 30 261 15 36 76 34 28
11 22 32 22 25 32 1 267 24 28 12 33 28
12 22 44 52 20 44 1 225 17 30 56 34 27
13 22 33 23 1 37 81 207 292 37 1 33 27
14 22 31 19 28 23 1 240 423 1260 18 33 28
15 22 26 11 25 26 1 109 31 17 1 33 27
16 22 35 26 21 17 86 308 19 208 23 33 28
17 22 25 24 36 18 66 532 31 26 11 33 27
18 22 36 22 10 37 37 308 302 29 1 33 27
19 22 32 25 7 33 38 99 31 29 1 33 27
20 22 36 34 16 38 25 283 25 29 10 34 27
21 22 33 22 13 33 1 260 15 34 4 33 27
22 22 33 33 33 31 48 194 192 738 37 34 27
23 22 24 23 30 22 17 182 132 29 1 33 27
24 22 34 37 32 27 31 215 13 26 1 33 27
25 22 27 25 19 29 25 205 48 29 1 33 27
26 22 28 26 36 19 1 420 22 21 25 33 28
27 22 29 41 25 40 121 406 34 27 66 34 28
28 22 33 33 38 29 9 109 34 29 43 34 28
29 22 31 34 14 40 64 268 205 28 45 34 28
30 22 16 1 16 26 1 360 177 27 1 33 27
31 22 32 24 10 31 66 362 151 28 1 34 28
32 22 26 34 33 31 32 390 41 37 1 33 27
33 22 29 39 45 17 38 376 154 27 52 34 28
34 22 34 32 8 39 4 281 20 28 16 34 28
35 22 34 40 34 33 1 248 136 115 46 34 28
36 22 37 36 34 31 35 332 17 24 42 34 28
37 22 37 31 33 26 44 420 27 29 30 34 28
38 22 31 32 13 37 14 334 33 29 1 34 27
39 22 36 41 18 34 42 229 255 1453 99 34 28
40 22 40 39 17 31 78 378 128 25 24 34 28
41 22 25 33 39 31 44 466 44 26 1 33 27
42 22 29 23 34 21 6 396 43 30 1 33 27
43 22 37 42 33 29 18 252 132 199 84 34 28
44 22 28 20 24 26 16 322 248 318 1 33 27
45 22 28 27 38 25 42 224 50 27 1 34 28
46 22 33 43 39 30 53 663 32 30 46 34 28
47 22 24 25 33 30 1 543 49 26 1 33 27
48 22 31 38 22 35 102 262 32 23 46 34 27
49 22 29 34 36 26 44 317 44 18 1 33 27
50 22 24 20 32 25 28 516 53 24 12 33 27
51 22 34 38 39 31 1 368 357 19 22 34 28
52 22 29 19 19 31 3 278 20 30 4 33 28
53 22 33 35 31 22 38 267 20 24 62 34 27
54 22 35 35 34 30 1 509 527 29 2 34 27
55 22 34 40 20 35 22 298 265 187 47 34 28
56 22 32 31 41 23 14 766 133 25 20 34 28
57 22 24 26 15 35 69 266 45 36 7 34 28
58 22 28 36 36 31 23 490 50 29 1 33 27
59 22 24 29 24 37 54 367 188 32 10 33 28
60 22 32 37 29 37 45 168 165 31 8 33 27
61 22 32 32 12 36 1 385 21 29 40 34 27
62 22 36 26 17 23 1 187 29 25 22 34 28
63 22 35 39 27 29 1 241 233 569 31 34 27
64 22 33 40 44 31 1 262 168 27 7 34 27
65 22 29 13 9 26 40 244 68 29 1 33 27
66 22 33 34 21 26 62 323 12 27 62 34 28
67 22 27 17 44 17 1 347 298 27 26 33 27
68 22 33 40 44 29 19 416 32 27 25 34 28
69 22 28 36 39 28 31 184 37 31 27 34 28
70 22 26 20 17 28 53 115 18 29 1 33 27
71 22 33 38 24 34 15 332 34 28 46 34 27
72 22 37 34 34 24 43 294 20 21 28 34 28
73 22 32 22 25 23 26 308 225 1536 8 34 27
74 22 27 24 25 28 80 389 42 27 1 33 27
75 22 22 25 52 6 1 353 45 27 1 33 27
76 22 31 31 27 30 37 286 164 633 1 33 27
77 22 37 45 22 32 50 442 26 31 42 34 28
78 22 32 33 26 43 26 255 194 273 11 34 28
79 22 31 40 32 30 99 454 40 34 56 34 28
80 22 28 29 25 33 41 187 23 28 3 34 28
81 22 29 27 34 27 1 217 88 23 17 33 28
82 22 33 22 27 20 7 1200 26 28 1 33 27
83 22 37 45 28 32 33 155 212 151 52 34 28
84 22 26 15 16 24 1 606 15 23 1 33 27
85 22 25 13 15 33 59 619 37 31 1 33 27
86 22 33 41 28 37 85 351 26 33 74 34 28
87 22 24 34 37 29 1 318 48 31 35 34 27
88 22 44 47 23 42 36 170 11 33 45 34 28
89 22 31 17 14 31 7 467 198 472 1 34 28
90 22 30 37 33 30 39 263 186 714 26 34 28
91 22 31 34 23 38 9 207 168 244 39 34 28
92 22 35 42 19 34 34 193 22 29 71 34 28
93 22 37 41 31 26 22 251 117 34 75 34 28
94 22 33 24 34 21 10 461 31 21 13 33 27
95 22 29 24 35 14 1 380 45 23 15 33 28
96 22 22 9 22 27 1 324 156 29 1 33 27
97 22 27 24 32 24 1 204 320 242 1 33 27
98 22 27 28 6 39 1 434 23 35 1 33 27
99 22 33 32 35 23 94 214 39 23 1 33 27
100 22 34 23 19 19 24 362 22 18 11 33 28
101 22 32 24 20 30 70 121 20 21 1 33 27
102 22 38 49 28 42 37 447 24 35 91 34 28
103 22 33 35 42 16 11 272 35 22 49 34 27
104 22 29 31 37 26 30 220 134 22 22 33 28
105 22 34 26 19 28 36 358 157 20 24 33 28
106 22 32 45 31 35 77 197 33 29 36 34 28
107 22 32 30 3 40 46 188 20 26 1 34 28
108 22 35 37 20 40 19 382 20 31 8 34 28
109 22 28 31 26 30 52 432 37 22 1 34 27
110 22 28 27 27 26 24 290 30 26 34 34 28
111 22 31 34 32 30 35 111 26 26 14 34 28
112 22 31 26 16 28 7 110 31 32 45 34 28
113 22 29 21 7 29 70 416 358 27 1 33 27
114 22 24 25 29 27 1 474 10 23 1 33 27
115 22 34 38 36 25 48 212 31 18 27 34 28
116 22 40 49 28 37 35 206 24 24 78 34 28
117 22 40 46 39 27 1 435 16 26 72 34 27
118 22 27 22 35 22 1 424 191 25 1 33 27
119 22 31 35 33 27 1 236 86 30 20 33 27
120 22 29 33 32 29 1 248 171 24 33 34 27
121 22 34 42 27 38 63 336 32 27 30 34 27
122 22 38 36 16 45 1 282 28 31 65 34 27
123 22 26 16 30 15 20 358 50 21 1 33 27
124 22 32 39 38 22 1 180 40 15 27 34 27
125 22 24 25 28 32 38 243 35 25 1 33 27
126 22 28 32 24 26 56 1194 401 29 13 33 28
127 22 32 17 20 24 1 309 24 25 1 33 27
128 22 30 22 27 27 1 277 17 31 1 33 27
129 22 30 24 21 29 33 366 180 17 1 34 28
130 22 29 33 40 14 70 272 238 707 1 33 27
131 22 36 25 9 36 5 325 91 38 33 34 28
132 22 35 26 19 26 7 253 35 25 19 33 28
133 22 33 37 19 34 37 342 14 36 52 34 28
134 22 34 38 19 32 33 289 8 24 1 33 27
135 22 34 32 37 23 1 111 23 28 10 34 27
136 22 33 31 31 38 62 215 37 29 21 34 28
137 22 31 36 50 11 34 199 155 25 45 34 28
138 22 29 24 30 27 52 111 50 23 1 33 27
139 22 34 32 37 20 3 254 13 25 18 34 28
140 22 26 14 23 28 2 145 40 25 1 33 27
141 22 26 27 34 24 37 352 41 34 1 33 28
142 22 24 23 17 36 53 516 41 33 6 33 28
143 22 33 38 44 19 1 241 28 39 38 34 28
144 22 20 11 32 19 1 390 43 29 1 33 27
145 22 37 42 32 28 64 645 27 33 43 34 27
146 22 24 20 30 23 46 345 148 28 1 33 27
147 22 32 34 32 25 1 246 321 46 54 34 28
148 22 33 37 27 32 26 261 167 29 33 34 28
149 22 36 40 24 35 86 242 237 468 36 34 28
150 22 30 34 26 25 30 436 180 840 17 33 28
151 22 25 22 27 33 7 309 54 30 1 33 27
152 22 38 45 28 35 47 290 134 301 32 34 28
153 22 31 23 115 26 41 200 36 25 1 33 27
154 22 20 26 43 26 40 723 39 23 1 33 27
155 22 24 24 25 35 26 317 145 28 2 33 28
156 22 31 27 1 35 8 583 31 30 6 34 28
157 22 27 35 35 31 44 335 44 27 41 34 28
158 22 27 14 24 25 15 274 46 26 1 33 27
159 22 23 9 15 20 1 935 35 22 1 33 27
160 22 31 27 31 26 24 487 16 25 28 34 28
161 22 25 25 37 24 1 263 21 30 16 33 28
162 22 30 18 12 31 68 395 32 30 1 33 27
163 22 27 31 51 9 16 393 249 27 21 33 27
164 22 36 33 24 34 19 425 29 29 6 34 27
165 22 36 34 25 32 24 245 196 28 60 34 28
166 22 30 18 24 25 1 242 28 30 1 33 27
167 22 26 32 43 25 1 347 52 31 1 33 27
168 22 29 17 10 35 6 245 36 33 1 34 28
169 22 29 23 27 28 37 233 235 313 21 34 28
170 22 34 34 15 41 33 245 48 21 1 33 27
171 22 34 36 38 26 12 205 135 434 31 34 28
172 22 30 24 31 26 1 274 37 35 4 33 27
173 22 31 32 26 30 2 624 22 17 1 33 27
174 22 26 11 36 9 1 816 27 26 1 33 27
175 22 32 36 24 39 27 322 38 17 24 33 28
176 22 34 44 33 32 59 432 506 713 70 34 28
177 22 29 28 19 30 38 236 38 28 33 34 27
178 22 26 21 18 28 1 276 32 29 1 33 27
179 22 35 27 21 29 62 257 44 26 1 33 27
180 22 34 26 22 29 41 91 21 26 18 33 28
181 22 29 31 19 32 65 320 22 26 38 34 27
182 22 28 13 25 20 1 659 36 19 32 34 27
183 22 27 18 18 29 67 228 39 28 1 33 27
184 22 31 30 29 20 9 106 9 24 39 34 28
185 22 39 38 30 27 79 1393 15 21 42 34 27
186 22 35 24 21 22 31 185 15 27 16 33 27
187 22 33 40 27 33 51 1021 37 26 14 33 27
188 22 38 38 32 28 22 281 276 250 73 34 27
189 22 35 45 37 30 11 540 23 24 63 34 27
190 22 33 46 25 36 58 602 33 34 61 34 28
191 22 31 36 16 40 24 392 44 47 1 34 27
192 22 31 20 19 34 5 300 132 26 1 33 27
193 22 33 39 36 27 70 474 175 242 44 34 28
194 22 19 14 27 25 1 332 43 36 1 33 27
195 22 37 27 24 23 1 383 11 19 14 33 28
196 22 35 46 42 24 35 250 16 29 40 34 27
197 22 36 39 24 38 19 286 37 37 29 34 28
198 22 31 25 33 27 9 354 200 27 17 33 28
199 22 28 23 8 37 41 202 177 569 7 34 28
200 22 35 39 38 28 1 219 96 29 48 34 28
201 22 33 24 2 41 60 218 173 27 1 33 27
202 22 35 64 33 36 79 295 35 20 14 34 27
203 22 37 47 32 45 1 236 24 36 74 34 27
204 22 27 34 28 35 42 362 30 21 25 34 28
205 22 33 23 17 25 4 283 188 24 15 33 28
206 22 27 32 37 26 1 364 23 30 30 34 28
207 22 28 31 43 26 1 156 38 28 32 34 28
208 22 27 33 37 28 29 233 23 25 1 33 28
209 22 26 34 46 17 12 354 225 33 4 34 28
210 22 36 39 28 33 59 86 38 32 58 34 28
211 22 40 36 15 34 53 311 18 30 47 34 27
212 22 27 19 30 19 65 114 41 20 1 33 27
213 22 31 40 32 30 27 386 123 555 65 34 28
214 22 25 16 19 35 1 295 35 28 1 33 28
215 22 38 42 26 33 1 287 241 25 24 34 27
216 22 25 18 26 29 1 223 53 30 1 33 27
217 22 36 41 36 31 1 127 30 24 46 34 28
218 22 26 23 31 27 10 686 160 18 36 34 27
219 22 30 42 43 25 44 345 44 30 83 34 28
220 22 29 25 26 25 15 177 204 203 3 33 28
221 22 30 29 27 28 56 363 39 24 4 34 28
222 22 24 15 19 35 1 341 29 32 1 33 27
223 22 34 24 33 16 2 191 10 23 18 33 27
224 22 35 26 15 31 50 208 21 25 1 33 27
225 22 15 11 33 25 1 431 54 26 1 33 27
226 22 33 24 25 31 1 204 159 24 33 34 28
227 22 20 20 29 28 1 627 37 34 1 33 27
228 22 37 39 33 30 16 222 32 32 34 34 28
229 22 32 38 20 38 60 297 41 25 21 34 28
230 22 30 33 33 31 1 176 37 28 19 34 28
231 22 29 31 35 25 72 196 38 29 26 33 27
232 22 34 20 12 32 1 274 172 27 23 33 27
233 22 31 31 30 28 48 186 241 28 1 34 28
234 22 24 17 20 31 32 186 49 28 1 33 27
235 22 38 44 32 30 1 385 22 29 88 34 28
236 22 36 38 14 44 41 312 17 28 19 33 28
237 22 29 33 29 34 1 394 125 35 18 34 28
238 22 29 16 13 31 20 235 20 28 1 33 27
239 22 29 17 10 32 48 293 48 23 1 33 27
240 22 36 34 37 23 1 348 9 28 47 34 27
241 22 40 41 27 20 6 373 54 30 70 34 28
242 22 37 36 8 41 56 388 21 30 1 34 27
243 22 28 29 32 24 10 371 22 18 49 34 27
244 22 33 31 23 36 45 201 45 33 14 34 27
245 22 31 19 20 22 1 681 144 32 12 33 27
246 22 30 30 22 39 8 208 19 29 1 33 28
247 22 29 35 25 40 83 246 115 29 1 33 27
248 22 29 27 1 41 66 414 346 38 1 33 28
249 22 31 24 27 21 23 185 26 29 1 33 27
250 22 31 28 14 43 1 213 171 608 13 33 28
251 22 28 17 30 19 26 1047 36 23 15 33 27
252 22 31 25 19 35 1 195 34 30 1 33 27
253 22 33 39 41 26 27 281 23 32 50 34 28
254 22 30 15 21 20 1 429 35 17 1 33 27
255 22 28 16 27 23 1 206 17 27 1 33 27
256 22 27 32 31 29 27 531 30 21 37 34 28
257 22 39 36 10 43 35 325 21 28 49 34 28
258 22 43 33 15 33 50 392 10 33 37 34 28
259 22 33 38 30 33 36 112 27 22 25 34 28
260 22 31 24 22 26 33 194 148 28 1 33 27
261 22 29 19 21 20 37 272 169 25 1 33 27
262 22 38 42 35 25 41 1228 20 20 36 34 28
263 22 29 17 25 23 1 190 135 29 12 33 28
264 22 35 28 33 17 1 302 157 26 50 34 28
265 22 22 17 38 23 6 222 44 24 1 33 27
266 22 40 37 34 20 44 255 422 165 66 34 28
267 22 28 20 23 28 10 310 126 26 1 33 27
268 22 29 29 10 45 64 254 112 34 1 34 27
269 22 32 29 38 45 49 233 22 26 10 33 27
270 22 36 35 36 22 63 222 10 20 31 34 28
271 22 27 33 38 30 15 204 200 33 40 34 28
272 22 31 33 34 32 11 243 19 28 23 34 28
273 22 33 34 41 28 4 290 39 20 32 34 28
274 22 28 19 25 23 80 594 42 33 1 33 27
275 22 22 9 3 37 1 338 230 21 1 33 27
276 22 29 15 1 37 20 388 16 27 1 33 27
277 22 34 37 30 32 1 681 517 484 30 34 28
278 22 29 28 22 35 1 253 327 31 2 34 28
279 22 34 27 14 32 15 224 28 24 48 34 27
280 22 40 44 24 27 72 221 127 32 74 34 28
281 22 26 17 24 30 1 237 230 31 1 33 27
282 22 29 23 31 28 15 288 35 26 17 33 28
283 22 25 32 18 40 89 194 47 34 1 33 27
284 22 23 29 59 15 1 266 227 30 1 33 27
285 22 37 42 34 32 1 356 24 27 31 34 28
286 22 29 38 27 37 45 243 39 27 1 33 27
287 22 30 20 28 25 1 291 25 24 17 33 28
288 22 27 30 21 38 6 113 39 23 1 33 27
289 22 28 23 26 30 1 251 36 22 20 33 28
290 22 28 17 1 40 44 264 23 27 1 33 27
291 22 24 30 37 21 8 579 34 29 1 33 27
292 22 30 35 24 36 83 296 30 20 3 34 28
293 22 32 35 18 32 34 589 17 24 43 34 27
294 22 33 28 12 43 28 294 21 31 1 34 28
295 22 36 44 49 19 9 495 710 29 84 34 28
296 22 38 37 24 28 24 271 28 29 70 34 28
297 22 28 41 38 36 54 396 331 30 16 34 28
298 22 32 18 19 23 24 258 402 496 1 33 27
299 22 26 20 24 38 1 324 36 28 1 33 27
300 22 31 43 39 31 72 352 26 26 79 34 27
301 22 32 40 24 35 54 307 220 30 89 34 28
302 22 28 23 20 30 41 240 258 438 1 34 27
303 22 26 32 30 37 73 304 36 32 25 34 28
304 22 26 22 25 29 15 136 188 28 1 33 27
305 22 31 33 36 31 13 339 37 27 32 34 28
306 22 29 17 16 28 12 487 99 24 1 33 27
307 22 21 25 41 17 29 445 293 700 1 33 27
308 22 30 27 19 34 95 416 28 25 1 33 27
309 22 30 22 23 28 1 210 194 25 7 33 27
310 22 38 45 39 28 22 768 34 21 69 34 28
311 22 28 21 18 29 1 239 494 28 7 33 27
312 22 26 29 28 38 29 290 137 29 39 34 27
313 22 34 23 3 40 7 479 27 28 1 33 27
314 22 35 26 16 31 38 133 37 27 1 33 27
315 22 40 43 20 39 68 420 42 33 59 34 28
316 22 42 38 26 27 63 128 10 26 33 34 28
317 22 37 39 44 26 1 97 30 108 51 34 28
318 22 36 39 36 35 1 298 10 27 33 34 28
319 22 35 34 24 35 88 288 25 29 1 34 27
320 22 30 19 35 13 4 481 39 25 14 33 27
321 22 29 34 29 33 27 672 34 18 20 33 28
322 22 43 47 42 13 24 284 210 29 80 34 27
323 22 36 40 41 30 32 502 18 28 52 34 28
324 22 22 34 48 26 8 256 53 29 1 33 27
325 22 30 39 31 28 51 375 39 27 1 34 28
326 22 28 13 9 36 12 98 24 24 1 33 27
327 22 32 29 20 38 32 367 24 32 16 34 28
328 22 26 32 25 30 118 243 188 362 1 33 27
329 22 29 29 12 30 1 200 12 26 27 34 28
330 22 33 37 31 33 60 291 123 19 41 34 28
331 22 36 29 32 25 4 190 16 34 38 34 27
332 22 39 32 35 20 1 279 15 26 49 34 28
333 22 30 23 17 35 15 678 43 30 22 33 27
334 22 44 39 22 38 1 347 20 26 58 34 28
335 22 29 36 47 15 13 386 43 19 54 34 28
336 22 28 27 26 25 26 255 105 21 42 34 28
337 22 36 31 9 41 23 328 38 26 21 33 28
338 22 27 16 18 21 3 303 26 25 9 33 27
339 22 25 7 8 23 1 431 79 25 1 33 27
340 22 29 14 19 23 11 255 364 48 1 34 27
341 22 29 32 42 18 29 424 197 19 44 34 28
342 22 31 27 5 43 17 579 34 31 28 34 28
343 22 30 25 15 38 4 321 27 27 1 34 27
344 22 39 21 27 22 2 170 184 21 3 33 27
345 22 35 45 34 41 38 267 27 17 35 34 28
346 22 41 41 38 23 37 376 17 21 88 34 27
347 22 35 37 34 23 40 590 22 28 25 34 28
348 22 31 35 27 31 12 389 14 30 25 34 28
349 22 27 24 49 25 30 446 195 685 1 33 28
350 22 29 38 44 25 1 450 22 33 1 34 27
351 22 27 32 38 26 1 259 41 28 21 33 28
352 22 33 28 22 28 24 241 230 35 23 33 27
353 22 26 26 22 34 72 363 32 32 1 33 27
354 22 28 18 16 29 1 275 310 24 1 34 27
355 22 33 20 23 20 23 354 19 25 6 33 27
356 22 36 36 19 42 58 304 181 36 10 34 28
357 22 31 24 24 31 34 331 44 24 13 33 27
358 22 30 36 38 25 22 106 32 22 32 34 28
359 22 22 6 15 28 19 258 42 23 1 33 27
360 22 31 39 34 38 34 102 30 24 72 34 28
361 22 31 34 34 32 8 218 38 29 1 34 28
362 22 31 35 35 29 29 298 128 25 82 34 28
363 22 28 22 25 24 1 231 138 509 12 33 27
364 22 31 34 25 29 67 279 33 22 21 33 27
365 22 26 16 14 37 1 242 38 26 1 33 27
366 22 31 35 31 39 1 664 37 26 35 34 28
367 22 34 30 16 35 1 730 25 42 4 34 28
368 22 30 33 18 26 12 419 241 34 42 34 28
369 22 27 26 26 35 26 106 43 25 39 34 28
370 22 37 33 20 31 91 472 153 25 38 34 28
371 22 29 37 45 25 53 345 34 28 20 34 28
372 22 31 24 26 29 1 187 15 34 1 33 27
373 22 21 6 21 21 13 346 135 23 1 33 27
374 22 27 24 27 33 1 278 250 29 1 33 27
375 22 35 42 31 31 68 518 27 21 115 34 28
376 22 30 27 36 23 33 231 38 23 24 33 28
377 22 29 18 1 35 1 189 21 32 1 33 27
378 22 31 24 28 29 21 792 42 23 1 33 27
379 22 27 31 41 22 24 362 65 31 55 34 27
380 22 32 33 8 44 73 310 6 31 8 34 27
381 22 38 40 41 27 1 221 162 893 57 34 28
382 22 30 28 10 35 78 263 22 30 1 33 27
383 22 29 33 35 37 1 150 39 22 1 33 27
384 22 32 33 19 36 30 282 151 29 1 34 28
385 22 27 25 31 26 43 280 158 33 6 33 28
386 22 31 28 22 25 27 372 134 26 16 34 28
387 22 38 22 12 23 1 237 1 21 12 33 28
388 22 27 16 25 21 1 217 140 26 1 33 27
389 22 38 37 18 41 79 593 21 34 49 34 27
390 22 31 24 32 16 1 106 31 21 15 33 28
391 22 38 37 15 30 49 292 28 24 57 34 27
392 22 31 24 35 21 70 746 39 39 1 33 28
393 22 21 1 27 15 1 210 136 32 1 33 27
394 22 25 22 36 12 3 279 434 18 1 33 27
395 22 34 38 38 30 1 226 39 31 43 34 28
396 22 28 36 31 29 31 333 168 23 23 34 27
397 22 27 18 26 19 26 259 33 29 1 33 27
398 22 28 29 20 31 3 345 42 20 29 34 28
399 22 27 24 25 36 59 338 28 34 15 33 27
400 22 26 35 39 26 67 179 40 30 1 34 28
401 22 34 38 42 26 1 309 19 31 37 34 28
402 22 30 27 29 29 1 408 14 20 20 33 28
403 22 36 37 20 39 56 537 41 34 39 34 27
404 22 35 34 40 24 27 212 18 30 46 34 28
405 22 27 21 16 28 1 209 176 1846 1 33 27
406 22 32 21 11 38 2 357 33 20 28 34 27
407 22 31 21 2 39 36 377 28 40 1 34 28
408 22 32 34 34 16 8 195 260 27 40 34 28
409 22 24 23 33 22 1 113 43 32 24 33 28
410 22 30 27 24 28 97 392 45 32 1 34 27
411 22 33 44 33 32 53 337 12 34 74 34 28
412 22 28 17 13 37 26 339 13 32 1 33 27
413 22 34 42 34 39 1 224 18 28 49 34 28
414 22 37 42 21 35 101 402 35 23 19 34 27
415 22 24 26 19 35 44 248 157 28 13 33 27
416 22 19 24 55 11 1 350 43 34 32 34 28
417 22 29 31 33 22 20 350 28 36 18 33 27
418 22 23 6 17 28 1 396 22 28 1 33 27
419 22 28 34 23 36 25 219 142 31 29 34 28
420 22 35 27 11 44 47 450 23 21 1 34 28
421 22 30 35 34 21 49 466 34 25 71 34 28
422 22 24 11 18 32 1 120 23 32 1 33 27
423 22 43 51 29 32 56 554 45 25 113 34 27
424 22 36 38 31 29 45 282 138 26 43 34 28
425 22 31 21 21 28 1 112 16 29 12 33 27
426 22 34 28 28 31 39 277 29 26 9 34 28
427 22 34 19 22 18 27 1336 17 28 11 34 27
428 22 19 20 27 24 49 141 52 36 1 33 27
429 22 42 83 21 32 65 314 36 27 43 34 28
430 22 30 18 25 24 1 353 30 27 1 33 27
431 22 32 32 23 22 24 172 120 21 7 34 28
432 22 26 26 33 25 16 392 25 30 1 33 27
433 22 31 32 26 30 89 429 29 23 45 34 28
434 22 30 22 20 22 41 380 389 23 1 33 27
435 22 28 21 24 28 42 111 40 22 1 33 27
436 22 31 29 26 34 129 227 46 19 1 33 27
437 22 27 29 31 25 22 289 244 30 1 33 27
438 22 30 38 36 31 6 328 102 24 24 34 27
439 22 33 37 30 31 1 592 14 33 10 34 28
440 22 27 30 34 23 1 294 18 31 1 33 27
441 22 29 20 13 29 15 460 57 36 1 33 27
442 22 33 24 26 23 16 236 304 218 18 33 28
443 22 32 43 30 37 51 784 197 204 53 34 28
444 22 30 22 31 22 9 111 48 30 25 33 27
445 22 28 22 12 35 21 333 44 31 2 34 28
446 22 30 23 20 27 29 228 42 18 1 33 28
447 22 21 27 38 29 1 216 427 542 1 33 28
448 22 30 32 25 27 65 362 177 509 23 34 28
449 22 37 29 28 28 1 361 24 25 18 33 28
450 22 29 24 24 25 1 348 152 21 38 34 28
451 22 33 30 20 28 1 321 28 27 48 34 28
452 22 19 8 24 35 1 120 39 28 1 33 28
453 22 33 42 46 25 22 228 46 23 38 34 28
454 22 42 33 5 39 33 260 81 36 12 34 28
455 22 30 24 22 30 82 253 214 311 1 33 27
456 22 32 27 15 27 1 291 29 26 9 33 27
457 22 25 22 42 12 24 536 25 27 24 33 27
458 22 31 26 2 37 29 109 16 26 1 33 27
459 22 41 46 23 37 63 342 205 32 81 34 28
460 22 28 36 38 34 86 303 42 23 34 34 28
461 22 26 25 26 28 58 217 46 21 1 33 27
462 22 27 33 39 22 71 501 46 20 8 33 27
463 22 31 25 35 21 38 211 35 31 27 34 28
464 22 32 27 30 27 24 313 242 988 11 34 28
465 22 27 29 29 26 24 274 257 25 1 33 27
466 22 30 25 22 32 18 282 43 32 30 34 27
467 22 37 35 29 30 1 301 12 27 32 34 28
468 22 29 31 35 31 10 244 26 25 33 34 28
469 22 30 34 24 28 58 108 28 20 33 34 28
470 22 34 18 25 22 23 376 22 25 10 33 28
471 22 23 24 17 35 33 539 155 27 1 34 28
472 22 46 45 27 36 14 1548 18 22 80 34 28
473 22 33 32 17 39 21 1381 24 31 1 33 27
474 22 32 34 9 49 2 406 55 31 7 34 27
475 22 33 16 11 36 1 246 132 30 1 33 27
476 22 29 41 52 31 1 198 35 29 39 34 28
477 22 35 40 14 43 61 402 169 25 1 33 27
478 22 31 19 21 30 1 536 29 22 1 34 27
479 22 27 32 22 28 65 351 35 30 14 33 28
480 22 35 23 33 18 6 265 13 20 29 34 28
481 22 30 32 19 32 72 559 220 27 51 34 27
482 22 41 32 24 20 59 298 163 23 70 34 28
483 22 27 22 32 19 12 354 18 28 11 33 27
484 22 27 11 1 28 49 460 29 29 1 33 27
485 22 29 25 19 31 65 153 30 27 1 33 27
486 22 29 23 21 30 35 181 35 21 1 34 28
487 22 28 31 26 36 78 229 46 29 1 33 27
488 22 32 21 16 25 36 278 19 26 10 34 27
489 22 39 34 29 31 4 378 16 27 27 34 28
490 22 28 27 36 30 1 528 129 33 8 33 27
491 22 33 17 1 42 33 368 112 644 1 34 27
492 22 31 28 18 34 36 243 35 21 14 33 27
493 22 31 25 5 45 54 353 11 23 1 33 28
494 22 33 29 19 37 26 234 40 31 1 33 28
495 22 30 35 38 31 1 226 151 37 10 34 28
496 22 32 16 1 30 1 147 2 31 1 33 27
497 22 35 41 22 35 75 374 15 28 39 34 27
498 22 35 35 27 26 1 237 1 21 49 34 27
499 22 33 20 21 28 1 221 494 21 1 33 27
500 22 33 41 26 36 9 414 29 38 73 34 28
501 22 24 23 34 23 23 175 36 28 1 33 27
502 22 34 45 25 47 14 647 36 26 9 34 27
503 22 34 33 34 24 1 311 186 216 31 34 27
504 22 31 41 30 38 29 434 56 24 16 33 27
505 22 30 30 17 39 37 386 21 17 24 34 28
506 22 29 36 38 20 1 255 33 30 38 34 28
507 22 32 29 28 30 8 471 32 21 39 34 28
508 22 30 40 25 37 114 243 34 29 21 33 28
509 22 30 31 27 36 38 459 33 29 1 34 28
510 22 35 39 32 32 27 449 134 24 20 34 28
511 22 29 19 25 22 1 304 12 30 14 33 28
512 22 31 27 28 36 50 172 238 54 1 33 27
513 22 30 32 31 31 69 194 141 348 61 34 28
514 22 34 41 29 30 62 179 32 27 43 34 28
515 22 33 32 37 16 26 209 17 28 45 34 28
516 22 31 34 47 22 3 326 24 25 91 34 27
517 22 20 9 18 26 26 557 38 30 1 33 27
518 22 31 29 17 39 44 617 37 27 8 33 28
519 22 32 23 26 30 1 279 24 20 1 33 27
520 22 26 29 34 30 22 282 209 32 1 33 27
521 22 28 10 6 29 1 355 27 33 1 33 27
522 22 22 25 34 23 73 378 35 31 1 33 27
523 22 33 38 34 33 1 328 222 30 27 34 28
524 22 45 52 28 43 1 133 3 35 91 34 28
525 22 34 40 31 34 1 277 151 422 53 34 28
526 22 28 31 38 29 1 383 48 27 1 33 27
527 22 32 33 24 38 20 531 142 24 1 33 27
528 22 34 37 44 28 48 327 49 27 37 34 28
529 22 36 35 32 29 6 215 103 404 66 34 28
530 22 27 15 20 13 9 313 268 17 1 33 27
531 22 31 30 42 14 1 199 18 21 23 33 28
532 22 36 41 22 34 19 166 363 210 26 34 28
533 22 29 16 16 28 50 121 35 26 1 33 27
534 22 24 12 8 37 26 307 231 24 1 33 28
535 22 30 22 27 35 1 280 25 28 1 34 28
536 22 29 31 19 36 44 408 36 26 42 34 28
537 22 30 32 36 26 1 105 34 24 57 34 28
538 22 28 32 38 35 1 321 32 34 1 34 28
539 22 26 22 38 17 27 242 382 364 9 33 27
540 22 40 45 24 33 40 264 22 22 4 34 28
541 22 29 19 23 28 50 360 27 16 1 33 27
542 22 32 20 7 32 1 325 221 28 1 34 28
543 22 26 26 28 25 25 727 34 20 45 34 28
544 22 38 42 23 42 1 414 19 39 34 34 27
545 22 25 21 15 28 36 283 47 33 1 33 27
546 22 28 17 26 25 1 262 37 19 1 33 27
547 22 34 38 20 36 58 201 31 26 1 33 27
548 22 31 23 29 27 11 356 202 229 1 34 27
549 22 36 41 33 35 35 427 25 20 38 34 28
550 22 24 25 21 34 60 216 45 30 1 33 27
551 22 33 31 36 25 37 294 34 26 68 34 28
552 22 27 24 14 31 2 484 19 30 1 33 27
553 22 32 43 35 29 32 285 73 26 10 33 28
554 22 30 26 29 15 65 102 43 24 15 33 28
555 22 33 36 27 32 55 400 22 29 30 34 27
556 22 34 24 8 33 55 411 17 32 15 33 27
557 22 33 29 31 22 1 187 9 29 35 34 28
558 22 38 36 36 24 13 1360 15 30 57 34 28
559 22 40 40 39 27 82 276 122 28 37 34 27
560 22 37 37 37 20 16 180 183 25 26 34 28
561 22 28 11 1 39 17 401 24 33 1 33 27
562 22 27 16 25 17 27 734 216 24 1 33 27
563 22 40 47 40 44 69 273 99 29 49 34 28
564 22 30 36 18 41 34 402 209 30 37 34 28
565 22 28 26 38 22 1 1210 27 24 1 33 27
566 22 38 35 33 35 28 232 27 28 57 34 28
567 22 31 38 26 33 39 203 27 34 58 34 27
568 22 31 27 36 19 2 416 183 30 65 34 28
569 22 33 42 40 26 58 328 38 26 55 34 27
570 22 39 39 25 33 73 396 228 309 8 33 27
571 22 25 12 20 21 1 310 39 20 1 33 27
572 22 32 33 23 35 62 114 41 30 1 33 27
573 22 29 15 16 31 1 287 214 27 1 33 27
574 22 30 33 35 28 12 235 35 26 67 34 28
575 22 32 27 20 29 11 274 23 28 22 33 27
576 22 35 28 22 27 29 224 24 29 21 34 28
577 22 33 42 47 18 27 612 34 30 48 34 27
578 22 30 31 27 29 76 449 41 34 27 34 28
579 22 34 27 33 15 18 321 139 189 22 33 28
580 22 30 34 39 29 25 468 27 23 12 33 27
581 22 27 31 32 30 2 243 29 21 52 34 27
582 22 30 40 31 36 83 357 175 29 69 34 28
583 22 34 34 30 35 1 237 104 276 68 34 28
584 22 20 13 43 29 26 262 236 34 1 33 27
585 22 31 26 16 29 39 310 26 33 1 34 27
586 22 30 32 26 32 66 210 205 26 1 33 27
587 22 35 44 46 17 5 237 105 19 67 34 27
588 22 31 28 20 31 34 338 270 257 1 33 28
589 22 33 27 16 28 28 508 27 32 9 34 28
590 22 26 24 24 34 6 279 161 36 1 33 27
591 22 22 19 38 24 4 349 44 26 1 33 27
592 22 30 25 19 28 12 278 17 27 38 34 27
593 22 25 20 27 30 1 677 162 19 1 33 27
594 22 36 49 26 41 59 417 18 35 44 34 28
595 22 32 28 31 26 17 266 29 32 18 34 28
596 22 26 24 30 29 24 205 39 29 34 34 27
597 22 32 37 37 26 19 246 160 149 37 34 28
598 22 36 27 6 30 38 404 174 292 5 34 28
599 22 25 18 28 35 1 370 22 34 1 33 27
600 22 33 25 20 27 43 644 26 23 1 33 27
601 22 35 42 33 31 63 320 27 29 35 34 28
602 22 41 44 23 39 34 253 269 28 99 34 28
603 22 36 22 23 27 36 145 167 24 1 33 27
604 22 30 33 26 33 1 199 172 18 18 33 28
605 22 26 22 25 34 17 340 47 24 1 33 27
606 22 32 30 35 20 8 330 36 27 21 34 28
607 22 27 23 24 36 16 233 201 27 1 33 27
608 22 35 36 31 30 49 326 35 26 44 34 27
609 22 26 30 31 28 50 278 326 25 24 34 28
610 22 24 10 33 25 1 601 42 24 1 33 27
611 22 30 27 24 25 47 860 40 48 1 34 28
612 22 32 22 29 20 23 241 30 19 1 33 27
613 22 67 297 140 37 97 271 28 36 23 33 27
614 22 31 16 22 20 33 540 40 15 1 33 27
615 22 25 26 37 27 1 189 47 30 1 33 27
616 22 34 40 24 34 103 118 67 28 15 34 28
617 22 36 39 19 39 6 275 17 31 9 34 27
618 22 34 38 31 34 77 650 20 25 20 34 28
619 22 33 23 27 30 46 139 25 28 1 33 27
620 22 28 32 28 31 79 258 33 22 1 34 28
621 22 35 27 35 23 1 233 29 22 24 33 27
622 22 26 24 43 17 26 251 29 24 11 33 28
623 22 25 31 22 34 7 275 41 20 1 33 27
624 22 29 22 17 25 48 335 14 32 1 33 27
625 22 39 43 42 31 1 304 10 29 86 34 27
626 22 32 30 33 28 1 258 12 25 41 34 27
627 22 30 36 43 31 56 552 48 28 1 33 27
628 22 29 14 13 25 21 500 180 17 6 34 27
629 22 37 39 19 33 1 418 30 26 48 34 27
630 22 28 16 21 28 1 400 37 26 2 33 27
631 22 37 43 22 33 10 194 25 27 48 34 27
632 22 31 33 33 25 1 264 21 18 53 34 28
633 22 29 30 35 26 1 333 66 30 58 34 27
634 22 33 40 31 31 59 447 37 28 13 34 27
635 22 43 43 7 47 28 285 16 27 54 34 28
636 22 29 22 15 37 5 309 110 27 1 33 27
637 22 29 19 19 27 46 363 161 30 1 33 27
638 22 37 32 27 18 10 207 143 28 32 34 28
639 22 29 26 29 18 1 73 24 28 1 33 27
640 22 28 29 18 32 57 145 18 31 17 33 28
641 22 28 30 21 35 12 256 50 25 25 34 27
642 22 30 34 30 33 49 245 29 23 1 34 27
643 22 32 33 34 22 1 186 20 16 1 33 27
644 22 37 35 23 36 44 346 34 26 37 34 27
645 22 32 35 38 33 1 292 31 24 1 34 28
646 22 34 35 17 36 72 230 18 28 1 34 28
647 22 31 17 20 27 1 296 133 30 1 33 27
648 22 39 43 29 35 3 118 10 24 60 34 27
649 22 35 37 28 32 3 257 177 22 49 34 28
650 22 36 34 22 36 33 221 10 27 51 34 28
651 22 28 26 36 20 28 327 34 20 18 33 28
652 22 37 47 33 29 59 352 34 33 56 34 28
653 22 30 34 24 25 40 309 165 29 69 34 28
654 22 36 29 14 38 32 290 142 28 30 34 28
655 22 37 36 32 31 1 340 230 23 62 34 28
656 22 32 33 24 32 2 136 186 672 38 34 28
657 22 32 31 16 40 40 568 20 26 26 34 28
658 22 29 32 27 31 29 277 11 29 13 34 28
659 22 36 35 25 38 45 263 34 25 29 34 28
660 22 25 18 14 33 1 238 29 23 1 33 27
661 22 33 38 27 25 28 242 19 25 1 34 28
662 22 28 18 22 23 29 439 200 799 1 33 27
663 22 36 28 7 40 35 276 2 37 1 33 27
664 22 29 25 19 37 55 358 96 30 16 33 27
665 22 25 22 32 26 1 257 258 743 1 33 28
666 22 26 31 28 27 35 374 37 26 44 34 28
667 22 40 33 19 27 50 123 17 24 26 34 28
668 22 34 36 29 23 17 226 148 239 42 34 28
669 22 34 37 8 40 57 328 29 21 3 34 27
670 22 32 37 43 28 1 255 18 23 19 34 28
671 22 38 29 22 19 7 249 32 22 43 34 28
672 22 29 16 19 21 1 620 28 24 7 33 27
673 22 37 44 16 42 58 352 15 35 101 34 28
674 22 34 25 21 29 1 317 1 31 29 34 27
675 22 27 20 27 17 4 520 17 17 1 33 27
676 22 22 6 24 24 7 207 159 558 1 33 27
677 22 32 22 17 30 1 517 31 26 16 33 28
678 22 31 24 15 31 12 106 43 31 4 33 28
679 22 24 32 58 12 1 113 39 25 56 34 27
680 22 30 22 29 21 30 260 35 21 1 33 27
681 22 40 37 7 38 72 200 190 267 1 33 27
682 22 39 35 19 37 29 279 22 22 1 33 27
683 22 28 24 24 21 4 294 38 23 23 33 27
684 22 31 23 27 30 1 185 13 201 6 33 28
685 22 31 33 18 33 70 331 23 33 47 34 28
686 22 34 40 37 23 39 416 177 23 35 34 28
687 22 21 19 29 36 24 303 300 30 1 33 27
688 22 43 47 15 40 46 523 15 25 56 34 28
689 22 36 45 42 35 1 268 129 25 63 34 28
690 22 40 39 33 27 19 155 5 28 38 34 28
691 22 31 32 31 26 42 370 27 33 10 34 28
692 22 25 17 16 34 67 239 42 33 1 33 27
693 22 33 28 49 39 71 133 140 35 3 34 28
694 22 32 40 28 40 98 609 138 198 25 33 27
695 22 31 36 30 27 73 290 150 29 38 34 28
696 22 25 24 20 41 70 261 33 27 1 33 27
697 22 29 33 36 34 59 237 39 14 1 33 28
698 22 26 23 32 33 1 129 49 29 1 33 27
699 22 36 27 11 34 29 495 26 29 16 33 28
700 22 21 27 29 32 45 227 45 27 1 33 27
701 22 31 39 31 30 34 165 41 18 19 33 28
702 22 23 18 28 21 1 279 35 15 1 33 27
703 22 32 35 27 30 52 193 22 46 31 34 28
704 22 38 43 9 41 114 279 283 37 70 34 27
705 22 36 34 21 31 43 261 21 37 7 34 28
706 22 33 24 26 23 53 219 100 24 43 34 28
707 22 27 14 29 17 1 223 13 25 3 33 27
708 22 24 22 16 37 59 286 427 185 1 33 27
709 22 30 21 27 22 17 288 45 24 1 33 27
710 22 35 23 24 21 22 128 117 487 23 33 28
711 22 27 22 43 20 25 126 44 32 1 34 28
712 22 33 40 43 23 1 538 19 28 43 34 28
713 22 32 35 17 36 6 254 126 37 47 34 28
714 22 23 7 13 31 1 279 268 549 1 33 27
715 22 29 19 14 28 34 260 22 31 1 33 27
716 22 28 30 37 30 24 226 188 713 1 34 28
717 22 34 32 21 34 34 195 20 439 31 34 28
718 22 26 27 41 23 1 236 213 254 22 33 28
719 22 25 14 18 29 1 401 180 28 1 33 27
720 22 32 35 31 29 36 304 44 27 61 34 28
721 22 31 23 30 28 1 290 174 27 30 34 28
722 22 44 48 20 42 70 328 152 24 42 34 27
723 22 30 29 26 28 1 252 31 14 22 33 28
724 22 25 24 27 31 21 336 43 26 1 34 28
725 22 35 34 33 22 25 469 16 35 28 34 27
726 22 33 32 29 25 1 814 2 25 5 34 27
727 22 27 19 12 37 11 483 45 32 1 33 27
728 22 23 18 37 18 7 351 38 36 1 33 27
729 22 36 24 16 26 64 243 141 21 1 33 27
730 22 32 31 25 35 14 272 18 21 1 34 27
731 22 34 23 17 23 1 324 17 36 29 34 28
732 22 27 20 1 42 3 587 27 30 1 33 28
733 22 31 40 30 37 6 559 49 34 26 34 28
734 22 36 37 29 27 62 214 174 984 38 34 28
735 22 34 35 22 41 1 286 21 30 1 34 27
736 22 32 36 21 32 1 610 182 46 53 34 27
737 22 31 28 15 32 44 311 13 22 1 33 27
738 22 30 19 23 28 10 214 20 34 1 33 28
739 22 33 31 14 42 11 312 170 195 43 34 28
740 22 33 34 31 37 52 231 219 502 22 34 28
741 22 35 40 19 40 10 403 19 30 71 34 28
742 22 33 49 35 37 61 398 31 36 49 34 27
743 22 31 36 33 32 12 559 123 28 37 34 27
744 22 32 40 35 26 24 229 42 24 30 34 28
745 22 43 45 14 38 33 257 195 25 83 34 27
746 22 24 10 20 29 1 371 42 30 1 33 27
747 22 28 28 30 37 1 226 39 25 29 34 28
748 22 30 31 36 27 1 431 14 35 31 34 28
749 22 25 32 35 29 62 646 36 19 1 33 28
750 22 29 33 18 30 40 429 25 34 1 34 27
751 22 32 40 24 39 83 935 32 32 58 34 28
752 22 38 49 35 23 18 290 236 421 81 34 28
753 22 33 32 17 29 36 304 30 30 24 34 27
754 22 26 35 28 35 62 406 40 37 39 34 28
755 22 22 16 40 15 1 400 33 24 1 33 27
756 22 34 40 20 46 19 462 147 474 40 34 27
757 22 24 13 23 24 61 356 44 27 1 33 27
758 22 30 40 32 35 1 613 187 40 1 34 28
759 22 24 29 36 25 60 314 242 694 12 33 28
760 22 33 37 24 36 39 165 28 22 13 33 27
761 22 25 19 9 36 47 524 325 488 1 33 27
762 22 34 38 33 33 44 672 31 22 1 33 27
763 22 40 27 6 31 7 288 94 23 24 33 28
764 22 33 40 42 19 51 243 146 364 19 33 27
765 22 35 41 32 30 62 184 115 26 73 34 28
766 22 23 28 47 14 43 246 41 30 1 33 27
767 22 36 42 36 45 1 199 18 27 84 34 27
768 22 31 15 2 28 14 611 5 30 1 33 27
769 22 23 31 26 37 43 475 47 38 1 33 27
770 22 33 32 24 32 34 314 368 25 41 34 28
771 22 31 20 22 26 1 392 26 31 14 33 27
772 22 18 14 36 23 11 117 61 34 1 33 27
773 22 33 40 44 26 86 339 35 31 23 34 28
774 22 31 29 32 23 25 319 572 599 62 34 28
775 22 30 33 41 26 25 375 122 280 71 34 28
776 22 39 34 26 30 33 269 163 27 36 34 28
777 22 23 24 41 22 1 206 203 234 1 33 27
778 22 32 38 33 28 56 205 125 34 57 34 28
779 22 33 34 32 25 51 463 190 26 3 33 27
780 22 25 34 33 33 1 476 380 102 30 34 28
781 22 32 27 11 39 55 301 131 33 5 34 28
782 22 30 21 15 32 26 197 127 440 1 33 27
783 22 26 33 41 23 27 335 28 28 50 34 28
784 22 33 36 42 17 18 212 35 17 59 34 28
785 22 22 1 22 17 2 188 142 22 1 33 27
786 22 29 22 22 26 13 148 39 27 1 33 27
787 22 28 34 33 28 28 236 161 24 76 34 27
788 22 33 30 27 27 27 223 39 25 9 34 28
789 22 29 29 37 25 1 449 29 26 1 33 27
790 22 32 20 16 32 28 188 29 31 1 33 27
791 22 31 29 27 24 100 235 45 25 1 34 28
792 22 34 32 27 29 51 370 27 34 1 34 28
793 22 35 25 9 30 44 272 175 30 25 34 27
794 22 36 41 40 24 48 330 22 31 40 34 27
795 22 28 31 31 23 57 346 24 29 17 33 27
796 22 33 27 25 33 1 325 13 28 32 34 28
797 22 28 27 31 27 1 142 14 30 1 33 28
798 22 25 24 19 39 77 147 34 23 1 33 27
799 22 28 30 32 27 10 875 32 32 18 34 28
800 22 37 46 29 36 15 320 14 27 61 34 28
801 22 31 35 28 29 85 605 276 24 1 33 27
802 22 34 36 32 20 21 323 8 27 45 34 28
803 22 29 32 39 23 5 264 22 18 34 34 28
804 22 40 41 20 38 90 334 42 30 39 34 28
805 22 36 41 25 41 79 168 292 421 31 34 28
806 22 32 35 26 33 31 2005 25 30 14 34 28
807 22 29 20 28 16 23 429 27 19 14 33 27
808 22 24 25 21 33 62 333 35 34 1 33 28
809 22 28 21 17 32 16 1921 42 32 60 34 27
810 22 24 29 47 14 22 689 44 31 1 34 27
811 22 40 43 22 40 12 119 6 33 29 34 27
812 22 34 34 30 29 1 252 26 26 22 33 28
813 22 33 35 26 32 1 366 15 36 27 34 28
814 22 35 35 24 31 19 216 44 26 15 33 27
815 22 30 27 22 36 33 277 25 30 1 33 27
816 22 33 34 16 38 54 261 21 30 1 33 27
817 22 30 28 19 34 23 338 42 26 1 33 27
818 22 40 41 39 26 1 329 31 29 59 34 28
819 22 24 23 16 31 45 116 38 30 1 34 28
820 22 26 20 13 35 1 260 20 46 11 33 27
821 22 34 27 4 29 15 239 19 30 8 34 28
822 22 32 20 29 29 1 226 144 297 27 34 28
823 22 31 29 33 25 5 356 8 31 17 33 28
824 22 37 39 31 29 1 337 167 18 50 34 28
825 22 32 27 24 29 20 134 104 27 18 33 28
826 22 32 39 24 40 19 233 206 604 12 34 28
827 22 31 36 34 25 1 120 24 28 34 34 28
828 22 31 28 28 26 64 404 334 23 30 34 28
829 22 32 32 33 32 1 130 36 23 4 34 28
830 22 38 39 34 18 30 521 26 19 33 34 28
831 22 39 34 22 26 6 401 33 31 34 34 28
832 22 35 33 41 13 65 491 20 25 39 34 27
833 22 31 34 39 22 29 366 178 36 18 34 28
834 22 26 15 25 15 34 228 48 21 1 33 27
835 22 37 43 19 42 85 387 20 30 52 34 27
836 22 37 41 18 31 46 282 401 373 31 34 28
837 22 29 33 23 35 36 286 35 30 30 34 28
838 22 43 47 35 27 1 272 12 24 57 34 28
839 22 25 25 28 30 1 838 39 26 1 33 28
840 22 31 35 30 31 72 461 31 38 1 33 27
841 22 26 24 34 29 2 256 36 20 23 33 28
842 22 25 20 24 23 2 127 40 24 1 33 27
843 22 32 40 30 29 28 834 48 28 40 34 28
844 22 34 44 47 32 6 319 208 356 54 34 28
845 22 23 10 15 32 33 762 41 25 1 33 27
846 22 24 25 27 35 1 371 39 28 1 33 27
847 22 38 35 12 39 1 594 17 32 43 34 27
848 22 32 35 35 24 1 219 154 27 1 34 27
849 22 30 13 8 25 1 319 5 23 1 33 27
850 22 31 28 27 26 1 325 110 303 2 33 28
851 22 29 16 11 35 7 121 23 21 1 33 27
852 22 33 38 17 29 1 97 24 29 52 34 27
853 22 34 33 16 42 62 554 28 28 22 34 28
854 22 30 33 32 27 23 248 93 24 15 34 28
855 22 32 29 30 27 1 415 124 31 1 33 27
856 22 29 23 18 34 1 182 119 23 2 33 27
857 22 30 32 20 35 46 253 22 28 30 34 28
858 22 29 36 25 43 8 215 132 32 11 34 28
859 22 28 19 27 16 22 411 47 23 1 33 27
860 22 31 28 35 23 30 123 28 26 19 33 28
861 22 32 29 11 41 80 171 14 23 1 33 27
862 22 29 23 14 37 39 369 41 31 1 33 27
863 22 28 30 43 16 1 787 25 30 39 34 28
864 22 33 45 47 20 6 276 171 31 96 34 28
865 22 27 27 36 18 1 255 128 27 1 34 28
866 22 36 30 28 28 8 300 164 30 74 34 28
867 22 29 38 32 29 42 484 53 29 31 34 28
868 22 19 27 40 25 1 278 47 32 5 34 27
869 22 32 35 19 37 17 226 30 28 1 34 28
870 22 31 42 21 45 79 290 433 22 59 34 27
871 22 26 9 15 27 9 368 145 239 1 33 27
872 22 31 22 9 31 3 204 264 598 1 34 27
873 22 28 24 19 34 36 430 29 30 1 33 27
874 22 27 28 43 17 46 404 322 22 11 34 28
875 22 28 26 32 27 1 281 23 21 16 34 28
876 22 32 29 18 40 6 209 13 27 44 34 28
877 22 33 40 27 34 70 242 12 28 11 34 28
878 22 31 41 41 30 54 243 41 22 82 34 28
879 22 26 15 25 22 1 297 45 23 1 34 28
880 22 31 34 22 35 28 360 107 29 1 33 27
881 22 25 33 46 30 24 429 44 34 25 34 28
882 22 32 18 10 34 1 299 14 28 8 34 27
883 22 30 37 20 37 67 263 42 19 1 34 28
884 22 40 30 7 36 75 590 20 26 14 33 27
885 22 20 6 27 20 9 319 219 19 1 33 27
886 22 31 30 15 38 76 183 208 27 6 34 28
887 22 26 21 28 21 10 274 134 29 22 33 27
888 22 25 17 43 8 1 189 18 18 1 33 27
889 22 32 39 43 24 1 461 30 31 69 34 28
890 22 33 28 16 33 9 322 33 31 32 34 27
891 22 32 28 30 29 26 561 33 30 7 33 27
892 22 25 21 27 28 1 246 39 36 1 33 27
893 22 25 13 22 28 1 413 148 26 1 33 27
894 22 21 11 24 23 23 345 240 34 1 33 27
895 22 30 24 27 27 1 273 7 29 26 33 27
896 22 32 36 23 35 48 366 40 27 62 34 28
897 22 38 46 31 40 60 251 150 28 73 34 28
898 22 35 38 28 41 1 382 28 29 30 34 28
899 22 31 19 11 26 48 228 24 32 19 33 27
900 22 34 32 16 33 60 271 157 26 29 34 28
901 22 29 15 15 26 43 483 173 30 6 34 27
902 22 29 26 9 37 7 547 14 35 1 33 27
903 22 35 41 25 26 31 367 18 28 27 34 28
904 22 39 45 33 33 63 259 179 28 71 34 28
905 22 38 31 10 33 1 203 19 26 30 34 28
906 22 31 36 18 33 38 335 17 35 25 33 27
907 22 27 33 46 31 30 110 27 33 55 34 28
908 22 36 35 27 27 43 832 23 25 23 34 27
909 22 30 33 32 24 1 225 41 24 2 34 27
910 22 29 24 22 24 10 102 19 25 17 33 27
911 22 33 31 28 23 5 115 14 27 44 34 28
912 22 33 35 21 32 68 250 43 24 54 34 27
913 22 25 16 25 25 40 374 43 27 1 33 27
914 22 31 29 24 34 1 109 17 30 1 33 27
915 22 34 27 25 23 51 222 258 148 27 34 27
916 22 30 32 20 32 1 201 22 32 34 34 27
917 22 38 40 26 37 84 112 24 27 94 34 28
918 22 37 27 9 41 27 380 27 31 1 33 27
919 22 33 26 17 31 20 817 34 23 1 33 27
920 22 26 23 33 18 50 177 35 30 7 33 27
921 22 35 46 27 41 24 457 24 33 66 34 27
922 22 44 47 20 38 5 532 27 24 68 34 28
923 22 30 21 10 40 7 526 42 28 1 33 27
924 22 37 37 22 34 17 457 21 25 36 34 27
925 22 28 32 29 33 30 473 26 26 19 34 28
926 22 31 19 27 21 47 268 30 23 1 33 27
927 22 31 26 27 26 88 243 43 26 1 33 27
928 22 29 30 19 33 27 220 158 162 4 33 27
929 22 28 26 32 24 19 448 51 32 3 34 28
930 22 31 29 22 31 1 173 25 26 1 33 27
931 22 33 35 36 19 1 199 1 24 46 34 28
932 28 33 41 55 36 22 2005 265 34 1 41 35
933 22 32 35 29 29 24 284 15 25 31 34 28
934 22 27 27 8 35 40 383 11 30 1 33 27
935 22 37 35 22 35 39 339 13 23 54 34 27
936 22 31 15 28 15 11 276 149 221 1 33 27
937 22 36 35 33 20 41 130 36 20 1 33 27
938 22 34 25 10 35 8 432 20 27 1 33 27
939 22 32 27 17 36 60 327 257 24 27 34 28
940 22 32 30 29 28 11 543 32 17 23 33 27
941 22 29 23 29 21 23 280 47 27 2 33 27
942 22 31 41 20 45 15 459 29 22 1 33 27
943 22 25 18 16 20 1 326 163 25 1 33 27
944 22 31 35 42 20 47 212 244 442 43 34 28
945 22 42 49 24 50 14 281 34 36 66 34 27
946 22 31 38 43 21 29 235 26 19 84 34 27
947 22 36 32 18 26 25 208 233 710 37 34 28
948 22 32 34 32 25 39 312 169 30 51 34 28
949 22 38 39 28 31 24 271 183 28 46 34 28
950 22 22 19 31 27 39 434 45 25 1 33 27
951 22 38 34 20 27 94 510 23 28 1 33 27
952 22 31 28 13 34 31 332 35 26 14 33 28
953 22 30 22 33 23 6 185 40 23 14 33 28
954 22 29 28 25 30 40 229 265 26 5 33 28
955 22 31 32 28 35 1 302 33 23 1 33 27
956 22 38 39 35 34 1 164 12 25 28 34 27
957 22 40 45 23 35 33 112 28 33 50 34 28
958 22 24 26 23 33 31 305 43 24 1 33 27
959 22 27 29 21 37 31 456 43 20 1 33 27
960 22 30 35 31 31 82 228 28 27 52 34 27
961 22 26 20 34 23 1 395 28 25 1 33 27
962 22 29 27 17 31 19 245 275 27 1 33 27
963 22 33 40 29 43 48 102 51 29 35 34 28
964 22 40 52 34 41 1 251 15 30 82 34 28
965 22 34 20 1 44 21 284 21 26 1 33 27
966 22 33 35 31 31 44 250 38 41 35 34 27
967 22 30 34 35 25 39 409 40 27 1 34 27
968 22 26 35 34 32 38 368 53 39 5 33 27
969 22 31 20 9 28 1 358 24 28 12 33 27
970 22 28 19 24 23 23 534 44 18 1 33 27
971 22 30 13 14 19 1 197 23 28 11 33 27
972 22 33 31 32 31 1 227 328 25 51 34 27
973 22 22 22 24 21 32 221 231 33 1 33 27
974 22 34 33 26 38 1 222 171 734 27 34 28
975 22 24 21 28 18 1 110 253 648 3 33 27
976 22 26 19 25 31 33 145 29 27 1 33 27
977 22 23 22 26 35 29 602 338 32 1 33 27
978 22 39 33 12 38 35 350 21 28 20 33 27
979 22 27 26 20 31 54 582 51 26 1 33 27
980 22 29 35 30 26 30 231 225 240 1 34 27
981 22 29 36 19 39 1 227 34 32 1 34 27
982 22 36 40 24 29 44 277 156 471 42 34 28
983 22 38 36 41 15 3 367 20 25 36 34 27
984 22 30 30 30 28 1 301 197 21 10 33 28
985 22 36 38 33 34 65 310 38 22 53 34 27
986 22 29 19 21 21 19 269 34 26 1 33 27
987 22 27 17 27 27 1 182 37 29 1 33 27
988 22 26 24 27 29 28 287 138 21 1 33 27
989 22 34 36 22 44 97 645 33 26 1 33 27
990 22 33 37 43 26 22 417 40 26 76 34 27
991 22 28 22 26 23 42 259 40 23 1 33 27
992 22 38 38 21 36 1 299 110 478 1 33 27
993 22 35 24 30 25 9 361 23 21 25 34 27
994 22 29 17 29 20 1 383 23 28 1 33 27
995 22 35 40 32 32 46 297 201 33 15 34 28
996 22 31 30 26 25 44 297 21 27 32 34 28
997 22 31 39 38 24 25 630 260 17 83 34 27
998 22 40 36 24 28 28 263 25 27 47 34 28
999 22 30 38 29 35 42 351 159 26 58 34 28
1000 22 33 34 35 22 12 201 16 17 56 34 27
1001 22 30 32 24 31 61 292 41 24 7 33 27
1002 22 30 39 35 28 52 249 38 28 31 34 28
1003 22 28 37 31 31 52 255 179 20 1 33 27
1004 22 37 27 14 28 36 310 20 28 33 34 27
1005 22 35 23 23 21 11 190 113 1207 24 33 27
1006 22 31 68 19 33 56 272 149 23 1 33 27
1007 22 34 37 21 39 72 202 23 32 1 33 27
1008 22 34 38 22 39 33 302 26 35 17 33 28
1009 22 36 42 37 29 11 217 31 27 61 34 28
1010 22 33 43 36 34 30 361 269 22 17 34 28
1011 22 34 31 18 25 12 271 15 33 73 34 27
1012 22 33 33 39 19 1 434 161 27 57 34 27
1013 22 25 26 31 25 93 286 371 162 1 33 27
1014 22 27 34 39 25 46 286 30 28 1 33 28
1015 22 33 37 26 44 19 280 47 24 4 34 27
1016 22 35 39 40 21 54 518 61 23 37 34 27
1017 22 35 42 27 32 62 630 23 29 21 34 28
1018 22 26 33 24 33 61 517 50 31 1 33 27
1019 22 39 22 22 12 22 282 19 22 36 34 28
1020 22 35 35 39 23 13 479 223 497 54 34 27
1021 22 30 21 28 29 1 439 25 23 43 34 27
1022 22 34 39 25 40 60 401 45 36 46 34 28
1023 22 31 39 30 36 11 765 28 33 95 34 27
1024 22 28 35 31 34 55 321 105 25 47 34 27
1025 22 28 17 8 41 16 1886 16 29 1 33 27
1026 22 34 39 21 34 82 463 25 22 57 34 28
1027 22 35 29 19 25 33 197 19 26 34 34 27
1028 22 24 19 34 16 1 860 237 23 25 33 27
1029 22 39 27 17 28 59 269 1 29 23 33 28
1030 22 27 21 16 33 36 719 166 20 1 33 27
1031 22 29 27 27 32 8 414 28 24 1 33 27
1032 22 34 24 18 26 7 215 7 31 14 33 28
1033 22 36 46 36 30 33 306 91 27 54 34 28
1034 22 37 43 28 34 53 107 15 26 58 34 28
1035 22 28 28 17 34 116 189 142 149 1 33 27
1036 22 26 13 18 27 1 294 132 20 1 33 27
1037 22 36 37 38 29 1 466 14 27 35 34 28
1038 22 28 14 4 35 16 341 183 252 1 33 27
1039 22 28 17 31 20 1 464 13 25 1 33 27
1040 22 33 37 33 29 11 381 130 22 14 34 27
1041 22 32 32 39 23 1 217 36 32 16 34 28
1042 22 38 31 18 35 1 345 9 26 86 34 27
1043 22 32 31 7 43 1 263 32 35 17 33 27
1044 22 33 24 30 25 1 2005 37 19 20 33 27
1045 22 28 29 32 21 63 233 23 28 30 34 28
1046 22 33 30 28 30 1 293 220 342 10 34 28
1047 22 28 21 23 29 37 583 33 28 1 33 27
1048 22 38 38 35 33 40 257 19 22 14 33 27
1049 22 22 19 28 27 32 352 196 26 1 33 27
1050 22 35 41 23 38 20 333 23 30 23 33 28
1051 22 33 27 9 39 83 466 137 30 1 33 27
1052 22 26 19 19 30 7 327 32 25 1 33 27
1053 22 25 20 15 36 51 250 46 30 1 33 27
1054 22 37 30 21 27 11 422 26 24 23 33 28
1055 22 34 36 34 31 21 248 13 24 44 34 27
1056 22 24 23 23 28 22 526 29 22 14 33 27
1057 22 37 44 30 41 27 563 27 28 38 34 28
1058 22 29 16 23 19 4 280 30 14 4 33 27
1059 22 32 29 19 31 1 250 253 433 1 33 27
1060 22 32 26 8 34 39 287 176 25 42 34 27
1061 22 31 40 24 42 49 239 301 36 59 34 28
1062 22 30 21 17 34 34 469 19 22 1 33 27
1063 22 31 19 5 33 26 391 22 38 1 33 27
1064 22 33 23 16 27 32 285 40 20 1 33 27
1065 22 33 28 24 24 7 398 30 34 29 34 27
1066 22 29 31 43 18 38 370 176 30 27 34 28
1067 22 36 37 24 31 76 366 33 16 59 34 28
1068 22 31 31 4 45 32 204 22 32 16 33 27
1069 22 30 20 27 19 1 460 223 35 1 33 27
1070 22 34 45 30 39 50 175 13 27 43 34 27
1071 22 30 25 17 34 44 319 200 27 1 33 27
1072 22 33 42 33 30 73 212 129 27 100 34 28
1073 22 28 28 24 33 14 342 32 33 17 33 28
1074 22 30 30 25 26 93 233 357 94 14 33 27
1075 22 31 40 25 34 8 230 18 37 59 34 28
1076 22 35 30 10 46 28 192 29 25 47 34 28
1077 22 42 44 15 36 37 136 9 29 49 34 27
1078 22 30 32 21 34 38 198 18 35 29 34 27
1079 22 37 43 25 41 22 222 281 26 45 34 27
1080 22 32 32 28 32 62 272 1886 117 1 33 27
1081 22 28 28 34 32 1 184 164 19 1 33 27
1082 22 30 27 20 36 31 233 173 27 32 34 27
1083 22 27 23 16 35 46 295 42 27 7 33 27
1084 22 26 17 15 36 48 311 27 21 1 33 27
1085 22 38 27 16 32 59 106 18 23 1 33 27
1086 22 31 31 38 31 7 208 30 16 55 34 27
1087 22 30 25 23 28 7 238 45 28 18 33 27
1088 22 31 21 16 32 27 699 28 33 8 33 27
1089 22 37 36 12 32 61 273 26 24 76 34 28
1090 22 29 20 1 43 2 179 214 28 1 33 27
1091 22 26 14 6 39 31 150 38 27 1 33 27
1092 22 30 33 30 30 38 113 35 33 1 33 27
1093 22 35 41 19 41 64 272 391 37 10 34 28
1094 22 35 37 30 36 38 186 23 26 37 34 27
1095 22 32 36 24 32 72 321 58 28 31 34 28
1096 22 26 38 30 39 71 219 27 25 1 33 27
1097 22 34 28 32 23 7 237 19 33 7 34 28
1098 22 25 15 37 29 8 185 107 31 1 33 27
1099 22 20 9 5 35 10 441 30 16 1 33 27
1100 22 25 12 14 32 15 297 38 21 1 33 27
1101 22 24 15 29 21 1 139 27 21 1 33 27
1102 22 33 24 30 19 10 377 34 23 28 34 28
1103 22 38 32 24 20 45 166 27 18 54 34 28
1104 22 30 28 30 28 10 510 105 31 1 33 27
1105 22 28 20 26 26 1 293 234 30 3 33 27
1106 22 31 33 20 41 1 343 205 20 46 34 27
1107 22 32 23 6 41 1 282 225 26 1 34 28
1108 22 21 26 37 24 46 254 29 29 1 33 27
1109 22 23 12 23 25 1 658 337 22 1 33 27
1110 22 24 13 38 10 1 351 348 25 1 33 28
1111 22 27 34 30 34 23 245 215 29 28 34 27
1112 22 24 15 14 30 1 277 36 28 1 33 27
1113 22 29 32 44 27 1 194 264 309 14 33 28
1114 22 41 41 31 43 1 225 14 25 61 34 27
1115 22 35 41 24 40 39 919 400 23 51 34 27
1116 22 35 27 32 21 27 271 9 33 15 33 27
1117 22 26 26 25 29 1 134 38 24 6 33 28
1118 22 39 47 37 24 18 239 177 202 96 34 27
1119 22 33 35 31 30 40 901 31 25 9 34 28
1120 22 39 36 30 24 16 103 24 32 25 34 27
1121 22 35 41 30 32 1 259 114 19 38 34 28
1122 22 33 34 36 29 1 1404 1298 2006 42 34 28
1123 22 39 35 22 37 1 131 21 21 34 34 27
1124 22 36 37 34 27 28 194 33 31 20 33 28
1125 22 34 39 24 31 1 234 24 23 57 34 28
1126 22 29 27 33 19 41 231 38 23 1 33 27
1127 22 20 10 27 22 1 506 35 36 1 33 27
1128 22 30 23 21 30 9 459 141 34 3 33 27
1129 22 29 31 32 35 33 288 37 30 10 33 27
1130 22 31 31 26 36 1 538 44 29 48 34 28
1131 22 36 37 33 32 4 219 21 30 11 33 27
1132 22 38 46 42 30 26 120 37 25 81 34 28
1133 22 28 35 30 31 44 714 29 31 42 34 28
1134 22 42 45 19 41 53 318 127 27 81 34 28
1135 22 28 27 24 27 1 460 135 27 6 33 28
1136 22 26 30 32 24 56 324 37 18 1 33 27
1137 22 27 28 33 25 32 397 36 22 1 34 27
1138 22 29 21 26 29 1 268 205 27 11 33 27
1139 22 26 12 29 25 68 1137 44 27 1 33 27
1140 22 21 28 38 24 56 188 201 26 8 33 27
1141 22 42 54 38 38 25 451 14 27 74 34 27
1142 22 26 28 33 37 1 198 44 212 17 33 28
1143 22 22 11 15 27 1 337 42 32 1 33 27
1144 22 33 45 32 40 121 291 225 30 52 34 27
1145 22 28 21 8 34 53 219 35 27 1 33 27
1146 22 32 32 37 20 40 505 24 26 52 34 27
1147 22 40 33 31 22 72 731 20 16 65 34 27
1148 22 26 30 29 35 38 175 36 24 1 33 27
1149 22 24 33 37 27 62 298 254 328 1 33 27
1150 22 30 35 19 35 69 305 190 32 41 34 27
1151 22 35 40 36 28 1 794 31 31 13 34 28
1152 22 28 30 25 35 77 109 34 30 1 33 27
1153 22 25 20 32 29 10 210 142 384 38 34 27
1154 22 25 18 12 28 20 190 44 32 1 33 27
1155 22 35 44 16 40 20 288 20 38 21 33 27
1156 22 28 30 21 42 38 778 39 27 3 33 27
1157 22 29 28 30 34 43 231 45 27 6 33 27
1158 22 37 46 32 34 17 305 40 18 66 34 27
1159 22 34 29 17 27 24 277 175 26 29 34 27
1160 22 36 34 21 29 1 399 3 26 51 34 27
1161 22 28 27 35 14 49 1366 24 21 17 33 27
1162 22 34 36 16 39 35 230 10 21 37 34 27
1163 22 36 41 31 37 57 354 38 27 66 34 28
1164 22 25 11 19 22 1 335 27 22 1 33 27
1165 22 33 29 34 22 71 328 252 22 1 33 27
1166 22 36 29 13 32 51 283 29 27 7 34 27
1167 22 29 17 9 33 1 267 17 24 2 33 27
1168 22 27 13 19 18 1 199 30 24 25 33 27
1169 22 35 41 49 26 12 294 343 28 46 34 28
1170 22 25 33 38 34 31 197 105 29 20 33 28
1171 22 27 24 29 24 17 374 29 24 9 33 28
1172 22 33 29 38 17 12 119 21 27 41 34 28
1173 22 34 39 23 36 55 331 123 26 35 34 28
1174 22 30 29 23 28 1 768 170 36 45 34 27
1175 22 35 33 24 34 29 118 23 30 1 33 28
1176 22 20 26 35 30 75 361 54 31 1 33 27
1177 22 29 39 31 31 48 245 207 30 17 33 28
1178 22 28 15 13 29 18 288 27 26 1 33 27
1179 22 36 29 29 31 1 231 23 29 68 34 28
1180 22 35 46 35 36 36 339 41 26 90 34 28
1181 22 37 42 23 38 61 286 167 49 59 34 28
1182 22 34 19 9 31 56 521 18 29 1 33 27
1183 22 32 24 14 34 25 244 13 26 1 33 27
1184 22 26 30 18 43 47 374 52 20 1 33 27
1185 22 31 27 14 32 20 250 186 28 16 34 27
1186 22 31 28 15 36 62 74 28 24 23 34 28
1187 22 36 29 1 39 1 212 292 645 20 33 27
1188 22 22 28 32 29 1 283 258 204 1 33 27
1189 22 39 31 10 32 38 350 125 29 38 34 28
1190 22 29 25 22 30 60 379 138 19 6 34 28
1191 22 29 31 40 18 18 956 34 30 3 33 27
1192 22 38 26 22 24 25 1635 31 97 43 34 28
1193 22 31 22 26 26 1 355 144 25 1 33 27
1194 22 34 18 16 25 1 180 12 25 1 33 28
1195 22 36 33 15 38 1 441 15 31 1 34 27
1196 22 35 28 22 32 53 190 27 21 6 34 27
1197 22 35 28 19 31 67 164 263 24 1 34 28
1198 22 26 18 30 20 8 394 154 21 21 33 28
1199 22 27 20 15 34 16 261 46 23 1 33 27
1200 22 36 25 28 25 1 378 19 25 1 33 28
1201 22 25 24 34 33 26 333 41 27 1 33 27
1202 22 33 42 46 21 49 218 290 414 44 34 28
1203 22 35 34 25 31 111 228 31 34 19 33 28
1204 22 36 41 13 38 55 330 156 22 9 34 27
1205 22 36 43 30 32 73 90 11 16 69 34 28
1206 22 34 40 24 39 56 454 34 34 20 33 28
1207 22 31 22 1 32 38 723 18 29 1 34 27
1208 22 27 20 9 35 25 417 42 27 1 33 27
1209 22 33 37 36 30 1 379 168 31 59 34 27
1210 22 35 35 19 38 85 321 25 26 1 33 27
1211 22 33 37 41 25 52 286 34 19 60 34 28
1212 22 23 19 19 34 54 156 51 26 1 33 27
1213 22 33 44 29 45 17 293 36 34 1 34 28
1214 22 36 39 25 30 34 883 22 22 17 34 28
1215 22 23 16 26 31 13 379 45 29 1 33 27
1216 22 32 32 22 35 1 280 15 29 43 34 27
1217 22 35 40 29 30 1 229 190 892 16 34 28
1218 22 35 31 23 30 26 606 25 25 80 34 28
1219 22 35 39 15 39 81 615 27 37 25 34 27
1220 22 35 30 32 21 10 388 105 383 1 33 27
1221 22 29 31 46 13 23 225 29 19 1 34 27
1222 22 21 11 23 20 39 400 53 30 1 33 27
1223 22 29 34 31 34 16 392 42 29 49 34 27
1224 22 33 29 28 27 57 505 48 26 13 34 28
1225 22 30 19 10 37 1 420 160 26 4 34 27
1226 22 33 22 23 27 1 363 157 23 13 33 27
1227 22 31 37 28 35 95 238 169 492 1 33 27
1228 22 28 26 28 35 1 588 44 34 1 33 27
1229 22 29 23 22 24 23 202 34 18 1 33 27
1230 22 27 20 31 25 1 119 35 31 1 33 27
1231 22 28 35 32 29 50 104 41 27 2 34 27
1232 22 34 42 44 33 29 103 49 31 73 34 28
1233 22 29 29 33 35 1 191 202 694 54 34 27
1234 22 33 20 22 18 1 489 26 22 28 34 28
1235 22 37 40 17 42 1 123 41 51 48 34 27
1236 22 38 34 21 39 1 297 244 27 49 34 28
1237 22 24 25 23 33 5 129 27 24 1 33 27
1238 22 29 17 22 17 1 376 18 23 1 33 27
1239 22 27 18 30 20 12 253 37 18 22 33 27
1240 22 40 48 43 27 33 379 18 24 61 34 27
1241 22 30 34 20 38 32 282 47 26 31 34 28
1242 22 29 35 29 37 42 243 31 24 37 34 28
1243 22 29 16 20 26 27 260 141 395 1 34 28
1244 22 33 32 28 35 59 310 43 27 1 33 27
1245 22 35 33 35 25 75 168 338 352 1 33 28
1246 22 31 21 7 34 14 429 194 25 13 34 28
1247 22 28 16 14 32 1 109 31 28 1 33 27
1248 22 23 6 19 12 47 280 35 24 1 33 27
1249 22 25 26 30 25 59 148 47 23 1 33 27
1250 22 28 33 26 33 60 431 47 30 1 33 27
1251 22 28 17 23 26 8 129 19 32 1 33 27
1252 22 39 43 28 31 69 261 52 32 79 34 28
1253 22 26 25 26 27 30 105 22 16 24 33 28
1254 22 34 23 27 19 19 159 8 24 32 34 27
1255 22 34 26 20 27 1 328 211 200 1 33 27
1256 22 30 20 24 26 72 389 123 21 1 33 27
1257 22 30 35 36 27 11 320 135 33 1 34 28
1258 22 37 27 11 37 1 195 136 717 1 33 27
1259 22 34 23 8 39 67 524 18 29 1 33 27
1260 22 36 42 33 36 66 271 27 21 70 34 28
1261 22 27 14 7 35 22 298 123 202 1 33 27
1262 22 27 23 15 35 3 440 42 33 12 34 27
1263 22 24 20 9 43 1 205 41 29 1 33 27
1264 22 25 15 18 31 28 197 40 22 1 33 27
1265 22 33 23 9 28 63 303 13 27 23 34 27
1266 22 41 44 37 37 1 1540 34 21 62 34 28
1267 22 30 35 34 28 20 276 147 26 48 34 28
1268 22 38 23 11 28 1 626 1 25 18 33 27
1269 22 34 32 29 28 1 287 199 18 37 34 28
1270 22 39 48 27 40 1 336 12 34 102 34 28
1271 22 29 35 39 29 30 156 243 35 72 34 28
1272 22 29 33 29 32 104 328 26 24 15 34 28
1273 22 36 38 26 35 18 435 35 21 20 34 28
1274 22 40 45 37 26 2 351 7 31 55 34 28
1275 22 34 33 14 43 59 369 473 27 1 33 27
1276 22 30 27 16 36 20 289 43 33 1 34 27
1277 22 27 37 29 32 43 205 142 178 1 33 28
1278 22 34 34 31 24 54 275 18 30 43 34 28
1279 22 25 29 27 41 1 354 148 37 1 33 27
1280 22 36 36 32 33 1 309 189 20 52 34 27
1281 22 27 37 42 23 4 307 233 201 1 33 27
1282 22 26 15 16 34 11 139 32 30 1 33 27
1283 22 34 27 32 17 26 503 21 18 66 34 27
1284 22 29 37 21 40 41 477 41 34 1 34 28
1285 22 27 32 19 38 26 174 36 36 59 34 28
1286 22 39 30 4 28 28 277 10 23 18 33 27
1287 22 30 17 17 24 6 270 208 41 28 34 27
1288 22 36 40 14 44 27 248 97 18 21 33 27
1289 22 34 39 17 43 92 463 31 28 6 34 28
1290 22 32 31 33 29 9 194 43 28 35 34 27
1291 22 40 46 22 35 67 303 16 41 48 34 28
1292 22 25 25 24 28 30 280 205 27 12 33 28
1293 22 22 31 38 28 50 220 49 31 30 34 28
1294 22 78 38 30 32 1 300 156 25 4 34 28
1295 22 32 28 39 21 24 321 38 30 1 33 27
1296 22 27 17 20 24 1 279 17 28 22 33 27
1297 22 23 24 44 14 1 305 74 25 1 33 27
1298 22 43 43 14 39 18 239 182 309 90 34 28
1299 22 24 26 38 27 38 309 43 25 32 34 28
1300 22 27 24 25 31 1 672 33 30 3 33 28
1301 22 26 25 17 38 3 1901 36 27 19 33 28
1302 22 31 36 22 41 17 144 33 29 5 34 27
1303 22 38 35 24 29 50 242 211 30 33 34 28
1304 22 36 38 24 36 1 258 27 23 37 34 28
1305 22 28 13 19 22 3 198 42 21 1 33 27
1306 22 42 41 29 34 1 415 8 28 58 34 27
1307 22 40 31 16 33 6 259 228 893 15 34 28
1308 22 34 30 20 32 4 242 26 28 17 34 28
1309 22 47 44 13 34 98 283 22 30 111 34 27
1310 22 26 20 26 27 3 272 47 31 1 33 28
1311 22 29 26 22 30 55 431 296 122 1 33 27
1312 22 27 29 23 37 8 272 52 30 4 33 27
1313 22 32 42 26 41 85 434 29 30 40 34 27
1314 22 31 24 11 37 61 403 39 26 1 33 27
1315 22 32 34 25 32 55 448 28 32 17 34 28
1316 22 35 38 42 25 52 324 32 26 97 34 28
1317 22 32 26 31 21 32 1440 20 26 1 34 28
1318 22 32 30 26 32 15 140 32 27 40 34 28
1319 22 30 20 20 34 1 312 40 28 15 33 27
1320 22 31 32 33 29 10 283 199 369 17 33 28
1321 22 25 12 27 23 1 259 34 26 10 33 27
1322 22 34 24 22 35 1 207 125 25 7 34 28
1323 22 28 32 47 13 45 416 32 27 55 34 27
1324 22 63 39 26 35 61 303 36 29 74 34 28
1325 22 42 52 29 45 27 301 12 28 90 34 28
1326 22 32 37 22 37 32 135 26 36 5 34 28
1327 22 27 20 35 19 1 457 44 20 6 33 28
1328 22 38 40 17 40 62 272 170 26 1 34 28
1329 22 32 34 18 37 52 280 32 30 53 34 28
1330 22 33 33 22 31 56 424 24 22 44 34 28
1331 22 27 27 21 35 38 401 22 28 1 33 28
1332 22 39 36 28 24 29 383 22 29 30 34 28
1333 22 26 12 21 23 2 229 84 31 1 33 27
1334 22 28 24 21 30 35 308 247 18 1 33 27
1335 22 38 41 29 31 1 505 420 24 71 34 28
1336 22 29 14 22 14 1 415 35 20 1 33 27
1337 22 30 30 21 34 74 384 22 26 17 33 28
1338 22 29 33 36 26 1 248 383 23 24 33 27
1339 22 33 41 44 27 45 412 59 38 58 34 28
1340 22 36 47 22 38 83 249 29 34 112 34 28
1341 22 29 33 33 29 23 118 35 20 15 33 27
1342 22 31 38 22 36 32 218 45 33 19 34 27
1343 22 35 33 16 29 37 372 25 31 38 34 28
1344 22 37 31 19 23 24 240 131 29 40 34 27
1345 22 28 32 28 31 61 557 33 25 1 34 28
1346 22 36 34 20 32 5 326 15 27 47 34 27
1347 22 25 22 15 38 28 406 270 31 10 34 28
1348 22 24 21 30 23 51 200 246 1466 1 33 27
1349 22 33 23 19 28 34 897 23 25 1 33 27
1350 22 32 43 28 41 73 259 25 32 30 34 28
1351 22 28 31 39 26 32 210 34 25 6 34 28
1352 22 20 25 34 36 8 324 47 30 1 33 27
1353 22 37 30 11 35 57 259 13 27 37 34 27
1354 22 30 24 17 28 47 171 16 26 1 33 27
1355 22 24 22 44 25 9 232 36 28 1 33 27
1356 22 33 30 17 29 1 546 21 30 38 34 27
1357 22 37 43 25 34 34 231 143 29 65 34 28
1358 22 35 35 33 31 6 275 23 21 29 34 28
1359 22 31 32 35 29 1 121 26 29 1 33 27
1360 22 29 24 11 39 49 262 206 1271 1 33 27
1361 22 34 21 13 28 18 400 21 25 1 34 27
1362 22 35 40 44 26 54 243 38 21 44 34 27
1363 22 40 42 22 40 19 430 11 34 41 34 28
1364 22 37 36 31 30 1 632 20 22 40 34 27
1365 22 32 34 19 38 72 421 41 27 1 34 27
1366 22 28 17 24 26 26 654 29 17 1 33 27
1367 22 25 23 32 30 11 269 242 30 1 33 27
1368 22 26 35 29 39 48 249 45 28 32 34 28
1369 22 37 39 39 29 1 221 222 17 26 34 28
1370 22 28 29 16 40 11 356 21 34 1 33 27
1371 22 28 23 12 36 37 385 27 36 1 33 27
1372 22 26 25 21 31 34 151 31 198 1 33 27
1373 22 30 34 15 41 55 329 26 28 24 34 28
1374 22 20 15 26 22 1 422 34 26 1 33 27
1375 22 34 40 24 31 13 352 32 31 77 34 28
1376 22 28 37 41 36 18 74 40 33 4 34 27
1377 22 32 33 33 20 8 157 30 171 56 34 27
1378 22 33 38 29 32 79 496 373 28 1 34 28
1379 22 30 24 18 27 19 225 31 44 32 34 27
1380 22 28 35 30 29 49 321 45 25 16 33 28
1381 22 30 29 34 25 60 287 39 19 1 33 27
1382 22 34 37 30 32 16 343 29 27 22 34 28
1383 22 31 27 36 23 28 213 172 26 1 33 27
1384 22 32 41 31 32 66 124 26 23 73 34 28
1385 22 27 21 4 39 15 247 33 25 1 33 27
1386 22 31 41 42 30 40 636 41 19 1 33 27
1387 22 25 22 30 24 1 234 117 24 29 33 27
1388 22 38 34 26 28 25 238 156 26 25 34 28
1389 22 36 48 39 26 54 165 187 969 52 34 28
1390 22 31 31 21 30 67 131 208 25 17 34 28
1391 22 27 13 8 33 1 158 40 28 1 33 27
1392 22 31 24 34 18 1 222 246 209 1 33 27
1393 22 28 38 35 32 98 232 38 24 32 34 28
1394 22 28 25 15 26 44 426 26 26 18 33 28
1395 22 23 22 26 26 1 197 189 568 18 33 27
1396 22 31 34 23 32 48 1193 24 21 1 33 27
1397 22 25 19 25 24 9 206 33 21 1 33 27
1398 22 23 16 22 24 54 603 50 36 1 33 27
1399 22 35 37 34 38 1 358 316 1252 10 34 28
1400 22 25 26 38 25 1 276 34 32 1 33 27
1401 22 42 41 18 36 41 230 210 33 41 34 28
1402 22 30 37 32 32 26 459 37 25 41 34 28
1403 22 31 37 36 33 15 110 13 26 11 34 28
1404 22 38 36 31 39 1 187 26 16 1 33 27
1405 22 22 9 23 22 1 302 33 26 1 33 27
1406 22 36 34 38 21 1 102 8 31 32 34 28
1407 22 30 32 17 37 75 338 156 28 50 34 28
1408 22 31 23 18 30 43 311 144 33 58 34 28
1409 22 30 35 24 33 62 373 262 387 25 34 28
1410 22 30 16 21 18 1 368 28 21 1 34 27
1411 22 35 34 12 48 1 538 334 33 1 33 27
1412 22 31 23 3 42 1 595 26 29 12 33 28
1413 22 28 11 2 31 1 301 113 28 1 34 27
1414 22 31 38 37 32 39 431 292 20 63 34 28
1415 22 32 40 42 24 37 247 239 313 3 34 27
1416 22 31 26 33 19 1 120 21 31 30 34 28
1417 22 29 30 35 34 1 237 33 30 31 34 28
1418 22 30 27 23 24 60 212 257 606 1 34 28
1419 22 26 24 24 27 52 1103 24 18 3 33 27
1420 22 36 33 10 35 24 369 23 29 47 34 27
1421 22 30 34 24 28 28 349 19 35 37 34 28
1422 22 28 11 22 24 1 561 97 23 1 34 27
1423 22 37 45 21 35 25 238 29 23 42 34 27
1424 22 33 38 43 28 77 219 36 25 55 34 28
1425 22 28 27 17 40 85 223 148 241 1 33 27
1426 22 18 12 32 22 1 383 28 32 1 33 27
1427 22 31 39 38 33 27 155 28 29 25 34 28
1428 22 24 31 40 28 1 272 205 287 14 33 28
1429 22 27 34 38 24 32 341 31 26 9 34 28
1430 22 31 36 22 35 74 317 226 211 16 34 28
1431 22 35 37 34 19 59 301 188 26 80 34 28
1432 22 31 31 35 24 23 239 119 21 37 34 28
1433 22 31 34 32 25 24 155 52 37 1 33 27
1434 22 26 15 25 23 29 342 476 29 1 33 27
1435 22 25 26 37 22 1 293 56 29 29 34 28
1436 22 41 40 41 29 1 991 13 32 64 34 28
1437 22 41 43 30 34 24 266 8 21 39 34 28
1438 22 31 29 37 19 54 432 40 28 9 34 28
1439 22 29 19 29 21 48 587 27 18 1 33 27
1440 22 38 41 43 28 2 220 175 26 76 34 28
1441 22 36 42 36 27 27 309 34 23 32 34 28
1442 22 31 30 36 26 1 241 22 28 22 33 28
1443 22 32 23 27 25 66 213 669 19 1 33 28
1444 22 30 23 29 20 65 341 38 18 1 33 27
1445 22 26 20 21 34 1 283 277 429 1 33 27
1446 22 31 33 23 35 64 213 211 437 67 34 28
1447 22 26 19 36 12 1 1122 27 26 1 33 27
1448 22 31 42 37 35 21 457 30 29 43 34 28
1449 22 28 25 21 35 37 438 14 26 1 33 27
1450 22 30 18 30 15 1 413 20 26 1 33 27
1451 22 27 19 28 23 17 225 219 102 1 33 27
1452 22 29 26 15 31 46 313 40 25 1 33 27
1453 22 31 37 46 12 12 287 177 17 56 34 28
1454 22 31 28 37 20 18 326 17 26 11 33 28
1455 22 34 29 23 29 1 302 41 21 8 34 28
1456 22 25 23 28 34 21 192 40 31 6 33 28
1457 22 33 19 9 34 1 172 14 30 44 34 28
1458 22 34 25 29 30 1 238 11 36 5 33 28
1459 22 33 18 31 17 11 303 23 26 31 34 28
1460 22 34 36 30 27 1 310 184 17 7 33 28
1461 22 26 24 20 37 73 600 86 23 1 33 27
1462 22 35 31 30 30 1 290 27 27 12 34 28
1463 22 24 15 22 22 50 282 40 25 1 33 27
1464 22 34 31 33 27 46 227 158 23 33 34 28
1465 22 26 29 41 19 32 528 38 32 7 33 28
1466 22 34 37 29 30 34 247 1 30 103 34 28
1467 22 32 16 6 34 1 379 23 28 1 33 27
1468 22 28 17 17 32 1 266 192 26 18 33 27
1469 22 28 20 9 34 49 327 43 28 1 33 27
1470 22 35 35 22 39 30 149 231 881 5 34 27
1471 22 28 24 26 30 10 325 31 27 28 34 28
1472 22 27 21 11 40 16 219 41 22 1 34 27
1473 22 32 23 35 16 23 250 17 28 36 34 28
1474 22 33 22 11 29 36 431 15 27 2 34 27
1475 22 40 26 8 34 27 666 1 29 22 34 28
1476 22 28 33 31 33 1 270 189 28 18 34 28
1477 22 33 32 19 29 55 84 23 21 35 34 28
1478 22 28 27 28 26 33 115 152 19 23 33 28
1479 22 28 19 23 25 1 455 22 38 1 33 27
1480 22 36 37 32 25 37 216 183 27 57 34 28
1481 22 37 37 33 26 1 160 22 21 28 34 28
1482 22 30 33 34 27 1 220 171 263 20 34 28
1483 22 37 36 33 23 1 594 218 26 45 34 28
1484 22 20 7 37 23 1 315 155 165 1 33 27
1485 22 34 40 31 39 41 288 21 35 29 34 28
1486 22 30 15 27 22 1 249 268 189 1 33 27
1487 22 36 35 26 25 1 302 19 28 54 34 28
1488 22 32 24 13 36 20 276 96 24 1 33 27
1489 22 29 27 20 25 15 299 38 21 31 34 27
1490 22 25 26 36 20 34 213 162 26 1 34 27
1491 22 29 32 36 33 65 297 43 30 1 33 27
1492 22 33 34 32 29 1 192 23 25 1 34 28
1493 22 28 35 23 39 45 243 50 29 29 34 28
1494 22 37 39 30 30 52 119 33 28 32 34 28
1495 22 22 15 8 42 26 721 32 30 1 33 27
1496 22 38 33 16 34 1 451 11 33 60 34 28
1497 22 32 40 37 25 68 260 185 20 54 34 28
1498 22 29 29 28 25 20 594 17 27 32 34 27
1499 22 32 28 19 32 39 202 185 24 1 34 28
1500 22 37 37 28 27 38 202 16 39 36 34 28
1501 22 30 43 30 43 89 246 198 34 47 34 27
1502 22 28 19 16 30 1 577 13 29 1 33 27
1503 22 33 37 42 23 14 202 142 96 82 34 27
1504 22 28 37 32 33 9 178 47 19 18 34 28
1505 22 31 29 32 22 16 286 11 35 49 34 28
1506 22 35 43 32 33 36 603 25 28 82 34 28
1507 22 38 35 18 36 16 204 346 212 44 34 27
1508 22 37 34 14 37 9 450 31 27 44 34 28
1509 22 36 37 25 28 70 496 29 25 42 34 28
1510 22 27 23 54 26 48 563 31 32 1 34 28
1511 22 32 30 20 35 1 240 22 23 1 33 27
1512 22 28 21 29 23 1 277 31 30 1 33 27
1513 22 27 18 17 34 57 109 41 29 1 33 27
1514 22 29 35 28 32 35 316 23 29 9 34 28
1515 22 30 33 11 39 71 294 356 192 1 34 28
1516 22 31 31 21 36 31 289 471 29 52 34 28
1517 22 29 29 14 40 1 249 172 34 36 34 28
1518 22 24 31 33 31 19 196 174 112 1 33 27
1519 22 27 17 20 26 1 267 115 37 1 33 27
1520 22 28 24 22 34 16 252 25 31 1 33 27
1521 22 37 42 30 24 40 207 1 25 109 34 28
1522 22 42 35 30 26 79 1058 18 21 60 34 28
1523 22 29 31 30 35 1 266 16 29 36 34 28
1524 22 29 29 28 27 44 231 188 25 10 34 28
1525 22 35 24 33 22 1 362 178 19 33 34 28
1526 22 25 19 14 35 43 329 35 25 1 33 27
1527 22 33 39 20 40 1 389 26 36 71 34 28
1528 22 34 42 41 26 27 369 37 21 71 34 28
1529 22 38 46 20 40 25 358 21 26 32 34 27
1530 22 33 32 36 22 19 303 20 26 21 34 28
1531 22 26 13 21 21 1 264 82 20 1 33 27
1532 22 27 31 43 29 50 265 27 22 3 33 28
1533 22 30 33 22 31 67 426 30 32 1 33 27
1534 22 26 14 27 16 11 822 442 1310 1 34 28
1535 22 50 39 37 18 36 341 187 21 70 34 28
1536 22 33 23 14 37 1 334 268 22 1 33 27
1537 22 37 35 40 20 24 687 340 21 55 34 28
1538 22 32 18 17 21 24 137 22 15 2 33 27
1539 22 33 37 29 32 55 364 318 29 1 34 28
1540 22 33 25 10 39 41 345 176 531 1 34 28
1541 22 30 22 15 30 1 231 32 22 1 33 27
1542 22 32 24 15 35 1 306 190 34 29 34 28
1543 22 37 23 18 28 1 165 20 29 42 34 28
1544 22 35 30 16 33 74 362 20 30 1 33 27
1545 22 17 14 25 36 1 303 51 524 1 33 27
1546 22 25 22 33 17 1 344 303 16 1 33 27
1547 22 35 43 37 27 21 198 19 33 98 34 28
1548 22 27 28 26 27 82 399 32 32 3 34 28
1549 22 28 30 25 36 58 530 46 31 1 33 27
1550 22 34 41 29 33 14 222 131 24 73 34 28
1551 22 29 36 34 31 29 191 109 25 40 34 28
1552 22 32 34 20 33 89 207 155 284 1 34 27
1553 22 29 39 29 36 35 298 184 25 34 34 28
1554 22 38 43 25 31 65 255 21 39 1 33 28
1555 22 28 33 31 33 50 222 312 389 2 34 28
1556 22 30 35 20 36 98 110 14 31 18 33 27
1557 22 34 31 25 35 35 257 171 24 17 34 28
1558 22 39 33 19 35 16 214 10 23 31 34 27
1559 22 32 30 26 29 1 285 140 32 11 33 28
1560 22 24 28 43 20 29 198 114 34 22 33 27
1561 22 32 38 32 32 18 295 223 33 57 34 27
1562 22 32 35 6 44 62 150 26 35 34 34 28
1563 22 35 38 25 39 66 325 33 33 41 34 28
1564 22 27 31 31 31 37 350 162 28 57 34 28
1565 22 34 46 31 35 23 439 38 26 40 34 27
1566 22 30 29 29 24 28 259 26 28 15 34 28
1567 22 38 29 28 15 24 280 52 27 43 34 28
1568 22 20 10 32 17 1 330 907 28 1 33 27
1569 22 27 23 17 32 22 302 43 28 5 33 27
1570 22 27 29 24 37 1 240 404 318 5 33 27
1571 22 25 17 15 34 17 198 219 29 1 33 27
1572 22 29 29 25 27 40 427 28 32 1 33 27
1573 22 31 35 38 24 1 135 38 23 8 34 28
1574 22 25 25 21 28 78 213 139 25 6 33 28
1575 22 30 34 23 32 1 246 28 30 43 34 27
1576 22 29 24 19 34 30 534 25 36 1 33 28
1577 22 28 19 32 19 1 229 135 486 1 34 28
1578 22 32 38 36 24 55 330 22 18 1 33 27
1579 22 32 40 39 34 65 347 169 31 4 34 27
1580 22 29 30 31 28 22 333 156 25 1 33 27
1581 22 40 36 17 36 90 81 56 19 13 34 28
1582 22 26 31 43 27 1 215 270 269 8 34 28
1583 22 31 38 30 32 26 366 26 32 1 33 27
1584 22 31 29 25 35 1 413 25 27 23 33 28
1585 22 30 30 16 39 5 203 23 29 34 34 27
1586 22 38 39 25 35 46 198 172 327 36 34 28
1587 22 27 32 21 36 93 233 188 30 1 33 27
1588 22 27 30 31 29 12 115 35 27 25 34 27
1589 22 29 37 41 31 21 134 19 30 36 34 27
1590 22 37 28 25 28 1 277 15 27 17 33 28
1591 22 32 33 32 31 96 215 32 29 1 33 27
1592 22 32 24 25 32 1 441 20 33 22 33 27
1593 22 35 45 49 23 53 604 40 19 55 34 28
1594 22 32 38 30 26 42 256 40 25 18 34 28
1595 22 31 42 34 37 65 171 40 33 51 34 28
1596 22 39 43 32 34 49 298 238 30 61 34 28
1597 22 27 17 20 27 1 307 16 24 24 33 27
1598 22 32 21 6 28 45 352 46 31 1 34 27
1599 22 24 37 46 22 57 232 49 34 73 34 28
1600 22 31 32 28 29 27 142 142 491 43 34 28
1601 22 31 42 42 32 7 479 214 748 13 34 28
1602 22 26 31 32 37 20 376 44 30 20 33 28
1603 22 26 23 29 24 44 253 53 25 5 33 28
1604 22 29 19 13 29 47 286 39 31 14 33 27
1605 22 35 37 36 34 1 237 181 30 36 34 27
1606 22 29 35 47 20 70 443 43 25 1 33 27
1607 22 19 28 36 35 1 473 392 2007 1 34 27
1608 22 40 46 26 33 10 419 10 25 95 34 27
1609 22 19 17 38 20 1 460 383 32 1 33 27
1610 22 29 30 28 38 18 620 31 33 29 34 28
1611 22 23 24 30 27 48 269 41 29 1 33 27
1612 22 24 27 46 13 9 157 52 24 18 33 28
1613 22 32 36 35 30 15 586 38 17 45 34 28
1614 22 29 23 32 26 1 320 45 23 39 34 28
1615 22 19 8 28 23 23 452 50 35 1 33 27
1616 22 26 27 25 36 37 284 39 25 29 34 28
1617 22 33 24 12 27 33 331 8 30 1 34 28
1618 22 32 35 34 19 25 255 19 25 53 34 28
1619 22 31 35 34 32 26 480 46 54 34 34 27
1620 22 38 31 25 33 32 387 34 25 47 34 27
1621 22 31 20 16 32 1 166 19 27 1 33 27
1622 22 33 37 25 29 28 913 325 991 4 34 28
1623 22 31 36 32 26 54 311 26 30 62 34 28
1624 22 33 25 14 34 1 258 33 31 28 34 28
1625 22 36 32 20 28 69 267 36 30 38 34 27
1626 22 35 48 37 34 39 337 132 276 97 34 28
1627 22 29 32 30 33 3 383 21 33 35 34 28
1628 22 31 35 22 34 22 338 136 30 1 34 27
1629 22 33 26 17 34 21 269 206 539 34 34 28
1630 22 28 10 11 32 1 212 19 21 1 33 27
1631 22 29 20 24 20 32 223 17 24 22 33 27
1632 22 32 33 45 21 1 301 25 28 41 34 27
1633 22 33 33 43 22 28 441 34 22 1 33 27
1634 22 30 35 26 32 22 252 23 20 32 34 28
1635 22 23 7 20 19 2 298 34 29 1 33 27
1636 22 24 13 27 28 1 191 135 29 1 33 27
1637 22 31 28 29 22 1 247 151 28 60 34 28
1638 22 40 48 31 37 76 248 33 28 67 34 28
1639 22 27 18 29 25 24 546 35 22 1 33 27
1640 22 27 16 11 34 14 285 25 30 1 33 27
1641 22 28 25 28 32 1 225 30 29 1 33 27
1642 22 28 26 16 34 1 124 19 28 10 34 28
1643 22 32 29 29 25 46 306 29 21 1 33 27
1644 20 28 28 16 27 30 382 157 19 34 32 26
1645 22 33 33 29 28 14 492 37 25 14 34 28
1646 22 29 25 30 32 7 341 29 27 53 34 28
1647 22 33 34 26 30 34 247 38 21 17 34 28
1648 22 31 27 22 30 55 377 7 21 17 34 28
1649 22 32 39 24 37 88 101 24 29 1 33 27
1650 22 30 38 42 37 1 366 51 19 1 33 28
1651 22 26 21 31 29 14 360 50 26 1 34 28
1652 22 28 22 23 30 44 573 29 25 2 34 28
1653 22 29 13 19 26 1 384 11 30 1 34 28
1654 22 29 27 30 27 1 130 143 28 25 34 28
1655 22 28 25 15 33 39 163 40 23 1 34 27
1656 22 29 16 1 36 25 308 21 30 1 33 27
1657 22 26 31 32 26 1 234 132 25 23 34 28
1658 22 33 31 36 19 1 332 29 18 42 34 28
1659 22 38 39 25 39 1 344 20 21 48 34 28
1660 22 28 31 38 23 13 287 338 1134 1 33 27
1661 22 20 15 32 30 1 451 205 26 1 33 27
1662 22 39 42 30 32 13 226 79 24 93 34 28
1663 22 29 32 16 36 1 113 34 30 31 34 28
1664 22 37 34 31 27 34 527 205 21 44 34 28
1665 22 32 24 56 19 26 332 17 23 25 34 28
1666 22 27 20 34 25 1 210 249 29 7 33 28
1667 22 32 36 31 33 1 151 35 37 14 34 28
1668 22 35 32 28 34 31 353 26 20 60 34 28
1669 22 39 40 33 33 41 433 349 28 64 34 28
1670 22 26 31 34 27 17 371 12 26 31 34 28
1671 22 40 39 30 31 47 353 341 21 43 34 28
1672 22 39 33 16 25 49 539 29 22 35 34 28
1673 22 37 32 35 24 12 220 16 30 58 34 28
1674 22 32 39 37 37 1 200 34 20 27 34 28
1675 22 30 35 21 31 68 337 142 33 40 34 28
1676 22 28 21 28 21 27 354 32 28 7 34 27
1677 22 37 44 15 51 23 383 150 41 1 33 27
1678 22 33 40 30 34 40 308 136 200 41 34 28
1679 22 31 28 14 37 112 128 38 27 1 33 27
1680 22 33 38 23 38 21 226 120 35 79 34 28
1681 22 33 41 37 28 48 534 31 20 67 34 28
1682 22 34 27 25 32 13 362 127 25 2 34 28
1683 22 33 27 20 25 1 217 215 1262 7 34 28
1684 22 27 19 11 30 40 295 23 99 1 33 27
1685 22 21 4 10 15 1 114 38 21 1 33 27
1686 22 40 43 25 35 32 617 28 29 75 34 28
1687 22 28 27 27 36 9 334 41 32 10 34 28
1688 22 32 44 29 33 92 238 171 25 85 34 28
1689 22 34 38 34 31 50 429 25 28 20 34 28
1690 22 25 19 29 20 22 431 64 28 1 34 27
1691 22 33 25 10 37 54 264 45 30 7 34 28
1692 22 37 30 37 17 11 305 22 22 51 34 28
1693 22 34 31 27 24 1 253 133 21 36 34 28
1694 22 25 27 29 34 1 330 163 32 1 34 28
1695 22 29 38 42 17 41 103 37 22 24 34 28
1696 22 32 40 36 36 41 270 56 26 32 34 28
1697 22 36 40 40 16 1 388 161 21 83 34 28
1698 22 29 21 21 30 30 336 185 309 1 33 27
1699 22 33 44 45 16 35 245 132 24 53 34 28
1700 22 37 39 42 28 1 427 20 27 29 34 28
1701 22 33 39 26 35 36 101 25 29 16 34 28
1702 22 27 14 19 25 2 311 30 17 1 33 27
1703 22 21 7 3 23 1 259 217 33 1 33 27
1704 22 29 29 25 29 18 311 197 32 1 33 27
1705 22 32 35 23 36 30 197 142 301 10 34 28
1706 22 29 32 35 23 28 237 27 32 1 34 28
1707 22 23 18 26 32 1 287 157 30 1 33 27
1708 31 41 36 32 38 88 680 263 26 27 45 39
1709 22 38 39 44 26 61 367 89 24 64 34 28
1710 22 35 37 37 15 18 125 31 476 85 34 28
1711 22 31 25 17 33 76 232 247 182 1 34 28
1712 22 27 23 35 33 15 391 41 27 1 33 27
1713 22 35 24 18 28 2 383 29 25 33 34 28
1714 22 27 15 32 20 1 306 134 254 1 34 28
1715 22 30 32 27 25 52 248 44 30 45 34 28
1716 22 29 29 33 34 13 277 31 30 1 34 28
1717 22 30 25 19 29 56 460 35 30 5 34 28
1718 22 25 29 41 14 17 296 37 29 1 34 28
1719 22 32 30 15 40 1 158 39 25 16 34 28
1720 22 29 23 27 29 1 206 134 194 1 33 27
1721 22 32 34 39 17 35 374 17 26 50 34 28
1722 22 30 28 9 43 20 307 234 1643 5 34 28
1723 22 28 32 38 31 31 331 44 36 15 34 28
1724 22 36 35 14 37 17 358 99 24 19 34 28
1725 22 28 22 10 32 1 295 137 26 1 33 28
1726 22 36 29 33 20 34 212 19 26 58 34 28
1727 22 37 28 21 23 1 461 15 24 17 34 28
1728 22 31 31 11 33 108 333 184 27 1 34 28
1729 22 31 20 13 32 1 663 28 39 16 34 28
1730 22 27 35 22 39 66 186 37 24 1 34 28
1731 22 36 26 1 48 8 269 12 34 3 34 28
1732 22 25 28 19 37 104 466 196 93 3 34 28
1733 22 40 42 19 37 25 607 15 27 22 34 28
1734 22 32 35 29 36 1 486 32 23 22 34 28
1735 22 24 9 16 27 1 99 34 23 1 33 27
1736 22 38 33 24 34 61 302 153 34 23 34 28
1737 22 21 3 16 24 47 439 208 280 1 33 27
1738 22 31 31 18 27 118 320 171 28 6 34 28
1739 22 33 23 21 30 73 197 41 29 11 34 28
1740 22 23 11 31 26 7 261 167 29 1 33 27
1741 22 29 29 20 33 59 261 197 559 1 33 27
1742 22 26 31 24 36 52 235 41 30 1 34 27
1743 22 38 43 25 35 21 82 24 30 84 34 28
1744 22 33 31 28 26 21 178 233 18 6 34 28
1745 22 30 25 30 25 13 216 15 25 1 33 28
1746 22 30 39 47 32 1 214 33 22 35 34 28
1747 22 38 37 18 35 67 352 112 521 60 34 28
1748 22 33 35 25 33 90 235 27 21 34 34 28
1749 22 34 46 21 32 47 458 25 30 63 34 28
1750 22 28 19 21 28 25 917 26 24 1 33 27
1751 22 38 57 24 46 111 246 20 34 94 34 28
1752 22 32 43 28 31 9 336 30 31 52 34 28
1753 22 43 29 11 30 26 582 33 20 57 34 28
1754 22 33 37 36 29 41 351 154 264 50 34 28
1755 22 26 36 37 26 48 652 35 30 25 33 27
1756 22 32 43 21 33 85 234 184 335 26 34 28
1757 22 30 39 35 28 48 142 32 30 55 34 28
1758 22 32 45 28 43 70 398 266 195 32 34 28
1759 22 30 28 40 26 58 519 29 30 1 33 27
1760 22 29 26 25 29 1 402 27 34 51 34 28
1761 22 30 24 30 21 41 232 30 31 18 34 28
1762 22 30 26 9 38 1 220 12 32 21 33 28
1763 22 30 37 42 23 1 344 196 30 16 33 28
1764 22 31 34 27 31 56 111 29 26 1 33 27
1765 22 32 40 46 27 28 398 45 23 79 34 28
1766 22 31 26 15 40 1 100 33 31 1 33 27
1767 22 33 37 33 28 74 289 214 30 23 34 28
1768 22 36 49 25 39 71 309 166 35 63 34 28
1769 22 22 14 24 27 72 330 193 28 1 33 27
1770 22 28 17 31 17 12 163 43 21 12 33 27
1771 22 40 34 28 29 22 245 146 25 39 34 28
1772 22 28 26 29 32 11 529 33 24 9 34 28
1773 22 31 34 38 26 56 576 36 18 14 33 28
1774 22 40 52 35 26 36 445 24 22 85 34 28
1775 22 25 16 29 16 43 241 252 676 11 33 27
1776 22 31 23 23 22 12 298 302 24 43 34 27
1777 22 39 34 36 23 8 230 511 786 52 34 28
1778 22 37 33 40 19 26 139 46 22 72 34 28
1779 22 32 32 38 21 1 211 149 467 77 34 28
1780 22 28 27 20 35 37 238 35 25 1 33 27
1781 22 30 22 4 40 1 230 100 34 1 33 27
1782 22 23 25 28 33 42 425 39 31 1 33 27
1783 22 22 27 40 26 28 541 151 37 1 33 27
1784 22 36 32 24 33 44 164 48 22 30 34 28
1785 22 32 36 24 33 1 641 27 27 50 34 28
1786 22 31 36 37 21 28 381 139 911 22 34 28
1787 22 28 28 31 26 29 331 47 39 10 33 28
1788 22 33 27 25 26 42 305 19 32 46 34 28
1789 22 41 45 27 32 1 377 14 26 86 34 28
1790 22 31 17 33 14 1 219 13 31 30 34 27
1791 22 25 25 22 32 37 268 46 27 1 33 27
1792 22 29 23 28 33 1 321 158 355 1 33 27
1793 22 29 25 22 34 20 283 155 27 25 34 28
1794 22 32 31 27 31 11 127 35 26 29 34 28
1795 22 29 36 36 35 1 86 24 30 6 34 28
1796 22 29 25 38 17 45 162 44 34 1 33 27
1797 22 39 38 12 35 93 360 20 28 64 34 28
1798 22 35 48 52 34 1 132 47 37 86 34 28
1799 22 34 34 22 37 8 350 230 287 1 33 27
1800 22 25 13 31 24 26 113 31 29 1 33 28
1801 22 31 28 21 32 53 585 33 32 14 34 28
1802 22 26 8 11 28 1 106 17 27 1 33 27
1803 22 41 44 20 36 71 300 13 29 103 34 28
1804 22 27 18 29 28 1 519 54 35 1 33 27
1805 22 26 29 35 25 64 198 127 326 1 33 27
1806 22 31 29 26 24 1 329 21 22 59 34 28
1807 22 32 31 27 28 40 385 33 27 46 34 27
1808 22 39 47 15 45 72 238 187 209 38 34 28
1809 22 28 29 40 24 53 279 29 24 15 33 27
1810 22 28 35 25 37 15 319 151 140 9 34 28
1811 22 30 28 34 24 23 239 34 19 41 34 27
1812 22 37 36 25 60 53 746 40 26 42 34 28
1813 22 36 32 28 24 1 394 9 31 21 33 28
1814 22 37 37 21 34 53 188 218 174 9 34 28
1815 22 25 32 46 26 7 260 42 41 39 34 28
1816 22 30 18 22 27 7 464 28 24 1 34 28
1817 22 30 25 18 38 1 220 190 22 18 34 27
1818 22 30 33 23 34 6 207 249 31 4 34 28
1819 22 32 40 34 24 70 535 39 31 63 34 27
1820 22 36 24 20 28 1 371 19 28 1 33 27
1821 22 29 33 41 28 1 280 405 30 38 34 28
1822 22 31 26 8 36 1 468 14 32 30 34 27
1823 22 28 27 17 36 80 258 44 19 1 33 27
1824 22 28 28 35 27 16 298 9 773 12 33 28
1825 22 30 19 36 11 8 263 157 28 30 34 27
1826 22 36 29 21 29 9 438 17 36 50 34 28
1827 22 32 36 30 36 48 212 201 380 6 34 28
1828 22 28 31 31 23 25 476 31 24 52 34 27
1829 22 38 38 25 36 17 85 25 31 45 34 27
1830 22 31 24 25 26 14 953 35 20 1 33 27
1831 22 37 41 34 32 1 475 37 32 2 34 28
1832 22 38 48 30 31 40 118 29 18 114 34 28
1833 22 38 27 7 32 66 305 18 30 39 34 28
1834 22 36 37 30 27 1 103 20 31 59 34 28
1835 22 32 25 15 32 10 282 33 35 32 34 27
1836 22 24 26 22 39 1 213 172 35 22 33 27
1837 22 32 16 18 27 38 583 15 24 1 33 27
1838 22 25 36 44 25 23 448 390 29 17 34 28
1839 22 32 26 17 28 1 403 112 29 7 33 28
1840 22 35 40 19 38 58 311 22 34 64 34 28
1841 22 26 15 9 40 17 807 36 23 1 33 27
1842 22 22 24 29 21 1 298 35 30 11 33 28
1843 22 34 41 29 31 63 125 20 26 97 34 28
1844 22 31 25 4 34 7 400 20 36 14 33 28
1845 22 29 26 16 32 86 330 59 22 1 34 28
1846 22 31 30 30 29 48 190 32 17 1 33 27
1847 22 30 33 22 41 44 213 43 32 1 33 27
1848 22 30 17 16 29 36 212 339 217 1 33 27
1849 22 34 38 31 26 1 260 29 22 11 34 28
1850 22 30 19 23 30 12 998 37 19 8 34 27
1851 22 39 36 17 30 37 382 137 28 33 34 28
1852 22 32 20 23 26 18 429 22 26 1 33 27
1853 22 44 36 27 24 83 228 102 24 96 34 28
1854 22 34 22 8 33 47 112 14 32 1 34 28
1855 22 34 35 34 27 33 220 126 30 71 34 28
1856 22 31 27 33 27 62 358 187 29 1 33 27
1857 22 26 14 13 25 32 269 220 159 1 33 27
1858 22 35 44 46 26 1 618 17 25 45 34 28
1859 22 34 35 7 36 88 262 158 287 19 34 28
1860 22 29 35 24 35 117 238 46 32 1 33 27
1861 22 33 30 30 18 31 232 155 22 27 34 28
1862 22 31 24 16 30 11 293 27 28 12 34 28
1863 22 32 26 24 33 7 199 170 257 24 34 28
1864 22 36 29 11 31 2 197 4 32 35 34 28
1865 22 36 36 30 30 34 199 221 336 26 34 28
1866 22 28 15 25 20 1 217 22 23 1 33 27
1867 22 30 19 13 27 16 680 13 30 24 33 27
1868 22 42 39 15 35 22 275 314 28 74 35 28
1869 22 29 26 18 39 1 623 201 27 25 34 28
1870 22 31 26 34 21 1 263 174 29 17 33 28
1871 22 28 20 25 21 1 170 16 22 1 33 27
1872 22 24 27 35 31 37 405 153 27 1 34 28
1873 22 29 12 17 19 1 265 16 22 1 34 27
1874 22 31 23 12 33 72 331 19 24 1 33 27
1875 22 33 34 39 31 1 114 40 25 28 34 28
1876 22 33 42 40 28 18 218 44 22 64 34 28
1877 22 39 26 15 29 11 112 16 19 24 33 27
1878 22 32 23 27 21 1 595 163 23 35 34 27
1879 22 24 19 23 21 28 300 213 30 1 33 27
1880 22 34 38 21 33 57 183 207 26 49 34 28
1881 22 33 32 27 27 12 113 30 31 34 34 28
1882 22 35 40 21 44 1 297 20 27 23 33 28
1883 22 41 44 31 25 24 111 24 22 74 34 28
1884 22 31 26 22 28 24 356 472 25 1 33 27
1885 22 36 37 22 34 65 190 34 30 46 34 27
1886 22 27 23 18 34 24 238 29 29 1 33 27
1887 22 32 27 19 28 40 329 132 19 4 34 28
1888 22 32 24 20 30 1 418 21 27 5 33 28
1889 22 31 37 36 24 47 197 113 648 48 34 28
1890 22 31 25 10 37 16 376 35 33 1 33 27
1891 22 36 32 11 44 34 542 338 25 1 34 28
1892 22 23 20 23 34 1 513 40 23 1 33 27
1893 22 28 19 10 35 10 377 165 336 9 34 27
1894 22 30 19 23 18 1 109 27 24 1 33 27
1895 22 38 42 28 34 43 107 18 25 3 34 28
1896 22 33 28 21 25 39 322 218 24 41 34 27
1897 22 31 36 30 32 27 382 42 26 1 34 28
1898 22 28 30 37 30 1 204 39 22 1 34 28
1899 22 38 43 28 34 27 422 204 339 48 34 28
1900 22 27 11 18 20 1 545 17 33 1 33 27
1901 22 28 14 22 25 1 362 218 28 20 33 27
1902 22 32 32 15 39 1 308 16 30 1 33 27
1903 22 32 39 28 28 79 132 31 26 5 34 28
1904 22 38 35 20 36 54 448 26 31 43 34 28
1905 22 36 36 26 30 1 420 9 33 70 34 28
1906 22 27 30 15 37 45 207 22 31 1 34 27
1907 22 30 36 28 38 62 354 35 30 46 34 28
1908 22 28 35 26 28 18 422 228 31 44 34 28
1909 22 31 18 18 27 4 372 39 25 1 33 27
1910 22 33 23 6 32 42 366 24 24 1 34 28
1911 22 37 47 28 38 80 198 14 27 102 34 28
1912 22 34 41 32 36 57 295 23 34 30 34 28
1913 22 38 46 22 40 35 364 29 25 21 33 27
1914 22 31 25 28 26 24 739 39 23 20 33 28
1915 22 41 45 25 36 32 197 29 35 87 34 27
1916 22 29 31 41 18 30 199 139 26 48 34 28
1917 22 30 23 25 27 29 234 28 35 1 34 28
1918 22 39 40 20 34 2 254 1 29 80 34 28
1919 22 32 36 37 29 36 325 27 27 35 34 28
1920 22 30 38 49 15 50 281 26 26 98 34 28
1921 22 36 38 31 30 30 357 42 27 33 34 28
1922 22 35 43 44 22 22 312 28 25 48 34 28
1923 22 31 25 23 30 1 288 18 31 5 34 28
1924 22 30 22 27 19 1 225 14 24 1 33 27
1925 22 33 30 27 25 1 302 230 30 1 34 28
1926 22 35 39 31 30 25 284 156 34 67 34 28
1927 22 26 21 34 18 1 209 35 36 13 33 28
1928 22 40 43 22 34 39 235 5 28 65 34 28
1929 22 37 34 22 26 55 358 31 34 14 34 28
1930 22 30 25 37 12 1 175 22 69 5 34 28
1931 22 29 36 23 32 65 361 37 25 11 34 28
1932 22 28 22 19 27 2 325 183 23 4 33 28
1933 22 36 39 31 32 1 360 22 28 48 34 28
1934 22 27 15 28 15 1 260 15 24 1 33 27
1935 22 33 26 8 30 51 312 28 27 1 33 27
1936 22 31 34 28 25 8 355 156 32 15 34 28
1937 22 34 31 33 20 26 290 33 25 27 34 28
1938 22 32 30 38 22 37 714 149 357 1 33 27
1939 22 35 34 28 31 30 338 18 14 71 34 28
1940 22 36 34 25 28 1 485 23 24 32 34 28
1941 22 32 20 14 32 17 257 33 24 1 33 27
1942 22 38 36 34 25 1 231 13 25 1 33 27
1943 22 26 34 50 18 1 106 38 30 12 33 27
1944 22 35 26 7 34 38 475 10 25 1 33 27
1945 22 40 39 23 38 32 345 30 30 48 34 28
1946 22 29 23 28 26 10 187 40 31 4 33 28
1947 22 35 42 39 35 1 545 35 23 13 34 28
1948 22 31 37 32 33 3 253 41 32 30 34 27
1949 22 27 13 17 26 4 394 36 24 7 33 27
1950 22 38 24 6 28 32 292 13 22 8 34 28
1951 22 25 10 34 14 1 580 25 20 1 33 27
1952 22 37 33 28 29 11 317 139 31 20 34 28
1953 22 31 23 25 28 52 582 279 27 1 34 28
1954 22 31 21 36 19 1 994 32 22 1 33 27
1955 22 30 27 18 33 52 242 22 26 20 33 28
1956 22 37 29 28 25 27 269 14 38 38 34 27
1957 22 30 19 16 25 30 216 29 34 8 34 27
1958 22 27 24 24 33 51 267 37 33 1 33 27
1959 22 28 12 19 25 1 358 13 21 1 33 27
1960 22 31 30 40 20 25 304 29 19 33 34 27
1961 22 25 27 45 20 29 446 40 20 20 33 28
1962 22 33 24 30 18 22 363 15 28 59 34 28
1963 22 33 36 29 33 7 282 727 25 35 34 27
1964 22 27 23 30 22 65 199 164 24 1 33 27
1965 22 32 40 26 41 6 121 38 23 20 33 28
1966 22 26 23 8 29 1 821 18 31 1 33 27
1967 22 31 42 44 28 1 431 733 45 16 34 28
1968 22 40 43 35 27 2 231 164 28 59 34 28
1969 22 27 199 14 23 18 566 27 33 1 34 28
1970 22 37 33 13 35 89 260 17 29 16 34 28
1971 22 38 32 31 27 38 326 8 27 30 34 28
1972 22 37 32 29 29 1 214 16 29 1 34 28
1973 22 33 24 16 22 1 433 18 29 33 34 28
1974 22 31 42 55 20 47 601 206 21 54 34 28
1975 22 27 26 12 41 33 110 22 31 1 34 27
1976 22 40 42 28 34 42 2005 503 469 64 34 28
1977 22 33 34 37 28 1 405 37 26 35 34 28
1978 22 27 19 17 37 2 676 46 23 6 33 27
1979 22 34 33 28 26 75 181 20 23 50 34 28
1980 22 40 38 32 26 47 282 150 27 66 34 28
1981 22 33 38 35 29 81 616 21 22 28 34 28
1982 22 40 38 18 36 61 230 132 23 31 34 28
1983 22 33 23 8 32 22 201 10 21 8 34 28
1984 22 34 38 40 28 1 242 11 29 23 34 28
1985 22 26 30 32 29 29 290 157 20 1 34 28
1986 22 31 31 28 38 20 283 178 218 36 34 28
1987 22 30 34 30 28 27 212 162 21 45 34 28
1988 22 27 22 14 29 17 236 199 317 1 33 27
1989 22 31 25 12 35 52 382 32 40 1 34 27
1990 22 24 22 26 32 27 350 16 29 1 33 27
1991 22 26 14 23 22 1 267 38 23 1 33 27
1992 22 25 23 23 33 44 460 37 27 1 33 28
1993 22 27 30 43 24 1 347 166 895 57 34 28
1994 22 31 37 39 17 1 291 16 25 50 34 28
1995 22 30 28 42 16 1 211 287 346 1 33 27
1996 22 31 26 28 23 28 328 31 22 17 33 28
1997 22 25 17 14 30 13 244 451 369 1 33 28
1998 22 36 27 26 23 1 204 15 26 22 34 28
1999 22 36 39 37 30 10 276 119 20 36 34 28
2000 22 32 21 35 14 1 1018 17 32 27 34 28
