1 22 38 165 27 35 32 20 24 29 688 34 27
2 22 31 195 45 21 24 24 12 20 606 34 27
3 22 27 150 35 22 13 28 26 20 593 34 27
4 22 32 235 40 24 82 25 29 26 645 34 27
5 22 37 241 36 21 26 22 15 31 497 34 27
6 22 32 229 29 22 73 20 19 26 922 34 27
7 22 27 243 23 21 33 22 39 33 841 34 27
8 22 25 665 10 36 1 29 41 29 1825 34 27
9 22 38 424 15 29 1 18 16 21 860 34 27
10 22 31 190 28 33 6 19 29 21 577 34 27
11 22 30 340 37 32 36 22 39 23 802 34 27
12 22 34 270 31 27 71 23 32 18 788 34 27
13 22 36 158 40 25 30 23 22 33 1386 34 27
14 22 35 187 5 41 14 26 2 34 577 34 27
15 22 30 350 10 38 50 19 20 32 333 34 27
16 22 30 494 16 31 75 21 27 30 586 34 27
17 22 36 361 27 30 1 16 18 19 941 34 27
18 22 28 171 13 31 1 19 26 28 1006 34 27
19 22 28 183 12 36 79 21 47 24 435 34 27
20 22 29 546 47 18 36 20 32 21 715 34 27
21 22 38 212 12 32 88 16 15 22 535 34 27
22 22 39 403 28 33 35 16 22 29 782 34 27
23 22 31 477 30 25 27 24 31 29 1203 34 27
24 22 34 352 21 26 7 25 33 21 231 33 27
25 22 27 444 27 27 1 13 14 23 949 34 27
26 22 31 184 23 28 41 20 30 32 659 34 27
27 22 36 221 27 31 67 18 30 19 720 34 27
28 22 21 168 27 27 19 18 52 19 463 34 27
29 22 32 201 28 25 1 26 5 34 926 34 27
30 22 27 191 28 31 3 19 26 26 945 34 27
31 22 27 193 29 34 39 24 39 26 1106 34 27
32 22 27 266 37 25 1 23 27 24 1453 34 27
33 22 29 216 29 22 1 19 8 27 574 34 27
34 22 29 304 22 21 14 25 19 28 1229 34 27
35 22 40 200 40 29 16 26 27 31 487 34 27
36 22 27 356 40 24 1 20 32 32 582 34 27
37 22 35 236 20 36 30 15 22 20 1433 34 27
38 22 26 269 25 27 1 20 9 36 817 34 27
39 22 27 263 34 29 40 17 24 23 1419 34 27
40 22 29 160 21 33 1 21 28 30 526 34 27
41 22 28 193 48 13 1 18 38 25 507 34 27
42 22 34 225 33 37 11 26 32 38 560 34 27
43 22 38 273 25 34 9 22 11 26 785 34 27
44 22 24 243 32 18 16 19 29 26 581 34 27
45 22 30 248 42 24 1 21 38 28 591 34 27
46 22 24 150 23 31 36 17 37 19 337 34 27
47 22 25 170 36 21 32 16 28 38 518 34 27
48 22 29 142 24 28 9 20 19 25 1016 34 27
49 22 34 764 32 35 51 16 19 20 886 34 27
50 22 23 335 30 22 81 17 33 22 816 34 27
51 22 23 405 29 20 1 24 26 29 1443 34 27
52 22 34 152 35 16 1 15 19 31 892 34 27
53 22 30 111 28 22 11 17 29 21 475 34 27
54 22 28 216 24 31 44 25 29 29 246 34 27
55 22 34 251 233 32 52 369 253 505 690 34 27
56 22 26 600 24 23 1 20 13 21 1185 34 27
57 22 35 213 20 31 7 20 24 27 1978 34 27
58 22 32 154 33 32 7 18 27 27 704 34 27
59 22 34 346 24 32 3 18 24 33 673 34 27
60 22 31 160 30 30 1 15 22 21 1055 34 27
61 22 28 358 31 37 34 13 39 36 460 34 27
62 22 35 1062 28 31 58 19 16 26 2006 34 27
63 22 31 299 31 30 35 30 51 34 1003 34 27
64 22 28 250 27 31 37 26 30 32 826 34 27
65 22 38 215 26 28 7 26 26 25 248 34 27
66 22 24 207 17 26 1 23 18 27 766 34 27
67 22 26 153 28 32 53 25 29 29 820 34 27
68 22 30 315 37 25 31 20 16 24 1108 34 27
69 22 27 586 30 19 1 24 29 27 547 34 27
70 22 22 129 19 30 1 20 33 30 928 34 27
71 22 35 282 16 42 28 24 25 31 756 34 27
72 22 29 298 14 43 1 20 25 36 756 34 27
73 22 36 255 32 31 32 24 48 30 947 34 27
74 22 31 199 31 24 1 22 22 26 972 34 27
75 22 35 202 24 29 78 16 13 23 562 34 27
76 22 29 255 14 24 1 19 38 30 521 34 27
77 22 29 640 31 23 25 18 29 25 1132 34 27
78 22 33 397 25 28 83 20 34 19 904 34 27
79 22 25 184 36 28 1 25 34 33 743 34 27
80 22 32 332 20 30 26 25 33 20 1261 34 27
81 22 30 185 31 22 8 23 17 23 654 34 27
82 22 23 185 23 31 34 21 28 21 641 34 27
83 22 29 223 19 26 1 21 13 30 1185 34 28
84 22 31 150 16 30 37 25 36 27 1300 34 27
85 22 35 447 30 32 40 25 22 25 775 34 27
86 22 23 184 19 23 32 21 27 34 761 34 27
87 22 33 217 45 27 48 18 33 25 1059 34 28
88 22 36 257 30 29 1 22 30 23 859 34 27
89 22 36 327 26 29 29 22 40 25 769 34 27
90 22 33 216 24 22 64 22 19 22 799 34 27
91 22 32 132 33 31 1 25 31 26 1051 34 27
92 22 31 141 21 19 8 17 20 22 829 34 27
93 22 32 294 19 33 53 23 8 29 596 34 27
94 22 42 384 22 38 59 21 38 25 792 34 27
95 22 29 230 32 34 27 23 37 33 652 34 27
96 22 31 213 12 26 1 21 16 30 808 34 27
97 22 32 490 27 30 1 15 27 31 705 34 28
98 22 30 497 9 41 1 25 28 27 479 34 27
99 22 22 162 29 26 1 30 41 35 604 34 27
100 22 24 181 19 22 1 22 36 24 1207 34 27
101 22 37 720 42 28 2 20 35 23 547 34 27
102 22 29 225 33 30 52 23 39 29 570 34 28
103 22 25 149 20 27 1 21 34 30 850 34 27
104 22 32 325 19 40 1 28 31 29 499 34 27
105 22 29 216 18 34 41 23 37 23 727 34 27
106 22 28 205 10 33 50 18 44 28 1399 34 27
107 22 25 188 30 24 1 17 26 32 2006 34 27
108 22 34 156 24 28 86 18 41 31 806 34 28
109 22 40 177 27 30 21 19 20 25 722 34 27
110 22 28 176 24 31 38 21 43 32 934 34 27
111 22 23 160 25 20 1 15 28 24 1088 34 27
112 22 20 133 35 16 1 10 37 24 1099 34 27
113 22 28 865 29 27 1 24 30 26 720 34 27
114 22 30 324 28 24 40 24 23 30 1055 34 27
115 22 31 181 33 33 35 24 46 28 617 34 27
116 22 29 256 24 30 36 17 38 30 747 34 27
117 22 26 203 32 31 36 25 35 33 937 34 27
118 22 24 235 23 28 1 16 4 21 479 34 27
119 22 33 224 41 30 33 24 30 26 666 34 27
120 22 31 180 4 31 51 23 16 29 902 34 27
121 22 34 259 26 28 46 20 15 21 795 34 27
122 22 24 198 19 29 31 24 39 36 666 34 27
123 22 36 202 16 36 72 24 28 39 198 34 27
124 22 28 234 34 22 1 15 19 22 656 34 27
125 22 25 227 101 528 563 21 400 49 849 34 27
126 22 37 335 37 31 1 18 15 30 617 34 27
127 22 29 164 25 28 17 14 43 25 2007 34 27
128 22 27 142 38 25 10 21 28 24 515 34 27
129 22 33 121 33 25 53 25 34 21 752 34 27
130 22 26 140 36 29 112 21 37 29 659 34 27
131 22 37 158 32 39 45 18 32 24 418 34 27
132 22 31 126 25 19 7 25 25 21 566 34 27
133 22 30 632 41 15 61 25 22 17 565 34 27
134 22 32 164 41 26 1 19 29 23 458 34 28
135 22 36 404 19 33 1 28 18 31 1921 34 27
136 22 32 168 37 27 1 14 14 26 717 34 27
137 22 33 332 26 25 18 18 20 26 792 34 27
138 22 22 451 14 32 1 20 37 33 1146 34 27
139 22 36 180 37 20 6 15 24 21 945 34 27
140 22 25 260 16 25 42 31 26 25 1144 34 27
141 22 25 158 21 25 23 23 28 33 385 34 27
142 22 37 329 16 38 26 18 9 30 877 34 27
143 22 31 135 17 22 17 23 14 17 804 34 27
144 22 19 143 32 20 1 23 45 24 60 34 27
145 22 26 201 24 23 27 19 27 31 578 34 27
146 22 27 211 27 24 1 23 22 27 800 34 28
147 22 34 200 31 40 21 24 29 28 796 34 27
148 22 25 212 33 33 1 25 41 23 927 34 27
149 22 41 204 34 30 34 24 30 30 708 34 27
150 22 33 158 26 32 72 21 25 31 1189 34 27
151 22 31 183 26 33 14 18 34 29 1104 34 27
152 22 34 380 14 29 73 29 21 27 858 34 27
153 22 32 159 22 27 60 19 41 18 564 34 27
154 22 33 284 23 39 1 19 26 31 643 34 28
155 22 19 138 29 21 33 20 38 22 521 34 27
156 22 31 229 19 33 50 19 21 29 362 34 27
157 22 24 232 27 35 29 26 31 30 1384 34 27
158 22 23 202 18 36 1 24 38 22 923 34 27
159 22 22 119 30 28 3 25 43 26 2006 34 27
160 22 32 269 20 30 72 26 27 27 555 34 27
161 22 30 211 38 33 22 24 31 30 697 34 27
162 22 34 140 32 20 23 28 22 32 686 34 27
163 22 23 572 30 23 74 23 39 23 1232 34 27
164 22 36 180 6 41 27 19 14 31 1395 34 27
165 22 27 177 33 24 49 25 30 24 727 34 27
166 22 36 177 37 33 51 24 40 25 956 34 27
167 22 27 222 27 28 1 20 32 31 1353 34 27
168 22 29 242 14 35 51 25 31 27 327 34 27
169 22 31 269 39 19 61 15 16 28 1419 34 27
170 22 30 419 33 30 56 19 39 28 699 34 27
171 22 30 208 38 21 8 26 23 18 829 34 27
172 22 38 379 1 42 50 24 18 28 568 34 27
173 22 21 114 26 21 23 17 44 31 1005 34 27
174 22 26 174 32 13 4 23 35 24 293 34 27
175 22 36 214 21 46 26 28 23 31 870 34 27
176 22 36 173 14 40 1 22 18 23 710 34 27
177 22 34 193 29 28 86 20 38 23 631 34 27
178 22 26 352 35 34 53 23 50 35 689 34 27
179 22 39 288 25 29 32 21 2 33 684 34 27
180 22 36 112 5 26 33 29 23 27 714 34 27
181 22 28 237 20 19 76 22 35 33 576 34 27
182 22 27 276 43 16 4 23 38 29 944 34 27
183 22 36 147 39 28 1 16 7 27 1152 34 27
184 22 27 262 37 25 27 20 33 27 506 34 27
185 22 35 485 31 39 33 19 37 26 774 34 27
186 22 32 244 31 38 1 16 29 28 644 34 27
187 22 26 271 47 23 43 21 27 28 741 34 27
188 22 23 160 42 26 1 23 45 28 840 34 27
189 22 36 195 27 31 17 16 18 26 1044 34 27
190 22 37 250 25 32 23 17 12 36 420 34 27
191 22 30 215 42 29 52 14 31 24 1002 34 27
192 22 27 746 18 19 1 19 31 25 865 34 27
193 22 25 165 12 29 1 23 37 32 658 34 28
194 22 30 231 24 29 91 20 36 25 1162 34 27
195 22 35 157 31 34 47 24 22 28 816 34 27
196 22 31 161 25 23 48 21 43 26 1192 34 27
197 22 29 219 47 26 1 17 24 31 294 34 27
198 22 33 136 36 30 54 20 10 25 925 34 27
199 22 34 186 37 29 54 18 5 31 1050 34 27
200 22 32 181 33 23 1 19 22 26 688 34 27
201 22 34 140 24 29 57 21 38 19 968 34 27
202 22 24 147 24 29 1 19 28 31 1232 34 27
203 22 31 208 37 35 20 18 34 33 1203 34 27
204 22 37 367 31 27 48 24 25 31 598 34 27
205 22 30 259 18 37 92 22 74 28 517 34 27
206 22 28 746 31 32 62 19 50 22 738 34 27
207 22 28 126 34 17 10 22 22 23 775 34 27
208 22 27 135 33 31 26 19 32 28 851 34 27
209 22 26 204 34 29 38 24 32 33 655 34 27
210 22 36 2005 25 34 53 12 32 27 444 34 27
211 22 39 264 39 34 1 21 23 29 1465 34 27
212 22 37 299 30 28 43 25 22 28 1475 34 27
213 22 33 159 24 28 22 17 19 31 342 34 27
214 22 34 160 22 33 95 21 43 31 1359 34 27
215 22 38 311 28 33 1 23 10 27 722 34 27
216 22 26 169 40 15 1 21 25 27 237 34 27
217 22 29 210 37 12 1 19 28 26 727 34 27
218 22 35 179 45 19 1 23 25 17 700 34 27
219 22 31 142 1 43 1 12 9 23 2006 34 27
220 22 28 133 29 22 26 19 33 24 619 34 27
221 22 23 223 35 19 1 27 34 28 632 34 27
222 22 30 227 13 27 59 23 22 29 330 34 27
223 22 30 285 16 42 25 19 34 26 660 34 27
224 22 29 184 21 37 58 22 36 29 1339 34 27
225 22 29 163 30 31 71 18 43 25 1151 34 27
226 22 43 260 15 31 48 25 16 28 647 34 27
227 22 27 353 28 35 51 18 39 29 697 34 27
228 22 41 674 27 35 50 33 31 28 543 34 28
229 22 26 267 20 36 1 13 32 22 820 34 27
230 22 32 277 33 27 16 22 23 25 639 34 27
231 22 34 266 30 29 12 25 25 26 881 34 27
232 22 26 149 32 17 24 13 24 28 2006 34 27
233 22 33 431 21 37 53 24 28 27 1240 34 27
234 22 29 192 17 35 3 25 18 27 1020 34 27
235 22 35 456 35 28 18 22 34 33 1380 34 27
236 22 33 170 22 32 1 20 17 37 844 34 27
237 22 32 157 19 28 12 24 22 29 872 34 27
238 22 23 250 29 33 78 24 40 23 285 34 27
239 22 34 147 36 31 72 17 31 31 1861 34 27
240 22 35 151 29 29 35 21 39 24 543 34 27
241 22 27 158 17 31 1 27 39 32 887 34 27
242 22 27 176 27 28 57 24 39 25 670 34 27
243 22 33 247 40 45 1 18 34 32 589 34 27
244 22 31 647 33 25 1 21 13 28 983 34 27
245 22 24 134 11 29 77 20 24 29 420 34 27
246 22 28 330 31 26 41 21 35 19 695 34 27
247 22 17 158 33 14 1 22 32 27 879 34 27
248 22 28 182 14 42 35 25 36 34 944 34 27
249 22 26 439 31 22 22 19 46 26 573 34 27
250 22 29 172 23 31 31 23 24 27 662 34 27
251 22 31 506 45 21 51 26 25 26 1330 34 27
252 22 36 339 29 29 37 18 25 34 768 34 28
253 22 34 182 21 36 49 15 18 33 1368 34 27
254 22 29 247 34 33 38 16 23 41 923 34 27
255 22 40 173 36 25 15 23 31 24 530 34 27
256 22 30 247 14 33 46 22 43 29 598 34 27
257 22 29 341 23 32 1 17 20 28 581 34 27
258 22 39 469 37 26 1 19 29 27 1025 34 27
259 22 36 222 25 35 15 19 25 18 848 34 27
260 22 23 187 14 25 1 14 39 27 712 34 27
261 22 36 215 31 28 56 18 22 26 1073 34 27
262 22 27 176 30 31 21 24 22 23 839 34 27
263 22 38 174 28 20 1 22 15 33 551 34 27
264 22 33 225 45 17 23 21 23 18 716 34 27
265 22 43 149 22 29 68 21 20 25 691 34 27
266 22 32 246 30 34 102 24 43 28 833 34 27
267 22 32 437 31 33 80 26 47 31 732 34 27
268 22 28 153 22 29 22 28 28 26 632 34 28
269 22 31 176 14 36 95 26 28 35 1259 34 27
270 22 29 540 30 35 80 14 43 30 1441 34 27
271 22 27 763 25 31 36 26 25 31 610 34 27
272 22 40 262 21 38 48 33 15 22 759 34 27
273 22 39 173 31 23 48 23 21 30 262 34 27
274 22 32 155 25 28 1 20 21 28 646 34 27
275 22 28 129 30 30 21 17 39 20 754 34 27
276 22 28 249 23 30 64 24 42 35 1314 34 27
277 22 33 580 24 34 1 18 9 29 611 34 27
278 22 36 273 39 25 35 26 27 29 1023 34 27
279 22 25 254 1 45 29 17 28 24 597 34 27
280 22 29 142 20 23 1 17 13 21 1373 34 27
281 22 37 238 36 30 3 25 14 24 1041 34 27
282 22 41 144 29 33 56 22 34 34 1256 34 27
283 22 34 147 20 19 11 17 9 23 762 34 27
284 22 25 229 40 29 63 19 44 28 909 34 27
285 22 34 249 45 22 18 16 35 22 744 34 27
286 22 39 105 24 32 87 17 36 25 1736 34 27
287 22 29 135 31 18 1 31 32 26 497 34 27
288 22 31 222 33 31 72 18 43 25 1063 34 27
289 22 33 252 36 28 19 22 32 26 596 34 27
290 22 40 379 21 31 1 19 3 22 1172 34 27
291 22 32 329 39 27 1 20 39 32 572 34 27
292 22 37 185 32 34 65 25 40 29 643 34 27
293 22 39 171 34 22 1 27 10 28 1136 34 27
294 22 30 210 21 23 15 21 28 26 607 34 27
295 22 35 128 19 25 1 29 18 21 916 34 27
296 22 35 272 41 19 8 22 26 19 1501 34 27
297 22 33 548 13 33 58 24 17 23 828 34 27
298 22 27 608 22 32 8 15 35 25 659 34 27
299 22 37 292 30 24 15 23 19 27 629 34 27
300 22 26 296 40 23 22 26 25 28 456 34 27
301 22 28 219 24 22 45 17 20 21 889 34 27
302 22 32 159 17 36 1 18 25 24 702 34 27
303 22 32 144 17 38 20 20 34 18 746 34 27
304 22 29 285 9 31 8 20 18 27 970 34 27
305 22 35 202 30 26 73 21 41 20 665 34 27
306 22 30 138 36 23 59 18 39 27 587 34 27
307 22 38 161 10 37 73 17 17 34 684 34 27
308 22 36 223 35 32 1 21 44 25 1287 34 27
309 22 35 246 22 36 1 20 16 43 665 34 27
310 22 33 254 38 24 6 26 27 36 760 34 27
311 22 34 175 30 34 25 18 13 28 812 34 27
312 22 27 157 39 27 55 28 43 34 1168 34 27
313 22 32 233 18 38 17 26 23 27 893 34 27
314 22 26 479 13 33 48 24 39 141 684 34 27
315 22 31 154 33 22 53 27 33 25 928 34 27
316 22 34 210 15 25 7 23 19 30 674 34 27
317 22 29 385 26 34 1 16 30 29 868 34 27
318 22 33 306 29 36 76 16 29 27 569 34 27
319 22 36 259 31 28 2 23 20 30 767 34 27
320 22 34 420 20 30 87 17 21 31 901 34 27
321 22 30 208 42 20 1 24 32 26 719 34 27
322 22 30 301 37 27 1 19 27 28 753 34 27
323 22 32 145 17 29 1 19 10 37 537 34 27
324 22 29 285 24 28 49 18 33 26 305 34 27
325 22 33 297 31 14 1 15 14 20 796 34 27
326 22 25 150 26 21 1 28 28 26 2006 34 27
327 22 26 181 26 38 70 24 33 28 750 34 27
328 22 41 151 23 29 25 28 32 25 558 34 27
329 22 40 177 14 32 19 28 20 30 919 34 27
330 22 27 223 36 18 27 17 31 22 1398 34 27
331 22 28 214 29 22 35 26 24 24 854 34 27
332 22 31 332 10 30 40 25 21 26 685 34 27
333 22 30 166 21 20 42 18 27 25 738 34 27
334 22 27 170 32 33 37 18 39 27 846 34 27
335 22 28 227 22 24 73 26 27 17 449 34 27
336 22 32 173 21 32 40 21 33 24 950 34 27
337 22 27 285 28 32 29 23 35 30 761 34 27
338 22 41 253 30 31 86 29 21 24 1076 34 27
339 22 36 173 33 28 48 17 20 20 749 34 27
340 22 25 251 21 24 1 24 17 24 621 34 27
341 22 28 389 28 19 1 25 32 24 808 34 27
342 22 38 457 41 35 1 20 12 23 1538 34 27
343 22 27 171 16 42 17 25 38 30 662 34 27
344 22 46 232 46 25 1 21 15 33 816 34 27
345 22 21 296 24 36 1 25 43 29 466 34 27
346 22 26 232 23 26 23 21 34 26 953 34 27
347 22 24 473 19 30 1 23 32 30 507 34 27
348 22 34 205 13 32 57 12 30 26 633 34 27
349 22 37 361 14 38 47 24 3 31 524 34 28
350 22 32 199 29 19 5 20 29 30 744 34 27
351 22 27 1779 20 24 1 18 20 28 1378 34 27
352 22 34 306 30 27 1 10 11 28 637 34 27
353 22 37 707 31 26 3 19 35 32 1952 34 27
354 22 33 139 18 23 20 24 15 32 1405 34 27
355 22 35 227 28 27 12 17 24 25 1361 34 27
356 22 28 393 28 39 1 18 19 35 592 34 27
357 22 35 190 38 15 59 22 31 25 1215 34 27
358 22 31 183 34 25 13 26 43 27 863 34 27
359 22 24 343 24 30 32 18 32 29 647 34 27
360 22 27 323 40 17 1 18 28 19 1277 34 27
361 22 29 153 32 17 1 26 33 21 560 34 27
362 22 28 225 26 38 97 24 48 27 1094 34 27
363 22 30 176 15 28 7 20 22 27 738 34 27
364 22 36 271 29 28 28 27 7 24 181 34 27
365 22 38 525 26 18 1 20 15 27 1109 34 27
366 22 38 309 24 29 41 19 1 26 760 34 27
367 22 29 301 24 29 5 18 33 32 1618 34 27
368 22 36 184 14 33 79 15 14 18 1014 34 27
369 22 27 194 22 22 12 25 26 31 2006 34 27
370 22 22 347 25 31 28 16 50 26 1502 34 27
371 22 34 796 27 25 75 20 27 28 814 34 27
372 22 32 456 24 37 1 20 31 21 1119 34 27
373 22 33 223 38 18 71 18 21 21 507 34 27
374 22 34 593 34 25 43 25 28 18 762 34 27
375 22 37 208 25 30 1 17 10 33 834 34 27
376 22 40 172 26 30 64 25 23 22 305 34 27
377 22 29 259 27 29 35 26 30 32 947 34 27
378 22 63 244 36 29 1 21 25 25 772 34 27
379 22 26 170 31 29 5 21 39 25 813 34 27
380 22 36 346 25 42 15 25 16 29 704 34 27
381 22 33 193 6 29 1 24 2 26 847 34 27
382 22 31 211 29 26 39 24 31 17 683 34 27
383 22 33 219 44 28 49 26 37 30 1560 34 27
384 22 41 259 24 35 32 23 27 34 707 34 27
385 22 36 137 24 35 1 18 32 22 734 34 27
386 22 27 457 9 36 1 21 19 31 602 34 27
387 22 34 184 20 40 46 22 24 31 1456 34 27
388 22 22 349 37 27 1 14 37 27 1730 34 27
389 22 30 303 39 20 78 20 33 20 1555 34 27
390 22 29 198 41 23 1 21 39 29 647 34 27
391 22 30 316 21 39 1 22 43 28 1034 34 27
392 22 25 204 41 20 1 12 25 30 816 34 27
393 22 39 181 19 32 19 19 21 28 741 34 27
394 22 29 225 16 27 56 18 21 29 849 34 27
395 22 33 364 7 40 43 23 8 34 899 34 27
396 22 26 865 30 25 1 26 34 31 526 34 27
397 22 98 417 8 33 33 19 14 29 651 34 27
398 22 34 202 45 20 73 32 40 22 1732 34 27
399 22 30 298 11 44 71 28 18 24 1085 34 27
400 22 32 487 30 33 37 17 22 32 647 34 28
401 22 30 250 23 29 19 28 35 34 580 34 27
402 22 31 189 37 28 34 22 26 30 690 34 28
403 22 30 162 23 28 58 18 36 87 706 34 27
404 22 31 210 31 30 1 20 20 17 873 34 27
405 22 29 278 32 35 1 18 20 31 542 34 27
406 22 35 153 37 30 1 16 23 23 772 34 27
407 22 30 405 13 38 49 18 33 31 1703 34 28
408 22 34 592 30 22 32 19 4 34 807 34 27
409 22 37 210 28 26 21 18 7 23 324 34 27
410 22 22 366 41 29 16 17 37 30 607 34 27
411 22 18 252 34 11 1 22 18 27 459 34 27
412 22 31 1393 32 21 50 16 42 32 2006 34 27
413 22 27 172 35 36 48 21 37 28 1230 34 27
414 22 30 431 38 21 31 19 24 27 2007 34 27
415 22 28 562 34 20 36 25 30 21 750 34 27
416 22 40 192 24 37 5 27 31 27 1013 34 27
417 22 29 141 9 34 1 24 22 30 318 34 27
418 22 30 189 33 22 8 15 14 20 919 34 27
419 22 31 125 34 28 41 22 21 25 1257 34 27
420 22 29 144 31 17 1 16 22 29 531 34 27
421 22 25 120 19 35 35 27 38 22 980 34 27
422 22 28 180 17 30 77 26 29 25 1502 34 27
423 22 37 205 24 35 79 20 35 21 915 34 27
424 22 27 220 41 22 21 24 35 23 530 34 27
425 22 26 167 25 37 72 19 48 14 590 34 27
426 22 31 235 33 25 40 16 19 30 691 34 27
427 22 33 549 8 32 1 23 15 19 1043 34 27
428 22 36 169 25 34 63 23 34 31 862 34 27
429 22 21 164 22 28 1 22 42 26 611 34 27
430 22 44 217 46 17 19 15 14 49 411 34 27
431 22 42 411 22 36 38 15 24 28 1130 34 27
432 22 37 346 32 33 1 22 26 32 689 34 27
433 22 34 186 37 23 9 24 38 26 992 34 27
434 22 33 219 29 28 22 24 25 32 781 34 27
435 22 24 373 43 6 23 25 28 20 456 34 27
436 22 28 148 39 22 65 20 31 35 652 34 27
437 22 34 973 28 40 3 22 39 24 2006 34 27
438 22 49 213 25 33 36 21 39 22 1017 34 27
439 22 29 199 29 19 37 16 29 31 997 34 27
440 22 29 200 26 25 12 18 41 30 231 34 27
441 22 32 552 31 28 27 23 32 23 735 34 27
442 22 30 175 21 37 94 21 10 28 857 34 27
443 22 30 402 16 25 32 20 40 32 1095 34 27
444 22 31 662 39 31 19 20 32 35 2006 34 27
445 22 29 309 27 39 54 18 43 27 710 34 27
446 22 20 129 37 28 4 20 45 18 932 34 27
447 22 26 243 22 37 1 24 49 28 649 34 27
448 22 32 140 1 32 1 18 15 35 731 34 27
449 22 32 247 38 35 7 21 24 31 698 34 27
450 22 28 149 34 34 9 22 21 31 729 34 27
451 22 33 193 22 26 1 24 21 26 401 34 27
452 22 33 251 19 36 47 20 19 33 604 34 27
453 22 30 163 40 33 1 29 47 26 1383 34 27
454 22 30 185 26 19 1 21 22 30 649 34 27
455 22 29 318 40 32 16 19 48 21 690 34 27
456 22 45 516 22 37 26 32 16 27 574 34 27
457 22 29 168 25 24 35 26 15 17 1114 34 28
458 22 26 113 22 24 10 20 31 28 601 34 27
459 22 32 167 27 34 35 9 13 25 613 34 27
460 22 29 221 42 26 47 24 39 27 911 34 27
461 22 34 219 24 35 79 30 29 20 566 34 27
462 22 37 342 17 24 55 19 25 22 989 34 27
463 22 29 198 42 22 13 16 41 18 2006 34 27
464 22 41 315 29 40 62 17 20 37 1023 34 27
465 22 31 213 33 27 1 15 10 20 336 34 27
466 22 30 218 36 24 13 19 45 28 518 34 27
467 22 31 174 26 26 40 22 34 18 1007 34 27
468 22 47 234 19 32 45 14 15 26 1364 34 27
469 22 23 246 26 23 1 20 47 28 1101 34 27
470 22 26 228 35 27 59 18 32 24 1487 34 27
471 22 26 187 26 24 27 24 22 28 1437 34 27
472 22 29 198 30 27 1 23 45 23 958 34 27
473 22 30 525 33 26 8 22 21 25 1491 34 27
474 22 29 1838 33 24 1 20 17 30 782 34 27
475 22 30 211 23 25 31 24 32 25 804 34 27
476 22 39 180 22 42 96 21 25 29 881 34 27
477 22 39 130 18 35 55 16 12 31 1569 34 27
478 22 27 179 49 18 1 18 35 22 692 34 27
479 22 33 297 12 29 90 24 22 26 1254 34 27
480 22 27 278 10 30 27 17 31 19 787 34 27
481 22 29 220 16 28 28 22 45 29 561 34 27
482 22 35 198 36 26 47 22 17 15 1066 34 27
483 22 26 128 27 29 1 22 13 23 1043 34 27
484 22 35 231 39 26 1 24 17 20 606 34 27
485 22 30 273 16 31 1 19 25 36 581 34 27
486 22 29 210 27 24 5 14 7 25 1400 34 27
487 22 36 318 26 24 46 17 6 28 1168 34 28
488 22 29 356 38 18 34 21 46 23 389 34 27
489 22 34 389 31 28 58 19 28 23 846 34 27
490 22 31 194 25 25 23 18 29 29 856 34 27
491 22 23 382 28 32 47 30 36 28 1522 34 27
492 22 22 174 32 31 49 22 41 27 504 34 27
493 22 30 173 19 25 27 15 29 20 819 34 27
494 22 23 143 18 28 7 16 13 27 464 34 27
495 22 35 727 37 25 6 19 21 19 862 34 27
496 22 34 161 15 30 23 22 11 27 948 34 27
497 22 35 707 14 38 65 23 33 37 873 34 27
498 22 31 177 23 20 32 26 29 29 962 34 27
499 22 26 302 28 28 20 23 33 34 759 34 27
500 22 31 137 28 30 66 24 38 30 2006 34 27
501 22 26 294 21 21 1 23 16 26 738 34 27
502 22 38 163 28 32 47 19 34 23 512 34 27
503 22 30 262 23 31 89 24 31 29 1175 34 27
504 22 40 660 31 27 27 20 1 28 1514 34 27
505 22 33 172 21 20 1 18 23 30 794 34 27
506 22 34 153 32 22 1 16 24 21 1219 34 27
507 22 28 212 24 23 1 19 21 24 389 34 27
508 22 33 176 30 32 33 20 19 37 736 34 27
509 22 31 203 21 33 45 22 27 28 617 34 27
510 22 30 311 44 37 47 24 27 30 557 34 27
511 22 32 244 35 33 1 20 25 30 1133 34 27
512 22 33 145 25 22 43 19 27 22 227 34 27
513 22 26 132 28 18 63 29 41 23 490 34 27
514 22 27 225 11 37 1 15 32 34 733 34 27
515 22 23 311 26 31 1 27 31 35 732 34 27
516 22 31 185 30 34 1 15 26 24 1801 34 27
517 22 39 477 37 18 50 18 20 25 1060 34 27
518 22 37 173 30 35 34 17 37 28 671 34 27
519 22 52 387 20 43 1 22 14 25 1375 34 27
520 22 31 179 24 34 13 20 34 29 532 34 27
521 22 29 172 30 25 10 20 42 34 452 34 27
522 22 33 152 16 34 10 19 27 23 2007 34 27
523 22 33 212 15 26 26 26 32 24 736 34 27
524 22 27 221 27 25 1 22 36 29 483 34 27
525 22 33 357 27 36 50 14 32 32 668 34 27
526 22 39 254 14 32 34 20 3 25 1629 34 27
527 22 31 399 15 39 15 18 32 25 572 34 27
528 22 27 139 16 23 16 21 36 28 976 34 27
529 22 31 203 29 33 50 21 33 30 936 34 27
530 22 27 163 29 30 37 17 34 20 811 34 27
531 22 25 151 17 39 13 20 32 27 558 34 27
532 22 38 610 47 20 38 19 18 23 1204 34 27
533 22 27 254 34 26 20 22 30 20 1770 34 27
534 22 33 1905 30 28 56 28 36 21 717 34 27
535 22 40 335 42 25 43 21 38 18 1165 34 27
536 22 27 180 18 34 26 28 45 29 1846 34 27
537 22 27 207 32 18 23 21 27 28 614 34 27
538 22 27 176 16 34 22 22 29 24 457 34 27
539 22 28 232 34 31 11 26 41 28 492 34 27
540 22 33 354 32 26 117 20 20 16 1080 34 27
541 22 25 317 40 22 25 19 40 25 262 34 27
542 22 28 446 24 32 63 22 31 28 1231 34 27
543 22 33 149 22 24 1 16 1 27 752 34 27
544 22 93 568 1113 28 180 18 41 49 1714 34 27
545 22 23 145 31 13 1 21 40 15 615 34 27
546 22 33 580 21 26 2 17 13 26 1930 34 27
547 22 30 226 26 29 90 21 35 22 837 34 27
548 22 35 359 25 21 45 18 33 22 586 34 27
549 22 37 222 21 39 17 15 21 35 724 34 27
550 22 32 242 26 26 37 22 23 29 889 34 27
551 22 32 202 31 20 87 24 31 26 772 34 27
552 22 26 172 35 28 1 18 38 23 1065 34 27
553 22 30 217 27 31 52 25 39 24 990 34 27
554 22 41 337 23 17 1 21 10 20 1579 34 27
555 22 29 204 31 33 37 20 24 29 1099 34 27
556 22 26 260 24 35 50 21 45 33 1753 34 27
557 22 29 226 32 22 18 27 12 25 670 34 27
558 22 36 199 18 35 77 18 26 24 1420 34 27
559 22 33 281 27 36 40 17 28 25 1045 34 27
560 22 27 231 24 32 37 14 25 28 802 34 27
561 22 37 289 37 29 15 26 1 31 562 34 27
562 22 28 142 28 29 22 21 34 27 553 34 27
563 22 33 163 34 23 58 20 30 23 815 34 27
564 22 33 314 39 25 11 24 32 27 587 34 27
565 22 34 234 9 46 1 20 14 32 267 34 27
566 22 34 287 29 39 1 23 7 29 1063 34 27
567 22 30 153 24 29 1 28 24 23 1541 34 27
568 22 33 254 12 30 1 23 7 27 865 34 27
569 22 34 147 41 28 1 27 32 23 292 34 27
570 22 32 295 28 25 1 24 10 23 821 34 27
571 22 29 195 32 24 15 26 36 28 1574 34 27
572 22 26 202 36 21 69 21 27 31 944 34 27
573 22 31 331 31 21 59 26 26 23 799 34 27
574 22 36 325 30 33 48 23 26 40 859 34 27
575 22 31 163 30 22 35 28 27 30 983 34 27
576 22 21 213 31 26 58 17 48 33 595 34 27
577 22 25 155 21 28 12 27 32 32 526 34 28
578 22 29 243 24 38 10 24 36 33 771 34 27
579 22 28 317 20 15 12 17 27 26 1033 34 27
580 22 25 184 30 25 35 26 30 25 1967 34 27
581 22 30 167 32 22 27 17 38 26 1534 34 27
582 22 29 243 23 27 73 20 29 25 875 34 27
583 22 32 249 25 19 53 24 22 28 1368 34 27
584 22 31 172 17 32 65 24 23 29 755 34 27
585 22 31 312 24 22 20 17 34 34 1272 34 27
586 22 36 239 19 33 1 14 20 22 505 34 27
587 22 36 198 25 24 72 24 26 26 747 34 27
588 22 30 859 9 36 47 20 32 25 684 34 27
589 22 33 243 1 41 18 19 14 30 642 34 27
590 22 43 193 22 30 1 12 3 25 827 34 27
591 22 31 179 31 32 45 25 25 24 635 34 27
592 22 33 253 26 22 2 24 23 37 2006 34 27
593 22 41 433 24 23 40 24 29 30 735 34 28
594 22 39 186 17 36 28 18 22 27 1278 34 28
595 22 34 177 16 46 58 18 17 46 1552 34 27
596 22 27 237 28 24 50 17 20 16 605 34 27
597 22 34 205 36 23 1 17 22 27 616 34 27
598 22 20 131 32 21 31 26 34 23 1215 34 27
599 22 36 251 24 33 65 23 32 28 770 34 27
600 22 26 156 20 31 10 18 39 23 507 34 27
601 22 34 410 31 25 56 24 18 32 1199 34 27
602 22 30 226 29 33 26 22 43 31 737 34 27
603 22 32 257 8 33 1 27 27 30 688 34 27
604 22 30 288 23 30 1 23 16 25 675 34 27
605 22 21 140 36 22 8 24 44 30 359 34 27
606 22 34 224 27 17 10 20 17 30 802 34 27
607 22 30 168 39 19 31 18 47 19 270 34 27
608 22 31 174 37 27 48 19 24 21 1065 34 27
609 22 30 267 31 32 1 17 18 29 716 34 27
610 22 24 198 20 30 49 21 27 31 667 34 27
611 22 42 158 35 28 31 17 29 25 657 34 27
612 22 23 191 37 23 16 24 44 29 558 34 27
613 22 28 185 37 24 1 26 30 21 632 34 27
614 22 35 429 26 30 1 23 10 21 984 34 27
615 22 31 369 35 27 41 22 39 30 473 34 27
616 22 28 263 10 35 49 24 20 30 743 34 27
617 22 34 428 25 36 1 25 12 30 1007 34 27
618 22 35 511 27 39 10 17 20 36 884 34 27
619 22 27 1788 43 17 1 23 38 17 1101 34 27
620 22 26 190 20 22 1 20 20 25 846 34 27
621 22 42 174 21 40 7 17 1 24 1009 34 27
622 22 29 172 21 34 10 20 39 27 482 34 27
623 22 33 363 35 18 13 23 28 23 648 34 28
624 22 30 210 15 29 63 23 21 28 950 34 27
625 22 40 719 21 40 11 20 16 24 925 34 27
626 22 35 223 15 37 61 22 29 32 1008 34 27
627 22 31 192 13 30 29 22 18 24 637 34 27
628 22 26 189 23 30 1 19 34 24 677 34 27
629 22 26 166 16 33 15 23 39 21 609 34 28
630 22 26 476 25 20 1 23 42 21 922 34 27
631 22 34 256 26 23 28 19 30 32 1132 34 27
632 22 33 204 4 28 1 16 11 27 921 34 27
633 22 36 205 12 32 1 17 11 27 871 34 27
634 22 27 169 30 30 51 28 36 31 525 34 27
635 22 34 200 31 30 44 20 23 20 744 34 27
636 22 24 299 37 14 21 21 38 22 543 34 27
637 22 34 630 34 43 49 21 38 34 1376 34 27
638 22 33 446 43 20 35 20 28 31 2006 34 27
639 22 34 343 24 35 32 20 23 28 561 34 28
640 22 24 215 35 25 24 15 36 30 1015 34 27
641 22 37 192 37 21 1 22 34 22 748 34 27
642 22 22 166 26 35 1 21 37 25 743 34 27
643 22 33 180 16 31 79 21 27 21 801 34 28
644 22 41 200 14 26 1 16 20 26 751 34 27
645 22 32 190 31 25 93 30 37 28 451 34 27
646 22 35 291 26 37 25 23 27 31 994 34 27
647 22 24 2005 18 24 1 22 25 26 581 34 27
648 22 25 220 20 36 46 25 42 27 1465 34 27
649 22 28 145 24 28 1 16 16 26 740 34 27
650 22 29 209 24 31 40 24 33 32 544 34 27
651 22 30 140 23 24 18 29 37 17 1271 34 28
652 22 32 161 29 23 27 22 15 31 582 34 27
653 22 27 165 24 28 117 22 39 24 437 34 27
654 22 51 464 16 42 46 17 1 28 783 34 27
655 22 22 157 27 24 3 12 26 29 595 34 27
656 22 30 264 38 23 23 20 29 31 469 34 27
657 22 30 160 19 26 18 24 27 22 849 34 28
658 22 28 160 43 30 26 23 31 23 615 34 27
659 22 24 758 27 23 1 22 35 25 1357 34 27
660 22 41 498 11 40 97 28 12 26 878 34 28
661 22 29 157 19 27 6 21 26 22 461 34 27
662 22 32 190 34 23 48 18 20 19 783 34 27
663 22 29 150 35 25 51 16 33 30 558 34 27
664 22 26 291 38 26 1 22 36 27 664 34 27
665 22 26 292 44 33 34 21 42 32 765 34 27
666 22 26 183 22 35 40 21 42 29 980 34 27
667 22 42 180 16 33 27 19 17 23 1127 34 28
668 22 37 163 26 22 15 16 6 30 1240 34 27
669 22 26 161 31 22 1 20 36 35 440 34 27
670 22 40 144 14 36 1 25 6 25 782 34 27
671 22 27 253 37 26 1 21 29 22 170 34 27
672 22 38 337 29 40 1 23 27 25 633 34 28
673 22 32 198 23 37 22 19 34 27 628 34 27
674 22 28 143 40 24 1 16 24 28 882 34 27
675 22 29 149 21 28 21 20 21 36 195 34 27
676 22 35 249 40 32 77 21 38 27 1044 34 27
677 22 25 301 42 15 8 20 36 15 1055 34 28
678 22 26 319 16 29 44 25 21 27 939 34 27
679 22 34 140 37 26 1 22 40 41 736 34 27
680 22 24 498 25 24 15 13 28 17 1038 34 27
681 22 31 153 39 22 27 17 11 26 612 34 28
682 22 34 297 35 31 59 26 42 28 1230 34 27
683 22 14 270 23 22 5 19 49 21 325 34 27
684 22 31 244 10 33 1 19 6 31 536 34 27
685 22 38 172 30 29 68 18 20 26 922 34 27
686 22 29 610 13 41 35 22 36 25 685 34 27
687 22 34 339 1 35 4 19 7 37 610 34 27
688 22 30 269 29 35 89 17 47 24 677 34 27
689 22 31 171 31 18 22 21 36 22 612 34 27
690 22 37 145 24 31 66 14 23 20 676 34 28
691 22 37 241 19 28 20 26 23 27 749 34 27
692 22 41 215 38 67 20 18 18 34 1158 34 27
693 22 27 280 24 30 17 24 20 31 1403 34 27
694 22 32 253 29 28 27 27 41 26 687 34 27
695 22 34 147 27 44 51 15 44 26 853 34 27
696 22 29 199 27 21 33 21 24 24 1021 34 27
697 22 28 243 13 38 1 19 24 31 644 34 27
698 22 35 170 33 28 93 15 23 26 1012 34 27
699 22 29 328 29 27 1 24 13 24 967 34 27
700 22 36 161 22 39 37 24 35 18 949 34 27
701 22 38 258 31 34 1 19 32 30 660 34 27
702 22 30 173 28 29 43 19 35 23 589 34 27
703 22 27 137 30 19 17 14 30 14 1654 34 27
704 22 33 164 31 36 72 28 34 24 840 34 27
705 22 29 422 20 24 14 26 31 23 723 34 28
706 22 32 219 37 37 32 17 36 28 1140 34 27
707 22 24 153 30 32 11 25 34 38 288 34 27
708 22 27 257 19 31 37 26 35 24 383 34 27
709 22 35 148 19 37 49 23 23 39 980 34 27
710 22 26 511 34 26 1 22 14 31 1244 34 27
711 22 30 266 1 49 56 19 1 30 889 34 27
712 22 25 183 29 21 1 15 35 29 703 34 27
713 22 40 223 28 40 62 27 9 27 1244 34 27
714 22 37 230 23 40 1 26 16 26 601 34 27
715 22 31 185 38 24 1 18 53 27 963 34 27
716 22 24 233 28 24 1 21 31 52 1386 34 27
717 22 27 306 23 28 32 17 22 26 587 34 27
718 22 32 181 27 33 13 27 39 31 633 34 27
719 22 29 183 21 27 5 26 32 16 863 34 27
720 22 33 221 19 35 39 20 38 22 600 34 27
721 22 34 187 28 38 37 18 27 25 906 34 27
722 22 34 380 24 36 47 21 36 26 1368 34 27
723 22 30 218 28 29 62 23 20 31 1041 34 27
724 22 36 379 17 33 31 21 13 28 750 34 27
725 22 29 478 31 23 62 28 19 26 628 34 27
726 22 32 371 12 34 95 13 21 28 780 34 27
727 22 42 195 35 39 51 22 26 37 600 34 27
728 22 24 260 26 36 1 24 26 31 698 34 27
729 22 32 207 39 26 85 18 30 24 617 34 27
730 22 28 366 37 35 45 13 31 28 1064 34 27
731 22 30 238 44 31 1 13 17 24 843 34 27
732 22 33 801 28 32 1 21 19 22 627 34 27
733 22 40 144 17 40 87 21 10 34 502 34 27
734 22 26 239 30 39 68 22 36 27 311 34 27
735 22 29 121 24 11 1 23 28 28 532 34 27
736 22 32 167 7 36 17 25 14 24 795 34 27
737 22 32 362 26 30 48 15 38 36 634 34 27
738 22 28 229 40 18 1 11 20 28 626 34 27
739 22 33 168 35 35 52 17 17 21 971 34 27
740 22 26 139 31 36 24 20 45 31 522 34 27
741 22 32 300 46 22 43 28 33 13 1702 34 27
742 22 30 185 39 20 1 18 4 28 722 34 27
743 22 28 184 11 37 20 24 45 26 1650 34 27
744 22 36 239 28 38 61 22 35 38 555 34 27
745 22 33 363 25 25 1 26 9 29 826 34 27
746 22 36 405 29 30 1 24 18 24 212 34 27
747 22 32 264 27 29 31 16 36 26 753 34 27
748 22 29 352 31 28 55 21 37 18 893 34 27
749 22 27 190 29 18 12 20 19 23 587 34 27
750 22 24 141 22 28 35 19 18 24 635 34 27
751 22 30 195 21 34 15 15 45 29 1272 34 27
752 22 35 199 22 23 19 17 10 18 626 34 27
753 22 28 196 22 28 38 20 38 27 1472 34 27
754 22 31 634 26 23 8 25 30 18 1019 34 27
755 22 37 237 25 32 54 20 25 24 682 34 27
756 22 28 130 22 37 58 24 34 35 1105 34 27
757 22 29 164 31 29 1 26 30 30 181 34 28
758 22 37 375 29 22 15 24 30 33 588 34 27
759 22 35 397 19 32 20 24 30 24 902 34 27
760 22 19 146 47 22 67 26 60 33 1298 34 27
761 22 29 186 31 34 1 29 31 34 815 34 27
762 22 30 181 35 33 56 15 31 27 2006 34 27
763 22 37 147 34 16 31 25 19 33 1135 34 27
764 22 29 216 16 19 1 18 17 23 776 34 27
765 22 33 251 27 31 71 15 36 27 1106 34 27
766 22 36 144 25 20 1 15 11 28 733 34 27
767 22 34 194 24 23 6 22 31 27 684 34 27
768 22 39 199 33 31 38 20 15 27 755 34 27
769 22 38 178 12 43 81 25 5 32 869 34 27
770 22 33 223 8 42 39 20 19 25 706 34 27
771 22 32 230 21 18 6 25 21 25 576 34 27
772 22 39 181 33 27 1 23 14 26 269 34 27
773 22 37 369 16 32 53 25 23 30 706 34 27
774 22 31 150 38 27 1 21 31 20 613 34 27
775 22 27 243 34 28 47 26 29 33 710 34 27
776 22 34 460 25 38 47 19 32 32 565 34 27
777 22 35 118 30 25 13 17 5 22 844 34 27
778 22 34 218 24 33 1 24 31 28 495 34 27
779 22 34 252 23 22 8 21 1 32 811 34 27
780 22 27 159 25 30 55 18 27 19 939 34 27
781 22 29 302 24 33 105 24 50 22 515 34 27
782 22 24 517 27 25 61 19 30 20 603 34 27
783 22 36 219 19 34 62 19 22 29 703 34 27
784 22 27 158 43 23 1 16 35 17 1006 34 27
785 22 28 522 2 35 1 16 12 30 1828 34 27
786 22 29 193 34 29 31 22 27 18 545 34 27
787 22 27 325 41 22 56 27 41 21 827 34 27
788 22 28 160 25 20 12 19 17 25 672 34 27
789 22 31 146 18 29 24 25 26 31 673 34 27
790 22 32 168 35 19 4 15 13 31 789 34 27
791 22 33 218 25 33 19 22 51 29 869 34 27
792 22 39 191 24 51 62 19 22 29 1065 34 27
793 22 34 214 34 35 61 30 35 26 713 34 27
794 22 28 118 17 36 51 25 43 24 1438 34 27
795 22 31 129 38 20 8 20 21 24 1173 34 27
796 22 27 126 42 17 15 17 35 31 1836 34 27
797 22 36 240 21 35 82 20 16 30 729 34 27
798 22 26 330 7 33 18 21 37 29 514 34 27
799 22 32 179 45 20 1 21 34 17 1310 34 27
800 22 42 181 10 46 89 16 15 31 1574 34 27
801 22 33 218 1 43 56 30 13 38 1548 34 27
802 22 32 182 28 26 11 21 26 29 863 34 27
803 22 35 179 27 24 13 23 17 36 549 34 27
804 22 34 194 31 23 21 16 37 18 1112 34 27
805 22 36 230 11 27 1 24 22 27 732 34 27
806 22 35 293 33 28 1 23 23 22 791 34 27
807 22 32 211 36 28 16 26 19 36 680 34 27
808 22 26 138 28 34 1 18 39 27 1276 34 27
809 22 28 256 32 27 1 18 31 32 534 34 27
810 22 26 216 28 30 25 17 32 27 749 34 27
811 22 30 324 26 33 1 25 18 19 472 34 27
812 22 36 171 30 28 32 22 27 23 681 34 27
813 22 27 162 17 28 70 13 27 20 750 34 27
814 22 23 195 34 23 14 13 34 28 624 34 27
815 22 30 139 8 30 6 26 19 25 626 34 27
816 22 29 276 28 31 29 22 36 33 1030 34 27
817 22 32 270 14 33 1 29 17 23 512 34 27
818 22 29 312 41 36 50 17 31 27 790 34 27
819 22 37 260 27 26 1 26 18 37 522 34 27
820 22 36 346 31 31 24 18 2 33 1098 34 27
821 22 26 232 33 17 1 14 22 29 864 34 27
822 22 37 369 13 37 58 24 1 27 795 34 27
823 22 37 180 21 33 25 20 23 24 635 34 27
824 22 25 132 31 33 17 22 54 19 625 34 27
825 22 34 239 34 27 40 21 36 20 272 34 27
826 22 28 219 33 34 1 21 50 28 1063 34 27
827 22 42 154 8 33 47 26 29 25 733 34 27
828 22 26 231 17 33 7 26 44 31 800 34 27
829 22 26 151 24 32 19 19 40 19 485 34 27
830 22 28 198 30 36 1 24 15 26 676 34 27
831 22 32 214 24 23 37 14 23 23 997 34 27
832 22 29 295 38 30 37 23 32 27 514 34 27
833 22 25 537 15 28 26 19 32 24 801 34 27
834 22 41 390 24 27 83 25 24 25 742 34 27
835 22 32 270 21 35 27 17 49 32 614 34 27
836 22 20 460 24 29 1 16 41 25 1648 34 27
837 22 31 271 24 35 43 16 33 32 841 34 27
838 22 33 191 33 31 1 21 29 28 1168 34 27
839 22 43 409 23 30 32 15 25 15 597 34 27
840 22 28 184 35 26 1 20 32 22 794 34 27
841 22 32 397 7 40 38 25 15 19 442 34 27
842 22 28 337 25 29 65 22 24 28 665 34 27
843 22 34 161 21 30 34 16 1 33 1029 34 27
844 22 34 304 20 25 2 21 22 23 661 34 27
845 22 29 353 21 35 74 26 39 35 727 34 27
846 22 35 297 22 31 1 26 32 33 583 34 27
847 22 28 146 20 31 22 20 37 28 627 34 27
848 22 36 145 15 25 43 24 29 24 864 34 27
849 22 30 239 38 25 1 23 35 27 858 34 27
850 22 25 279 19 41 32 21 35 35 802 34 27
851 22 30 155 31 26 62 19 26 28 257 34 27
852 22 26 168 22 28 1 25 37 35 280 34 27
853 22 21 233 19 28 1 22 27 23 111 34 27
854 22 29 161 35 24 22 19 33 29 1503 34 27
855 22 24 151 26 31 14 20 37 34 643 34 27
856 22 167 702 178 47 82 30 42 36 714 34 27
857 22 23 307 29 17 1 25 30 25 878 34 27
858 22 31 355 35 23 65 26 39 26 668 34 27
859 22 40 219 33 25 25 17 6 29 756 34 27
860 22 26 372 27 34 64 31 41 36 479 34 27
861 22 33 528 22 33 73 20 23 17 627 34 27
862 22 38 296 14 43 73 23 25 25 658 34 27
863 22 34 180 32 36 66 22 31 25 948 34 27
864 22 26 175 30 20 1 21 32 20 781 34 27
865 22 19 163 25 28 1 21 22 24 898 34 27
866 22 29 143 14 37 19 20 25 31 1031 34 27
867 22 32 134 28 28 50 16 27 32 510 34 27
868 22 23 147 42 33 1 18 32 24 1140 34 27
869 22 33 350 23 27 20 23 18 27 895 34 27
870 22 31 156 30 34 1 20 22 25 760 34 27
871 22 35 218 35 26 87 27 33 29 448 34 28
872 22 26 206 20 22 32 24 47 32 253 34 27
873 22 24 198 47 23 88 26 46 25 639 34 27
874 22 34 265 36 37 1 25 32 19 678 34 27
875 22 29 235 46 14 1 14 30 31 814 34 27
876 22 28 166 18 25 7 21 29 25 1936 34 27
877 22 30 150 40 24 7 20 39 20 531 34 27
878 22 30 240 40 16 2 18 15 23 554 34 27
879 22 38 275 31 35 54 30 34 31 651 34 27
880 22 31 260 24 26 34 17 27 18 1653 34 27
881 22 26 203 11 35 15 22 34 43 1143 34 27
882 22 36 190 29 26 65 21 12 23 717 34 27
883 22 28 281 34 27 45 18 22 26 848 34 27
884 22 35 151 30 27 76 24 40 32 740 34 27
885 22 31 178 25 41 54 18 27 30 367 34 27
886 22 39 213 14 39 55 23 27 26 782 34 27
887 22 27 330 29 29 42 20 51 28 562 34 27
888 22 34 397 44 20 5 23 23 26 1240 34 27
889 22 31 256 14 41 8 19 14 36 1182 34 27
890 22 949 193 433 221 288 26 122 572 1751 34 27
891 22 28 203 33 23 18 15 37 31 746 34 27
892 22 36 459 22 36 26 28 30 38 687 34 27
893 22 30 260 18 31 80 22 22 20 875 34 27
894 22 32 769 33 28 20 20 4 18 1499 34 27
895 22 31 165 16 32 1 20 42 20 836 34 27
896 22 29 377 32 26 12 24 12 29 628 34 27
897 22 31 220 18 27 22 20 14 23 1700 34 27
898 22 36 244 18 45 55 25 25 30 655 34 27
899 22 27 259 26 28 47 18 21 22 2007 34 27
900 22 40 337 28 39 1 23 11 30 750 34 27
901 22 39 425 39 18 28 16 2 29 1527 34 27
902 22 27 322 22 23 1 24 13 27 840 34 27
903 22 28 236 33 31 35 19 33 27 642 34 27
904 22 35 163 32 35 55 12 34 22 844 34 27
905 22 35 230 21 42 50 13 30 33 817 34 27
906 22 27 430 36 30 18 25 33 21 972 34 27
907 22 34 214 11 33 30 21 29 27 786 34 27
908 22 34 315 34 31 51 14 13 31 993 34 27
909 22 31 140 52 33 1 23 28 31 1770 34 27
910 22 29 262 8 33 40 20 23 27 461 34 27
911 22 27 241 27 37 6 20 50 26 1597 34 27
912 22 32 395 29 34 41 26 40 27 511 34 28
913 22 24 200 26 34 1 19 34 28 1729 34 27
914 22 39 343 19 31 41 20 24 29 1016 34 27
915 22 31 200 19 29 1 21 22 25 575 34 27
916 22 28 161 8 39 56 27 43 31 684 34 27
917 22 27 241 44 25 43 17 42 26 245 34 27
918 22 36 209 38 35 1 25 20 44 733 34 27
919 22 27 339 22 20 1 16 27 24 775 34 27
920 22 25 284 22 37 102 19 39 23 800 34 27
921 22 34 171 34 22 1 29 27 27 490 34 27
922 22 31 222 24 26 66 25 32 25 739 34 27
923 22 27 335 38 21 52 27 42 27 885 34 27
924 22 36 311 27 32 18 14 25 34 1321 34 27
925 22 27 159 32 15 1 18 14 24 1506 34 27
926 22 38 137 15 38 22 21 37 32 746 34 27
927 22 27 405 7 43 15 20 12 33 778 34 27
928 22 23 176 14 38 35 22 40 37 337 34 27
929 22 39 154 43 29 1 20 34 26 828 34 27
930 22 32 156 30 32 27 21 25 26 759 34 27
931 22 31 178 25 23 5 18 30 23 735 34 27
932 22 37 173 12 31 14 24 20 26 779 34 27
933 22 33 243 30 19 1 19 14 24 642 34 27
934 22 29 195 28 24 74 22 22 18 579 34 28
935 22 41 1061 32 24 36 22 19 33 1003 34 27
936 22 37 422 22 38 54 19 27 31 967 34 27
937 22 35 139 25 19 46 22 25 20 619 34 27
938 22 35 162 35 24 49 29 45 18 685 34 27
939 22 31 171 30 27 38 27 37 25 491 34 27
940 22 35 238 27 29 6 15 10 24 1443 34 27
941 22 27 214 28 32 1 16 29 29 1129 34 27
942 22 30 192 36 27 1 23 29 31 868 34 27
943 22 36 731 26 39 10 18 15 35 874 34 28
944 22 27 1231 16 30 11 22 39 30 1320 34 27
945 22 33 504 26 25 1 25 11 22 1373 34 27
946 22 28 470 26 25 1 27 30 23 1829 34 27
947 22 30 144 21 33 36 23 30 25 904 34 27
948 22 34 386 23 33 78 22 44 22 1200 34 27
949 22 27 169 37 26 1 19 33 30 909 34 27
950 22 34 173 35 37 66 27 30 34 735 34 27
951 22 43 253 16 46 80 17 23 32 719 34 27
952 22 30 397 18 29 48 23 25 32 1274 34 27
953 22 35 176 17 39 6 20 24 25 938 34 27
954 22 26 124 32 23 1 25 26 33 742 34 27
955 22 25 318 20 28 15 253 36 29 545 34 27
956 22 32 218 28 27 6 19 29 32 639 34 27
957 22 27 147 30 28 20 24 29 28 768 34 27
958 22 31 158 22 32 56 24 32 33 1245 34 27
959 22 35 351 33 26 45 18 34 22 1196 34 27
960 22 31 241 38 29 12 19 20 18 1018 34 27
961 22 28 135 31 34 7 18 23 24 1326 34 28
962 22 25 1168 7 35 49 19 43 20 1272 34 27
963 22 33 234 37 28 36 19 24 33 891 34 27
964 22 41 202 38 31 16 24 31 33 704 34 27
965 22 29 346 32 28 56 20 23 25 1478 34 27
966 22 32 313 33 34 56 23 36 27 760 34 27
967 22 36 301 15 30 1 19 6 18 1043 34 27
968 22 37 172 33 23 41 23 21 25 702 34 27
969 22 33 211 20 25 68 14 27 22 1313 34 27
970 22 35 212 44 24 27 22 36 21 1665 34 27
971 22 32 156 22 29 66 26 45 30 746 34 27
972 22 29 281 30 33 82 21 39 26 783 34 27
973 22 29 186 18 38 53 24 21 36 716 34 27
974 22 30 139 27 24 17 20 19 32 1033 34 28
975 22 45 680 32 26 59 21 10 33 726 34 27
976 22 34 198 32 30 24 24 38 24 1070 34 27
977 22 25 129 12 32 46 21 28 28 625 34 27
978 22 32 196 21 41 14 17 29 30 923 34 27
979 22 23 184 29 22 6 27 48 26 1152 34 27
980 22 40 268 31 39 1 15 18 26 433 34 27
981 22 34 288 15 30 87 29 24 30 999 34 27
982 22 31 174 35 37 13 27 32 30 750 34 27
983 22 29 185 31 18 46 23 35 23 716 34 27
984 22 29 149 11 29 1 21 1 32 593 34 27
985 22 26 353 26 28 51 21 18 21 717 34 27
986 22 31 140 37 26 48 15 28 23 209 34 28
987 22 19 424 29 29 43 25 38 31 667 34 27
988 22 25 306 15 26 2 16 21 26 1026 34 27
989 22 32 231 33 39 47 21 20 31 939 34 27
990 22 35 218 22 32 78 27 35 31 743 34 27
991 22 34 137 15 34 16 24 24 24 355 34 27
992 22 26 147 23 18 1 25 27 20 678 33 27
993 22 30 235 27 28 25 24 33 21 619 34 27
994 22 31 284 22 34 80 23 23 33 878 34 27
995 22 36 166 32 32 32 30 25 27 624 34 27
996 22 34 185 19 24 2 25 32 29 1028 34 27
997 22 29 178 32 37 34 17 39 25 711 34 27
998 22 30 144 24 39 35 24 36 27 916 34 27
999 22 29 240 15 39 56 29 20 33 694 34 27
1000 22 38 206 28 29 33 19 33 30 1474 34 27
1001 22 27 217 37 27 9 21 37 31 150 34 27
1002 22 31 180 43 21 7 18 30 23 456 34 27
1003 22 31 165 32 27 1 29 21 18 622 34 27
1004 22 38 153 13 38 42 18 20 28 549 34 27
1005 22 39 229 23 31 31 22 12 28 780 34 27
1006 22 35 202 17 40 43 21 17 31 1136 34 28
1007 22 35 173 35 31 29 21 36 26 608 34 27
1008 22 31 196 9 33 36 21 19 28 605 34 27
1009 22 29 157 24 24 1 15 13 26 672 34 27
1010 22 29 185 26 26 24 18 10 19 1013 34 27
1011 22 30 170 30 29 1 25 37 27 641 34 27
1012 22 35 221 22 36 60 26 18 33 882 34 27
1013 22 29 154 17 42 39 14 15 27 264 34 27
1014 22 35 206 22 27 9 20 29 34 266 34 27
1015 22 25 318 14 32 7 21 28 19 473 34 27
1016 22 26 155 34 18 45 17 41 28 431 34 27
1017 22 27 203 21 26 1 31 38 26 426 34 27
1018 22 24 253 21 21 25 20 22 21 416 34 27
1019 22 36 489 45 28 1 12 26 24 1406 34 27
1020 22 25 247 41 17 8 25 32 26 1624 34 27
1021 22 31 285 22 22 17 35 32 33 1577 34 27
1022 22 21 181 39 25 1 16 36 33 617 34 27
1023 22 28 201 41 25 22 27 30 26 858 34 27
1024 22 37 198 29 27 55 28 17 20 655 34 27
1025 22 36 191 18 36 50 17 30 22 974 34 27
1026 22 19 391 31 29 1 18 40 29 695 34 27
1027 22 30 183 36 33 1 18 18 36 601 34 27
1028 22 28 129 43 32 20 23 47 26 769 34 27
1029 22 30 245 47 20 1 16 43 25 1290 34 27
1030 22 32 197 35 32 1 22 29 31 609 34 28
1031 22 35 467 29 26 15 14 24 30 433 34 27
1032 22 38 156 24 41 5 18 10 31 778 34 27
1033 22 40 197 42 27 46 25 25 16 1008 34 27
1034 22 35 578 19 38 1 23 1 25 753 34 27
1035 22 31 236 28 20 1 21 21 26 515 34 27
1036 22 37 439 33 21 68 21 14 27 667 34 27
1037 22 32 302 20 35 92 27 26 26 743 34 27
1038 22 33 159 48 26 16 18 35 27 1145 34 27
1039 22 27 146 18 31 25 19 50 32 1032 34 27
1040 22 30 216 20 25 1 24 25 27 1252 34 27
1041 22 30 153 34 20 54 15 35 25 451 34 28
1042 22 36 292 39 26 26 23 25 30 967 34 27
1043 22 30 224 5 37 7 22 34 35 961 34 27
1044 22 24 227 33 33 46 15 29 30 825 34 27
1045 22 36 330 27 31 77 17 23 30 1010 34 28
1046 22 33 226 14 34 10 17 12 31 1288 34 27
1047 22 24 154 18 33 1 21 37 23 533 34 27
1048 22 34 175 10 29 17 16 29 16 1201 34 27
1049 22 31 222 29 15 54 15 18 23 733 34 27
1050 22 38 256 25 35 31 24 33 23 1511 34 27
1051 22 26 230 31 26 75 16 33 22 730 34 27
1052 22 23 549 69 26 200 17 40 32 528 34 27
1053 22 26 455 23 24 17 21 37 33 905 34 27
1054 22 35 174 29 36 44 20 17 32 2007 34 28
1055 22 35 174 25 40 1 21 34 30 437 34 27
1056 22 32 275 24 30 3 21 19 30 1886 34 27
1057 22 25 129 17 42 89 19 50 30 917 34 27
1058 22 23 124 29 28 1 21 28 36 1401 34 27
1059 22 41 148 33 26 58 22 22 32 1747 34 27
1060 22 38 174 14 33 24 23 18 29 499 34 27
1061 22 36 343 29 27 57 21 24 23 564 34 27
1062 22 38 126 18 41 32 19 23 32 966 34 27
1063 22 31 178 21 27 30 15 23 31 495 34 27
1064 22 31 378 15 31 1 28 20 33 2006 34 27
1065 22 31 199 40 9 47 22 18 28 604 34 27
1066 22 357 1940 324 608 549 152 117 1179 2006 34 27
1067 22 22 129 24 31 29 18 50 30 1315 34 27
1068 22 28 347 30 13 22 27 29 31 670 34 27
1069 22 30 506 31 22 46 22 30 32 745 34 27
1070 22 30 156 22 28 55 27 24 35 2007 34 27
1071 22 28 259 27 21 4 18 24 24 591 34 27
1072 22 29 138 36 35 14 19 35 32 738 34 27
1073 22 34 228 25 23 29 18 22 20 660 34 27
1074 22 27 150 23 37 1 26 34 22 715 34 27
1075 22 33 228 40 30 1 17 21 34 1014 34 27
1076 22 30 156 22 33 39 23 32 28 596 34 27
1077 22 39 145 12 42 91 21 23 26 873 34 27
1078 22 28 470 33 32 43 27 29 31 656 34 27
1079 22 28 172 32 33 30 19 36 26 1161 34 27
1080 22 30 205 39 29 35 22 43 28 575 34 27
1081 22 36 165 15 27 57 26 18 21 670 34 27
1082 22 29 136 18 29 47 19 41 33 651 34 27
1083 22 33 192 31 41 40 20 37 32 1092 34 27
1084 22 30 564 24 31 46 20 41 25 768 34 27
1085 22 35 188 17 46 1 19 16 34 668 34 27
1086 22 26 194 19 32 17 24 42 24 738 34 27
1087 22 30 217 18 35 1 24 19 21 856 34 27
1088 22 29 256 28 33 19 23 28 20 733 34 27
1089 22 33 219 21 36 46 26 21 19 571 34 27
1090 22 27 243 26 38 28 25 38 24 1117 34 27
1091 22 26 645 8 35 17 25 45 28 1040 34 27
1092 22 30 160 34 18 1 22 20 27 1279 34 27
1093 22 29 283 41 30 30 21 33 20 1308 34 27
1094 22 26 448 24 27 11 16 40 25 737 34 27
1095 22 31 206 32 38 21 16 38 24 630 34 27
1096 22 25 296 33 31 40 18 37 23 740 34 27
1097 22 27 160 20 21 1 22 19 23 868 34 27
1098 22 29 147 16 24 1 26 14 28 966 34 27
1099 22 19 137 31 15 1 15 35 26 647 34 27
1100 22 34 234 25 26 18 20 26 27 737 34 27
1101 22 30 716 19 22 60 24 17 25 560 34 27
1102 22 22 152 27 31 1 24 37 37 503 34 27
1103 22 32 308 27 42 39 18 43 30 1342 34 27
1104 22 34 229 33 31 56 17 16 33 1024 34 27
1105 22 25 180 21 27 1 19 28 34 632 34 27
1106 22 37 181 19 25 53 26 15 23 683 34 27
1107 22 32 188 24 30 1 20 20 25 850 34 27
1108 22 25 458 19 31 1 20 23 30 696 34 27
1109 22 34 222 30 21 12 23 7 35 572 34 27
1110 22 36 396 23 31 48 21 39 28 923 34 27
1111 22 32 192 11 33 1 25 22 28 550 34 27
1112 22 24 253 32 15 33 13 22 28 1148 34 27
1113 22 35 288 28 30 49 22 25 32 469 34 27
1114 22 18 223 27 36 30 28 48 28 541 34 27
1115 22 27 134 47 20 1 16 44 25 1741 34 27
1116 22 37 161 30 26 26 27 33 22 738 34 27
1117 22 32 278 24 21 14 13 22 27 545 34 27
1118 22 34 180 26 35 10 15 21 28 795 34 27
1119 22 30 148 8 37 16 21 17 31 622 34 27
1120 22 41 181 36 26 18 18 23 15 554 34 27
1121 22 33 194 6 34 33 22 13 28 525 34 27
1122 22 36 156 25 31 60 21 29 30 1319 34 27
1123 22 31 222 24 39 69 17 37 22 1146 34 27
1124 22 44 353 12 34 26 24 24 26 533 34 27
1125 22 30 216 6 28 40 23 24 26 677 34 27
1126 22 33 252 13 38 37 23 34 27 1228 34 27
1127 22 30 312 25 36 76 19 41 25 558 34 27
1128 22 37 133 23 33 83 22 19 31 1932 34 27
1129 22 35 140 25 27 41 27 31 31 1179 34 27
1130 22 18 203 37 31 16 20 47 31 681 34 27
1131 22 33 483 32 22 1 20 16 26 2007 34 27
1132 22 42 1956 38 21 9 21 34 30 803 34 27
1133 22 30 211 35 31 1 23 15 28 770 34 27
1134 22 29 180 20 33 26 24 25 23 597 34 27
1135 22 27 174 27 24 1 27 33 26 407 34 28
1136 22 31 230 44 27 30 26 35 20 623 34 27
1137 22 28 192 33 24 50 24 30 24 748 34 27
1138 22 37 342 21 36 21 23 34 33 684 34 27
1139 22 22 143 37 20 1 26 34 30 1023 34 27
1140 22 32 256 41 23 50 23 25 30 1420 34 28
1141 22 22 146 39 11 4 22 38 27 651 34 27
1142 22 35 379 7 32 35 15 28 20 769 34 27
1143 22 32 157 16 35 1 15 19 27 895 34 27
1144 22 34 169 30 36 81 15 37 21 893 34 27
1145 22 36 351 29 22 25 19 14 27 867 34 27
1146 22 35 314 37 25 88 20 15 25 672 34 27
1147 22 27 292 18 40 19 24 28 33 1343 34 27
1148 22 34 318 23 48 41 13 18 31 604 34 27
1149 22 22 239 34 25 76 24 39 29 481 34 27
1150 22 31 467 36 31 1 23 27 28 657 34 27
1151 22 30 878 12 34 40 18 17 29 708 34 27
1152 22 30 224 38 28 15 19 24 16 822 34 27
1153 22 29 155 19 23 1 18 19 27 861 34 27
1154 22 27 162 8 32 24 25 40 30 742 34 27
1155 22 51 289 20 37 36 29 37 29 699 34 27
1156 22 30 168 37 22 1 20 21 27 955 34 27
1157 22 32 539 41 20 1 18 30 25 295 34 27
1158 22 31 338 18 32 8 22 33 28 889 34 27
1159 22 26 166 40 28 1 25 47 27 862 34 27
1160 22 37 258 21 28 51 22 9 32 732 34 27
1161 22 30 350 14 37 39 19 24 34 624 34 27
1162 22 38 181 36 27 75 28 29 28 1361 34 27
1163 22 27 198 6 40 39 25 25 35 480 34 27
1164 22 29 193 29 27 7 20 16 28 873 34 27
1165 22 24 401 27 27 15 24 47 21 664 34 27
1166 22 25 182 21 33 98 24 47 28 1126 34 27
1167 22 36 705 30 28 81 20 31 29 1290 34 27
1168 22 35 213 24 29 30 17 38 28 2006 34 27
1169 22 33 140 15 31 59 19 30 23 1245 34 27
1170 22 37 186 3 38 78 23 28 24 353 34 27
1171 22 33 255 21 28 39 15 19 30 709 34 27
1172 22 31 225 34 24 73 23 32 19 761 34 27
1173 22 30 146 33 31 75 18 28 16 630 34 28
1174 22 27 179 24 32 49 27 36 27 936 34 27
1175 22 27 233 34 31 4 15 23 29 1037 34 27
1176 22 42 225 26 33 1 18 31 29 539 34 28
1177 22 28 236 27 21 4 21 25 27 923 34 27
1178 22 31 198 1 43 57 27 17 35 569 34 27
1179 22 35 360 22 32 20 24 47 23 436 34 27
1180 22 41 234 14 43 19 20 4 31 705 34 27
1181 22 31 436 29 28 33 21 20 26 2007 34 27
1182 22 31 709 43 24 22 20 27 26 1064 34 27
1183 22 36 147 34 33 1 23 17 32 621 34 27
1184 22 35 166 43 26 32 21 26 31 722 34 27
1185 22 35 617 30 31 1 21 27 32 1167 34 27
1186 22 30 168 23 32 72 21 38 34 600 34 27
1187 22 38 202 24 23 1 16 20 28 816 34 27
1188 22 29 163 26 30 1 23 24 28 1373 34 28
1189 22 34 622 30 28 1 16 16 18 959 34 27
1190 22 32 330 10 33 52 17 21 32 1070 34 27
1191 22 25 158 33 29 15 21 31 33 662 34 27
1192 22 37 400 32 33 1 18 22 29 993 34 27
1193 22 38 164 34 28 25 17 18 23 692 34 27
1194 22 37 203 9 34 53 20 1 35 830 34 27
1195 22 35 264 20 24 47 19 38 29 745 34 27
1196 22 30 292 39 29 35 24 25 30 766 34 27
1197 22 42 235 32 25 38 20 24 18 1887 34 27
1198 22 32 204 32 25 55 24 34 23 763 34 27
1199 22 26 142 28 25 24 30 29 27 781 34 27
1200 22 31 908 28 21 23 25 21 32 705 34 27
1201 22 27 258 30 22 62 28 39 28 965 34 27
1202 22 27 312 20 27 1 23 20 34 547 34 27
1203 22 39 176 23 30 49 12 15 18 647 34 27
1204 22 34 166 23 37 1 22 27 30 1018 34 27
1205 22 28 292 20 28 1 23 20 26 819 34 27
1206 22 28 116 14 35 6 26 34 33 657 34 27
1207 22 35 258 25 26 44 25 36 24 610 34 27
1208 22 32 332 8 40 1 16 20 24 770 34 27
1209 22 34 196 16 30 36 23 36 22 2007 34 27
1210 22 34 290 35 29 5 27 31 26 691 34 27
1211 22 25 147 24 38 26 20 47 32 919 34 27
1212 22 35 345 21 36 39 22 37 26 629 34 27
1213 22 34 160 31 29 42 22 29 23 608 34 27
1214 22 34 157 26 23 12 22 16 27 1139 34 27
1215 22 30 134 34 19 35 23 25 32 795 34 27
1216 22 27 395 15 34 16 15 33 26 938 34 27
1217 22 29 146 34 27 63 16 46 27 413 34 27
1218 22 34 138 33 28 24 19 24 28 1643 34 27
1219 22 29 128 11 19 1 26 1 26 270 34 27
1220 22 22 173 27 29 1 16 47 20 1876 34 27
1221 22 27 239 23 29 1 25 23 28 449 34 27
1222 22 34 161 36 26 12 19 15 33 1047 34 27
1223 22 29 310 23 32 53 13 40 29 796 34 27
1224 22 29 308 17 28 12 20 10 27 831 34 27
1225 22 30 117 40 34 37 17 36 35 851 34 27
1226 22 36 162 20 26 34 24 19 19 827 34 27
1227 22 37 205 50 24 1 24 27 29 714 34 27
1228 22 28 315 28 24 48 21 37 16 1086 34 27
1229 22 28 247 6 34 49 17 36 24 1097 34 27
1230 22 32 240 20 33 53 25 40 23 682 34 27
1231 22 39 163 19 42 10 21 26 29 538 34 27
1232 22 32 189 7 32 59 32 13 28 1183 34 27
1233 22 33 160 19 30 14 20 30 24 1956 34 27
1234 22 41 234 26 44 63 23 35 29 1010 34 27
1235 22 35 247 21 36 49 24 20 21 1002 34 27
1236 22 30 484 38 24 20 12 16 37 1615 34 27
1237 22 36 307 17 42 26 26 10 31 946 34 27
1238 22 28 145 14 42 1 15 33 39 856 34 27
1239 22 35 407 26 24 41 17 27 26 759 34 27
1240 22 25 272 26 25 4 17 38 33 613 34 27
1241 22 37 395 21 33 53 17 37 28 946 34 27
1242 22 44 129 7 39 57 20 16 27 435 34 27
1243 22 24 120 32 25 1 21 22 35 143 34 27
1244 22 30 223 23 26 5 14 18 23 557 34 27
1245 22 24 322 24 21 42 20 40 17 1012 34 27
1246 22 33 229 33 38 80 23 43 22 710 34 28
1247 22 24 198 44 135 189 46 35 96 1096 34 27
1248 22 28 175 23 32 44 23 25 45 702 34 27
1249 22 40 457 14 39 38 26 8 27 1052 34 27
1250 22 36 182 39 38 2 27 25 30 1053 34 27
1251 22 35 523 45 19 64 27 44 25 1233 34 27
1252 22 24 166 14 29 1 19 18 32 637 34 27
1253 22 23 145 10 39 29 27 39 28 1254 34 27
1254 22 43 250 23 32 72 23 9 28 1158 34 27
1255 22 27 308 45 29 67 17 41 29 631 34 27
1256 22 33 292 24 22 56 19 15 28 567 34 27
1257 22 41 371 21 28 1 24 28 19 1072 34 27
1258 22 25 288 28 40 26 21 41 26 602 34 27
1259 22 27 182 33 10 1 23 35 21 543 34 27
1260 22 31 166 26 27 1 13 12 27 354 34 27
1261 22 25 217 32 29 81 18 45 22 217 34 27
1262 22 29 107 13 32 49 17 35 30 1095 34 27
1263 22 25 247 24 30 29 21 34 20 1107 34 27
1264 22 32 163 34 27 37 23 41 28 1034 34 27
1265 22 26 157 35 27 50 23 45 27 1504 34 27
1266 22 26 248 29 34 1 25 25 26 1127 34 27
1267 22 36 446 33 33 35 20 24 20 2007 34 27
1268 22 33 169 24 36 64 20 27 26 1750 34 27
1269 22 31 289 19 18 4 15 24 20 1050 34 27
1270 22 37 208 40 24 1 18 5 33 247 34 27
1271 22 34 247 42 19 1 18 24 25 893 34 27
1272 22 42 278 19 41 1 19 21 26 852 34 27
1273 22 34 339 23 51 1 20 20 32 753 34 27
1274 22 28 311 26 41 32 26 46 27 848 33 27
1275 22 30 196 23 28 46 26 39 28 2006 34 27
1276 22 35 143 29 33 36 17 31 33 628 34 27
1277 22 39 385 37 25 50 19 12 26 195 34 27
1278 22 33 350 24 31 1 27 32 31 797 34 27
1279 22 36 155 23 21 1 24 14 29 767 34 27
1280 22 41 209 41 14 36 17 18 17 912 34 27
1281 22 29 209 21 31 1 27 27 32 741 34 27
1282 22 31 254 37 32 1 19 26 24 866 34 27
1283 22 41 287 42 21 41 14 24 21 954 34 27
1284 22 40 267 25 27 3 28 29 31 692 34 27
1285 22 34 828 48 23 32 22 30 23 677 34 27
1286 22 26 185 13 39 99 24 31 36 1691 34 27
1287 22 32 333 30 27 1 17 26 22 845 34 27
1288 22 25 424 12 28 1 23 31 20 809 34 27
1289 22 38 250 26 28 1 28 20 26 733 34 27
1290 22 26 345 32 26 34 26 38 31 967 34 27
1291 22 30 121 15 30 1 17 12 26 695 34 27
1292 22 36 266 32 31 28 22 29 26 891 34 27
1293 22 28 585 21 28 1 21 23 23 727 34 27
1294 22 23 153 25 38 1 13 33 34 934 34 27
1295 22 24 460 26 29 39 25 38 23 229 34 27
1296 22 27 183 21 37 85 22 32 26 194 34 27
1297 22 30 168 20 25 18 19 27 30 766 34 27
1298 22 34 270 45 23 1 16 22 29 928 34 27
1299 22 21 459 22 29 50 19 32 29 713 34 27
1300 22 37 257 28 27 47 21 27 27 1051 34 27
1301 22 31 125 15 41 4 24 44 29 789 34 27
1302 22 30 238 11 43 66 30 22 34 244 34 27
1303 22 31 175 43 22 20 25 22 27 811 34 27
1304 22 34 231 29 23 14 22 29 28 1231 34 27
1305 22 27 256 24 19 24 27 21 28 511 34 27
1306 22 33 154 20 41 34 25 23 34 1013 34 27
1307 22 30 330 1 36 5 14 18 19 682 34 27
1308 22 29 201 2 33 29 24 10 16 635 34 27
1309 22 29 309 27 21 21 16 32 31 678 34 27
1310 22 27 169 23 21 4 14 29 31 503 34 27
1311 22 31 129 32 28 33 27 19 32 892 34 27
1312 22 27 273 40 26 1 21 36 25 601 34 27
1313 22 26 457 33 33 78 20 33 21 1396 34 27
1314 22 35 159 16 30 110 23 23 23 990 34 27
1315 22 27 275 21 30 47 25 36 33 578 34 27
1316 22 29 205 23 37 34 21 50 21 569 34 27
1317 22 30 147 8 42 100 23 17 22 692 34 27
1318 22 28 260 37 31 59 16 34 30 648 34 27
1319 22 31 293 30 36 10 18 40 34 604 34 27
1320 22 29 486 18 32 51 17 22 38 234 34 27
1321 22 39 325 14 32 38 24 14 37 513 34 27
1322 22 33 388 20 28 1 22 14 30 977 34 27
1323 22 23 149 13 32 1 14 29 27 582 34 27
1324 22 35 505 24 26 62 21 31 29 1852 34 27
1325 22 24 165 26 23 1 17 51 17 723 34 27
1326 22 31 126 22 31 37 18 13 14 1128 34 27
1327 22 23 430 30 25 21 19 52 25 1216 34 27
1328 22 24 225 23 27 1 17 24 25 1376 34 27
1329 22 38 125 35 22 21 12 37 30 909 34 27
1330 22 26 141 10 19 41 22 20 29 580 34 27
1331 22 25 383 19 32 42 15 23 22 570 34 27
1332 22 43 431 19 45 47 17 24 30 364 34 27
1333 22 24 258 28 30 40 15 38 27 505 34 27
1334 22 43 183 24 24 35 22 24 27 1712 34 27
1335 22 35 286 34 38 34 27 35 29 1037 34 27
1336 22 30 158 21 31 43 15 25 26 928 34 27
1337 22 25 243 19 36 44 25 36 25 556 34 27
1338 22 31 223 35 24 8 20 31 22 1169 34 27
1339 22 110 313 127 70 94 212 164 63 981 34 27
1340 22 37 219 26 28 60 17 34 27 754 34 27
1341 22 27 488 33 23 36 26 48 31 521 34 27
1342 22 30 122 16 32 1 19 26 35 856 34 27
1343 22 27 217 31 29 9 11 34 24 1686 34 27
1344 22 34 277 25 30 45 21 18 24 665 34 27
1345 22 31 180 27 42 63 24 38 31 993 34 27
1346 22 38 431 41 28 83 29 35 31 791 34 27
1347 22 24 222 10 25 15 22 42 29 1133 34 27
1348 22 33 279 8 34 56 25 11 37 895 34 27
1349 22 28 167 22 32 22 27 16 27 751 34 27
1350 22 28 170 28 31 60 23 36 24 1043 34 27
1351 22 32 190 33 39 1 16 21 31 729 34 27
1352 22 28 211 13 36 25 23 34 26 575 34 27
1353 22 24 554 42 29 45 26 44 24 629 34 27
1354 22 27 134 38 24 1 19 38 33 837 34 27
1355 22 18 145 27 21 6 24 47 21 595 34 27
1356 22 29 206 32 14 49 25 32 33 856 34 27
1357 22 21 2005 25 25 16 21 62 22 900 34 27
1358 22 27 117 28 31 1 28 24 33 850 34 27
1359 22 26 124 23 29 32 22 30 23 651 34 27
1360 22 29 687 42 21 30 26 41 19 890 34 27
1361 22 21 409 13 33 17 23 55 35 424 34 27
1362 22 29 207 23 33 1 10 15 29 851 34 27
1363 22 36 392 31 27 43 21 35 26 785 34 27
1364 22 32 173 21 33 14 19 38 19 539 34 27
1365 22 24 133 29 26 3 16 34 27 798 34 27
1366 22 30 348 44 25 70 20 46 23 579 34 27
1367 22 39 311 24 34 52 15 22 35 671 34 27
1368 22 38 175 25 27 87 19 21 27 806 34 27
1369 22 32 202 27 34 1 22 22 25 548 34 27
1370 22 32 358 11 31 41 27 16 29 136 34 27
1371 22 34 181 28 28 54 18 30 26 813 34 27
1372 22 30 208 34 20 63 22 29 26 709 34 27
1373 22 31 233 16 35 1 16 13 28 883 34 27
1374 22 31 223 31 31 62 21 41 23 781 34 27
1375 22 29 163 30 23 1 27 21 37 920 34 27
1376 22 32 243 31 38 7 17 15 32 775 34 27
1377 22 31 303 42 21 1 24 20 21 676 34 27
1378 22 24 207 32 36 25 27 42 31 735 34 27
1379 22 34 422 24 31 1 15 19 28 459 34 27
1380 22 40 177 14 30 1 20 16 24 712 34 27
1381 22 22 135 24 31 1 24 35 22 535 34 27
1382 22 29 222 18 36 25 20 28 25 985 34 27
1383 22 36 519 23 38 1 24 21 30 1003 34 27
1384 22 32 234 35 18 1 24 9 25 1196 34 27
1385 22 24 202 29 32 1 19 29 31 677 34 27
1386 22 34 403 18 34 27 22 46 43 182 34 27
1387 22 35 181 14 38 50 19 4 27 743 34 27
1388 22 28 157 31 24 24 21 25 29 947 34 27
1389 22 32 188 25 35 3 18 20 30 985 34 27
1390 22 27 322 41 26 1 26 23 24 1282 34 27
1391 22 37 320 30 33 27 23 25 30 875 34 27
1392 22 43 343 12 40 1 10 3 26 706 34 27
1393 22 28 135 22 35 42 23 38 24 699 34 27
1394 22 29 123 25 34 51 18 40 21 651 34 27
1395 22 24 172 26 42 1 29 41 29 587 34 27
1396 22 34 201 35 26 48 20 18 31 474 34 27
1397 22 30 254 33 30 83 17 35 25 568 34 27
1398 22 33 184 26 28 49 25 20 27 515 34 27
1399 22 31 368 36 33 1 25 37 35 682 34 27
1400 22 34 685 14 28 25 21 24 28 530 34 27
1401 22 33 213 33 24 1 19 24 26 765 34 27
1402 22 33 198 20 33 33 18 41 31 674 34 27
1403 22 33 326 15 33 23 14 21 23 658 34 27
1404 22 33 177 32 29 22 20 19 22 972 34 27
1405 22 31 178 22 40 88 15 16 33 1321 34 27
1406 22 33 244 27 35 56 21 26 28 607 34 27
1407 22 26 295 32 30 69 24 38 28 629 34 27
1408 22 23 351 26 33 31 25 45 35 1084 34 27
1409 22 28 162 25 38 16 20 45 32 888 34 27
1410 22 23 249 32 28 12 18 27 21 285 34 28
1411 22 30 235 29 31 1 23 22 26 767 34 27
1412 22 33 185 20 31 1 15 20 26 1077 34 27
1413 22 22 208 38 14 22 25 37 30 747 34 27
1414 22 32 184 24 33 33 15 17 35 1684 34 27
1415 22 33 143 25 28 1 25 29 25 938 34 27
1416 22 39 180 34 35 1 20 38 34 926 34 27
1417 22 25 169 37 17 1 22 38 28 823 34 27
1418 22 26 344 25 24 7 20 40 19 1351 34 27
1419 22 40 285 29 35 1 10 20 23 965 34 27
1420 22 30 324 24 16 45 22 21 29 522 34 27
1421 22 38 271 23 37 57 16 22 25 347 34 27
1422 22 32 135 16 37 17 28 19 33 592 34 27
1423 22 28 170 40 31 9 22 35 26 1698 34 27
1424 22 32 287 36 25 1 15 7 26 556 34 27
1425 22 34 169 33 36 25 20 33 28 810 34 27
1426 22 30 273 43 18 25 17 37 28 673 34 27
1427 22 33 469 14 24 1 26 17 29 1155 34 27
1428 22 40 306 23 30 51 24 23 39 922 34 27
1429 22 26 963 33 29 10 18 44 23 748 34 27
1430 22 26 488 26 35 54 18 39 26 1302 34 27
1431 22 35 328 27 29 57 14 27 25 792 34 27
1432 22 26 298 26 30 28 21 31 33 652 34 27
1433 22 30 577 35 19 1 19 19 30 802 34 27
1434 22 35 379 31 31 15 22 33 27 559 34 27
1435 22 29 139 36 31 57 18 37 23 962 34 27
1436 22 28 213 35 10 1 21 29 20 1048 34 27
1437 22 29 184 54 16 23 19 31 24 1205 34 27
1438 22 35 230 31 29 81 21 32 27 984 34 27
1439 22 42 822 26 33 29 28 19 26 1184 34 28
1440 22 29 555 36 32 1 15 19 21 717 34 27
1441 22 30 166 37 29 1 19 25 18 571 34 27
1442 22 35 209 37 22 28 17 17 27 715 34 27
1443 22 35 189 6 23 17 23 5 24 1106 34 27
1444 22 28 219 30 20 25 24 33 23 454 34 27
1445 22 39 183 36 25 16 22 11 17 883 34 27
1446 22 32 198 30 35 54 26 37 29 1880 34 27
1447 22 25 168 17 23 1 24 30 30 609 34 27
1448 22 35 381 26 33 37 20 30 28 483 34 27
1449 22 26 151 21 16 1 15 5 28 867 34 27
1450 22 34 302 25 47 1 17 9 34 584 34 27
1451 22 31 282 38 36 1 25 25 22 769 34 27
1452 22 34 263 28 28 1 25 28 22 949 34 27
1453 22 34 338 34 33 58 22 22 27 846 34 27
1454 22 32 130 8 41 45 20 11 28 864 34 27
1455 22 34 281 43 21 5 17 41 26 567 34 27
1456 22 31 158 14 37 1 21 26 26 876 34 27
1457 22 25 199 13 29 21 22 21 30 726 34 27
1458 22 30 155 40 23 21 24 30 24 875 34 27
1459 22 24 185 17 27 23 17 20 30 1213 34 27
1460 22 20 207 33 24 1 20 40 27 232 34 27
1461 22 31 606 17 37 1 23 25 34 1981 34 27
1462 22 27 149 21 26 2 22 23 26 752 34 27
1463 22 39 215 23 33 59 14 22 21 892 34 27
1464 22 29 398 34 28 40 21 48 21 1181 34 27
1465 22 38 160 29 37 9 23 30 19 744 34 27
1466 22 34 322 32 35 41 23 36 31 777 34 27
1467 22 25 153 24 22 23 21 29 18 1066 34 27
1468 22 32 194 35 25 25 23 24 20 235 34 27
1469 22 35 159 20 36 22 21 13 32 686 34 27
1470 22 31 298 33 20 1 17 8 22 778 34 27
1471 22 31 333 46 19 1 28 42 24 817 34 27
1472 22 29 229 31 27 42 23 23 25 997 34 27
1473 22 29 373 23 28 13 19 9 23 515 34 27
1474 22 30 143 24 26 56 26 25 30 1082 34 27
1475 22 39 244 33 27 50 18 36 20 915 34 28
1476 22 29 411 30 26 13 22 32 30 1227 34 27
1477 22 28 355 29 13 28 23 36 24 475 34 27
1478 22 37 610 22 23 62 18 15 26 2006 34 27
1479 22 27 194 39 26 34 27 44 26 1324 34 27
1480 22 29 126 31 28 1 18 29 30 972 34 27
1481 22 28 260 32 26 1 21 12 26 741 34 27
1482 22 28 155 38 23 1 21 31 23 881 34 27
1483 22 31 125 36 24 1 19 11 24 1112 34 27
1484 22 31 394 29 32 75 25 28 24 681 34 27
1485 22 27 194 40 35 56 25 44 27 170 34 27
1486 22 36 179 19 32 46 17 12 31 1400 34 27
1487 22 28 333 22 34 52 26 31 28 1039 34 27
1488 22 23 491 44 21 23 24 36 24 1030 34 27
1489 22 39 486 30 38 88 26 11 28 1371 34 27
1490 22 26 128 33 29 49 18 45 31 798 34 27
1491 22 28 150 20 17 1 26 14 24 612 34 27
1492 22 31 194 16 44 14 19 27 27 230 34 27
1493 22 25 598 39 20 26 24 28 34 397 34 27
1494 22 26 204 27 27 40 23 17 31 1047 34 28
1495 22 38 166 24 32 30 16 38 35 771 34 27
1496 22 34 355 33 23 57 24 30 29 671 34 27
1497 22 34 321 38 33 1 23 48 24 1185 34 27
1498 22 29 182 36 19 1 20 13 14 638 34 27
1499 22 32 285 25 29 60 14 30 22 845 34 27
1500 22 27 206 28 28 42 23 30 30 623 34 27
1501 22 27 187 27 26 1 17 8 29 691 34 27
1502 22 33 179 35 24 14 19 41 26 707 34 27
1503 22 28 169 38 21 32 24 14 31 439 34 27
1504 22 38 222 33 32 24 23 14 26 1102 34 27
1505 22 31 794 34 23 27 23 29 30 1099 34 27
1506 22 44 314 187 42 127 17 43 24 1193 34 27
1507 22 45 220 23 32 22 28 19 21 1012 34 27
1508 22 37 221 21 33 13 15 24 33 939 34 27
1509 22 32 162 15 35 99 19 22 27 712 34 27
1510 22 35 188 17 39 21 29 12 34 802 34 27
1511 22 36 233 26 24 34 23 1 26 693 34 27
1512 22 33 215 30 30 24 22 30 33 941 34 27
1513 22 37 212 18 41 53 17 27 31 629 34 27
1514 22 29 208 20 29 12 21 18 22 960 34 27
1515 22 31 148 23 26 27 13 15 25 505 34 27
1516 22 25 263 37 20 31 23 36 25 299 34 27
1517 22 31 140 23 36 69 15 11 30 1891 34 27
1518 22 33 309 36 14 6 30 26 29 666 34 27
1519 22 33 192 13 32 1 18 6 32 823 34 27
1520 22 31 177 19 29 27 15 36 29 1034 34 27
1521 22 40 163 21 34 46 22 7 30 662 34 27
1522 22 36 306 33 21 34 18 21 25 1792 34 27
1523 22 26 210 26 29 33 27 26 17 845 34 27
1524 22 29 130 7 38 5 21 21 28 714 34 27
1525 22 31 200 25 25 1 24 2 27 1853 34 27
1526 22 18 329 32 18 1 23 45 31 1137 34 27
1527 22 31 123 42 14 56 21 34 17 2006 34 27
1528 22 38 196 32 35 66 19 33 33 799 34 27
1529 22 25 392 13 32 77 23 30 26 1422 34 27
1530 22 23 261 47 16 37 30 56 37 604 34 27
1531 22 26 511 28 31 1 22 28 27 738 34 27
1532 22 30 166 9 39 76 24 34 35 1119 34 27
1533 22 33 207 16 31 76 27 33 25 829 34 27
1534 22 26 131 16 27 27 23 26 33 730 34 27
1535 22 36 227 28 28 11 17 15 27 1458 34 27
1536 22 34 157 18 34 53 20 20 34 658 34 27
1537 22 30 236 13 23 1 22 1 32 650 34 27
1538 22 30 190 29 38 1 16 20 26 922 34 27
1539 22 31 209 20 24 1 21 6 20 674 34 27
1540 22 40 306 32 28 1 18 12 24 657 34 27
1541 22 27 195 33 25 83 15 34 21 1064 34 27
1542 22 32 482 16 38 1 18 15 33 881 34 27
1543 22 32 290 18 30 23 23 24 31 2006 34 27
1544 22 33 160 34 28 40 16 21 22 1242 34 27
1545 22 29 280 6 28 1 21 11 19 1751 34 27
1546 22 39 175 13 33 20 17 9 27 740 34 27
1547 22 28 546 35 26 69 24 44 26 739 34 27
1548 22 24 190 22 34 41 23 31 24 835 34 27
1549 22 34 256 24 37 60 24 39 29 535 34 27
1550 22 38 300 30 25 24 22 11 33 1081 34 27
1551 22 35 267 31 18 49 22 21 25 513 34 27
1552 22 32 332 18 27 1 19 30 29 426 34 27
1553 22 32 333 25 36 24 23 32 24 855 34 27
1554 22 25 153 26 28 1 16 14 23 507 33 27
1555 22 38 256 31 28 3 16 1 26 1033 34 27
1556 22 24 152 21 18 54 21 38 31 976 34 27
1557 22 28 355 25 37 3 18 36 27 416 34 27
1558 22 29 262 20 41 4 21 16 25 721 34 27
1559 22 32 316 4 31 19 25 12 28 678 34 27
1560 22 38 182 32 25 31 25 12 24 730 34 27
1561 22 27 162 30 22 1 20 9 35 1096 34 27
1562 22 35 220 22 42 78 24 17 29 884 34 27
1563 22 28 1107 39 17 1 31 31 25 733 34 27
1564 22 27 230 17 39 1 14 24 30 664 34 27
1565 22 30 284 31 26 49 21 30 26 728 34 27
1566 22 34 315 10 21 14 18 6 24 561 34 27
1567 22 34 198 29 37 4 20 24 35 962 34 27
1568 22 32 176 32 25 1 13 9 27 777 34 27
1569 22 30 139 36 27 1 24 36 27 830 34 27
1570 22 31 182 38 18 38 22 25 17 1858 34 27
1571 22 26 174 19 28 1 20 29 27 676 34 27
1572 22 29 155 28 30 9 17 27 33 779 34 27
1573 22 25 229 38 28 1 20 30 16 331 34 27
1574 22 26 198 18 31 39 24 43 28 662 34 27
1575 22 32 122 16 32 20 17 26 31 491 34 27
1576 22 30 195 42 21 52 16 26 22 709 34 27
1577 22 34 254 36 28 1 14 44 25 594 34 27
1578 22 27 241 28 24 2 24 21 33 432 34 27
1579 22 35 211 43 28 52 20 33 19 881 34 27
1580 22 34 145 10 30 13 14 17 30 577 34 27
1581 22 42 157 18 32 46 22 12 30 651 34 27
1582 22 38 469 36 32 26 23 34 31 612 34 27
1583 22 41 828 14 42 125 25 25 32 1182 34 27
1584 22 24 166 14 33 21 22 51 33 1303 34 27
1585 22 26 152 16 33 29 17 35 35 466 34 27
1586 22 33 191 48 22 1 12 22 22 398 34 27
1587 22 33 145 39 16 32 23 37 21 637 34 27
1588 22 32 203 37 27 42 18 21 40 644 34 27
1589 22 35 457 12 36 1 23 26 28 718 34 27
1590 22 32 176 25 32 1 14 12 24 1061 34 28
1591 22 36 244 19 30 11 23 16 22 1267 34 27
1592 22 47 219 20 38 32 16 16 22 729 34 27
1593 22 30 238 23 27 1 19 32 18 1674 34 27
1594 22 27 513 30 30 1 16 21 23 573 34 27
1595 22 35 159 42 14 44 22 34 22 919 34 27
1596 22 27 208 30 31 1 13 17 33 369 34 27
1597 22 24 167 22 24 1 20 13 20 790 34 27
1598 22 36 351 36 30 14 23 27 29 808 34 27
1599 22 29 195 23 28 1 24 32 27 256 34 27
1600 22 34 275 36 26 11 29 10 21 822 34 27
1601 22 17 174 37 10 1 23 50 28 503 33 27
1602 22 28 184 41 21 1 18 31 21 511 34 27
1603 22 42 205 32 33 31 24 10 31 941 34 27
1604 22 28 152 32 29 28 16 45 39 1696 34 27
1605 22 43 765 32 39 41 19 27 30 2007 34 27
1606 22 37 201 23 31 59 20 18 26 660 34 27
1607 22 39 129 22 28 66 24 22 30 1052 34 27
1608 22 30 224 18 21 1 22 16 25 709 34 27
1609 22 32 696 32 23 19 25 17 25 902 34 27
1610 22 35 140 15 39 64 21 22 31 620 34 27
1611 22 24 434 22 39 35 25 45 21 610 34 27
1612 22 28 153 19 36 1 20 24 30 845 34 28
1613 22 32 998 22 43 12 18 21 30 740 34 27
1614 22 28 221 27 24 4 18 15 13 840 34 27
1615 22 30 241 26 27 1 21 38 31 564 34 27
1616 22 31 129 21 28 26 22 34 22 620 34 27
1617 22 26 257 26 23 1 21 20 25 1277 34 27
1618 22 36 217 21 35 57 26 12 20 848 34 27
1619 22 30 132 15 37 34 17 17 33 859 34 27
1620 22 33 338 43 30 1 21 28 23 698 34 27
1621 22 29 368 24 30 31 23 13 19 1586 34 27
1622 22 31 451 31 23 38 15 14 13 910 34 27
1623 22 39 140 22 31 48 17 33 26 511 34 27
1624 22 24 214 20 26 1 17 25 25 862 34 28
1625 22 32 141 25 26 18 23 20 24 900 34 27
1626 22 29 151 11 33 1 25 7 31 599 34 27
1627 22 28 175 32 26 36 20 33 26 562 34 27
1628 22 30 159 33 21 5 132 5 29 746 34 27
1629 22 25 357 24 30 1 24 27 26 2007 34 27
1630 22 36 207 30 36 56 12 35 25 802 34 27
1631 22 29 140 39 23 25 13 18 28 584 34 27
1632 22 20 170 6 38 35 14 35 28 400 34 27
1633 22 33 175 47 17 28 20 43 27 823 34 27
1634 22 34 405 33 25 39 20 36 26 1047 34 27
1635 22 29 328 34 20 1 21 28 19 550 34 27
1636 22 27 245 32 21 55 28 26 16 1098 34 27
1637 22 29 230 19 41 73 20 22 34 917 34 27
1638 22 38 140 24 22 7 22 16 31 1004 34 27
1639 22 31 220 31 30 26 34 42 28 1003 34 27
1640 22 30 216 21 40 20 16 19 36 770 34 27
1641 22 34 206 38 33 15 21 15 26 698 34 27
1642 22 43 381 21 30 1 22 9 27 704 34 27
1643 22 28 212 19 34 60 21 36 18 1448 34 27
1644 22 34 394 38 21 53 22 31 30 852 34 27
1645 22 31 171 33 15 19 28 43 26 739 34 27
1646 22 25 263 11 39 45 30 41 28 814 34 27
1647 22 28 149 22 24 1 18 19 27 750 34 27
1648 22 26 221 21 29 49 18 44 31 1901 34 27
1649 22 29 272 27 21 1 21 18 32 1116 34 27
1650 22 30 168 36 24 41 25 27 30 723 34 27
1651 22 28 211 36 31 69 20 28 30 756 34 27
1652 22 35 228 26 37 30 25 26 25 889 34 27
1653 22 38 215 28 17 1 25 13 66 1042 34 27
1654 22 33 167 25 20 1 12 7 26 966 34 27
1655 22 29 213 35 33 67 26 35 29 906 34 27
1656 22 27 314 35 18 1 19 29 24 654 34 27
1657 22 28 152 5 29 1 23 27 24 1020 34 27
1658 22 32 182 32 25 64 18 36 27 1421 34 27
1659 22 34 395 32 31 14 26 23 32 907 34 28
1660 22 23 171 46 15 8 18 42 30 631 34 27
1661 22 29 282 22 26 1 26 19 24 601 34 27
1662 22 30 232 22 35 1 13 19 26 696 34 27
1663 22 28 274 35 24 2 16 15 31 1843 34 27
1664 22 33 160 19 41 32 24 42 26 1227 34 27
1665 22 26 848 29 29 54 26 44 30 868 34 27
1666 22 29 173 25 16 1 21 23 20 678 34 27
1667 22 35 206 40 24 1 21 31 17 799 34 27
1668 22 36 202 20 28 1 21 1 32 1079 34 27
1669 22 33 323 15 35 62 23 26 35 1033 34 27
1670 22 161 551 226 21 184 26 45 25 1156 34 27
1671 22 37 312 15 35 44 24 6 22 798 34 27
1672 22 28 297 38 31 3 28 36 26 939 34 27
1673 22 34 420 25 36 34 25 28 29 1291 34 27
1674 22 27 197 17 26 11 23 38 22 672 34 27
1675 22 24 165 9 40 29 17 20 27 755 34 27
1676 22 23 162 21 23 1 20 23 31 1106 34 27
1677 22 25 142 30 18 1 29 33 25 480 34 27
1678 22 29 193 24 34 8 25 30 28 447 34 27
1679 22 34 357 33 33 84 26 31 24 557 34 27
1680 22 28 213 17 34 57 29 28 32 637 34 27
1681 22 34 358 29 32 1 28 5 28 645 34 27
1682 22 27 188 9 41 32 23 35 20 463 34 27
1683 22 33 177 28 34 45 19 32 30 581 34 27
1684 22 28 122 25 26 54 27 35 23 833 34 27
1685 22 35 167 21 37 24 27 22 26 238 34 27
1686 22 28 319 38 19 1 22 19 34 1330 34 27
1687 22 19 278 33 21 51 24 41 18 1300 34 27
1688 22 27 147 36 23 4 24 28 28 635 34 28
1689 22 27 296 27 36 22 26 37 35 661 34 27
1690 22 32 361 28 35 14 16 29 27 1080 34 27
1691 22 23 267 41 27 38 25 43 27 439 34 27
1692 22 31 194 38 25 1 22 23 19 524 34 27
1693 22 41 912 29 23 41 25 7 21 254 34 27
1694 22 33 129 32 23 1 18 5 21 1073 34 27
1695 22 33 355 37 26 48 20 5 26 709 34 27
1696 22 28 220 3 24 1 25 24 29 721 34 27
1697 22 38 467 24 24 63 22 19 30 703 34 27
1698 22 27 416 7 34 56 18 19 30 481 34 27
1699 22 48 583 44 38 11 17 37 28 967 34 27
1700 22 36 221 36 20 56 19 18 22 697 34 27
1701 22 24 276 22 22 3 20 29 22 536 34 27
1702 22 41 183 29 25 1 20 19 24 912 34 27
1703 22 34 203 16 38 73 21 18 37 226 34 27
1704 22 33 1124 15 37 47 21 33 30 1112 34 28
1705 22 34 165 27 31 29 18 23 28 894 34 27
1706 22 31 413 16 27 1 19 26 30 766 34 27
1707 22 27 189 18 32 70 27 40 21 720 34 27
1708 22 27 255 8 36 37 20 45 23 570 34 27
1709 22 33 401 35 25 1 24 31 27 875 34 27
1710 22 39 361 24 34 43 15 17 38 964 34 27
1711 22 30 246 33 24 6 20 12 21 701 34 27
1712 22 23 96 23 15 1 21 38 19 619 34 27
1713 22 20 702 25 21 9 24 53 23 814 34 27
1714 22 30 167 37 34 40 24 36 20 1315 34 27
1715 22 38 150 40 29 209 27 25 28 1441 34 28
1716 22 36 137 25 51 1 26 29 20 917 34 27
1717 22 32 129 20 26 8 19 12 32 247 34 28
1718 22 29 315 24 30 55 30 41 30 1656 34 27
1719 22 32 234 33 36 15 23 33 22 1409 34 27
1720 22 28 143 31 30 1 11 13 34 1327 34 27
1721 22 32 169 21 31 21 22 23 24 580 34 27
1722 22 37 272 31 29 15 26 36 31 840 34 27
1723 22 30 356 33 30 28 16 27 29 1157 34 28
1724 22 27 347 21 38 60 14 40 23 657 34 27
1725 22 38 179 29 33 12 32 13 30 1188 34 27
1726 22 32 294 26 30 36 27 25 28 619 34 27
1727 22 28 750 34 23 84 29 43 19 1210 34 27
1728 22 35 196 26 25 8 26 28 24 658 34 27
1729 22 28 226 17 39 62 26 29 26 741 34 27
1730 22 32 269 3 40 17 16 33 28 470 34 27
1731 22 31 132 30 19 6 18 6 25 660 34 27
1732 22 37 155 23 33 1 20 14 31 2005 34 27
1733 22 25 150 21 34 50 21 39 39 636 34 27
1734 22 28 211 26 35 71 26 42 32 704 34 27
1735 22 29 462 37 22 1 17 33 25 960 34 27
1736 22 33 179 14 32 44 19 34 26 692 34 27
1737 22 32 209 35 26 3 19 2 29 620 34 27
1738 22 32 328 26 44 5 18 38 26 765 34 27
1739 22 34 239 34 25 2 23 29 24 830 34 27
1740 22 33 167 15 37 27 18 20 23 1060 34 27
1741 22 35 291 30 39 33 25 33 28 234 34 27
1742 22 32 427 28 29 8 19 28 29 512 34 27
1743 22 35 122 35 33 1 22 42 30 621 34 27
1744 22 27 164 13 32 63 21 25 26 600 34 27
1745 22 34 160 25 36 19 26 26 27 1315 34 27
1746 22 34 177 16 41 75 21 22 38 441 34 27
1747 22 26 151 42 31 6 14 46 22 990 34 27
1748 22 33 225 30 14 19 14 14 23 951 34 27
1749 22 24 379 46 20 1 26 39 32 673 34 27
1750 22 38 187 36 30 37 23 28 25 1230 34 27
1751 22 36 226 20 41 1 24 29 38 705 34 27
1752 22 23 163 17 28 1 19 28 24 570 34 27
1753 22 31 195 27 16 1 22 19 32 995 34 27
1754 22 35 163 37 28 43 17 37 26 770 34 27
1755 22 29 201 36 30 51 23 30 26 1300 34 27
1756 22 29 863 40 21 45 25 34 24 627 34 27
1757 22 24 190 28 26 56 29 30 23 2006 34 27
1758 22 21 236 42 24 1 22 39 22 190 34 27
1759 22 25 131 39 15 44 14 28 21 1869 34 27
1760 22 32 242 39 21 10 21 13 33 1283 34 27
1761 22 33 381 23 33 49 17 31 24 481 34 27
1762 22 27 169 20 28 1 26 25 28 1239 34 27
1763 22 31 153 28 36 1 25 30 30 864 34 27
1764 22 30 203 26 32 1 29 19 32 805 34 27
1765 22 31 266 38 31 42 17 26 26 728 34 27
1766 22 38 550 23 32 66 21 26 29 1052 34 27
1767 22 29 146 27 24 30 22 39 19 771 34 27
1768 22 30 137 4 36 39 26 23 35 494 34 27
1769 22 33 245 13 36 1 17 30 27 592 34 27
1770 22 29 220 26 24 1 15 12 23 583 34 27
1771 22 36 262 35 30 36 24 22 28 2007 34 28
1772 22 24 312 37 22 60 20 22 26 741 34 27
1773 22 36 274 25 22 68 22 23 31 847 34 27
1774 22 30 482 27 16 36 22 26 18 451 34 27
1775 22 26 201 15 43 46 21 35 36 629 34 27
1776 22 21 286 21 38 3 26 50 35 374 34 27
1777 22 25 290 22 37 27 20 31 35 561 34 27
1778 22 29 173 17 24 1 21 27 21 775 34 27
1779 22 31 223 15 39 1 24 27 31 787 34 27
1780 22 45 599 18 33 40 23 14 20 1208 34 27
1781 22 33 269 45 29 59 24 19 28 540 34 27
1782 22 37 938 36 21 44 17 32 30 999 34 27
1783 22 35 244 42 21 47 24 16 25 1183 34 27
1784 22 32 190 13 31 9 24 14 35 2006 34 27
1785 22 37 197 20 39 18 19 13 28 880 34 27
1786 22 35 227 38 22 1 20 43 25 536 34 27
1787 22 37 259 30 30 10 26 20 32 674 34 27
1788 22 36 254 25 34 56 14 1 33 1092 34 27
1789 22 36 174 37 23 32 21 13 25 774 34 27
1790 22 26 132 27 25 1 18 35 28 967 34 27
1791 22 35 169 31 23 24 24 12 29 979 34 27
1792 22 36 463 35 23 10 22 15 18 2006 34 27
1793 22 24 482 39 29 1 19 44 26 1330 34 27
1794 22 34 208 24 35 42 17 6 25 922 34 27
1795 22 27 168 27 25 6 19 35 24 530 34 27
1796 22 47 379 16 31 48 15 19 27 697 34 27
1797 22 29 158 26 34 91 18 44 32 673 34 28
1798 22 33 335 39 25 74 30 31 33 1051 34 27
1799 22 26 193 31 19 1 25 37 27 430 34 27
1800 22 34 136 21 32 25 19 12 25 763 34 27
1801 22 40 349 24 25 52 21 14 23 593 34 27
1802 22 31 293 4 44 1 23 7 30 622 34 27
1803 22 25 368 1 38 1 27 22 36 683 34 27
1804 22 30 471 16 40 88 21 17 34 1457 34 27
1805 22 36 143 14 28 24 12 14 29 818 34 27
1806 22 26 204 21 31 1 23 38 37 596 34 27
1807 22 28 129 17 25 3 19 23 25 904 34 27
1808 22 31 301 38 16 14 21 11 31 632 33 27
1809 22 30 262 30 31 63 24 31 34 888 34 27
1810 22 33 231 24 29 76 20 32 22 1670 34 27
1811 22 30 231 28 26 22 10 17 30 619 34 27
1812 22 34 176 28 28 1 27 26 22 822 34 27
1813 22 32 213 25 22 36 21 22 32 709 34 27
1814 22 37 303 28 31 17 21 16 22 1162 34 27
1815 22 44 415 23 28 34 22 24 22 875 34 28
1816 22 31 181 25 31 53 22 26 22 1014 34 27
1817 22 36 140 17 44 32 21 21 35 789 34 27
1818 22 31 211 18 27 45 21 15 36 905 34 27
1819 22 29 242 20 31 1 24 17 24 2007 34 27
1820 22 42 299 9 53 1 27 24 31 610 34 27
1821 22 28 203 19 39 2 24 24 20 583 34 27
1822 22 27 362 41 20 46 27 49 28 1018 34 27
1823 22 37 190 27 33 1 24 7 28 549 34 27
1824 22 30 261 1 28 31 22 33 22 1125 34 27
1825 22 33 293 21 31 44 24 13 28 684 34 27
1826 22 34 158 7 33 23 18 41 26 1250 34 27
1827 22 38 624 38 33 35 25 28 21 987 34 27
1828 22 31 302 33 32 36 18 20 22 914 34 27
1829 22 29 226 21 25 1 16 10 24 459 34 27
1830 22 37 261 26 31 15 20 9 31 1169 34 27
1831 22 35 176 14 34 1 21 9 25 709 34 27
1832 22 40 196 24 34 1 17 36 20 865 34 27
1833 22 32 202 14 27 45 17 26 40 866 34 27
1834 22 39 164 37 29 24 21 27 24 728 34 27
1835 22 25 284 36 26 1 19 48 27 546 34 28
1836 22 35 238 29 29 1 19 25 31 1591 34 27
1837 22 31 161 33 21 62 24 24 28 1044 34 27
1838 22 27 207 29 39 59 19 34 34 796 34 27
1839 22 21 275 35 37 1 25 46 34 1275 34 27
1840 22 34 371 38 19 34 20 23 30 975 34 27
1841 22 27 380 17 26 1 23 30 23 711 34 27
1842 22 34 147 39 27 24 20 28 28 824 34 27
1843 22 22 181 28 29 13 21 53 33 324 34 27
1844 22 28 154 33 19 29 19 27 20 955 34 27
1845 22 36 264 37 24 13 19 14 32 583 34 27
1846 22 20 309 40 22 1 13 46 28 779 34 27
1847 22 35 187 32 25 18 24 11 21 571 34 27
1848 22 29 145 23 42 30 24 41 28 1122 34 27
1849 22 33 197 40 31 44 20 23 29 893 34 27
1850 22 32 267 34 28 34 26 29 29 1927 34 27
1851 22 36 188 38 25 1 17 24 20 584 34 27
1852 22 38 250 29 25 1 20 22 26 1214 34 27
1853 22 34 230 31 28 23 24 17 23 753 34 27
1854 22 28 151 26 34 2 27 28 21 281 34 27
1855 22 37 228 22 35 38 19 19 34 1066 34 27
1856 22 29 453 11 40 25 19 25 25 890 34 28
1857 22 32 166 35 22 35 24 22 26 325 34 27
1858 22 29 189 16 32 42 21 35 30 817 34 27
1859 22 34 202 38 24 79 28 35 22 1068 34 27
1860 22 28 382 13 39 14 20 25 35 543 34 27
1861 22 33 291 9 37 1 25 28 32 961 34 27
1862 22 37 212 37 26 1 24 20 22 674 34 27
1863 22 38 309 15 41 78 22 29 25 1180 34 27
1864 22 33 150 23 27 89 22 29 22 676 34 27
1865 22 31 196 12 34 67 17 23 36 562 34 27
1866 22 35 154 14 19 13 22 13 29 704 34 27
1867 22 40 277 14 43 30 24 16 29 1024 34 27
1868 22 31 302 34 28 36 26 22 27 630 34 27
1869 22 31 168 15 36 1 17 8 31 821 34 27
1870 22 34 207 21 36 88 18 40 37 966 34 27
1871 22 27 454 19 29 48 23 42 27 1293 34 27
1872 22 27 216 23 21 33 17 23 21 986 34 27
1873 22 31 141 12 31 61 19 31 32 1264 34 27
1874 22 26 223 36 25 1 15 23 29 245 34 27
1875 22 23 1334 28 35 1 25 40 32 755 34 27
1876 22 34 131 27 26 13 17 20 26 846 34 27
1877 22 34 191 16 28 59 13 8 19 723 34 27
1878 22 26 330 28 27 48 19 50 19 715 34 27
1879 22 23 213 25 32 11 16 38 27 852 34 27
1880 22 24 361 20 29 1 21 26 27 658 34 27
1881 22 61 655 38 20 50 14 28 27 1001 34 27
1882 22 33 239 23 23 11 18 23 22 794 34 27
1883 22 36 183 11 36 1 17 14 27 742 34 27
1884 22 35 169 33 35 37 24 28 29 1257 34 27
1885 22 26 221 1 40 48 17 23 24 445 34 27
1886 22 29 222 32 28 36 18 43 20 1504 34 27
1887 22 30 171 15 18 13 25 22 24 1048 34 27
1888 22 33 147 30 28 22 17 19 26 1467 34 27
1889 22 35 224 27 33 57 20 24 30 597 34 27
1890 22 27 141 28 24 64 27 52 25 434 34 27
1891 22 27 172 20 25 11 29 31 28 1301 34 27
1892 22 38 280 23 32 89 18 21 28 613 34 27
1893 22 26 159 37 13 4 23 33 17 2007 34 27
1894 22 25 171 23 34 1 15 25 29 977 34 27
1895 22 29 459 18 35 11 24 22 34 802 34 27
1896 22 35 142 3 42 38 22 18 27 593 34 28
1897 22 29 191 33 28 1 23 33 22 1068 34 28
1898 22 28 207 31 29 1 18 29 24 304 33 27
1899 22 34 236 22 24 24 21 21 33 1404 34 27
1900 22 27 196 24 36 62 22 40 30 839 34 28
1901 22 27 229 45 22 22 22 43 27 1240 34 27
1902 22 28 157 29 28 1 25 21 27 544 34 27
1903 22 33 332 17 41 27 20 18 23 1098 34 27
1904 22 36 166 30 31 1 23 14 25 1132 34 27
1905 22 24 130 33 30 71 20 44 33 553 34 27
1906 22 39 386 35 30 38 18 13 31 837 34 27
1907 22 27 161 41 21 11 17 31 29 757 34 27
1908 22 25 157 32 31 38 19 36 21 547 34 27
1909 22 20 217 30 19 1 27 26 25 1010 34 27
1910 22 31 309 33 43 1 17 38 35 690 34 27
1911 22 32 149 3 28 20 22 32 27 96 34 27
1912 22 31 174 23 31 45 18 26 44 1109 34 27
1913 22 32 208 37 22 61 27 32 33 1484 34 27
1914 22 29 294 8 37 1 21 21 28 760 34 27
1915 22 32 134 31 33 7 21 20 29 940 34 27
1916 22 30 171 31 24 1 26 40 18 629 34 27
1917 22 27 198 18 25 15 27 34 27 170 34 27
1918 22 30 224 27 40 100 19 44 31 892 34 27
1919 22 27 131 43 29 83 21 30 23 697 34 27
1920 22 34 320 23 33 1 26 21 32 949 34 27
1921 22 27 230 32 25 5 21 32 32 617 34 27
1922 22 34 197 29 20 1 20 27 33 939 34 27
1923 22 38 213 31 33 37 28 16 23 1106 34 27
1924 22 31 495 33 27 46 14 34 24 920 34 27
1925 22 25 239 13 32 32 19 42 29 45 33 27
1926 22 34 262 37 26 46 15 47 29 1080 34 27
1927 22 34 351 10 35 14 15 19 27 890 34 27
1928 22 30 144 41 36 38 24 39 32 751 34 27
1929 22 32 244 36 23 29 18 28 18 1225 34 27
1930 22 34 168 7 33 31 20 11 30 1191 34 27
1931 22 38 202 34 25 17 18 13 34 791 34 27
1932 22 35 176 34 27 8 19 11 22 1629 34 27
1933 22 30 180 32 20 32 26 38 21 1449 34 27
1934 22 29 214 25 31 57 29 34 37 833 34 27
1935 22 36 156 28 21 1 22 7 22 621 34 27
1936 22 32 323 22 37 34 19 24 25 672 34 27
1937 22 41 358 28 41 47 19 21 33 678 34 27
1938 22 32 290 35 20 1 24 22 17 1615 34 27
1939 22 32 188 29 22 20 21 28 24 861 34 27
1940 22 32 390 33 33 1 22 37 24 492 34 27
1941 22 34 143 13 30 10 21 28 30 887 34 27
1942 22 34 157 37 16 43 25 30 21 857 34 27
1943 22 31 319 29 23 1 18 14 24 1368 34 27
1944 22 41 316 28 26 34 26 22 27 602 34 27
1945 22 35 284 31 29 32 17 27 26 535 34 27
1946 22 37 139 5 33 22 24 9 21 590 34 27
1947 22 32 140 32 28 64 21 10 18 520 34 27
1948 22 27 233 20 21 35 18 32 18 846 34 27
1949 22 36 191 19 36 1 20 23 27 657 34 27
1950 22 30 178 16 27 1 23 28 26 954 34 27
1951 22 26 144 23 34 1 29 36 33 666 34 27
1952 22 40 127 4 28 16 22 1 34 654 34 28
1953 22 25 243 20 21 18 21 38 30 523 34 27
1954 22 28 144 29 13 1 16 21 26 941 34 27
1955 22 37 142 25 29 45 24 1 28 1245 34 27
1956 22 39 328 23 37 16 16 27 26 708 34 27
1957 22 30 234 35 29 122 29 36 24 1062 34 27
1958 22 22 228 34 17 1 16 24 27 180 34 27
1959 22 37 219 34 21 1 23 18 31 1054 34 27
1960 22 28 142 28 33 1 22 20 21 607 34 27
1961 22 29 325 42 23 9 27 43 27 726 34 27
1962 22 27 188 23 33 83 22 36 33 701 34 27
1963 22 26 182 33 29 64 25 43 30 477 34 27
1964 22 26 219 26 26 1 20 29 22 679 34 28
1965 22 28 220 8 33 13 26 23 34 441 34 27
1966 22 29 320 44 21 1 23 36 26 751 34 27
1967 22 32 268 35 24 27 18 24 13 447 34 27
1968 22 37 202 32 20 2 20 19 26 1024 34 27
1969 22 31 388 30 29 28 21 28 36 908 34 27
1970 22 39 228 24 46 25 22 24 36 771 34 27
1971 22 32 213 42 16 46 22 47 27 1451 34 27
1972 22 30 153 25 28 10 17 25 34 296 34 27
1973 22 24 304 27 21 1 18 31 29 1107 34 27
1974 22 25 354 26 36 77 20 32 21 667 34 27
1975 22 35 331 29 29 1 20 24 21 736 34 27
1976 22 31 164 28 40 1 27 8 30 638 34 27
1977 22 30 239 41 22 8 22 21 23 620 34 27
1978 22 37 328 12 39 1 26 12 26 685 34 27
1979 22 29 230 14 37 40 15 21 34 514 34 27
1980 22 33 357 17 35 1 14 7 32 663 34 27
1981 22 30 1313 32 24 1 21 13 20 1077 34 27
1982 22 28 335 30 27 69 21 30 19 640 34 27
1983 22 36 154 31 27 1 19 13 31 656 34 27
1984 22 30 234 21 35 16 15 48 19 1219 34 27
1985 22 34 217 25 31 1 14 12 29 892 34 27
1986 22 35 197 25 40 48 14 30 27 895 34 27
1987 22 30 451 27 34 41 20 34 27 891 34 27
1988 22 34 181 28 39 1 27 34 35 901 34 27
1989 22 28 205 1 39 95 25 27 31 729 34 27
1990 22 31 271 18 26 1 16 12 22 960 34 27
1991 22 25 110 21 23 1 22 15 29 1114 34 27
1992 22 26 222 37 26 1 24 38 23 686 34 27
1993 22 32 193 16 35 1 18 11 29 1329 34 27
1994 22 23 168 23 28 22 15 34 28 648 34 27
1995 22 36 156 18 33 35 19 36 31 517 34 28
1996 22 27 227 35 29 15 21 18 26 1069 34 27
1997 22 27 200 28 24 14 25 31 30 836 34 27
1998 22 41 148 21 31 25 25 4 20 589 34 27
1999 22 29 208 24 36 1 21 27 33 896 34 27
2000 22 32 189 39 28 11 19 24 16 929 34 28
