1 22 29 193 29 23 12 17 23 28 26 34 28
2 22 30 648 25 31 1 38 29 27 23 33 28
3 22 32 265 36 18 4 28 37 25 11 33 27
4 22 30 177 26 28 61 27 32 27 24 33 27
5 22 36 645 34 27 24 18 25 21 19 33 28
6 22 28 278 18 39 8 17 45 29 21 33 28
7 22 28 166 37 31 37 27 27 27 20 33 28
8 22 35 377 42 25 11 20 46 29 18 34 27
9 22 40 912 22 43 1 19 19 24 36 34 28
10 22 34 263 42 23 27 16 20 30 34 34 28
11 22 36 222 16 44 18 27 1 36 43 34 28
12 22 27 153 28 31 83 24 38 31 20 33 28
13 22 23 376 16 29 46 20 44 38 20 33 28
14 22 38 108 19 27 56 22 28 33 24 33 28
15 22 32 156 33 34 12 27 45 31 12 34 28
16 22 35 93 37 30 36 24 28 20 18 33 28
17 22 25 173 31 25 10 24 54 27 13 33 28
18 22 35 146 18 28 29 26 41 29 23 33 28
19 22 23 113 33 19 1 23 52 37 11 33 27
20 22 37 111 34 30 6 21 25 21 24 34 27
21 22 30 113 28 31 43 38 39 35 17 33 28
22 22 30 282 30 17 7 22 38 31 21 33 27
23 22 24 155 31 27 32 26 57 26 3 33 28
24 22 29 208 26 29 11 27 31 29 23 33 28
25 22 35 261 19 36 1 18 1 25 39 34 27
26 39 53 299 32 69 155 30 33 49 68 56 49
27 22 35 521 33 20 37 25 28 33 26 34 27
28 22 27 122 14 34 70 23 28 32 24 33 28
29 22 25 187 23 28 1 14 40 18 17 33 28
30 22 29 202 30 36 1 17 22 37 20 34 28
31 22 37 209 27 29 11 25 36 25 15 34 27
32 22 35 275 27 28 14 20 14 30 27 34 28
33 22 37 182 33 31 38 24 19 32 24 34 28
34 22 34 227 28 29 57 19 36 24 21 33 28
35 22 22 287 34 20 28 18 43 41 20 33 27
36 22 37 430 34 28 17 27 16 28 18 33 28
37 22 32 305 36 17 8 22 13 23 20 34 28
38 22 41 187 24 32 73 21 17 26 22 33 28
39 22 27 89 36 26 36 23 39 24 2 33 28
40 22 29 227 29 31 39 15 34 25 5 33 28
41 22 31 228 34 33 19 26 31 21 26 34 28
42 22 38 161 20 27 58 24 32 24 17 33 27
43 22 28 132 6 23 14 18 18 39 32 34 27
44 22 35 524 35 30 1 16 12 34 34 34 28
45 22 32 125 12 27 17 20 36 29 24 33 27
46 22 30 119 32 33 1 26 34 19 16 33 28
47 22 31 318 13 32 10 21 13 32 34 34 28
48 22 41 703 258 35 86 36 15 22 25 34 28
49 22 27 255 7 44 34 20 46 34 21 33 28
50 22 32 209 21 32 15 23 23 35 26 34 28
51 22 29 400 35 22 17 22 46 23 20 33 28
52 22 34 106 19 28 8 22 16 32 37 34 28
53 22 36 547 31 23 5 26 28 28 25 34 27
54 22 24 281 32 26 40 23 63 37 17 33 28
55 22 32 110 10 38 10 16 14 40 33 34 27
56 22 32 297 42 17 8 28 26 19 23 33 28
57 22 31 104 21 36 67 25 36 29 23 33 28
58 22 35 509 19 31 43 17 32 24 26 34 27
59 22 38 444 22 28 83 24 20 35 31 34 28
60 22 28 405 22 37 1 23 43 36 21 33 28
61 22 24 98 43 19 11 20 35 32 13 33 27
62 22 27 206 21 36 32 21 28 40 29 34 27
63 22 26 284 21 32 17 16 32 23 19 33 27
64 22 29 76 17 29 7 21 40 28 23 33 28
65 22 25 211 20 27 1 23 16 27 20 33 28
66 22 33 305 25 32 48 22 48 33 12 33 27
67 22 37 191 29 22 13 13 4 28 30 34 28
68 22 38 201 31 26 35 27 14 30 32 34 27
69 22 23 238 27 16 1 24 42 26 11 33 27
70 22 28 80 18 29 1 20 25 33 25 33 28
71 22 20 113 27 25 19 20 33 25 12 33 27
72 22 30 108 24 39 47 25 28 28 25 34 28
73 22 33 300 20 39 70 14 1 26 44 34 27
74 22 30 279 21 40 14 21 45 30 8 33 28
75 22 21 92 36 19 35 18 43 33 8 33 27
76 22 19 238 28 32 60 26 56 29 12 33 28
77 22 30 211 16 38 62 19 43 17 7 34 27
78 22 30 147 29 28 38 27 26 29 19 33 27
79 22 22 154 16 34 42 24 36 25 16 33 27
80 22 33 116 31 29 40 23 21 35 22 33 28
81 22 34 153 28 35 54 23 19 24 27 34 28
82 22 31 149 12 29 18 20 15 25 30 34 27
83 22 36 233 35 23 30 21 4 27 29 34 28
84 22 32 289 34 24 58 18 25 27 22 34 28
85 22 33 115 35 24 3 18 24 21 25 34 28
86 22 24 99 12 31 1 24 30 34 19 33 28
87 22 36 174 7 36 61 20 28 32 37 34 27
88 22 25 240 20 19 1 20 25 23 17 33 28
89 22 33 618 28 35 28 20 24 31 26 34 28
90 22 25 97 13 36 1 26 32 29 20 33 27
91 22 36 165 36 28 3 28 29 33 30 34 28
92 22 26 106 40 27 45 24 32 16 12 33 28
93 22 22 344 39 14 1 17 33 35 24 33 27
94 22 33 118 1 38 47 25 11 20 34 34 28
95 22 36 374 25 32 15 19 42 20 25 33 28
96 22 30 224 17 40 13 22 24 27 24 33 27
97 22 30 140 23 42 16 20 40 27 8 33 28
98 22 31 288 32 32 18 23 20 32 31 34 28
99 22 42 395 18 37 92 18 25 27 24 34 28
100 22 27 150 22 34 45 22 35 36 21 33 27
101 22 36 114 16 37 36 24 33 29 26 34 27
102 22 26 240 22 28 15 23 53 29 9 33 27
103 22 33 172 14 28 20 21 18 25 17 33 28
104 22 34 107 22 33 1 27 31 25 21 33 28
105 22 30 218 30 38 81 23 37 29 21 33 27
106 22 25 134 42 29 1 24 45 19 10 33 28
107 22 31 124 42 24 1 18 24 26 10 34 27
108 22 26 100 31 19 1 17 36 19 23 33 28
109 22 32 200 21 35 43 22 12 34 33 34 28
110 22 30 140 1 35 4 25 12 31 28 34 28
111 22 25 109 34 22 87 25 43 25 7 33 27
112 22 40 242 31 25 12 23 18 27 30 34 27
113 22 30 292 20 38 1 19 29 36 23 33 27
114 22 35 232 41 19 52 20 20 29 24 34 28
115 22 37 299 45 26 1 26 19 19 26 34 28
116 22 25 174 32 25 1 20 27 30 17 33 27
117 22 34 207 27 29 85 22 31 25 26 34 28
118 22 22 103 9 35 21 15 35 37 27 34 27
119 22 36 236 35 26 29 26 16 25 22 34 28
120 22 30 165 31 33 1 22 42 29 20 33 28
121 22 29 174 7 34 1 22 9 28 33 34 28
122 22 33 167 22 25 23 24 15 24 32 34 28
123 22 30 335 28 18 1 22 32 26 17 33 28
124 22 19 87 36 22 65 20 45 32 4 33 28
125 22 35 228 20 36 18 17 21 29 20 33 27
126 22 40 260 31 24 26 24 16 34 42 34 28
127 22 30 93 45 30 1 20 37 24 7 34 28
128 22 38 331 16 33 63 28 13 33 28 34 28
129 22 31 169 22 28 45 20 32 27 26 34 28
130 22 38 163 25 25 1 14 1 23 36 34 28
131 22 24 175 38 29 33 20 45 30 11 33 28
132 22 33 341 26 40 75 19 47 25 17 34 28
133 22 27 153 41 21 3 14 34 32 12 33 28
134 22 35 168 22 29 107 30 40 32 18 33 28
135 22 30 96 10 36 17 17 26 27 21 34 28
136 22 35 395 40 26 50 28 52 27 8 34 28
137 22 26 160 57 9 55 22 47 31 3 33 27
138 22 35 192 34 32 64 31 48 20 8 34 28
139 22 23 572 42 13 14 16 41 23 7 33 27
140 22 35 106 30 29 35 24 16 24 30 34 28
141 22 34 216 33 28 73 23 29 31 27 34 28
142 22 32 118 50 18 1 20 34 32 21 33 28
143 22 35 413 36 32 1 19 31 28 27 34 27
144 22 27 162 11 33 3 21 29 31 24 33 27
145 22 40 166 28 39 1 23 12 30 26 34 28
146 22 31 182 16 31 89 19 42 33 16 34 27
147 22 33 282 31 12 12 21 8 26 31 34 27
148 22 32 167 16 23 63 20 19 22 26 34 28
149 22 29 574 49 21 10 19 31 31 25 34 27
150 22 32 142 36 27 65 23 39 29 10 34 28
151 22 31 324 34 24 8 16 30 28 22 33 27
152 22 23 203 36 29 1 16 29 23 25 33 28
153 22 34 237 32 30 1 21 9 18 35 34 28
154 22 25 310 23 31 59 21 53 22 9 33 28
155 22 31 305 27 24 1 19 14 20 37 34 27
156 22 23 194 32 28 26 20 25 29 22 33 28
157 22 31 274 36 23 1 18 22 34 27 34 28
158 22 28 255 4 35 1 23 30 31 19 33 28
159 22 26 138 25 30 49 25 21 20 24 34 28
160 22 27 182 20 36 75 21 47 29 15 33 28
161 22 31 570 34 27 18 24 22 29 33 34 27
162 22 37 216 36 35 53 21 38 24 13 34 28
163 22 23 73 30 28 1 24 28 26 16 33 28
164 22 29 227 13 31 35 26 41 35 23 33 27
165 22 31 149 19 25 54 19 31 38 33 34 28
166 22 27 200 26 22 7 26 52 31 12 33 28
167 22 41 204 31 32 54 15 23 28 30 34 28
168 22 31 227 33 31 35 23 34 31 27 34 28
169 22 27 340 18 27 36 26 24 28 24 33 27
170 22 38 619 13 26 59 24 1 21 37 34 27
171 22 30 96 31 30 1 19 27 30 9 34 28
172 22 25 139 21 23 1 18 53 37 9 33 28
173 22 33 189 21 28 4 19 48 26 10 34 27
174 22 35 138 24 35 83 20 47 29 7 34 28
175 22 40 360 31 28 26 20 25 20 24 34 27
176 22 33 154 10 30 1 27 34 32 21 33 28
177 22 36 559 27 28 83 27 40 26 17 34 28
178 22 28 202 24 26 10 20 21 33 29 34 27
179 22 36 95 29 31 20 24 23 26 32 34 28
180 22 39 206 32 41 1 22 35 27 11 33 27
181 22 30 97 30 22 1 25 23 25 27 34 28
182 22 33 134 26 19 1 25 44 23 18 33 27
183 22 33 112 18 36 50 22 36 24 14 33 27
184 22 31 77 28 34 15 21 46 25 12 33 28
185 22 32 128 32 30 1 20 23 29 26 34 27
186 22 31 234 23 29 49 24 39 22 15 34 27
187 22 33 109 42 29 17 25 31 31 25 34 28
188 22 30 162 21 22 28 19 35 22 24 33 27
189 22 25 84 2 40 24 21 46 33 14 33 28
190 22 33 193 33 37 12 25 24 29 23 34 28
191 22 34 132 40 21 46 20 25 38 26 34 28
192 22 33 200 19 31 1 17 5 29 37 34 28
193 22 26 99 28 30 103 21 47 27 12 33 28
194 22 34 111 25 31 22 15 24 17 25 33 27
195 22 29 200 20 28 2 15 33 39 15 33 27
196 22 35 274 33 32 5 13 29 20 11 34 28
197 22 19 95 35 32 14 26 58 29 6 33 28
198 22 36 279 40 33 2 19 29 21 28 34 27
199 22 33 368 26 31 71 23 49 30 1 34 27
200 22 33 235 8 30 23 19 16 27 31 34 27
201 22 29 586 39 18 1 29 31 27 17 33 28
202 22 32 220 28 33 75 29 45 28 15 33 27
203 22 19 107 21 32 1 18 41 37 18 33 27
204 22 29 126 41 31 51 24 48 38 19 33 27
205 22 35 191 33 35 16 20 15 24 25 34 27
206 22 27 280 16 30 3 24 39 35 14 33 28
207 22 34 293 40 22 61 19 23 20 17 33 27
208 22 38 263 1 38 105 23 17 29 32 34 28
209 22 39 236 12 38 47 19 14 33 37 34 28
210 22 33 281 19 25 17 25 8 31 41 34 27
211 22 31 122 36 26 1 24 29 32 9 34 28
212 22 36 105 23 30 1 14 15 24 32 34 28
213 21 33 99 6 33 22 22 18 26 29 33 26
214 22 28 216 29 24 38 20 17 18 25 33 27
215 22 34 244 19 39 1 19 12 36 38 34 28
216 22 34 83 11 27 4 14 23 18 28 34 27
217 22 36 701 20 32 61 25 38 31 23 33 28
218 22 30 681 31 23 23 21 26 33 24 33 27
219 22 37 402 28 20 1 30 19 24 34 34 27
220 22 23 80 23 32 1 21 40 26 20 33 28
221 22 29 91 15 28 62 22 41 38 15 33 28
222 22 23 337 32 32 3 25 29 33 16 34 28
223 22 35 159 41 19 46 17 44 25 15 34 27
224 22 26 375 35 22 1 20 27 24 21 33 27
225 22 34 241 51 22 18 16 44 26 10 33 27
226 22 35 228 9 37 41 25 24 32 26 34 28
227 22 31 320 13 26 6 22 31 35 18 33 27
228 22 28 90 29 25 58 18 30 31 26 34 28
229 22 37 163 41 33 8 19 35 20 18 33 28
230 22 23 212 36 21 1 16 33 37 22 33 27
231 22 31 210 31 23 94 17 29 29 22 33 28
232 22 37 161 32 28 1 26 20 21 24 33 27
233 22 29 251 22 31 28 25 28 29 16 33 28
234 22 28 184 27 27 23 16 24 31 35 34 28
235 22 29 581 24 28 8 22 28 23 21 33 27
236 22 26 182 31 37 10 19 28 32 17 33 28
237 22 28 150 57 23 29 23 42 27 9 34 28
238 22 33 209 22 34 17 23 19 32 23 33 28
239 22 30 349 39 34 41 21 43 27 16 33 27
240 22 31 218 38 36 63 22 59 27 1 34 28
241 22 31 210 46 27 5 17 27 22 20 33 27
242 22 29 77 29 26 17 19 44 23 9 33 27
243 22 35 120 24 28 30 22 38 6 19 33 28
244 22 34 300 44 19 43 22 41 21 11 33 27
245 22 38 196 19 37 23 20 30 37 33 34 28
246 22 32 262 12 28 26 24 22 17 21 33 28
247 22 32 241 27 34 53 26 43 30 13 34 28
248 22 34 199 21 32 1 21 17 25 25 33 27
249 22 34 567 22 35 53 22 32 35 24 34 28
250 22 20 372 30 32 70 15 42 31 21 33 28
251 22 25 179 50 18 13 23 49 21 7 33 27
252 22 32 643 37 24 1 20 16 28 29 34 27
253 22 34 112 21 37 102 22 42 23 10 33 28
254 22 38 208 24 38 1 20 31 32 16 33 28
255 22 38 222 15 34 51 19 25 26 28 34 27
256 22 35 196 29 34 89 25 21 36 31 34 28
257 22 38 164 17 27 41 21 23 25 28 34 28
258 22 31 207 13 35 7 23 12 32 34 34 27
259 22 40 117 24 37 67 18 14 25 34 34 28
260 22 36 143 18 31 116 27 40 32 25 33 28
261 22 31 77 26 22 26 19 22 24 32 34 27
262 22 31 204 30 28 41 14 38 34 18 34 27
263 22 35 211 29 29 14 20 20 28 28 34 28
264 22 25 248 25 22 57 22 42 28 9 33 28
265 22 31 246 26 27 65 23 27 29 27 34 28
266 22 32 222 36 31 51 23 38 29 12 33 28
267 22 29 95 41 24 38 24 22 32 29 34 27
268 22 31 123 18 35 1 19 16 33 36 34 27
269 22 34 135 20 20 1 22 11 24 33 34 28
270 22 30 396 15 32 28 20 48 19 16 33 28
271 22 26 253 26 30 105 22 62 31 7 33 28
272 22 38 224 21 37 35 23 20 31 34 34 28
273 22 34 88 9 34 1 23 27 34 24 33 27
274 22 34 165 34 33 1 19 32 25 16 34 28
275 22 31 173 35 28 47 18 37 22 23 33 28
276 22 33 106 16 27 1 25 3 29 35 34 28
277 22 25 398 20 22 23 17 43 35 14 33 27
278 22 39 406 21 28 76 22 24 26 26 34 28
279 22 33 115 47 24 1 20 24 28 20 33 28
280 22 31 380 18 38 99 26 50 29 9 34 27
281 22 35 465 19 40 57 26 20 29 30 34 27
282 22 36 335 24 29 33 21 21 37 23 33 28
283 22 26 84 20 36 46 20 39 31 24 33 28
284 22 27 97 29 22 1 24 24 25 16 33 28
285 22 36 100 15 37 1 21 14 31 35 34 27
286 22 34 174 24 32 77 24 23 29 35 34 27
287 22 28 221 39 30 32 22 56 25 6 34 28
288 22 28 84 31 23 49 20 43 26 1 34 28
289 22 26 180 24 23 1 16 37 21 14 33 27
290 22 33 106 36 38 5 17 29 24 22 33 27
291 22 34 626 9 34 46 181 132 28 31 34 27
292 22 32 296 16 23 1 18 15 29 29 34 27
293 22 27 293 33 25 18 22 37 39 22 33 28
294 22 39 103 39 23 28 12 16 23 30 34 27
295 22 37 169 19 30 62 24 33 33 23 33 28
296 22 31 119 28 33 96 19 33 30 11 33 27
297 22 24 70 32 30 1 22 52 31 12 33 27
298 22 24 314 32 41 21 19 42 20 11 33 27
299 22 32 211 29 30 110 22 44 33 15 33 28
300 22 24 219 44 23 9 22 27 26 17 33 28
301 22 28 269 22 26 44 25 37 27 19 33 28
302 22 34 224 27 25 1 23 22 22 19 33 27
303 22 30 145 36 29 53 16 32 26 19 33 28
304 22 23 259 11 39 63 29 35 27 13 34 28
305 22 33 235 23 27 73 26 37 27 17 34 28
306 22 33 217 9 30 19 23 29 35 29 34 27
307 22 36 305 13 42 1 24 29 21 24 33 27
308 22 27 407 38 32 54 23 50 25 1 33 28
309 22 23 125 12 33 47 23 37 31 14 33 27
310 22 31 172 35 28 1 22 40 28 16 33 28
311 22 35 237 21 32 1 29 40 31 21 33 28
312 22 35 108 37 28 24 23 44 37 29 34 27
313 22 33 190 23 35 82 22 27 24 26 34 28
314 22 36 254 36 34 30 18 7 30 30 34 28
315 22 31 652 30 16 11 14 19 23 22 34 27
316 22 33 167 19 33 1 18 18 33 35 34 27
317 22 31 200 43 24 37 29 31 26 18 33 27
318 22 31 168 28 26 1 17 21 21 24 33 27
319 22 29 249 22 38 102 15 39 32 20 34 28
320 22 28 100 22 33 1 26 22 27 24 33 28
321 22 25 181 43 22 1 21 45 24 5 33 28
322 22 32 216 26 35 5 20 32 24 23 34 27
323 22 29 125 27 26 62 20 44 28 19 33 28
324 22 27 137 38 27 1 13 21 24 25 33 28
325 22 24 226 8 33 1 22 33 22 14 33 28
326 22 32 162 41 30 16 25 52 26 15 34 28
327 22 32 85 32 27 1 18 18 32 31 34 28
328 22 29 95 40 28 14 18 32 26 19 34 28
329 22 33 89 18 37 1 21 18 25 31 34 27
330 22 28 225 40 11 5 23 40 25 4 33 27
331 22 25 170 31 33 47 25 50 31 7 33 28
332 22 24 133 24 33 1 16 24 33 13 33 28
333 22 34 220 33 38 15 21 25 33 28 34 27
334 22 33 96 22 27 43 21 1 34 40 34 27
335 22 25 105 21 28 73 23 41 18 17 33 28
336 22 35 304 23 31 1 25 11 29 31 34 28
337 22 32 519 29 30 83 22 23 23 18 33 27
338 22 35 134 42 35 25 18 48 21 16 33 28
339 22 38 223 9 43 23 22 11 30 38 34 27
340 22 33 259 26 28 1 27 24 30 26 33 27
341 22 28 635 31 22 1 20 35 28 12 33 27
342 22 22 159 31 25 15 17 40 35 19 33 27
343 22 37 170 34 33 14 19 21 24 17 33 28
344 22 31 130 36 27 42 25 53 38 10 34 28
345 22 31 90 15 33 55 18 27 24 23 34 27
346 22 33 140 18 29 1 24 21 25 27 34 27
347 22 30 243 15 37 24 11 41 20 22 33 27
348 22 31 573 21 26 1 25 28 20 21 33 27
349 22 49 114 12 42 42 20 2 23 45 34 28
350 22 24 548 26 33 1 25 49 22 4 33 27
351 22 33 247 15 27 1 27 42 30 24 33 27
352 22 33 159 21 33 50 26 26 26 27 34 28
353 22 42 136 30 30 28 23 15 29 33 34 28
354 22 31 500 45 27 34 20 46 23 8 34 28
355 22 29 198 33 20 1 21 27 22 13 33 27
356 22 44 288 18 37 40 24 1 22 34 34 28
357 22 31 248 32 25 55 15 27 30 17 33 27
358 22 32 96 16 40 32 16 23 36 38 34 28
359 22 27 374 20 26 41 34 47 23 11 33 27
360 22 30 179 13 40 57 16 25 27 31 34 27
361 22 24 234 29 19 1 25 20 19 19 33 27
362 22 25 327 20 35 50 22 44 31 18 33 28
363 22 40 112 16 35 77 19 16 27 31 34 28
364 22 32 185 30 25 57 17 20 25 22 33 27
365 22 24 308 36 18 32 24 63 23 1 33 28
366 22 20 147 32 22 2 28 31 36 24 33 28
367 22 35 108 24 27 9 19 28 38 33 34 28
368 22 35 738 21 28 93 22 30 21 16 33 27
369 22 32 178 27 39 1 24 30 30 24 33 27
370 22 33 84 8 34 60 22 34 30 12 34 27
371 22 24 207 30 26 84 29 40 25 10 33 28
372 22 37 321 40 23 41 24 14 34 21 33 27
373 22 35 414 37 27 5 24 20 30 20 33 28
374 22 29 277 20 36 28 24 51 22 16 34 28
375 22 28 369 7 33 44 19 19 30 25 33 28
376 22 35 302 38 29 4 16 20 24 24 34 28
377 22 29 89 26 22 41 25 13 22 21 33 28
378 22 32 255 20 23 3 20 22 33 28 34 28
379 22 39 318 25 24 1 24 18 24 14 33 28
380 22 32 362 40 28 7 20 9 23 26 34 27
381 22 27 1275 30 30 1 20 25 28 16 33 27
382 22 31 210 42 26 30 19 19 28 20 33 28
383 22 34 79 8 35 1 23 5 25 29 34 28
384 22 32 136 40 23 109 23 56 16 1 34 28
385 22 27 215 30 31 98 23 36 26 21 33 28
386 22 30 159 20 25 29 15 17 25 21 33 28
387 22 35 795 11 36 32 23 10 33 43 34 28
388 22 36 195 42 26 16 11 20 25 17 34 28
389 22 30 157 33 27 1 23 36 35 23 33 27
390 22 28 615 39 33 34 18 46 25 10 33 28
391 22 31 88 6 36 68 24 31 35 25 34 27
392 22 30 147 24 18 1 22 17 24 27 34 28
393 22 32 81 9 38 1 18 27 29 34 34 28
394 22 30 271 36 24 55 19 46 30 17 33 27
395 22 34 131 36 31 1 23 16 29 27 34 28
396 22 29 90 15 30 21 17 48 30 11 33 27
397 22 28 246 19 37 36 23 42 17 20 33 28
398 22 37 245 33 31 64 21 39 37 34 34 28
399 22 30 255 37 29 1 20 29 23 20 33 28
400 22 32 760 35 29 48 32 51 16 13 33 28
401 22 33 202 43 31 25 17 46 23 1 34 28
402 22 34 167 31 27 31 20 37 15 23 33 27
403 22 34 311 43 23 62 22 28 33 25 34 28
404 22 33 891 41 24 50 15 26 25 16 34 28
405 22 35 121 26 35 55 24 33 22 19 34 28
406 22 29 89 25 22 15 25 33 32 16 33 27
407 22 30 164 29 35 23 27 50 32 19 33 28
408 22 31 207 14 32 25 28 25 37 22 33 27
409 22 30 170 48 23 1 19 30 21 11 33 28
410 22 26 97 34 26 25 21 33 30 18 33 28
411 22 35 102 22 42 45 19 38 32 15 33 28
412 22 32 229 28 29 44 17 14 25 30 34 28
413 22 37 168 21 26 53 23 35 34 31 34 27
414 22 41 199 34 31 44 23 26 27 24 33 27
415 22 29 96 29 29 1 65 16 30 18 33 27
416 22 31 165 13 33 36 19 51 33 19 34 28
417 22 30 422 13 39 95 19 36 19 31 34 28
418 22 33 149 21 29 63 21 19 24 27 34 28
419 22 33 121 16 21 1 22 11 22 31 34 27
420 22 34 114 15 32 1 18 18 32 32 34 28
421 22 27 81 20 19 30 20 25 26 19 33 28
422 22 20 165 30 27 14 26 46 32 3 33 27
423 22 30 494 18 39 36 24 41 31 17 33 27
424 22 30 82 15 29 19 25 30 21 19 33 27
425 22 29 173 10 36 43 23 31 31 22 33 28
426 22 36 116 24 41 15 24 34 27 24 33 28
427 22 21 75 40 20 8 22 43 34 4 33 27
428 22 36 476 34 17 24 20 44 26 13 34 28
429 22 34 109 38 27 28 24 6 35 36 34 28
430 22 34 225 26 28 1 18 16 26 36 34 28
431 22 36 213 1 36 1 16 1 28 38 34 28
432 22 26 187 19 24 11 26 40 24 5 33 27
433 22 35 196 30 31 90 18 22 25 32 34 28
434 22 30 272 45 30 37 28 32 25 15 33 28
435 22 23 238 34 30 79 19 40 27 25 34 28
436 22 26 169 31 24 1 21 38 29 10 33 28
437 22 34 164 27 27 39 24 40 25 13 33 28
438 22 27 185 26 29 1 22 27 25 27 34 28
439 22 31 522 22 35 83 21 30 30 22 34 28
440 22 26 368 40 27 1 17 28 30 24 33 28
441 22 32 204 21 32 1 22 48 33 19 33 28
442 22 32 624 43 24 28 22 39 27 12 34 28
443 22 40 176 23 35 68 20 1 28 34 34 28
444 22 26 162 24 31 19 26 49 32 7 33 28
445 22 27 205 28 26 1 25 32 30 12 33 28
446 22 30 178 39 36 2 18 35 26 26 34 28
447 22 26 190 37 19 36 23 42 29 15 33 28
448 22 31 293 8 28 16 19 15 34 36 34 27
449 22 28 209 19 37 80 25 30 28 24 33 28
450 22 30 460 18 23 1 15 10 21 36 34 27
451 22 31 266 20 44 7 18 48 25 15 33 27
452 22 21 129 32 15 1 19 34 28 18 33 27
453 22 37 191 13 35 59 18 11 22 30 34 28
454 22 29 101 14 27 35 18 49 28 8 34 28
455 22 31 400 41 27 3 13 28 30 18 33 28
456 22 24 155 12 33 62 24 47 35 13 33 28
457 22 30 2006 27 20 17 22 41 30 17 33 27
458 22 41 292 21 34 42 31 28 23 21 33 28
459 22 25 141 23 34 25 25 30 34 14 33 28
460 22 29 99 38 41 35 22 60 24 5 34 28
461 22 35 345 24 20 22 16 29 35 25 33 28
462 22 33 158 19 39 44 24 49 30 14 34 28
463 22 34 204 39 29 1 19 34 25 15 34 27
464 22 36 184 27 28 43 25 10 36 37 34 28
465 22 22 362 27 32 42 22 35 39 18 33 28
466 22 32 106 26 32 1 17 12 25 23 33 27
467 22 28 180 16 28 1 27 40 27 18 33 27
468 22 39 162 22 33 35 24 25 26 27 34 28
469 22 26 97 44 16 27 24 39 31 10 33 27
470 22 37 191 20 30 1 22 19 22 24 33 27
471 22 33 104 19 26 21 23 31 30 17 33 27
472 22 38 249 26 35 54 21 23 33 31 34 28
473 22 21 273 29 24 7 71 41 38 18 33 27
474 22 38 112 17 32 50 17 31 37 31 34 28
475 22 32 161 38 17 24 26 32 25 10 33 28
476 22 40 103 17 39 68 19 25 28 19 33 28
477 22 34 382 26 29 24 22 25 28 13 33 28
478 22 39 194 19 39 1 24 13 27 33 34 27
479 22 32 143 23 27 1 20 14 25 32 34 27
480 22 26 93 25 31 39 27 60 23 4 33 27
481 22 25 248 25 24 5 24 32 22 19 33 28
482 22 29 210 21 36 58 22 27 37 30 34 27
483 22 33 150 24 23 42 19 35 27 18 33 27
484 22 26 363 37 31 1 15 39 18 10 33 28
485 22 26 89 31 36 53 25 42 31 13 33 28
486 22 41 460 27 29 52 20 31 24 25 34 28
487 22 34 319 1 33 1 19 1 28 39 34 28
488 22 28 507 28 26 24 24 13 27 33 34 28
489 22 33 228 31 36 103 25 34 24 17 33 28
490 22 33 210 32 37 2 23 29 29 27 34 28
491 22 33 393 58 17 47 14 45 22 18 33 28
492 22 30 197 25 25 9 28 32 25 21 33 27
493 22 31 226 17 30 36 23 8 28 35 34 28
494 22 42 334 12 34 5 21 1 28 47 34 27
495 22 24 126 36 15 1 24 46 31 8 33 27
496 22 32 130 39 21 35 23 3 31 36 34 27
497 22 30 284 22 35 61 19 38 31 21 33 28
498 22 26 109 22 22 1 16 28 30 24 33 27
499 22 35 424 36 27 12 15 17 24 25 34 28
500 22 25 78 17 35 1 20 22 19 24 33 28
501 22 39 145 20 33 1 28 14 27 30 34 27
502 22 33 187 38 24 53 17 14 27 33 34 28
503 22 33 311 26 25 13 20 26 31 35 34 27
504 22 28 223 18 30 23 23 34 29 8 33 27
505 22 33 185 33 30 1 23 27 32 17 33 27
506 22 30 147 32 23 44 16 20 17 22 33 28
507 22 27 152 37 23 23 22 41 25 10 34 28
508 22 32 217 17 24 1 16 27 26 20 33 28
509 22 41 195 22 33 76 18 7 26 32 34 28
510 22 27 156 21 31 30 22 55 26 14 33 28
511 22 29 248 21 25 51 22 31 30 24 34 28
512 22 28 297 37 30 1 24 32 20 7 34 27
513 22 27 377 33 30 19 20 34 27 11 33 27
514 22 27 194 37 26 14 23 31 29 22 33 28
515 22 34 210 25 32 32 19 15 33 28 34 28
516 22 30 239 28 21 1 22 30 27 20 33 28
517 22 38 97 31 36 1 16 17 27 30 34 28
518 22 32 268 46 25 70 20 49 33 10 34 27
519 22 30 318 37 29 1 18 25 31 16 34 28
520 22 25 137 35 30 41 22 40 28 8 34 28
521 22 32 116 22 36 59 24 24 33 37 34 27
522 22 31 104 21 29 35 43 17 19 26 34 27
523 22 34 218 38 29 41 16 27 34 25 34 28
524 22 25 413 43 24 1 25 37 21 13 33 28
525 22 32 158 29 36 1 18 38 27 15 34 28
526 22 30 173 8 38 1 17 19 26 28 34 28
527 22 29 88 23 28 43 29 36 23 13 33 28
528 22 26 71 26 31 1 24 37 29 19 33 28
529 22 23 127 19 21 1 24 35 30 19 33 27
530 22 28 113 23 41 14 23 48 27 4 34 28
531 22 31 104 13 35 51 23 33 32 17 33 28
532 22 16 76 17 33 1 22 45 32 12 34 27
533 22 36 172 23 35 1 24 37 31 17 33 28
534 22 44 125 35 36 17 24 18 44 42 34 28
535 22 36 91 17 22 29 25 24 33 33 34 27
536 22 30 332 14 33 34 24 33 28 14 34 28
537 22 28 282 27 28 69 24 41 27 15 33 28
538 22 30 202 24 40 28 19 41 15 12 34 28
539 22 37 199 31 31 1 19 5 17 29 34 27
540 22 25 406 28 35 1 18 47 34 6 33 27
541 22 29 419 39 24 1 27 47 31 7 34 28
542 22 25 111 37 30 105 26 41 20 6 33 28
543 22 24 98 31 34 18 21 61 28 1 34 28
544 22 31 86 29 25 1 19 37 23 20 33 28
545 22 27 135 40 25 1 27 40 24 17 33 27
546 22 31 136 37 34 1 23 40 20 17 33 28
547 22 38 170 29 25 53 21 14 25 30 34 28
548 22 33 235 18 29 39 27 36 28 19 33 28
549 22 31 113 13 38 119 25 43 25 19 34 28
550 22 26 227 19 30 1 24 26 28 20 33 27
551 22 28 228 22 29 1 24 37 25 14 33 27
552 22 38 238 16 31 84 23 23 24 27 34 28
553 22 31 133 29 26 27 22 35 20 21 33 28
554 22 31 219 28 29 45 23 47 22 9 33 28
555 22 28 509 43 27 1 21 29 28 21 33 27
556 22 33 201 23 39 18 18 37 26 17 33 27
557 22 32 188 11 30 37 24 33 35 16 33 28
558 22 27 156 19 21 34 23 37 25 11 33 27
559 22 32 207 27 23 34 20 28 28 19 33 27
560 22 37 542 25 30 9 25 5 24 31 34 28
561 22 36 319 25 28 19 22 39 33 20 33 28
562 22 33 104 18 26 1 18 24 31 28 34 28
563 22 32 213 20 34 91 20 38 27 22 33 27
564 22 30 348 39 28 70 27 32 26 15 34 28
565 22 37 121 42 25 1 22 19 25 25 34 27
566 22 24 164 43 25 57 23 33 22 9 33 28
567 22 23 135 22 23 17 20 40 24 12 33 27
568 22 39 322 22 34 18 19 13 28 36 34 28
569 22 25 236 16 36 33 15 46 23 9 33 27
570 22 30 178 11 34 9 14 32 37 29 34 28
571 22 31 157 28 30 46 22 33 34 19 34 28
572 22 35 287 35 22 1 17 22 19 27 34 27
573 22 32 132 22 32 1 23 33 28 19 33 28
574 22 20 115 18 32 12 20 45 27 12 33 27
575 22 19 79 27 22 38 20 45 32 9 33 27
576 22 39 237 18 38 61 16 15 27 31 34 28
577 22 32 352 28 19 1 23 33 32 23 33 28
578 22 36 339 16 39 96 19 24 31 30 34 27
579 22 28 180 27 24 45 15 38 30 16 33 28
580 22 32 284 27 33 39 17 30 24 24 34 27
581 22 30 737 28 28 43 21 24 21 27 34 28
582 22 27 386 20 41 49 28 43 21 17 33 28
583 22 38 94 23 27 51 20 12 21 30 34 28
584 22 43 104 25 31 39 20 25 20 26 33 28
585 22 33 331 32 37 2 28 33 22 21 33 27
586 22 29 105 39 24 1 17 18 22 19 33 27
587 22 27 95 25 31 1 20 29 27 28 34 28
588 22 41 831 34 29 100 16 27 28 27 34 28
589 22 38 415 23 28 44 25 6 29 32 34 27
590 22 28 194 36 27 1 24 55 31 7 33 28
591 22 31 294 21 35 21 24 35 21 17 33 27
592 22 31 79 16 22 9 21 13 35 31 34 27
593 22 32 333 17 39 56 22 29 30 27 34 28
594 22 28 286 21 32 31 23 32 22 22 33 27
595 22 25 105 27 30 60 28 42 32 10 33 28
596 22 31 509 43 17 7 18 31 29 15 33 27
597 22 29 755 32 23 31 19 26 22 17 33 28
598 22 32 160 26 32 7 20 11 24 23 33 27
599 22 25 253 25 22 20 25 32 26 27 34 28
600 22 33 109 34 25 1 24 34 19 18 34 28
601 22 33 374 16 40 38 18 35 30 23 33 28
602 22 35 236 36 20 39 27 28 36 22 33 28
603 22 26 109 21 21 19 20 36 33 21 33 27
604 22 41 169 26 23 27 25 25 42 22 33 28
605 22 37 196 31 27 58 15 28 26 31 34 27
606 22 32 180 21 27 11 15 28 22 27 34 27
607 22 32 148 11 32 66 22 46 26 15 34 28
608 22 33 147 28 31 17 25 20 28 26 33 27
609 22 30 148 21 32 53 21 30 39 29 34 28
610 22 31 549 40 23 34 16 14 26 32 34 27
611 22 30 263 31 27 23 19 47 27 11 33 28
612 22 28 157 24 26 54 23 28 26 17 33 28
613 22 25 195 47 16 1 22 43 33 15 33 27
614 22 32 362 37 23 55 17 25 25 32 34 27
615 22 42 281 28 22 43 21 24 28 30 34 28
616 22 29 253 29 24 1 20 18 24 28 34 28
617 22 28 176 17 28 54 22 30 29 18 33 27
618 22 31 259 22 30 43 22 28 26 19 34 28
619 22 37 164 26 34 72 24 22 31 29 34 28
620 22 31 274 33 23 38 21 23 24 26 34 27
621 22 23 207 44 26 3 22 30 28 16 33 27
622 22 37 361 13 30 14 16 31 31 28 34 27
623 22 32 104 32 29 24 18 29 22 15 33 28
624 22 26 286 35 21 42 21 27 23 17 33 28
625 22 33 156 25 24 29 27 24 25 24 34 28
626 22 30 252 27 26 33 19 24 28 17 33 28
627 22 39 336 31 23 35 23 20 33 30 34 28
628 22 31 83 17 39 36 20 41 27 28 34 28
629 22 21 236 52 22 1 20 38 32 12 33 28
630 22 29 93 34 26 1 24 41 26 16 33 28
631 22 28 192 9 43 48 26 22 33 35 34 27
632 22 26 83 35 27 1 22 33 28 18 33 28
633 22 32 426 12 33 1 18 25 29 32 34 28
634 22 30 176 26 38 73 17 44 19 16 33 28
635 22 39 671 18 36 25 20 2 22 27 34 27
636 22 29 205 26 29 22 21 45 29 10 33 27
637 22 26 212 23 28 14 21 24 24 24 33 28
638 22 31 190 25 31 56 18 51 26 12 33 28
639 22 34 118 18 33 16 25 21 39 32 34 28
640 22 34 713 37 26 34 11 23 28 34 34 27
641 22 28 317 34 23 51 22 43 23 3 33 28
642 22 38 207 33 26 21 21 20 28 13 33 27
643 22 22 205 18 29 7 22 41 25 7 33 27
644 22 26 450 29 27 22 25 22 25 19 33 28
645 22 34 162 26 35 38 20 28 25 20 33 28
646 22 30 105 19 34 60 25 56 25 15 33 28
647 22 31 179 34 24 60 22 30 22 21 33 28
648 22 30 219 27 27 1 25 10 24 24 33 28
649 22 29 297 27 29 72 23 44 24 20 33 27
650 22 28 153 42 33 1 25 21 17 14 33 27
651 22 32 163 19 24 5 17 1 22 27 34 28
652 22 38 304 27 30 33 15 11 25 23 33 28
653 22 34 283 27 24 51 21 24 37 36 34 28
654 22 31 187 37 20 1 21 26 23 21 33 27
655 22 32 162 42 22 1 24 34 31 27 34 27
656 22 33 186 2 35 43 11 25 26 32 34 28
657 22 34 322 32 35 1 21 39 22 15 34 28
658 22 33 257 25 36 75 25 49 29 13 34 28
659 22 30 405 27 23 35 21 29 33 22 33 28
660 22 23 91 7 30 23 19 49 18 16 33 27
661 22 30 104 41 23 47 21 32 13 14 33 28
662 22 24 128 22 34 66 22 37 31 14 33 27
663 22 34 257 36 35 8 19 46 29 12 34 28
664 22 29 197 31 15 31 23 28 21 23 33 27
665 22 29 238 13 29 8 27 32 32 25 33 28
666 22 37 349 27 36 92 24 42 27 17 33 28
667 22 33 98 20 24 59 17 44 24 17 33 28
668 22 34 182 26 37 33 17 34 31 21 33 27
669 22 29 296 37 26 1 24 21 26 13 34 28
670 22 38 223 33 38 79 20 41 28 25 34 28
671 22 31 100 37 28 1 24 43 30 23 33 27
672 22 24 104 8 34 18 22 52 34 19 33 28
673 22 35 112 33 26 62 26 41 22 17 34 27
674 22 30 282 37 28 48 22 32 22 14 34 28
675 22 31 233 19 31 33 22 29 29 23 33 28
676 22 44 215 14 37 54 22 1 27 41 34 27
677 22 35 157 30 26 23 21 35 28 27 34 27
678 22 34 275 27 28 21 23 33 20 22 33 28
679 22 25 136 30 23 25 19 43 22 8 33 27
680 22 29 187 43 15 27 15 30 29 17 33 28
681 22 27 226 22 33 10 17 33 33 29 34 27
682 22 29 150 13 25 43 21 26 33 20 33 28
683 22 38 187 16 43 1 21 10 33 34 34 28
684 22 38 186 21 33 15 20 18 29 25 34 27
685 22 33 265 50 26 33 24 30 22 16 34 28
686 22 25 200 52 22 8 27 40 20 9 33 28
687 22 26 376 26 21 1 20 27 29 22 33 27
688 22 25 133 33 31 92 23 42 18 9 34 28
689 22 32 97 27 23 34 21 47 36 20 33 27
690 22 27 128 29 19 1 22 24 30 26 33 27
691 22 37 178 23 32 29 25 24 21 19 33 28
692 22 28 832 24 28 1 27 41 26 18 33 27
693 22 24 339 39 29 40 25 41 30 10 34 28
694 22 32 812 15 33 48 21 37 31 16 33 27
695 22 26 83 4 33 24 18 32 37 19 33 28
696 22 29 241 32 28 113 20 44 30 12 34 27
697 22 33 88 21 30 43 22 30 28 19 33 28
698 22 40 265 23 32 42 23 26 25 22 34 28
699 22 29 159 27 34 47 24 35 21 20 33 28
700 22 27 95 33 26 3 27 31 35 20 33 28
701 22 32 306 22 30 14 18 41 24 9 34 27
702 22 28 252 42 26 91 21 40 29 12 34 28
703 22 34 201 36 29 11 22 12 18 24 33 28
704 22 28 172 21 26 90 22 38 27 14 33 28
705 22 32 214 44 29 26 22 42 24 9 34 27
706 22 31 450 28 21 1 26 21 26 20 33 27
707 22 31 163 31 16 1 25 19 19 25 33 28
708 22 28 121 20 33 1 17 40 28 23 33 28
709 22 33 170 15 36 59 17 17 32 29 34 27
710 22 25 259 34 24 63 20 49 23 9 33 27
711 22 29 195 28 34 102 20 45 21 15 33 28
712 22 31 168 23 35 53 19 16 27 30 34 28
713 22 33 372 42 19 11 20 33 32 17 33 28
714 22 35 297 21 37 29 16 47 34 20 34 28
715 22 25 91 15 31 64 24 48 21 12 33 27
716 22 29 287 22 26 56 18 29 27 24 33 27
717 22 42 295 8 34 1 20 5 29 45 34 28
718 22 32 159 35 182 26 22 53 27 18 33 28
719 22 40 201 16 35 65 22 6 40 36 34 28
720 22 36 225 33 28 10 20 23 21 26 34 28
721 22 30 181 41 31 1 17 28 29 11 33 28
722 22 26 246 11 34 81 27 48 29 15 33 28
723 22 42 223 37 35 1 25 18 27 32 34 28
724 22 26 190 20 22 30 23 43 24 11 33 27
725 22 28 140 29 32 26 21 38 19 15 33 27
726 22 27 208 48 17 18 25 48 26 14 33 27
727 22 33 167 25 20 39 18 18 29 25 33 27
728 22 30 231 32 34 107 21 42 35 30 34 28
729 22 28 168 13 31 14 22 47 32 8 33 27
730 22 42 232 19 38 10 16 25 35 37 34 28
731 22 29 217 37 31 67 21 52 29 16 33 28
732 22 36 168 23 32 27 18 22 21 25 33 28
733 22 24 336 32 27 1 22 34 24 11 33 28
734 22 33 255 39 35 44 24 49 32 17 34 28
735 22 23 112 23 28 1 26 39 29 20 33 28
736 22 25 87 17 33 14 22 35 32 20 33 28
737 22 31 169 38 37 4 21 36 18 19 33 28
738 22 33 79 22 27 1 38 21 27 19 34 28
739 22 38 194 19 27 64 33 10 24 26 34 28
740 22 24 224 43 24 21 19 51 27 7 33 27
741 22 32 233 7 39 103 21 13 19 17 33 27
742 22 35 346 22 26 1 16 13 17 29 34 27
743 22 38 192 30 41 1 16 42 38 27 34 27
744 22 34 110 30 36 73 26 35 27 11 34 28
745 22 21 177 46 25 1 23 54 23 10 33 27
746 22 41 124 16 37 90 24 12 20 37 34 27
747 22 33 459 36 35 1 24 23 24 26 33 28
748 22 23 398 40 30 10 14 34 31 15 33 28
749 22 33 153 23 26 49 23 30 26 27 34 27
750 22 29 293 25 30 94 19 31 27 13 34 28
751 22 34 208 30 33 86 18 40 29 12 34 28
752 22 34 163 33 26 34 18 26 26 22 34 28
753 22 35 100 40 32 18 15 29 21 13 34 27
754 22 34 102 35 23 9 22 34 31 23 34 28
755 22 34 215 35 34 7 16 13 23 27 34 28
756 22 28 107 37 26 47 24 49 30 1 33 27
757 22 33 155 40 20 40 18 22 34 34 34 28
758 22 30 320 33 25 56 18 38 28 16 34 28
759 22 35 254 36 28 11 17 29 34 27 34 28
760 22 35 171 29 22 47 18 37 27 15 33 28
761 22 30 106 36 32 101 22 30 33 36 34 28
762 22 30 539 33 16 23 18 22 29 20 34 28
763 22 34 162 36 29 54 21 25 19 14 33 27
764 22 32 160 28 28 18 28 23 30 29 34 28
765 22 28 197 42 30 1 13 28 22 9 33 27
766 22 29 273 32 29 2 23 27 38 30 34 28
767 22 24 670 30 25 14 21 31 26 21 33 27
768 22 30 169 28 27 36 24 44 34 8 34 28
769 22 30 150 20 34 9 22 35 29 13 33 27
770 22 28 96 26 31 96 17 35 29 12 33 28
771 22 26 197 12 37 1 27 41 29 9 33 27
772 22 32 97 32 31 62 23 26 26 18 34 28
773 22 36 158 15 31 1 16 6 27 36 34 27
774 22 33 191 27 20 1 16 15 20 29 34 27
775 22 22 155 49 27 101 18 60 27 3 33 28
776 22 31 175 31 21 49 20 24 26 21 33 27
777 22 24 158 40 17 40 22 34 25 9 33 27
778 22 32 262 18 26 34 22 35 29 23 33 27
779 22 28 138 24 36 1 17 43 38 16 33 28
780 22 36 548 28 36 35 26 53 30 11 34 28
781 22 32 196 15 34 91 21 8 29 37 34 27
782 22 31 158 33 25 59 21 29 30 25 34 27
783 22 26 588 34 27 5 23 43 26 16 33 28
784 22 32 289 4 37 6 20 33 23 23 33 27
785 22 33 177 25 36 1 27 25 32 30 34 28
786 22 33 122 18 21 48 21 19 18 20 33 27
787 22 28 672 25 41 131 22 49 30 14 33 28
788 22 40 238 13 30 42 21 6 31 31 34 27
789 22 33 316 26 36 24 14 37 27 13 34 28
790 22 28 145 30 24 54 25 24 29 21 34 28
791 22 28 87 14 33 20 25 47 22 1 33 27
792 22 29 293 32 25 30 24 13 22 27 34 28
793 22 33 108 38 28 75 24 37 23 22 33 28
794 22 33 197 25 30 1 24 12 23 26 34 27
795 22 26 168 9 37 34 18 52 36 12 33 28
796 22 43 202 28 40 1 21 1 27 46 34 28
797 22 27 77 19 27 1 20 34 27 15 33 27
798 22 32 145 28 32 1 23 1 30 41 34 27
799 22 30 142 39 22 43 22 30 26 26 34 27
800 22 36 187 26 21 45 19 17 27 31 34 28
801 22 36 416 35 19 68 23 17 23 32 34 27
802 22 35 313 42 23 41 22 23 24 28 34 28
803 22 34 123 32 22 57 20 24 17 15 34 28
804 22 37 115 35 40 68 12 44 32 18 33 28
805 22 29 100 31 26 10 20 25 27 32 34 28
806 22 33 176 13 39 7 15 12 35 39 34 28
807 22 31 168 40 21 28 15 20 32 22 33 28
808 22 30 375 24 37 63 18 34 25 28 34 28
809 22 26 189 29 34 36 14 46 28 8 33 28
810 22 38 304 30 28 10 17 6 21 40 34 28
811 22 32 114 18 30 13 19 24 31 34 34 27
812 22 28 99 18 36 1 20 29 34 26 34 28
813 22 29 213 27 27 1 22 18 27 31 34 27
814 22 30 361 39 19 5 23 46 24 22 33 27
815 22 31 252 29 27 19 26 37 34 17 34 28
816 22 32 100 20 25 7 19 34 25 24 33 28
817 22 27 77 39 27 8 15 24 22 9 34 28
818 22 32 340 28 38 44 21 44 29 19 33 28
819 22 35 171 23 33 18 24 26 28 23 33 28
820 22 30 140 15 31 58 17 37 20 13 34 28
821 22 46 128 12 37 67 24 19 38 34 34 27
822 22 26 205 33 27 1 21 43 34 14 33 28
823 22 30 134 25 26 33 23 25 26 29 34 28
824 22 30 312 17 29 1 24 34 34 15 33 27
825 22 25 148 10 31 1 23 17 29 31 34 28
826 22 31 709 1 37 17 26 1 25 37 34 27
827 22 32 358 23 21 4 19 11 16 34 34 28
828 22 37 171 34 33 4 19 38 27 21 34 28
829 22 36 110 38 31 9 21 33 25 13 34 28
830 22 31 182 16 38 67 16 21 27 30 34 27
831 22 28 132 27 28 1 26 43 30 4 33 28
832 22 32 230 6 44 50 26 27 27 30 34 28
833 22 29 204 34 30 54 24 33 26 19 33 28
834 22 29 98 28 25 42 21 28 25 24 33 27
835 22 38 145 39 30 60 23 23 32 31 34 28
836 22 33 146 15 30 27 25 21 27 26 33 28
837 22 31 572 4 28 1 20 17 25 28 34 27
838 22 28 249 23 31 17 20 35 17 20 33 28
839 22 32 231 25 21 1 18 26 36 27 34 28
840 22 26 138 29 24 21 27 46 25 5 33 28
841 22 36 403 24 33 28 11 19 27 28 34 28
842 22 39 256 27 29 21 18 11 22 33 34 28
843 22 31 264 33 30 42 23 45 37 14 34 28
844 22 44 199 19 42 1 21 9 25 39 34 27
845 22 26 610 25 22 46 16 37 18 15 33 27
846 22 29 91 24 29 1 22 8 18 31 33 27
847 22 26 670 28 35 24 18 45 30 14 33 28
848 22 29 164 26 34 25 19 29 27 22 33 27
849 22 33 91 24 32 1 21 19 31 24 34 28
850 22 32 136 36 30 1 23 26 35 34 34 28
851 22 31 232 1 40 9 18 27 37 27 34 28
852 22 31 122 18 27 48 21 26 32 25 33 28
853 22 37 105 29 31 40 21 41 30 17 33 28
854 22 30 239 18 31 27 22 39 26 18 33 27
855 22 29 294 26 35 75 21 53 29 9 34 28
856 22 30 205 12 27 1 16 32 26 19 33 27
857 22 34 102 6 41 24 21 34 28 20 33 27
858 22 25 208 12 29 1 22 37 29 15 33 27
859 22 34 231 26 39 66 16 23 33 30 34 28
860 22 33 163 25 28 3 17 21 25 31 34 28
861 22 33 101 38 25 75 24 22 29 26 34 28
862 22 25 170 31 21 1 20 27 22 8 33 28
863 22 32 246 29 31 34 21 8 23 35 34 27
864 22 32 721 12 39 50 18 6 29 33 34 28
865 22 33 206 30 26 33 18 28 22 15 34 28
866 22 38 167 35 26 37 21 9 32 38 34 27
867 22 34 168 33 25 1 27 18 27 33 34 28
868 22 26 74 1 31 1 19 18 30 28 33 28
869 22 31 235 24 30 38 19 25 27 20 34 28
870 22 43 180 27 34 40 17 11 21 30 34 28
871 22 28 157 28 32 2 24 44 30 9 33 28
872 22 34 89 15 36 78 22 25 25 26 34 28
873 22 29 191 14 33 40 25 45 37 17 33 27
874 22 29 161 34 31 57 15 30 22 29 34 28
875 22 24 68 23 19 1 31 37 30 10 34 28
876 22 24 531 46 33 75 26 47 34 12 33 28
877 22 30 122 46 20 1 24 45 24 6 34 27
878 22 35 108 7 44 59 23 31 29 28 34 28
879 22 37 310 15 38 85 24 21 30 36 34 28
880 22 39 143 13 22 51 23 1 33 42 34 27
881 22 31 87 22 37 17 25 33 23 19 33 27
882 22 30 136 25 32 19 21 22 22 25 34 28
883 22 26 273 23 28 28 22 49 28 13 33 28
884 22 30 153 19 28 36 21 21 27 30 34 28
885 22 35 146 26 28 23 25 46 37 16 33 28
886 22 22 162 31 28 1 21 30 17 23 33 27
887 22 42 182 33 33 38 18 20 24 30 34 27
888 22 29 277 26 28 62 23 34 18 9 33 28
889 22 42 271 14 34 1 20 22 28 30 34 28
890 22 28 163 31 26 67 13 40 27 12 33 27
891 22 24 455 28 28 24 20 43 27 14 33 27
892 22 34 143 20 25 56 17 25 27 29 34 28
893 22 33 161 42 34 1 21 31 30 24 33 28
894 22 37 238 29 27 27 24 25 26 23 33 27
895 22 27 112 33 25 1 20 33 25 14 33 28
896 22 33 161 38 29 17 18 30 23 18 33 28
897 22 26 210 35 37 34 29 40 34 21 33 28
898 22 38 294 36 29 11 18 16 30 34 34 28
899 22 32 120 17 34 1 15 22 26 16 33 28
900 22 30 162 36 28 48 25 45 33 15 34 28
901 22 42 354 36 28 75 21 36 18 10 34 27
902 22 29 233 29 31 28 23 28 18 24 33 28
903 22 28 117 51 26 1 18 31 29 13 33 28
904 22 31 99 31 31 50 20 24 27 27 34 28
905 22 29 159 12 33 35 25 40 29 14 34 28
906 22 29 161 10 31 19 18 45 20 15 33 27
907 22 34 100 25 34 22 21 32 26 22 33 28
908 22 27 156 35 26 1 27 34 30 22 33 28
909 22 19 362 19 26 1 17 35 26 15 33 27
910 22 42 307 30 34 77 19 20 36 37 34 27
911 22 31 127 1 38 34 22 30 28 25 34 28
912 22 29 335 9 36 96 21 55 22 12 34 27
913 22 25 112 43 27 1 20 40 32 10 33 28
914 22 32 132 27 15 6 25 24 38 21 33 27
915 22 40 133 31 19 37 15 13 29 36 34 28
916 22 27 214 18 34 14 22 49 22 13 33 28
917 22 29 101 42 27 8 20 48 30 9 33 28
918 22 29 245 20 29 21 23 23 36 22 33 28
919 22 38 199 40 33 1 16 1 28 34 34 28
920 22 31 165 38 31 5 19 20 28 25 34 28
921 22 35 107 32 32 11 25 40 17 12 33 28
922 22 35 236 41 24 35 18 29 32 25 33 28
923 22 30 238 42 34 3 15 43 20 16 33 28
924 22 25 177 44 16 1 24 37 29 11 33 28
925 22 27 611 48 23 8 23 34 32 17 33 28
926 22 36 158 30 21 25 23 18 25 23 34 28
927 22 40 372 5 35 60 17 25 37 29 34 28
928 22 33 194 36 24 20 30 15 28 33 34 27
929 22 38 182 28 24 31 15 6 30 30 34 27
930 22 34 107 18 28 8 18 13 26 32 34 28
931 22 35 264 24 29 59 23 49 32 17 33 28
932 22 28 299 26 29 9 23 44 28 11 33 28
933 22 34 268 32 20 18 16 17 28 29 34 27
934 22 33 225 25 37 68 22 21 30 27 34 28
935 22 26 692 26 22 1 23 21 18 17 33 28
936 22 31 682 20 31 49 24 28 35 23 33 27
937 22 31 322 18 24 1 16 39 23 15 33 27
938 22 27 707 42 24 43 25 35 26 11 33 28
939 22 28 200 34 24 14 22 16 27 26 33 28
940 22 31 472 40 29 80 19 34 31 13 34 28
941 22 27 305 23 28 37 24 31 29 21 33 28
942 22 28 103 17 28 1 26 29 20 26 33 28
943 22 25 230 35 25 44 25 44 33 12 34 28
944 22 32 168 26 21 31 18 39 30 18 33 28
945 22 39 295 10 40 25 24 17 23 32 34 27
946 22 24 109 25 32 48 17 40 26 20 33 28
947 22 33 154 18 35 1 19 13 35 42 34 27
948 22 25 104 23 25 42 19 34 27 14 33 28
949 22 31 192 6 37 1 19 29 36 32 34 27
950 22 29 228 19 24 28 19 35 24 16 33 28
951 22 27 105 24 28 1 24 22 29 26 34 27
952 22 41 334 26 35 1 19 29 19 27 34 28
953 22 33 367 40 19 17 16 17 27 29 34 27
954 22 28 136 16 37 11 17 23 30 24 33 27
955 22 27 274 17 21 1 23 33 21 14 33 27
956 22 33 510 25 38 1 25 23 25 23 33 28
957 22 40 471 12 38 51 21 13 29 42 34 28
958 22 39 246 14 32 54 20 10 27 32 34 27
959 22 37 156 32 32 59 16 35 30 21 33 28
960 22 30 339 19 24 1 18 22 26 29 34 27
961 22 32 225 35 25 77 21 44 31 20 33 28
962 22 31 346 34 31 1 23 52 24 9 33 27
963 22 29 192 22 24 17 23 12 25 31 34 28
964 22 33 520 33 26 20 19 20 28 25 34 27
965 22 21 299 10 36 1 21 27 33 32 34 27
966 22 27 282 45 19 35 20 35 29 26 34 28
967 22 34 350 27 31 16 18 28 30 24 33 28
968 22 32 168 32 18 18 24 22 29 26 34 27
969 22 46 233 28 35 62 26 34 31 31 34 28
970 22 24 260 23 32 1 19 37 25 16 33 27
971 22 34 1086 19 26 59 24 26 16 27 34 27
972 22 30 214 27 30 36 19 41 27 8 33 28
973 22 32 203 18 30 3 17 32 30 17 34 28
974 22 33 104 28 34 72 24 50 34 9 34 27
975 22 26 215 41 32 26 24 54 35 4 34 28
976 22 33 97 29 27 48 13 18 36 31 34 27
977 22 37 112 32 38 1 23 32 31 17 33 28
978 22 28 176 23 31 13 30 54 31 12 33 28
979 22 38 139 37 33 1 22 24 23 25 33 28
980 22 30 176 19 28 26 22 42 28 23 33 28
981 22 32 303 47 27 1 22 31 31 25 34 28
982 22 32 131 18 30 1 15 23 26 21 34 28
983 22 36 379 50 22 1 22 34 26 11 33 27
984 22 32 105 26 26 57 20 32 34 21 33 27
985 22 26 173 22 28 1 19 26 29 18 33 28
986 22 39 408 25 32 30 26 11 30 27 34 28
987 22 24 233 25 27 34 23 31 18 16 33 27
988 22 36 321 12 38 19 30 40 31 24 33 28
989 22 32 232 31 30 9 19 38 21 10 34 28
990 22 36 144 28 26 39 26 42 38 21 33 28
991 22 24 151 27 32 54 22 44 17 13 33 27
992 22 32 412 20 36 10 20 42 23 20 34 28
993 22 41 158 11 36 50 17 14 36 43 34 28
994 22 30 342 34 30 27 21 41 25 19 33 28
995 22 34 226 30 30 15 24 35 19 20 33 28
996 22 31 379 16 37 1 17 17 40 29 34 28
997 22 33 327 21 30 1 19 5 28 29 34 27
998 22 28 166 24 30 56 26 47 32 22 33 28
999 22 26 526 29 30 39 21 28 31 22 33 28
1000 22 36 191 24 33 9 27 26 23 20 34 28
