1 22 24 36 357 33 73 23 37 32 592 34 27
2 22 22 21 166 24 5 19 43 33 1141 34 27
3 22 34 32 275 40 17 25 31 28 774 34 27
4 22 27 13 206 22 1 22 31 28 203 34 27
5 22 27 38 210 31 1 24 40 28 643 34 27
6 22 45 39 135 32 85 23 34 28 453 34 27
7 22 25 22 334 32 27 27 28 34 715 34 28
8 22 32 20 114 21 12 27 30 23 1228 34 27
9 22 18 12 151 23 3 18 39 27 725 34 27
10 22 29 31 138 33 88 21 42 20 1000 34 27
11 22 35 38 129 39 11 24 36 30 1186 34 27
12 22 30 39 126 25 68 23 48 32 527 34 27
13 22 32 30 208 35 75 26 37 32 988 34 27
14 22 31 32 125 34 19 21 30 27 605 34 27
15 22 32 39 184 44 19 22 45 30 443 34 27
16 22 25 32 273 25 30 23 25 29 737 34 27
17 22 33 25 155 23 31 18 28 29 554 34 27
18 22 26 22 183 26 57 24 33 26 513 34 27
19 22 42 26 284 20 7 17 11 25 393 34 27
20 22 25 22 174 26 27 17 32 33 591 34 27
21 22 31 24 364 23 1 22 41 19 1661 34 27
22 22 34 47 203 30 1 21 28 27 881 34 27
23 22 23 29 141 30 22 13 36 32 681 34 27
24 22 38 31 244 26 8 22 25 27 811 34 27
25 22 25 23 123 34 49 17 22 30 547 34 27
26 22 28 41 207 31 1 15 24 36 898 34 27
27 22 30 38 157 29 56 26 38 32 1174 34 28
28 22 34 27 199 37 4 17 13 31 570 34 27
29 22 31 41 124 32 1 17 19 31 1431 34 27
30 22 48 43 163 35 22 16 33 28 697 34 27
31 22 35 23 183 35 1 16 29 26 1262 34 27
32 22 52 38 298 22 21 28 29 20 1053 34 27
33 22 28 33 329 26 24 19 34 30 679 34 27
34 22 40 30 163 20 1 24 20 23 486 34 27
35 22 33 39 138 35 35 20 18 31 1090 34 27
36 22 27 34 158 34 20 19 25 19 742 34 27
37 22 30 17 269 28 35 22 13 26 599 34 27
38 22 22 29 161 25 55 20 47 24 1294 34 27
39 22 24 26 145 32 21 22 50 27 514 34 27
40 22 29 22 148 25 19 26 43 27 1029 34 27
41 22 33 37 221 35 49 23 36 32 963 34 27
42 22 19 17 140 31 27 19 37 34 450 34 27
43 22 33 40 235 35 1 20 30 26 799 34 27
44 22 31 35 204 29 15 16 11 30 795 34 27
45 22 25 26 121 33 1 16 45 30 683 34 27
46 22 37 36 192 31 29 24 10 22 644 34 27
47 22 34 40 413 22 20 25 16 18 890 34 27
48 22 39 29 116 21 38 18 20 25 850 34 27
49 22 24 21 155 31 1 24 36 19 748 34 27
50 22 34 13 141 20 1 18 6 28 566 34 27
51 22 33 33 241 21 48 20 28 17 999 34 27
52 22 26 22 198 24 17 15 28 30 1023 34 27
53 22 30 45 211 27 63 20 28 25 1017 34 27
54 22 36 43 323 30 55 23 19 31 557 34 27
55 22 32 27 205 29 27 19 23 21 813 34 27
56 22 34 33 179 32 92 16 35 31 697 34 27
57 22 22 15 117 18 5 22 20 30 1090 34 27
58 22 28 27 339 26 35 21 45 35 421 34 27
59 22 30 34 143 22 16 23 26 27 955 34 27
60 22 39 43 197 43 138 23 14 28 1690 34 27
61 22 29 35 165 33 34 16 25 29 1527 34 27
62 22 32 28 228 39 67 16 29 28 1035 34 27
63 22 28 31 361 31 18 17 22 21 705 34 27
64 22 40 32 294 32 73 25 20 19 1281 34 27
65 22 27 30 219 22 44 25 33 25 612 34 27
66 22 40 51 163 38 24 29 23 38 918 34 27
67 22 33 38 151 30 3 15 16 24 624 34 27
68 22 38 45 187 37 56 26 37 28 1080 34 27
69 22 27 22 273 30 23 22 27 28 1319 34 27
70 22 31 20 144 17 2 15 23 10 759 34 27
71 22 32 24 257 37 17 15 28 29 893 34 27
72 22 37 40 173 34 14 23 17 22 981 34 27
73 22 23 12 285 24 1 26 41 23 692 34 27
74 22 31 32 160 36 23 17 37 28 680 34 27
75 22 25 33 131 26 4 14 51 32 601 34 27
76 22 25 9 101 42 1 23 25 23 350 34 27
77 22 27 19 204 26 1 15 20 21 830 34 27
78 22 33 22 133 28 33 26 32 34 502 34 28
79 22 25 32 287 29 11 20 38 32 1135 34 27
80 22 34 38 270 45 3 21 20 25 1292 34 27
81 22 33 28 228 29 56 23 43 23 523 34 27
82 22 33 41 156 30 19 21 23 24 547 34 27
83 22 25 22 214 20 1 16 31 32 152 34 27
84 22 25 40 182 44 34 27 47 27 1027 34 27
85 22 44 33 192 35 1 22 13 30 957 34 27
86 22 32 41 147 38 1 20 45 30 678 34 27
87 22 35 35 209 31 28 16 28 23 1044 34 27
88 22 39 31 185 32 44 26 35 27 450 34 27
89 22 25 10 165 18 5 17 38 23 522 34 27
90 22 38 35 148 31 5 22 43 26 631 34 27
91 22 26 26 235 19 15 21 41 22 726 34 28
92 22 29 31 218 34 49 22 12 33 821 34 27
93 22 25 25 182 29 1 24 28 25 706 34 27
94 22 28 19 182 37 1 18 21 18 703 34 27
95 22 35 37 168 37 56 22 23 31 1240 34 27
96 22 29 35 157 28 11 18 31 31 706 34 27
97 22 27 20 132 26 9 20 42 33 388 34 27
98 22 20 14 144 19 1 18 35 31 411 34 27
99 22 42 42 160 28 1 26 9 34 781 34 27
100 22 35 29 150 27 35 29 27 23 420 34 27
101 22 26 29 195 38 52 23 23 27 825 34 27
102 22 32 38 184 29 1 17 18 22 688 34 27
103 22 34 34 420 29 53 15 38 30 1301 34 27
104 22 25 28 130 34 57 19 51 28 537 34 27
105 22 36 36 454 18 28 22 34 30 910 34 27
106 22 36 48 144 34 76 27 15 43 895 34 27
107 22 28 27 303 20 19 24 37 20 485 34 27
108 22 34 37 142 35 1 16 26 27 1148 34 27
109 22 28 26 143 22 37 26 17 24 689 34 27
110 22 33 40 153 25 41 16 22 27 354 34 27
111 22 32 38 151 41 15 25 17 33 713 34 27
112 22 28 33 454 29 29 25 1 29 730 34 27
113 22 31 17 137 34 1 22 30 32 565 34 27
114 22 30 15 115 19 54 21 43 28 391 34 27
115 22 28 34 251 33 73 23 36 26 665 34 27
116 22 21 31 135 36 118 20 51 31 464 34 27
117 22 30 36 218 21 78 27 20 26 522 34 27
118 22 28 41 142 37 53 24 31 28 876 34 27
119 22 38 38 211 39 25 21 32 22 1008 34 27
120 22 41 38 127 40 55 22 33 33 721 34 27
121 22 35 25 209 29 24 13 36 24 1085 34 27
122 22 30 24 218 19 44 25 23 20 650 34 27
123 22 30 46 190 33 15 24 35 28 669 34 27
124 22 34 34 180 28 1 16 1 22 598 34 27
125 22 29 39 172 27 55 15 10 23 1296 34 27
126 22 26 11 336 11 7 20 33 20 320 34 27
127 22 29 30 158 36 58 22 30 23 632 34 27
128 22 28 33 244 32 1 17 30 28 1151 34 27
129 22 35 30 125 26 25 14 24 17 565 34 27
130 22 34 29 218 26 59 19 33 20 701 34 27
131 22 27 34 176 39 56 17 39 22 1084 34 27
132 22 31 29 164 26 40 18 32 33 1033 34 27
133 22 30 30 206 33 68 25 32 25 1123 34 27
134 22 39 39 362 41 32 25 19 35 811 34 27
135 22 31 31 286 20 47 19 45 21 1066 34 27
136 22 27 29 151 25 35 24 32 24 1429 34 27
137 22 36 40 185 36 51 18 28 19 1157 34 27
138 22 30 43 282 22 62 29 44 27 497 34 27
139 22 26 25 193 34 51 23 33 28 559 34 27
140 22 20 14 140 30 10 17 34 32 28 33 27
141 22 26 20 155 27 22 18 20 25 667 34 27
142 22 22 14 148 30 14 25 30 29 663 33 27
143 22 22 28 179 24 36 20 47 34 602 34 27
144 22 37 35 192 26 1 18 21 27 687 34 27
145 22 33 37 455 19 15 24 25 28 925 34 27
146 22 21 22 198 27 25 19 26 32 707 34 27
147 22 37 33 141 20 1 17 32 31 803 34 27
148 22 27 20 146 25 57 23 35 24 926 34 27
149 22 37 41 369 28 28 22 20 30 902 34 27
150 22 27 16 159 27 1 20 22 21 531 34 27
151 22 27 25 139 18 1 18 42 25 507 34 27
152 22 32 40 172 21 26 26 28 23 1044 34 27
153 22 34 37 276 22 1 18 40 26 591 34 27
154 22 31 23 157 28 1 15 15 35 932 34 27
155 22 26 19 117 32 28 25 30 26 733 34 27
156 22 29 21 223 48 14 24 24 40 43 34 27
157 22 45 32 122 34 70 23 27 27 897 34 27
158 22 27 32 149 38 1 20 34 26 537 34 27
159 22 37 40 203 25 28 21 22 26 537 34 27
160 22 34 41 380 32 47 19 35 31 157 34 27
161 22 37 34 116 35 33 17 37 20 759 34 27
162 22 37 42 364 34 42 27 32 24 186 34 27
163 22 34 35 159 32 7 20 25 26 390 34 27
164 22 35 42 132 29 40 23 31 15 743 34 27
165 22 28 17 150 16 6 21 17 23 1086 34 27
166 22 38 39 278 39 1 19 25 31 605 34 27
167 22 30 19 153 37 58 25 34 36 1070 34 27
168 22 43 31 215 34 1 19 26 26 756 34 27
169 22 29 31 268 27 50 20 27 23 560 34 27
170 22 37 47 207 31 100 19 23 32 1066 34 27
171 22 32 21 195 33 31 15 32 23 954 34 27
172 22 37 30 156 24 65 25 29 23 714 34 27
173 22 28 25 158 22 28 23 31 30 1620 34 27
174 22 31 34 163 31 58 22 43 29 702 34 27
175 22 37 24 200 24 30 16 26 37 496 34 27
176 22 41 29 139 34 23 21 13 27 190 34 27
177 22 27 34 188 37 71 24 47 30 782 34 28
178 22 28 23 153 35 1 19 43 33 634 34 27
179 22 30 12 142 21 11 25 1 26 679 34 27
180 22 51 30 214 40 39 27 30 33 142 34 27
181 22 34 39 187 24 42 14 11 27 1023 34 27
182 22 32 38 173 26 92 20 9 23 739 34 27
183 22 31 21 123 28 19 20 4 36 630 34 27
184 22 39 32 370 31 1 13 20 35 1592 34 27
185 22 29 29 158 27 40 19 39 22 939 34 27
186 22 34 49 168 33 105 18 24 35 1554 34 28
187 22 34 28 143 32 57 25 48 33 658 34 27
188 22 27 29 112 31 70 21 31 29 499 34 27
189 22 31 30 168 27 6 14 15 23 1356 34 27
190 22 21 20 170 34 56 21 45 27 576 33 27
191 22 33 21 181 22 1 15 14 19 987 34 27
192 22 31 24 176 24 48 21 27 33 636 34 27
193 22 34 41 487 35 17 21 25 21 210 34 27
194 22 28 27 260 19 1 26 36 26 666 34 27
195 22 31 39 155 38 63 28 41 29 685 34 27
196 22 26 25 125 22 13 29 31 21 1631 34 27
197 22 24 11 200 12 5 32 45 31 93 34 27
198 22 33 44 115 43 39 14 18 30 1350 34 28
199 22 34 38 329 26 20 23 19 30 507 34 27
200 22 40 38 220 41 51 19 35 23 596 34 27
201 22 26 27 164 29 53 24 45 26 1113 33 27
202 22 26 12 119 24 1 23 19 22 1006 34 27
203 22 27 19 155 37 8 23 31 34 1264 34 27
204 22 37 36 680 37 1 27 13 34 680 34 27
205 22 33 35 191 25 16 17 20 30 603 34 27
206 22 35 34 138 28 5 17 20 29 246 34 27
207 22 36 29 170 30 60 19 29 24 800 34 27
208 22 34 29 139 32 6 18 25 28 530 34 27
209 22 25 16 249 28 1 22 18 29 999 34 27
210 22 38 37 146 36 35 16 5 30 734 34 27
211 22 33 38 210 40 74 21 37 33 507 34 27
212 22 38 32 172 15 41 22 36 27 796 34 27
213 22 28 22 143 27 36 18 29 26 1537 34 27
214 22 37 22 248 22 1 16 21 27 1721 34 27
215 22 34 36 134 40 37 20 11 28 931 34 27
216 22 33 37 125 38 57 22 26 32 696 34 27
217 22 24 18 211 26 1 19 33 30 813 34 27
218 22 24 29 185 22 13 23 27 21 561 34 27
219 22 30 37 114 37 59 16 34 28 828 34 27
220 22 28 16 134 22 1 18 31 25 630 34 27
221 22 37 32 201 20 46 18 8 24 1548 34 27
222 22 23 23 156 22 1 15 22 27 736 33 27
223 22 27 35 121 38 45 10 30 24 659 34 28
224 22 25 35 191 20 4 15 33 34 573 34 27
225 22 24 23 210 26 35 16 43 31 636 34 27
226 22 36 31 205 21 2 22 24 26 800 34 27
227 22 30 33 135 29 63 20 29 23 843 34 27
228 22 33 37 205 32 51 16 44 33 754 34 27
229 22 34 20 133 30 1 13 27 18 1301 34 27
230 22 23 24 196 25 31 27 37 28 740 34 27
231 22 28 15 403 24 1 27 42 41 951 34 27
232 22 40 32 166 25 21 24 16 32 840 34 27
233 22 26 12 223 29 35 21 20 21 664 34 27
234 22 26 26 198 22 15 24 34 29 1000 34 27
235 22 43 37 135 24 55 17 23 15 986 34 27
236 22 28 25 175 35 65 22 25 28 241 34 27
237 22 32 37 160 29 1 14 16 29 492 34 27
238 22 29 39 201 36 71 22 48 29 561 34 27
239 22 38 41 130 28 86 20 18 32 892 34 28
240 22 30 31 183 25 1 19 8 21 901 34 27
241 22 33 38 198 37 1 17 23 35 866 34 27
242 22 34 37 382 21 35 21 19 19 639 34 27
243 22 42 40 164 22 39 17 26 19 373 34 27
244 22 30 27 250 24 86 25 43 26 898 34 27
245 22 41 36 332 30 25 14 12 28 870 34 27
246 22 27 25 210 31 57 23 20 32 691 34 27
247 22 40 38 345 32 27 20 35 21 331 34 27
248 22 29 23 135 28 26 22 27 17 517 34 27
249 22 38 30 234 39 63 16 16 26 594 34 27
250 22 39 36 148 26 36 22 42 26 581 34 27
251 22 27 31 528 26 45 21 33 31 644 34 27
252 22 30 26 695 22 1 17 22 24 1905 34 27
253 22 34 41 269 25 14 18 12 21 1131 34 27
254 22 37 47 181 40 55 21 34 29 285 34 27
255 22 21 30 126 28 66 13 33 30 503 34 27
256 22 35 30 171 32 11 17 19 24 822 34 27
257 22 31 37 375 27 55 21 21 31 831 34 27
258 22 31 21 302 21 1 16 35 23 708 34 27
259 22 29 32 504 31 37 23 33 26 1661 34 27
260 22 29 27 198 28 1 26 28 25 839 34 27
261 22 32 34 167 35 42 14 11 33 694 34 27
262 22 39 36 186 28 37 25 17 22 763 34 27
263 22 42 32 145 32 27 16 20 12 552 34 27
264 22 34 18 153 27 1 18 12 23 637 34 27
265 22 46 29 202 34 18 17 23 29 888 34 27
266 22 25 18 145 29 31 22 39 24 625 34 27
267 22 25 19 324 29 1 14 26 23 1630 34 27
268 22 27 29 179 25 2 20 23 26 497 34 27
269 22 28 30 225 23 40 20 13 28 732 34 27
270 22 33 30 371 34 22 17 36 335 339 34 27
271 22 29 31 217 40 50 21 17 40 1761 34 28
272 22 32 37 285 35 42 25 10 22 772 34 27
273 22 36 25 206 27 31 22 27 21 1055 34 27
274 22 34 23 139 34 1 17 1 40 312 34 27
275 22 35 34 326 31 26 20 23 21 672 34 27
276 22 33 29 215 25 32 20 27 20 1295 34 27
277 22 26 27 459 29 13 25 37 22 747 34 27
278 22 33 22 485 24 1 23 24 27 756 34 27
279 22 30 34 124 38 35 20 10 24 2006 34 27
280 22 28 14 102 31 4 18 9 34 1037 34 27
281 22 33 21 190 33 6 19 33 18 840 34 27
282 22 26 26 251 28 1 17 42 19 733 34 27
283 22 29 24 86 31 59 27 43 25 737 34 27
284 22 36 34 319 27 1 29 26 22 883 34 27
285 22 32 37 207 37 5 16 18 28 438 34 28
286 22 28 25 129 28 41 26 25 30 1225 34 27
287 22 30 39 147 30 1 19 25 22 1233 34 27
288 22 47 48 267 36 76 23 25 27 584 34 27
289 22 28 19 117 24 1 21 31 26 503 34 27
290 22 28 28 344 23 1 21 29 260 1095 34 27
291 22 31 41 178 31 75 23 38 29 1102 34 27
292 22 35 22 189 26 1 24 33 30 1370 34 27
293 22 38 25 150 26 1 23 29 30 665 34 27
294 22 29 19 144 25 30 24 12 27 561 34 27
295 22 34 39 218 32 1 27 30 22 1598 34 27
296 22 28 23 245 33 17 12 40 27 586 34 27
297 22 47 34 171 17 23 19 28 17 1387 34 27
298 22 24 21 273 21 75 18 42 19 577 34 27
299 22 36 41 169 37 39 24 6 23 1359 34 27
300 22 27 33 180 33 86 21 35 19 783 34 27
301 22 35 32 270 32 1 16 17 29 968 34 27
302 22 44 43 361 36 4 17 35 23 725 34 27
303 22 23 16 280 27 1 17 27 28 553 34 27
304 22 25 28 149 30 30 23 31 25 1200 34 27
305 22 41 36 143 30 51 16 26 19 929 34 27
306 22 39 36 162 34 1 16 10 30 878 34 27
307 22 30 37 232 12 1 21 25 29 823 34 27
308 22 39 45 224 31 80 20 17 29 621 34 27
309 22 46 35 178 32 53 24 42 20 1705 34 27
310 22 30 21 288 24 50 25 33 18 988 34 27
311 22 32 27 210 32 64 21 24 29 773 34 27
312 22 34 30 459 17 15 21 14 28 1226 34 27
313 22 29 24 268 35 1 22 22 29 688 34 27
314 22 33 39 152 33 45 20 48 38 828 34 27
315 22 27 28 389 36 84 21 22 29 2007 34 27
316 22 45 34 176 27 42 21 7 31 586 34 27
317 22 25 30 252 29 50 24 33 30 550 34 27
318 22 43 47 153 36 1 21 15 26 910 34 27
319 22 39 43 131 34 60 28 11 30 291 34 27
320 22 28 30 270 22 39 17 37 22 619 34 27
321 22 29 34 218 35 59 26 23 28 841 34 27
322 22 24 28 136 34 29 24 44 29 479 34 27
323 22 50 28 235 15 1 26 35 27 709 34 28
324 22 24 22 157 35 26 26 47 27 2006 34 27
325 22 23 20 180 38 1 18 27 30 943 34 27
326 22 31 37 278 36 18 19 26 33 820 34 27
327 22 30 36 181 33 2 17 45 31 1797 34 27
328 22 31 25 171 29 30 18 22 26 521 34 27
329 22 34 20 262 28 51 19 31 31 812 34 28
330 22 32 32 167 37 25 25 30 30 1158 34 27
331 22 28 38 330 25 1 23 45 36 1167 34 28
332 22 25 17 245 30 12 15 14 25 461 34 27
333 22 38 21 146 16 35 21 19 21 964 34 27
334 22 32 44 127 38 85 23 32 30 733 34 27
335 22 33 30 235 26 22 21 28 23 1426 34 27
336 22 35 29 141 39 12 23 5 23 368 34 27
337 22 27 23 150 26 27 22 39 29 2006 34 27
338 22 26 21 124 38 1 17 30 33 785 34 27
339 22 36 42 232 28 77 23 30 23 1037 34 27
340 22 39 24 205 14 1 17 18 22 753 34 27
341 22 26 35 133 29 12 24 29 31 1107 34 27
342 22 29 28 143 40 61 13 31 25 578 34 27
343 22 35 39 183 38 36 20 15 27 1558 34 27
344 22 22 23 159 25 9 28 41 33 109 34 27
345 22 31 34 130 29 1 17 40 25 607 34 27
346 22 29 22 123 24 19 21 3 30 937 34 27
347 22 34 43 213 30 1 29 22 28 709 34 27
348 22 32 33 163 21 19 20 35 28 721 34 27
349 22 29 27 114 26 42 17 25 28 1292 34 27
350 22 23 14 183 34 1 20 24 19 461 34 27
351 22 28 34 167 28 31 19 31 27 791 34 28
352 22 20 7 109 30 1 23 24 33 573 34 27
353 22 28 20 219 32 12 19 24 20 492 34 27
354 22 26 35 1016 67 1 267 335 212 805 34 27
355 22 40 42 135 23 88 17 34 30 571 34 27
356 22 29 32 255 34 1 273 33 32 1433 34 27
357 22 32 38 267 34 116 25 26 28 651 34 27
358 22 31 33 138 21 49 22 41 19 588 34 27
359 22 19 15 172 30 43 26 58 29 1121 34 27
360 22 33 30 147 28 68 21 38 31 453 34 27
361 22 37 38 133 25 59 23 32 23 1133 34 27
362 22 37 22 179 21 24 20 11 28 1081 34 27
363 22 30 29 311 33 12 20 14 31 716 34 27
364 22 21 21 151 24 17 22 34 22 443 34 27
365 22 42 46 194 29 82 20 34 23 934 34 27
366 22 24 27 157 30 26 27 41 26 712 34 27
367 22 23 15 207 35 18 19 36 29 615 34 27
368 22 32 31 195 25 1 22 17 19 827 34 27
369 22 66 23 264 127 174 39 38 300 1813 34 27
370 22 22 6 341 20 1 23 38 22 1127 34 27
371 22 30 28 644 26 16 25 31 29 623 34 27
372 22 34 34 234 24 35 14 28 23 358 34 27
373 22 20 11 115 28 1 20 33 24 846 34 27
374 22 29 24 158 33 15 27 19 34 306 34 27
375 22 30 27 127 37 19 23 37 36 1040 34 27
376 22 26 32 191 30 14 23 18 27 520 34 27
377 22 31 21 337 35 1 26 19 24 2007 34 27
378 22 39 37 155 24 15 21 19 25 249 34 27
379 22 21 21 198 25 1 15 42 28 600 34 27
380 22 23 18 148 33 69 21 46 31 651 34 27
381 22 32 26 355 20 21 19 34 28 566 34 27
382 22 38 35 174 22 1 26 15 23 736 34 27
383 22 28 32 266 24 1 19 31 33 1005 34 27
384 22 33 30 579 32 53 25 4 23 990 34 27
385 22 29 31 135 22 69 27 30 29 537 34 27
386 22 36 34 181 37 72 16 16 19 698 34 27
387 22 22 14 131 30 22 24 16 29 1450 34 27
388 22 31 34 193 18 1 21 32 21 1376 34 27
389 22 21 19 146 20 1 18 33 30 659 34 27
390 22 39 31 182 23 46 19 23 30 765 34 27
391 22 29 22 128 34 38 20 55 18 508 34 27
392 22 30 36 295 33 1 16 23 24 1314 34 27
393 22 26 15 110 20 28 24 14 26 170 33 27
394 22 33 46 124 35 44 20 32 28 1269 34 27
395 22 40 24 178 26 45 22 28 21 529 34 27
396 22 30 29 527 42 1 21 23 33 873 34 27
397 22 20 27 189 29 50 22 51 25 673 34 27
398 22 31 30 411 31 10 17 13 20 542 34 27
399 22 23 18 149 31 30 20 39 32 185 34 27
400 22 23 27 285 29 15 18 35 23 616 34 27
401 22 23 23 193 17 21 15 27 24 743 34 27
402 22 31 39 116 35 94 14 29 28 550 34 27
403 22 29 26 228 20 32 18 29 24 1249 34 27
404 22 32 28 152 37 1 17 30 33 686 34 27
405 22 37 35 158 39 31 22 43 24 784 34 27
406 22 29 31 160 37 48 23 21 17 1357 34 27
407 22 34 31 130 34 77 20 28 28 699 34 27
408 22 28 10 192 13 1 19 18 26 895 34 27
409 22 40 46 310 31 50 28 35 30 814 34 27
410 22 28 19 161 24 1 23 20 25 902 34 27
411 22 37 29 164 25 32 26 31 18 779 34 27
412 22 39 41 215 32 45 20 17 31 636 34 27
413 22 30 33 137 39 23 19 17 28 507 34 27
414 22 31 38 284 29 1 18 11 29 521 34 27
415 22 23 15 160 28 46 21 45 36 779 34 27
416 22 30 34 149 29 27 21 22 31 1339 34 27
417 22 27 18 166 25 1 24 32 29 580 34 27
418 22 24 18 266 24 81 23 46 22 705 34 27
419 22 34 39 237 34 18 12 15 29 1343 34 27
420 22 26 18 223 16 1 15 25 29 742 34 27
421 22 36 35 403 24 25 21 27 33 978 34 27
422 22 23 21 197 21 1 18 35 29 196 34 27
423 22 35 46 155 25 21 19 12 30 1035 34 27
424 22 38 41 163 43 90 27 25 31 2006 34 27
425 22 37 47 226 32 53 29 31 43 768 34 27
426 22 30 24 137 25 38 27 24 20 1081 34 27
427 22 26 21 251 18 3 19 44 27 529 34 27
428 22 33 37 183 15 14 20 19 27 707 34 27
429 22 26 22 214 25 57 18 19 31 618 34 27
430 22 29 38 141 29 52 21 56 30 934 34 27
431 22 24 19 266 21 28 20 29 27 822 34 27
432 22 29 42 99 39 86 22 35 32 259 34 27
433 22 32 24 296 22 4 21 25 25 791 34 27
434 22 34 36 910 25 69 27 26 29 2006 34 27
435 22 31 28 173 23 16 28 15 25 715 34 27
436 22 48 38 158 33 54 17 15 25 1526 34 27
437 22 27 17 128 10 20 19 48 24 1919 34 27
438 22 35 42 220 31 72 19 27 29 948 34 27
439 22 29 25 164 30 5 13 42 27 613 34 27
440 22 29 36 218 39 48 26 26 24 520 34 27
441 22 42 33 213 32 1 24 23 31 659 34 27
442 22 25 34 186 34 1 22 44 26 835 34 27
443 22 37 29 291 39 1 20 27 35 1486 34 27
444 22 30 28 167 28 74 19 39 28 534 34 27
445 22 35 42 121 37 34 22 8 32 521 34 27
446 22 28 28 184 18 29 29 37 14 168 34 27
447 22 35 38 259 28 48 25 38 26 640 34 27
448 22 29 29 163 33 36 19 28 29 636 34 27
449 22 29 29 146 24 61 29 41 24 1042 34 27
450 22 63 37 272 32 1 19 14 29 758 34 27
451 22 31 27 130 26 1 19 24 29 844 34 27
452 22 34 29 196 32 6 14 25 25 689 34 27
453 22 24 24 193 15 1 20 38 22 717 34 27
454 22 31 38 196 31 55 24 41 30 886 34 27
455 22 32 23 165 24 61 17 11 21 776 34 27
456 22 34 43 274 40 1 28 29 30 1655 34 27
457 22 24 17 198 21 23 18 28 34 692 34 27
458 22 27 27 240 33 67 19 46 28 312 34 27
459 22 29 29 154 27 62 25 31 23 1171 34 27
460 22 33 26 272 33 26 17 34 20 355 34 27
461 22 32 34 229 21 12 17 28 32 931 34 27
462 22 27 29 734 27 51 21 34 27 393 34 27
463 22 28 28 321 24 14 18 32 30 724 34 27
464 22 24 19 166 28 63 16 33 24 746 34 27
465 22 44 43 450 32 62 27 29 27 413 34 27
466 22 31 31 147 29 1 18 11 22 670 34 27
467 22 38 45 108 37 13 23 1 28 1056 34 27
468 22 26 26 173 28 44 21 29 25 704 34 27
469 22 33 33 161 24 63 18 32 24 775 34 27
470 22 28 36 257 26 66 28 38 27 883 34 27
471 22 32 35 99 44 1 18 24 48 977 34 27
472 22 28 38 252 21 1 201 28 35 601 34 27
473 22 28 34 233 25 43 22 39 23 812 34 27
474 22 32 40 172 23 32 23 31 29 1196 34 27
475 22 27 23 117 33 56 20 27 27 1984 34 27
476 22 1469 2005 628 282 1219 146 39 77 126 34 27
477 22 27 26 141 29 1 17 24 29 571 34 27
478 22 30 23 127 29 18 16 25 22 295 34 27
479 22 28 30 144 28 1 142 14 22 967 34 27
480 22 30 25 270 38 1 21 43 27 1430 34 27
481 22 25 13 239 17 1 23 25 33 444 34 27
482 22 35 21 218 30 1 20 24 36 644 34 27
483 22 39 30 282 26 51 21 8 20 1532 34 27
484 22 27 18 224 22 1 19 9 20 598 34 27
485 22 30 20 128 33 9 23 25 35 879 34 27
486 22 48 43 188 26 1 22 16 16 622 34 27
487 22 26 26 350 13 16 23 25 29 813 34 27
488 22 35 28 145 19 1 22 13 24 1007 34 27
489 22 16 18 300 29 1 24 25 32 344 34 27
490 22 29 34 407 23 59 21 23 28 811 34 28
491 22 31 35 121 39 22 22 35 29 1090 34 27
492 22 33 25 122 10 19 19 11 12 1632 34 27
493 22 27 21 255 24 10 20 25 20 579 34 27
494 22 32 23 173 23 25 16 10 24 959 34 27
495 22 26 23 180 30 42 25 33 27 512 34 27
496 22 32 45 139 37 44 21 32 26 496 34 27
497 22 25 26 180 24 1 24 30 21 616 34 27
498 22 27 31 154 33 1 13 26 25 713 34 27
499 22 37 42 200 41 54 16 36 27 888 34 27
500 22 22 29 322 15 52 22 36 23 670 34 27
501 22 30 27 105 39 12 17 45 28 593 34 27
502 22 27 33 260 32 51 19 37 30 583 34 27
503 22 36 33 498 44 64 21 24 27 608 34 27
504 22 31 30 211 24 1 27 32 24 807 34 27
505 22 25 29 244 35 7 19 40 32 710 34 27
506 22 25 35 169 29 1 26 26 33 531 34 27
507 22 31 34 127 31 17 21 23 24 824 34 27
508 22 25 38 197 37 41 17 46 18 552 34 27
509 22 27 21 139 39 21 22 22 26 1197 34 27
510 22 30 27 193 19 1 19 32 34 831 34 27
511 22 37 39 191 31 33 20 27 35 692 34 27
512 22 30 34 238 26 10 16 25 27 237 34 27
513 22 34 41 122 36 25 22 12 24 1532 34 27
514 22 31 30 840 38 1 32 25 23 1245 34 27
515 22 22 18 197 12 1 23 39 28 673 34 27
516 22 25 23 269 30 1 18 21 36 1259 34 27
517 22 28 22 164 28 55 23 34 28 871 34 27
518 22 36 28 238 27 38 26 23 29 442 34 27
519 22 31 31 223 38 19 22 28 28 790 34 27
520 22 31 38 120 39 24 21 44 19 763 34 27
521 22 44 45 177 30 37 21 4 38 498 34 27
522 22 33 38 222 31 38 17 16 24 1032 34 27
523 22 26 28 209 27 1 28 27 43 750 34 27
524 22 51 42 132 42 85 26 22 31 1065 34 28
525 22 30 30 147 34 27 16 43 20 553 34 27
526 22 27 22 181 26 38 19 32 33 732 34 27
527 22 47 9 146 18 13 17 23 36 1136 34 27
528 22 31 32 205 27 39 17 30 21 927 34 27
529 22 44 48 151 38 90 26 14 27 995 34 27
530 22 26 32 170 27 1 18 29 23 909 33 27
531 22 30 33 152 34 52 20 40 23 847 34 27
532 22 37 30 149 31 81 19 28 24 928 34 27
533 22 33 31 162 20 85 22 23 26 584 34 27
534 22 30 33 200 25 1 23 31 30 1000 34 27
535 22 35 32 907 25 16 22 22 30 848 34 27
536 22 24 20 144 30 1 26 23 27 945 34 27
537 22 25 28 185 29 50 45 36 19 800 34 27
538 22 32 29 177 25 27 23 35 27 635 34 27
539 22 30 28 145 33 20 22 20 28 813 34 27
540 22 33 30 108 45 41 22 7 34 802 34 27
541 22 38 32 339 21 16 22 28 29 925 34 27
542 22 24 15 884 26 26 21 36 19 694 34 27
543 22 40 43 493 38 1 20 37 26 1220 34 27
544 22 23 26 109 26 1 29 26 24 873 34 27
545 22 38 38 488 24 13 21 1 33 2006 34 27
546 22 27 35 187 25 23 22 40 26 755 34 27
547 22 27 28 150 28 36 24 20 29 634 34 27
548 22 33 38 148 22 13 19 34 33 666 34 27
549 22 27 32 269 25 52 16 35 33 779 34 27
550 22 31 39 215 28 43 20 37 36 570 34 27
551 22 25 32 205 36 1 23 18 34 725 34 27
552 22 52 31 192 32 61 24 32 29 689 34 27
553 22 20 23 284 36 33 26 32 21 1280 34 28
554 22 33 37 457 33 15 16 31 26 1989 34 27
555 22 31 36 175 30 57 26 42 32 918 34 27
556 22 24 18 650 27 6 20 42 15 657 33 27
557 22 31 29 139 21 24 27 37 18 1481 34 27
558 22 27 32 165 32 23 21 39 20 726 34 27
559 22 38 30 187 30 56 21 34 28 478 34 27
560 22 22 24 157 34 36 16 49 26 707 34 27
561 22 25 20 111 31 31 30 46 22 632 34 27
562 22 29 30 233 27 52 22 26 33 515 34 27
563 22 28 20 118 22 1 17 15 31 902 34 27
564 22 33 35 190 35 18 19 12 27 561 34 27
565 22 28 35 155 36 26 22 43 31 643 34 27
566 22 33 37 148 30 12 16 27 27 703 34 27
567 22 37 34 211 26 61 24 21 32 661 34 27
568 22 35 34 187 18 1 21 30 56 1346 34 27
569 22 28 23 431 27 10 22 44 24 839 34 27
570 22 31 33 197 25 57 23 46 30 659 34 27
571 22 30 35 96 34 65 19 17 27 651 34 27
572 22 29 18 178 30 9 22 28 19 574 34 27
573 22 29 36 268 42 18 23 16 26 591 34 27
574 22 26 22 132 23 1 16 10 23 1278 34 27
575 22 27 30 134 37 1 19 41 27 1113 34 27
576 22 18 21 116 32 18 25 41 26 640 34 27
577 22 27 32 369 25 67 25 38 20 447 34 27
578 22 45 37 180 40 1 25 8 28 884 34 27
579 22 30 26 189 30 93 21 40 19 913 34 27
580 22 25 20 101 38 1 15 27 29 552 34 27
581 22 34 34 269 33 23 28 25 29 1353 34 27
582 22 32 31 144 31 74 24 38 32 713 34 27
583 22 30 39 210 30 37 13 23 24 739 34 27
584 22 31 27 222 34 13 22 12 34 820 34 27
585 22 33 37 115 38 23 15 20 29 2007 34 27
586 22 33 27 192 29 57 18 31 20 783 34 27
587 22 29 32 140 33 36 21 15 31 590 34 27
588 22 32 28 321 35 69 25 41 27 668 34 28
589 22 36 42 199 40 62 19 33 26 745 34 27
590 22 27 30 187 20 62 23 18 18 707 34 27
591 22 30 37 152 36 44 24 39 33 310 34 27
592 22 30 38 401 41 59 17 37 25 1021 34 27
593 22 34 33 243 29 32 18 32 29 774 34 27
594 22 26 27 159 36 60 22 44 21 687 34 27
595 22 30 25 301 30 38 24 42 24 579 34 27
596 22 26 33 296 24 45 15 22 21 668 34 27
597 22 45 36 213 27 93 15 27 29 1410 34 27
598 22 28 36 185 24 23 18 30 23 912 34 27
599 22 32 39 119 33 29 24 7 34 1330 34 27
600 22 40 40 182 33 1 22 14 29 974 34 27
601 22 24 10 214 23 21 18 40 32 1373 34 27
602 22 23 23 147 32 34 21 49 28 515 34 27
603 22 26 19 271 31 72 23 45 26 881 34 27
604 22 25 33 215 30 62 27 40 25 237 34 28
605 22 23 17 156 24 8 19 33 19 559 34 27
606 22 40 31 119 35 26 26 18 34 373 34 28
607 22 30 37 176 19 30 14 23 35 570 34 27
608 22 22 25 149 33 8 15 34 24 387 34 27
609 22 25 37 324 28 62 15 31 25 710 34 27
610 22 37 32 128 33 28 20 22 28 727 34 27
611 22 26 36 331 30 1 17 41 35 571 34 27
612 22 33 37 164 36 55 25 13 27 793 34 27
613 22 23 20 230 23 17 23 29 29 675 34 27
614 22 24 17 204 23 1 23 38 26 960 34 27
615 22 29 29 224 32 58 15 27 32 828 34 27
616 22 37 29 219 26 36 23 28 25 171 34 27
617 22 37 43 324 34 30 18 19 35 721 34 27
618 22 23 37 171 30 42 21 52 23 545 34 27
619 22 28 33 211 30 43 20 25 27 402 34 27
620 22 44 51 168 29 49 26 6 30 929 34 27
621 22 31 12 162 26 69 25 40 17 471 34 27
622 22 31 42 129 26 99 22 40 17 557 34 27
623 22 32 22 143 20 27 21 38 20 804 34 27
624 22 28 34 140 31 52 22 29 26 554 34 27
625 22 29 17 123 30 1 20 33 24 540 34 27
626 22 35 45 164 37 1 21 1 35 1054 34 27
627 22 28 38 196 37 76 20 47 27 754 34 27
628 22 35 29 142 24 13 28 25 31 623 34 27
629 22 1308 1824 487 205 389 31 114 119 795 34 27
630 22 32 35 181 29 21 27 45 23 417 34 27
631 22 28 25 126 32 1 25 24 26 564 34 27
632 22 19 23 134 39 72 21 42 162 825 34 27
633 22 27 23 150 38 1 21 31 33 649 34 27
634 22 40 38 139 25 5 28 44 28 921 34 27
635 22 24 25 147 23 64 28 37 27 1143 34 27
636 22 32 36 293 35 39 25 13 27 892 34 27
637 22 26 27 125 30 63 23 29 23 762 34 27
638 22 29 20 122 30 1 19 30 29 877 34 28
639 22 32 36 149 32 67 21 24 24 677 34 28
640 22 23 12 226 30 34 17 40 31 766 34 27
641 22 31 39 244 31 97 18 37 29 346 34 27
642 22 27 33 181 22 21 21 29 26 608 34 27
643 22 30 27 186 29 46 23 28 27 1282 34 27
644 22 32 38 287 44 83 16 17 30 684 34 27
645 22 29 31 197 31 32 22 26 30 1092 34 27
646 22 27 20 163 22 1 23 35 30 1056 34 27
647 22 28 31 187 32 1 19 42 28 504 34 27
648 22 38 9 151 22 1 23 17 18 506 34 27
649 22 22 19 669 24 1 24 35 43 578 34 27
650 22 24 16 164 28 17 13 40 30 470 34 27
651 22 30 21 212 17 1 15 25 27 707 34 27
652 22 38 39 251 24 1 16 1 19 803 34 27
653 22 38 46 221 42 37 23 25 32 951 34 27
654 22 34 38 194 41 4 20 30 36 638 34 27
655 22 33 25 137 27 6 22 25 30 1602 34 27
656 22 30 39 125 37 1 20 49 35 991 34 27
657 22 30 25 128 26 25 25 32 26 801 34 27
658 22 35 38 149 29 4 18 3 28 772 34 27
659 22 33 38 217 15 25 28 36 27 1182 34 27
660 22 27 43 155 39 8 24 34 26 891 34 27
661 22 27 33 163 25 1 25 26 27 839 34 27
662 22 41 33 292 29 7 21 14 34 809 34 27
663 22 27 37 207 26 49 18 17 28 657 34 28
664 22 30 24 269 24 23 20 29 30 828 34 27
665 22 37 31 116 41 62 21 29 30 1121 34 27
666 22 28 35 308 38 50 15 41 24 1398 34 27
667 22 27 27 334 32 64 26 45 15 1094 34 27
668 22 29 34 154 35 1 16 24 24 1494 34 27
669 22 30 17 197 24 1 21 21 24 780 34 27
670 22 34 22 147 27 15 19 17 27 1279 34 27
671 22 21 13 135 26 1 16 43 29 1181 34 27
672 22 27 30 254 25 1 18 33 33 1188 34 27
673 22 36 40 165 32 1 24 18 24 808 34 27
674 22 34 36 258 20 34 22 23 29 475 34 27
675 22 37 30 188 45 1 18 3 33 852 34 27
676 22 36 40 285 24 87 22 25 21 897 34 27
677 22 26 33 155 30 36 25 26 33 756 34 27
678 22 27 36 727 34 73 16 44 26 628 34 27
679 22 40 33 264 24 37 18 38 25 628 34 27
680 22 28 20 172 21 1 24 30 25 892 34 27
681 22 30 33 141 28 54 25 21 26 561 34 27
682 22 42 29 172 34 1 20 18 23 649 34 27
683 22 30 28 224 33 1 30 34 29 931 34 27
684 22 28 28 548 34 25 27 35 24 582 34 27
685 22 32 37 132 38 49 18 32 30 750 34 27
686 22 27 26 163 35 62 22 41 32 551 34 28
687 22 36 42 369 27 38 29 26 28 665 34 27
688 22 37 17 223 23 31 24 13 19 650 34 27
689 22 23 23 179 30 1 28 49 29 841 34 27
690 22 32 45 175 34 12 18 31 30 1203 34 27
691 22 26 21 118 28 26 17 26 22 1073 34 27
692 22 28 25 152 31 1 24 15 36 555 34 27
693 22 20 26 357 24 55 20 35 29 631 34 27
694 22 26 23 193 26 29 27 36 26 1180 34 27
695 22 23 19 195 34 23 26 47 33 163 34 27
696 22 31 22 150 30 1 22 36 20 1406 34 27
697 22 31 32 136 36 1 24 23 36 224 34 27
698 22 35 35 274 32 80 28 39 29 878 34 27
699 22 37 32 173 22 29 18 17 21 863 34 27
700 22 32 28 211 25 10 21 23 27 741 34 27
701 22 29 31 257 28 1 19 32 17 918 34 27
702 22 28 22 187 27 15 24 20 30 612 34 28
703 22 33 36 155 30 54 25 31 35 1483 34 27
704 22 27 23 180 19 11 18 30 31 815 34 27
705 22 23 30 135 34 26 16 47 25 695 34 27
706 22 34 31 154 22 50 16 25 21 856 34 27
707 22 21 22 133 18 14 20 30 31 785 34 27
708 22 37 28 325 31 49 15 22 29 739 34 27
709 22 29 28 171 37 1 22 13 40 772 34 27
710 22 25 31 233 29 17 15 12 31 659 34 27
711 22 29 31 176 27 4 19 31 19 885 34 27
712 22 20 19 155 25 33 19 37 36 710 34 28
713 22 31 29 161 19 35 12 31 14 1076 34 27
714 22 38 21 151 25 19 24 18 20 623 34 27
715 22 32 31 148 22 13 20 18 23 721 34 27
716 22 29 18 221 28 1 22 30 24 528 34 27
717 22 34 37 144 33 23 22 37 29 686 34 27
718 22 27 32 161 21 23 28 19 23 1272 34 27
719 22 28 42 154 39 62 24 39 28 1258 34 27
720 22 31 32 202 22 7 20 34 25 498 34 27
721 22 28 37 547 33 36 26 29 28 1166 34 27
722 22 32 31 312 28 35 23 22 19 575 34 27
723 22 32 40 105 32 77 18 28 25 807 34 27
724 22 33 43 269 26 54 19 33 27 1081 34 27
725 22 35 36 279 33 44 26 20 32 324 34 27
726 22 29 23 132 18 44 18 37 21 547 34 27
727 22 23 8 117 33 9 16 40 17 636 34 27
728 22 26 28 281 27 1 16 26 29 792 34 27
729 22 27 30 127 31 12 21 17 28 613 34 27
730 22 31 36 310 29 54 22 42 29 648 34 27
731 22 36 31 317 30 39 20 40 28 1848 34 27
732 22 29 33 352 29 1 18 17 28 863 34 27
733 22 30 34 220 38 1 15 10 35 588 34 28
734 22 33 26 186 29 47 21 34 27 703 34 27
735 22 40 33 208 33 58 17 22 23 1177 34 27
736 22 23 8 104 17 20 20 36 22 823 34 27
737 22 24 26 146 35 58 21 40 28 721 34 27
738 22 26 28 149 14 46 22 18 29 532 34 27
739 22 34 33 139 33 71 27 49 22 853 34 27
740 22 22 17 133 24 1 21 39 25 618 34 27
741 22 28 37 203 23 10 20 29 29 594 34 27
742 22 36 38 138 30 44 24 262 26 783 34 27
743 22 29 33 158 29 8 19 17 26 1090 34 27
744 22 41 27 300 25 27 21 15 23 874 34 27
745 22 36 40 173 33 59 24 23 28 867 34 27
746 22 33 33 157 25 40 26 17 25 1244 34 27
747 22 28 36 323 33 30 27 32 18 247 34 27
748 22 34 35 175 17 40 18 25 21 1120 34 27
749 22 32 35 138 30 61 22 46 22 1602 34 27
750 22 31 25 259 24 15 24 33 39 492 34 27
751 22 25 32 205 17 60 20 42 20 785 34 28
752 22 33 35 168 44 52 29 42 31 481 34 27
753 22 32 43 315 43 48 19 46 21 1090 34 27
754 22 24 9 195 22 9 19 28 21 1070 34 27
755 22 22 28 281 32 85 26 28 33 618 34 27
756 22 30 35 176 19 1 24 21 29 1879 34 27
757 22 31 38 464 28 71 19 27 22 797 34 27
758 22 33 26 181 40 16 19 35 24 477 34 27
759 22 35 35 179 20 1 20 15 24 615 34 27
760 22 26 29 194 33 96 24 22 20 844 34 27
761 22 33 46 119 44 35 12 29 37 655 34 27
762 22 33 36 317 24 54 22 30 22 247 34 27
763 22 26 26 371 22 1 13 30 30 651 33 27
764 22 34 22 369 30 1 23 29 31 703 34 27
765 22 23 25 131 31 54 25 34 28 962 34 27
766 22 29 30 182 29 4 23 18 32 656 34 28
767 22 37 18 187 23 1 20 27 25 416 34 27
768 22 34 40 151 32 32 21 41 35 614 34 27
769 22 27 24 157 20 7 17 97 219 1423 34 27
770 22 140 874 1087 383 184 2007 1837 2007 2007 34 27
771 22 36 39 216 30 66 19 39 26 822 34 27
772 22 29 26 103 27 27 19 22 30 651 34 27
773 22 32 32 148 29 1 21 26 39 1025 34 27
774 22 26 31 204 27 44 13 44 26 653 34 27
775 22 25 24 210 24 54 16 18 25 593 34 27
776 22 26 23 416 27 34 16 16 22 727 34 27
777 22 37 26 161 19 61 21 40 28 598 34 27
778 22 23 24 225 25 17 19 14 32 929 34 27
779 22 32 26 137 28 29 27 22 30 932 34 27
780 22 35 36 622 34 1 13 24 27 1607 34 27
781 22 28 28 123 33 5 21 29 24 612 34 27
782 22 29 43 332 39 35 28 35 21 708 34 27
783 22 40 50 192 33 36 24 12 23 908 34 27
784 22 43 47 470 24 32 29 45 27 614 34 27
785 22 30 31 360 32 98 21 30 26 634 34 27
786 22 32 35 263 22 9 26 36 35 1775 34 27
787 22 49 40 280 28 13 17 33 29 883 34 27
788 22 27 28 155 34 59 19 51 33 1182 34 27
789 22 30 32 216 35 1 15 26 43 1010 34 27
790 22 30 28 248 29 92 23 28 29 662 34 27
791 22 37 35 289 40 32 23 19 25 1161 34 27
792 22 31 35 195 19 47 22 36 18 555 34 27
793 22 37 38 191 23 21 29 22 27 755 34 27
794 22 20 19 541 27 1 19 36 27 742 34 27
795 22 33 23 292 30 50 21 8 23 494 34 27
796 22 22 21 150 25 18 20 29 25 927 34 27
797 22 23 33 258 20 40 15 42 26 957 34 27
798 22 30 28 204 26 15 20 30 29 1014 34 27
799 22 34 25 632 31 68 319 10 26 623 34 28
800 22 28 23 148 17 49 23 27 24 853 34 27
801 22 33 38 119 32 15 24 24 31 1038 34 27
802 22 30 29 129 25 43 32 29 31 660 34 27
803 22 31 29 141 23 5 22 12 29 491 34 27
804 22 38 38 114 34 42 19 3 23 577 34 27
805 22 39 35 111 38 60 21 31 25 672 34 27
806 22 31 36 231 42 28 18 24 27 813 34 27
807 22 35 31 120 27 33 20 20 27 1461 34 27
808 22 27 38 238 32 60 15 21 22 682 34 27
809 22 20 21 156 29 42 14 45 24 476 34 27
810 22 51 41 160 36 89 66 355 287 286 34 27
811 22 34 35 246 29 16 22 24 23 860 34 27
812 22 40 41 265 22 14 23 14 22 785 34 27
813 22 27 27 149 26 24 28 38 35 1219 34 27
814 22 29 25 317 30 1 17 29 20 638 34 27
815 22 26 26 216 27 38 27 50 24 1053 34 28
816 22 37 36 113 39 6 13 24 23 949 34 27
817 22 31 37 127 28 25 25 24 22 1299 34 27
818 22 31 26 123 30 62 22 23 24 551 34 27
819 22 29 31 274 27 1 20 15 28 471 34 27
820 22 37 44 168 21 41 28 28 19 753 34 27
821 22 35 31 143 34 1 23 23 31 926 34 27
822 22 26 19 200 21 1 23 23 21 758 33 27
823 22 28 25 209 20 14 22 47 28 1263 34 27
824 22 26 32 129 27 1 16 36 20 883 34 27
825 22 30 28 562 31 17 22 27 28 669 34 28
826 22 32 38 136 30 52 20 42 30 699 34 27
827 22 27 34 152 38 18 26 41 24 814 34 27
828 22 1153 885 435 553 1096 621 21 63 693 34 27
829 22 17 1 139 13 1 24 45 35 1047 34 27
830 22 27 34 148 40 69 20 38 22 386 34 27
831 22 27 25 212 40 3 22 29 33 1059 34 27
832 22 30 28 278 28 1 21 33 21 777 34 27
833 22 34 42 406 41 28 18 17 24 918 34 27
834 22 29 41 152 24 38 18 36 24 625 34 27
835 22 30 23 226 28 15 22 34 36 806 34 27
836 22 24 22 556 30 30 21 38 31 729 34 27
837 22 23 29 195 25 2 18 25 27 1220 34 27
838 22 36 31 174 32 58 19 23 29 1254 34 27
839 22 39 41 168 40 86 18 32 28 784 34 27
840 22 32 30 160 30 49 22 35 23 1681 34 27
841 22 27 36 197 43 1 26 6 36 976 34 27
842 22 37 38 442 40 25 22 33 27 1488 34 27
843 22 35 34 291 27 31 27 16 17 556 34 27
844 22 26 34 142 28 8 19 38 25 779 34 27
845 22 29 29 181 18 16 27 17 32 668 34 27
846 22 36 45 468 40 44 19 29 27 802 34 27
847 22 31 34 269 38 19 17 26 30 728 34 27
848 22 21 23 133 29 1 21 34 24 618 34 27
849 22 32 32 148 38 1 15 18 34 939 34 27
850 22 31 23 135 36 13 17 37 29 725 34 27
851 22 32 34 279 28 12 19 3 22 301 34 27
852 22 35 34 275 21 51 18 45 25 634 34 27
853 22 34 48 200 37 99 21 35 31 551 34 27
854 22 36 40 170 39 1 19 32 23 738 34 27
855 22 27 19 207 22 28 21 24 26 877 34 27
856 22 24 18 288 35 36 22 43 26 672 34 27
857 22 37 23 232 28 31 22 28 26 599 34 27
858 22 35 32 295 37 1 21 21 27 950 34 27
859 22 34 39 161 17 29 15 13 380 603 34 27
860 22 24 33 159 10 71 22 34 24 555 34 27
861 22 36 31 258 21 17 16 11 32 1066 34 27
862 22 32 23 176 27 14 23 28 37 1055 34 27
863 22 33 34 283 32 36 23 29 28 526 34 27
864 22 36 27 175 20 1 18 14 31 612 34 27
865 22 29 33 162 33 64 18 29 24 1365 34 27
866 22 30 46 318 41 64 18 27 31 863 34 27
867 22 27 22 169 26 3 23 21 27 893 34 27
868 22 37 39 187 31 95 24 26 27 532 34 27
869 22 27 882 273 20 1 21 20 18 1925 34 27
870 22 28 33 156 19 29 24 42 26 843 34 27
871 22 23 17 538 33 51 33 38 31 574 34 27
872 22 37 22 155 45 1 29 14 23 1559 34 27
873 22 25 32 226 23 31 28 25 17 758 34 27
874 22 31 41 143 27 40 16 4 29 2006 34 27
875 22 26 32 224 40 66 23 24 23 1254 34 27
876 22 34 49 164 32 83 19 25 33 1764 34 27
877 22 29 33 170 31 1 15 13 26 1586 34 27
878 22 22 27 148 33 29 20 43 34 946 34 27
879 22 26 31 177 22 15 16 29 17 538 34 27
880 22 40 37 399 24 54 23 47 25 677 34 28
881 22 35 41 122 41 43 23 24 30 870 34 27
882 22 43 39 130 27 58 13 25 29 658 34 27
883 22 26 30 345 31 24 18 31 17 913 34 27
884 22 33 18 135 22 12 22 15 31 761 34 27
885 22 24 26 175 42 1 18 20 36 721 34 27
886 22 29 39 149 24 1 20 18 26 2006 34 27
887 22 38 29 529 26 31 19 39 27 496 34 27
888 22 38 22 147 26 21 25 6 31 844 34 27
889 22 32 38 126 30 1 18 36 25 652 34 27
890 22 30 33 242 39 33 23 49 27 719 34 27
891 22 36 34 134 24 13 14 15 20 900 34 27
892 22 32 19 244 23 1 15 16 14 765 34 27
893 22 33 37 189 32 34 23 21 29 622 34 27
894 22 27 31 178 29 19 29 43 364 1428 34 27
895 22 40 31 165 23 58 21 32 28 604 34 27
896 22 30 37 499 26 1 18 38 14 869 34 27
897 22 26 22 279 30 2 19 11 25 1110 34 27
898 22 29 34 118 34 30 30 39 35 775 34 27
899 22 44 45 328 31 48 20 16 30 686 34 27
900 22 29 41 172 41 76 20 41 28 1531 34 27
901 22 31 35 307 35 12 21 31 32 1031 34 27
902 22 25 18 145 36 7 23 42 32 559 34 27
903 22 36 36 249 34 1 21 21 26 1226 34 27
904 22 35 29 240 28 53 29 9 25 1017 34 27
905 22 41 40 252 39 58 23 25 30 2006 34 28
906 22 34 37 189 27 42 26 41 24 1106 34 27
907 22 23 30 158 24 66 13 39 22 498 34 27
908 22 29 24 210 23 28 21 32 26 584 34 27
909 22 20 12 142 15 41 16 36 22 886 34 27
910 22 26 37 188 30 1 20 41 32 708 34 27
911 22 28 39 313 39 37 24 40 29 363 34 27
912 22 77 44 144 43 1 22 23 25 800 34 27
913 22 19 13 358 31 15 26 40 26 383 34 27
914 22 32 40 142 31 52 24 14 35 649 34 27
915 22 28 18 220 22 12 20 48 448 316 34 27
916 22 21 28 145 26 15 23 34 29 1342 34 27
917 22 30 36 114 30 60 20 20 30 705 34 27
918 22 35 29 171 23 40 26 34 28 1430 34 27
919 22 39 44 194 30 48 26 32 23 1509 34 27
920 22 29 22 139 32 1 27 33 26 712 34 27
921 22 33 32 166 34 99 17 17 28 540 34 27
922 22 31 43 133 33 28 23 30 27 841 34 27
923 22 30 39 196 29 46 22 31 32 370 34 27
924 22 36 45 144 32 1 19 26 26 859 34 27
925 22 30 40 480 22 1 18 27 33 689 34 27
926 22 26 19 237 34 17 21 16 29 140 34 27
927 22 29 28 199 22 1 29 26 22 995 34 27
928 22 37 36 162 25 71 19 1 19 573 34 27
929 22 38 47 414 42 52 26 19 25 770 34 27
930 22 25 36 292 24 58 21 46 34 844 34 27
931 22 30 22 159 28 1 22 19 22 732 34 27
932 22 28 23 202 33 1 24 40 23 1077 34 28
933 22 31 36 135 15 30 20 37 23 932 34 27
934 22 36 31 270 31 1 27 31 39 224 34 27
935 22 31 31 138 33 68 21 33 30 507 34 27
936 22 39 34 274 34 49 18 25 28 1123 34 27
937 22 30 11 173 26 39 20 21 23 538 34 27
938 22 30 12 125 38 13 25 36 23 1165 34 27
939 22 29 22 143 32 11 15 43 31 721 34 27
940 22 26 33 189 30 1 24 16 16 597 34 27
941 22 22 21 224 16 17 20 34 30 654 33 27
942 22 32 36 563 26 17 24 30 32 339 34 27
943 22 32 22 192 19 6 20 14 21 1285 34 27
944 22 29 28 108 31 23 17 42 22 627 34 27
945 22 27 32 253 18 1 27 42 26 745 34 27
946 22 32 30 112 39 23 27 18 21 1199 34 27
947 22 32 28 266 42 34 28 28 29 819 34 27
948 22 35 37 224 43 39 18 38 33 925 34 28
949 22 38 36 205 36 1 26 25 28 1062 34 27
950 22 25 32 167 27 1 16 23 23 911 34 27
951 22 27 35 131 39 1 21 43 26 975 34 27
952 22 34 37 164 27 63 20 47 25 1608 34 27
953 22 31 28 194 23 1 25 23 30 939 34 27
954 22 37 42 145 37 23 16 22 31 1043 34 27
955 22 25 25 199 25 22 16 17 20 778 34 27
956 22 41 24 159 22 30 19 17 32 1246 34 27
957 22 28 34 161 35 80 12 44 21 819 34 27
958 22 36 26 183 42 1 16 29 34 900 34 27
959 22 34 27 120 41 1 22 1 31 562 34 27
960 22 30 39 139 35 25 21 43 25 638 34 27
961 22 32 34 189 27 30 20 23 21 208 34 27
962 22 30 38 151 31 14 20 20 27 381 34 27
963 22 34 31 151 34 21 24 42 29 1134 34 27
964 22 51 44 246 42 64 19 21 27 1344 34 27
965 22 25 10 337 13 3 28 47 20 506 34 27
966 22 31 39 146 28 36 25 27 16 701 34 28
967 22 32 33 395 38 79 29 34 17 491 34 27
968 22 33 32 114 37 38 24 35 27 618 34 27
969 22 30 20 230 30 20 31 32 29 750 34 27
970 22 37 30 351 21 10 19 20 27 906 34 27
971 22 242 133 151 37 53 14 43 34 1108 34 27
972 22 35 27 130 33 81 24 46 25 596 34 27
973 22 24 30 150 40 79 22 39 21 545 34 27
974 22 31 37 193 39 1 20 10 24 1719 34 27
975 22 39 34 298 14 1 21 34 24 1613 34 27
976 22 33 38 199 35 35 23 29 33 575 34 27
977 22 44 41 345 25 1 18 49 30 1436 34 27
978 22 28 29 177 19 23 15 36 23 724 34 27
979 22 29 36 311 24 78 17 45 22 812 34 27
980 22 38 37 240 24 36 25 25 28 672 34 27
981 22 30 21 134 24 45 20 49 18 1232 34 27
982 22 32 41 365 30 1 15 29 22 831 34 28
983 22 25 14 202 14 9 21 38 31 721 34 27
984 22 41 41 280 27 1 18 26 24 1109 34 27
985 22 31 30 188 23 26 28 25 20 858 34 27
986 22 30 34 295 27 78 19 23 24 1479 34 27
987 22 35 48 141 39 17 22 32 31 1120 34 27
988 22 34 37 264 18 3 24 31 33 630 34 27
989 22 35 41 477 34 35 21 34 26 518 34 27
990 22 34 46 124 38 103 22 28 32 614 34 28
991 22 28 28 462 25 3 26 13 25 822 34 27
992 22 35 34 172 39 84 26 28 34 704 34 27
993 22 20 15 170 28 1 18 33 29 960 34 27
994 22 35 31 137 27 33 24 45 29 645 34 27
995 22 28 26 153 23 21 17 11 20 605 34 27
996 22 32 40 193 41 89 21 32 25 689 34 27
997 22 31 17 226 22 1 28 13 23 537 34 27
998 22 28 25 133 26 1 21 23 23 835 34 27
999 22 28 17 324 30 13 27 32 32 115 34 27
1000 22 34 42 284 38 7 24 16 32 754 34 27
1001 22 25 34 143 36 45 27 24 37 635 34 27
1002 22 29 20 133 25 1 13 2 25 753 34 27
1003 22 26 31 173 22 41 26 41 23 620 34 27
1004 22 41 36 155 22 2 23 22 26 727 34 27
1005 22 30 32 303 33 19 14 26 25 261 34 27
1006 22 31 31 165 38 1 20 28 31 440 34 27
1007 22 33 37 437 18 52 19 41 22 810 34 27
1008 22 31 31 168 30 10 21 37 21 880 34 27
1009 22 30 42 183 25 86 20 41 25 1423 34 27
1010 22 41 34 163 27 49 17 16 29 830 34 27
1011 22 30 7 106 31 1 17 16 17 1621 34 27
1012 22 24 24 192 31 34 24 32 27 513 34 27
1013 22 34 30 205 26 39 21 33 32 783 34 27
1014 22 37 27 202 15 30 18 7 22 677 34 27
1015 22 27 31 314 35 4 13 43 38 1027 34 27
1016 22 42 28 207 23 29 24 19 27 1036 34 27
1017 22 37 27 124 23 20 24 18 29 1555 34 27
1018 22 38 36 277 35 60 19 21 24 747 34 27
1019 22 23 14 376 25 1 25 55 27 717 34 27
1020 22 32 38 153 15 13 23 16 25 385 34 27
1021 22 37 36 145 36 1 20 13 21 619 34 27
1022 22 30 28 168 27 40 236 112 23 784 34 27
1023 22 31 40 365 32 52 20 21 34 345 34 27
1024 22 35 36 106 35 16 25 26 26 1271 34 27
1025 22 43 34 454 33 53 29 13 23 1813 34 28
1026 22 29 28 326 32 86 15 29 21 649 34 27
1027 22 26 16 121 38 1 317 127 24 1228 34 27
1028 22 36 37 142 25 1 21 18 29 793 34 27
1029 22 35 37 108 33 20 23 29 30 742 34 27
1030 22 24 23 106 42 1 19 18 35 529 34 27
1031 22 30 42 202 32 67 26 40 30 708 34 27
1032 22 33 32 172 28 16 21 12 30 479 34 27
1033 22 26 27 343 29 1 23 31 27 542 34 27
1034 22 45 40 124 25 70 25 16 26 724 34 27
1035 22 32 32 233 37 55 16 30 27 722 34 28
1036 22 32 20 150 19 1 19 25 15 961 34 27
1037 22 36 35 140 26 38 16 23 22 797 34 27
1038 22 46 37 173 28 37 25 11 27 572 34 27
1039 22 31 18 198 26 1 18 22 30 839 34 27
1040 22 28 32 147 34 25 22 41 28 233 34 27
1041 22 34 28 242 35 1 17 21 27 876 34 27
1042 22 35 27 197 43 66 15 33 30 695 34 27
1043 22 36 41 270 27 31 23 39 29 1654 34 27
1044 22 20 10 166 35 44 21 45 31 500 34 27
1045 22 28 23 182 34 51 26 41 32 687 34 27
1046 22 31 32 196 30 70 22 21 28 746 34 27
1047 22 33 35 203 29 4 20 39 33 1527 34 27
1048 22 28 36 271 32 48 22 40 27 497 34 27
1049 22 39 31 131 26 1 18 18 22 469 34 27
1050 22 33 41 90 37 45 19 16 26 1269 34 27
1051 22 28 31 118 23 1 27 24 21 892 34 27
1052 22 33 24 266 34 1 18 18 30 805 34 27
1053 22 30 26 136 16 20 22 31 22 700 34 27
1054 22 33 29 177 19 1 17 15 25 736 34 27
1055 22 38 32 132 43 8 19 11 29 871 34 27
1056 22 38 30 116 38 34 18 18 30 686 34 27
1057 22 42 46 746 36 29 23 2 38 1430 34 27
1058 22 26 30 333 38 1 19 24 29 896 34 27
1059 22 33 31 158 27 42 27 32 28 1667 34 27
1060 22 27 24 355 25 20 29 15 34 852 34 27
1061 22 32 34 752 27 79 29 47 28 1136 34 27
1062 22 26 25 171 18 70 30 112 25 799 34 27
1063 22 30 36 136 42 93 19 18 34 827 34 27
1064 22 40 34 216 28 112 22 32 23 759 34 27
1065 22 33 32 117 38 89 24 28 24 880 34 28
1066 22 24 19 130 39 1 17 27 35 709 34 27
1067 22 50 49 143 28 97 15 8 20 885 34 28
1068 22 30 21 2005 33 1 20 12 28 823 34 27
1069 22 36 35 169 39 1 15 21 31 381 34 27
1070 22 28 25 193 30 1 19 31 23 949 34 27
1071 22 33 29 282 31 42 23 30 24 531 34 27
1072 22 37 45 184 33 39 24 43 30 703 34 27
1073 22 28 23 167 22 41 14 49 22 386 34 27
1074 22 40 45 200 33 24 17 29 29 1373 34 27
1075 22 29 35 132 40 19 13 24 30 854 34 27
1076 22 36 32 144 30 25 20 26 31 963 34 27
1077 22 37 38 173 46 47 23 12 33 482 34 27
1078 22 28 38 303 30 41 21 32 26 834 34 27
1079 22 41 44 148 35 35 18 19 40 882 34 27
1080 22 31 30 134 32 61 19 43 28 973 34 27
1081 22 27 12 343 22 1 26 20 31 2006 34 27
1082 22 35 38 286 36 31 19 18 25 921 34 27
1083 22 40 39 124 35 48 26 30 22 702 34 27
1084 22 37 44 227 35 1 17 20 34 2006 34 27
1085 22 39 39 118 33 75 23 17 27 1244 34 27
1086 22 30 42 285 35 80 24 16 22 558 34 27
1087 22 32 18 204 25 1 29 25 20 744 34 27
1088 22 29 17 263 25 4 23 20 31 724 34 27
1089 22 33 32 161 34 47 14 14 28 597 34 27
1090 22 19 26 197 29 1 16 32 34 721 34 27
1091 22 35 41 175 35 10 23 5 23 706 34 27
1092 22 31 38 212 35 37 21 22 18 988 34 27
1093 22 28 32 149 40 43 26 40 29 747 34 27
1094 22 33 34 325 40 56 24 27 27 724 34 27
1095 22 38 20 307 22 1 16 19 26 683 34 27
1096 22 41 47 588 41 24 19 30 21 2007 34 27
1097 22 25 18 145 22 20 26 19 33 727 34 27
1098 22 38 30 168 46 75 16 26 33 546 34 27
1099 22 27 41 182 32 113 19 24 20 752 34 27
1100 22 42 40 179 24 54 21 35 20 682 34 27
1101 22 39 37 256 24 1 29 28 32 1399 34 27
1102 22 28 33 183 28 18 17 34 28 773 34 27
1103 22 24 20 303 27 3 15 14 18 565 34 27
1104 22 23 15 189 32 45 27 40 26 706 34 27
1105 22 32 39 281 34 90 19 32 25 1474 34 28
1106 22 33 29 120 31 52 23 21 21 1171 34 28
1107 22 29 25 156 24 1 19 17 30 937 34 27
1108 22 34 39 134 33 103 25 23 24 1609 34 27
1109 22 34 43 247 36 1 25 31 31 923 34 27
1110 22 36 45 281 23 24 25 31 22 569 34 28
1111 22 29 22 137 16 42 17 36 30 1018 34 27
1112 22 42 32 151 32 1 14 28 24 734 34 27
1113 22 35 24 281 14 1 17 10 26 1781 34 27
1114 22 23 21 115 32 5 19 35 29 913 34 27
1115 22 38 42 173 37 1 18 14 31 729 33 27
1116 22 27 25 156 21 55 15 33 24 1778 34 28
1117 22 32 30 372 28 69 22 18 17 1577 34 27
1118 22 28 22 198 25 1 14 24 30 798 34 27
1119 22 21 25 177 27 58 26 35 29 812 34 27
1120 22 30 25 237 34 1 19 30 37 635 34 27
1121 22 28 36 166 27 44 27 31 23 710 34 27
1122 22 31 42 149 31 55 26 18 33 529 34 27
1123 22 33 30 352 32 16 21 31 20 802 34 27
1124 22 36 31 214 34 15 19 11 29 593 34 27
1125 22 29 34 215 28 5 22 10 27 936 34 27
1126 22 32 28 115 29 32 26 19 24 872 34 27
1127 22 33 21 322 29 37 19 27 27 677 34 27
1128 22 37 42 139 33 14 22 16 28 1398 34 27
1129 22 30 36 201 38 36 22 21 29 442 34 27
1130 22 34 15 141 26 6 25 27 31 671 34 27
1131 22 28 26 209 26 1 22 44 26 807 34 27
1132 22 34 39 229 32 1 19 24 27 1104 34 27
1133 22 24 22 187 21 1 26 21 27 828 34 27
1134 22 39 51 335 35 1 17 11 30 802 34 27
1135 22 39 23 140 24 1 25 31 26 653 34 27
1136 22 35 43 215 27 69 19 8 29 921 34 27
1137 22 29 33 200 36 120 17 35 29 669 34 27
1138 22 27 39 343 30 94 24 25 29 787 34 27
1139 22 26 33 202 36 44 22 44 28 710 34 27
1140 22 87 542 474 190 19 19 18 36 1057 34 27
1141 22 32 28 150 31 1 17 26 30 549 34 27
1142 22 30 33 175 30 17 13 37 30 1025 34 27
1143 22 27 18 165 34 1 22 21 30 798 34 27
1144 22 31 34 273 31 1 16 42 33 665 34 27
1145 22 34 38 375 29 54 15 40 23 1186 34 27
1146 22 30 17 174 24 16 24 26 25 720 34 27
1147 22 36 33 185 25 1 17 24 27 932 34 27
1148 22 25 21 168 11 1 24 40 27 435 34 27
1149 22 28 26 135 25 34 24 28 33 669 34 28
1150 22 30 24 172 37 25 13 32 25 871 34 27
1151 22 35 25 183 37 19 21 21 28 403 34 27
1152 22 28 26 116 24 47 19 27 28 1003 34 27
1153 22 28 30 184 41 60 25 31 23 565 34 27
1154 22 40 32 129 32 1 20 169 35 749 34 27
1155 22 30 32 351 23 85 12 19 27 663 34 27
1156 22 42 34 289 22 19 23 26 17 720 34 27
1157 22 29 18 174 31 11 13 19 32 697 34 27
1158 22 38 23 120 28 1 15 22 28 248 34 27
1159 22 43 42 165 41 13 21 21 24 771 34 27
1160 22 38 44 290 31 1 20 40 24 915 34 27
1161 22 28 42 188 30 32 17 37 24 489 34 27
1162 22 40 43 163 25 52 27 41 21 1224 34 27
1163 22 34 25 167 31 1 16 27 30 619 34 27
1164 22 35 26 212 18 20 23 21 26 810 34 27
1165 22 29 29 145 27 1 21 22 22 598 34 27
1166 22 40 34 163 33 3 23 7 21 957 34 27
1167 22 30 23 193 31 1 17 1 28 609 34 27
1168 22 35 41 142 37 22 24 41 27 764 34 27
1169 22 37 38 266 29 1 16 27 33 891 34 27
1170 22 31 29 208 36 1 24 43 35 617 34 28
1171 22 21 19 146 25 16 12 44 27 374 34 27
1172 22 28 22 160 17 24 24 27 29 1731 34 27
1173 22 13 14 126 32 39 21 41 26 274 34 27
1174 22 26 29 135 26 33 16 17 26 914 34 27
1175 22 37 35 173 39 24 19 30 20 228 34 27
1176 22 34 30 134 26 1 22 4 23 889 34 27
1177 22 27 30 251 21 1 21 27 33 674 34 27
1178 22 36 31 159 29 38 23 26 25 710 34 28
1179 22 24 12 209 29 1 13 33 19 1178 34 27
1180 22 34 39 122 41 70 18 21 35 889 34 27
1181 22 30 26 141 30 23 16 25 19 531 34 27
1182 22 20 17 357 30 62 17 31 22 1118 34 27
1183 22 32 41 158 40 13 20 25 26 655 34 27
1184 22 26 26 153 27 40 21 47 31 981 34 27
1185 22 41 42 124 35 36 15 9 37 815 34 27
1186 22 32 34 116 35 1 22 12 25 1384 34 27
1187 22 39 43 171 22 21 19 19 29 543 34 27
1188 22 21 26 153 29 1 18 31 34 495 34 27
1189 22 36 34 217 24 38 27 19 24 814 34 27
1190 22 30 26 281 30 19 16 41 19 592 34 27
1191 22 30 36 154 43 73 21 28 34 767 34 27
1192 22 38 29 178 23 41 28 38 22 830 34 27
1193 22 19 18 219 25 28 21 26 29 1252 34 27
1194 22 27 26 149 26 99 17 46 37 1192 34 27
1195 22 43 34 137 38 53 18 11 26 684 34 27
1196 22 33 14 157 19 10 22 29 29 710 34 27
1197 22 30 35 207 31 31 20 31 26 1053 34 27
1198 22 40 38 234 34 1 28 38 28 1049 34 27
1199 22 33 28 204 32 29 19 38 24 810 34 27
1200 22 27 29 207 29 1 19 7 24 2006 34 27
1201 22 72 29 140 37 331 17 31 35 251 34 27
1202 22 37 33 118 28 46 28 28 32 990 34 27
1203 22 32 22 164 28 13 25 16 24 769 34 27
1204 22 36 34 304 39 76 25 35 20 709 34 27
1205 22 29 28 96 43 19 20 23 35 1010 34 27
1206 22 38 44 295 22 52 31 9 21 956 34 27
1207 22 31 40 180 28 34 25 9 31 999 34 27
1208 22 28 31 162 27 1 24 40 27 792 34 27
1209 22 37 30 84 37 33 21 6 17 1064 34 27
1210 22 23 24 258 30 41 18 30 25 887 34 27
1211 22 32 31 113 33 1 25 14 29 1973 34 27
1212 22 35 31 123 23 1 14 14 20 1223 34 27
1213 22 18 20 216 27 23 20 34 33 604 34 27
1214 22 27 34 291 35 73 19 27 31 878 34 27
1215 22 28 29 133 35 23 20 20 33 333 34 28
1216 22 29 24 195 33 1 23 34 28 796 34 27
1217 22 26 29 536 33 45 18 36 26 1365 34 27
1218 22 41 38 278 32 1 19 1 24 1279 34 27
1219 22 32 33 118 31 30 21 16 31 919 33 27
1220 22 29 32 215 37 71 25 37 29 1053 34 27
1221 22 33 26 133 29 11 23 11 32 1038 34 27
1222 22 35 27 198 33 22 19 24 25 468 34 27
1223 22 33 33 205 27 24 20 33 29 552 34 27
1224 22 28 32 148 32 1 25 10 25 613 34 27
1225 22 37 39 229 31 1 27 28 27 708 34 27
1226 22 29 31 852 21 21 21 31 23 729 34 27
1227 22 17 15 141 33 1 32 38 28 840 34 27
1228 22 41 47 790 40 45 27 19 25 397 34 27
1229 22 24 27 257 35 1 16 32 27 393 34 27
1230 22 38 38 158 32 44 21 13 35 300 34 27
1231 22 39 37 350 25 40 27 29 29 851 34 27
1232 22 28 35 139 27 33 18 40 28 640 34 27
1233 22 38 37 152 28 18 19 29 26 657 34 27
1234 22 37 26 129 40 14 21 24 33 1076 34 27
1235 22 20 14 178 30 4 22 18 32 653 34 27
1236 22 33 35 255 31 1 15 27 25 2007 34 27
1237 22 38 23 273 16 12 26 1 28 1288 34 27
1238 22 23 21 120 37 28 16 15 31 273 34 27
1239 22 28 34 144 25 1 22 29 25 795 34 28
1240 22 21 17 197 28 1 15 48 24 1008 34 27
1241 22 32 42 116 33 56 24 31 26 885 34 27
1242 22 34 36 349 30 31 17 21 32 1801 34 27
1243 22 28 23 339 30 4 14 32 17 784 34 27
1244 22 28 34 271 19 28 20 37 27 1610 34 27
1245 22 33 30 175 30 14 24 27 25 1454 34 27
1246 22 42 36 290 20 1 22 17 19 1125 34 27
1247 22 36 40 144 28 25 27 27 31 764 34 27
1248 22 24 14 160 23 1 18 25 12 653 33 27
1249 22 31 14 154 33 27 18 32 25 691 34 27
1250 22 33 33 128 34 61 23 39 29 968 34 27
1251 22 42 41 212 28 33 22 11 20 835 34 27
1252 22 32 41 203 27 12 23 20 26 789 34 27
1253 22 25 24 129 26 25 21 49 25 746 34 27
1254 22 41 36 169 32 36 19 20 25 592 34 28
1255 22 37 37 152 24 71 26 30 25 856 34 27
1256 22 27 22 225 26 54 17 33 254 547 34 27
1257 22 32 29 194 27 61 22 47 25 1830 34 27
1258 22 38 27 121 42 19 22 27 20 641 34 27
1259 22 32 39 187 24 11 23 33 29 892 34 28
1260 22 25 31 283 30 28 30 47 25 1714 34 27
1261 22 18 17 295 30 20 18 40 23 564 33 27
1262 22 34 34 187 41 86 15 18 30 571 34 27
1263 22 29 27 151 29 23 25 32 21 579 34 27
1264 22 27 13 111 18 1 16 17 21 1083 34 27
1265 22 31 43 194 41 61 23 23 31 1091 34 27
1266 22 391 1895 1336 223 461 305 235 465 2007 34 27
1267 22 28 28 145 30 72 17 41 32 423 34 27
1268 22 33 25 149 21 5 14 1 29 732 34 27
1269 22 28 33 172 33 59 22 33 29 1395 34 27
1270 22 24 21 168 20 25 24 43 21 515 34 27
1271 22 34 31 168 33 117 19 32 27 1634 34 27
1272 22 24 19 158 23 25 20 27 30 742 34 27
1273 22 38 34 183 18 1 14 21 18 627 34 27
1274 22 46 27 436 14 38 19 23 14 655 34 28
1275 22 34 33 238 38 31 18 35 30 856 34 27
1276 22 36 24 153 29 26 12 5 20 627 34 27
1277 22 36 40 148 23 22 19 28 26 903 34 27
1278 22 33 31 172 25 1 22 1 35 780 34 27
1279 22 33 36 160 29 79 24 37 29 915 34 27
1280 22 42 34 175 34 11 14 27 29 758 34 27
1281 22 36 32 152 28 44 17 16 31 530 34 27
1282 22 33 25 159 32 42 18 25 32 358 34 27
1283 22 32 46 106 45 86 16 24 36 1022 34 27
1284 22 25 29 158 27 35 22 34 36 1012 34 27
1285 22 31 30 608 29 69 19 26 32 997 34 27
1286 22 26 28 178 34 67 19 37 34 584 34 27
1287 22 34 32 219 25 35 21 26 24 896 34 27
1288 22 30 13 357 34 30 26 28 31 2006 34 27
1289 22 29 35 259 35 83 20 31 27 678 34 27
1290 22 34 26 176 23 56 20 13 25 524 34 27
1291 22 25 23 368 23 25 26 33 19 625 34 27
1292 22 24 27 126 31 65 23 31 31 842 34 27
1293 22 29 27 173 16 11 18 30 26 772 34 27
1294 22 29 42 196 28 64 19 26 15 820 34 27
1295 22 29 22 173 29 6 15 51 28 1135 34 27
1296 22 32 28 338 25 1 13 33 18 745 34 27
1297 22 36 39 105 28 51 25 12 32 967 34 27
1298 22 37 36 167 43 1 19 18 33 762 34 27
1299 22 26 31 120 35 44 21 35 28 770 33 26
1300 22 30 33 167 31 22 26 27 31 1142 34 27
1301 22 26 27 170 32 6 21 51 26 799 34 27
1302 22 30 24 180 36 46 26 49 27 1326 34 27
1303 22 32 21 128 25 51 21 26 26 1640 34 27
1304 22 27 38 209 19 55 18 28 30 891 34 28
1305 22 29 36 128 21 8 26 19 31 1495 34 27
1306 22 33 38 171 38 79 21 29 34 1009 34 27
1307 22 35 28 405 37 5 22 20 32 825 34 27
1308 22 25 15 159 24 1 28 39 21 818 34 27
1309 22 27 34 133 30 1 17 41 25 1497 34 27
1310 22 42 35 206 20 24 26 25 24 635 34 27
1311 22 26 33 121 27 24 26 30 21 460 34 27
1312 22 32 35 109 38 96 19 25 35 600 34 27
1313 22 29 36 94 35 52 17 27 33 1280 34 27
1314 22 28 21 282 30 5 17 33 26 582 34 27
1315 22 29 37 249 26 56 20 18 23 685 34 27
1316 22 29 37 234 36 43 17 27 31 1321 34 27
1317 22 34 24 157 19 1 23 27 28 1139 34 27
1318 22 21 19 534 26 42 19 37 34 955 34 27
1319 22 32 36 296 23 1 24 27 27 1237 34 27
1320 22 30 41 149 37 45 22 32 28 962 34 28
1321 22 33 36 228 39 22 19 24 30 800 34 27
1322 22 33 38 297 24 6 18 27 32 500 34 27
1323 22 33 28 246 23 15 15 38 33 869 34 27
1324 22 25 31 174 31 1 23 26 33 584 34 27
1325 22 32 29 144 19 12 20 25 23 768 34 27
1326 22 31 33 245 35 52 24 42 31 904 34 27
1327 22 29 9 181 26 1 22 38 30 784 34 27
1328 22 29 26 422 19 1 21 22 19 702 34 27
1329 22 31 34 236 28 1 24 37 25 700 34 28
1330 22 36 29 202 26 17 26 24 22 700 34 27
1331 22 24 27 216 32 66 23 37 21 619 34 27
1332 22 37 48 137 35 53 25 41 26 636 34 27
1333 22 28 20 401 36 16 22 47 32 2000 34 27
1334 22 36 35 189 37 1 24 24 35 706 34 27
1335 22 27 20 135 13 21 17 48 28 282 34 27
1336 22 30 34 138 34 66 21 44 31 746 34 27
1337 22 31 33 211 46 1 27 11 29 857 34 27
1338 22 41 32 212 32 33 23 27 40 711 34 27
1339 22 23 17 511 21 1 22 42 27 2006 34 27
1340 22 30 26 453 28 31 22 24 20 174 34 27
1341 22 39 38 191 26 9 25 27 24 926 34 27
1342 22 30 26 222 29 44 22 33 38 1530 34 27
1343 22 30 29 342 32 1 16 23 26 643 34 27
1344 22 35 42 145 31 57 23 32 36 1173 34 27
1345 22 40 34 249 35 36 27 32 26 1129 34 27
1346 22 29 25 179 38 55 27 47 29 1308 34 27
1347 22 36 29 153 28 18 15 19 25 915 34 27
1348 22 34 32 289 25 1 21 38 27 927 33 27
1349 22 26 34 315 32 20 21 23 28 986 34 27
1350 22 45 31 179 29 87 24 28 16 536 34 27
1351 22 30 12 134 38 32 30 44 30 257 34 27
1352 22 27 12 214 33 12 25 24 28 476 34 27
1353 22 35 32 142 27 18 19 23 32 753 34 27
1354 22 33 36 172 30 1 22 32 33 383 34 27
1355 22 18 8 120 27 1 27 43 24 482 34 27
1356 22 33 37 156 31 50 21 30 26 261 34 27
1357 22 34 42 158 37 13 21 36 27 616 34 27
1358 22 30 37 131 27 68 23 24 35 1209 34 27
1359 22 29 24 143 30 1 20 28 25 630 33 27
1360 22 30 22 232 29 14 23 24 23 689 34 27
1361 22 27 29 189 23 1 19 35 24 928 34 27
1362 22 34 36 140 34 4 25 15 23 551 34 27
1363 22 37 36 148 20 15 24 23 28 731 34 27
1364 22 33 32 159 28 61 19 73 701 638 34 27
1365 22 35 38 190 18 1 18 14 21 1631 34 27
1366 22 46 37 197 35 47 17 30 24 1147 34 27
1367 22 29 28 120 21 23 30 38 27 1024 34 27
1368 22 24 18 235 26 1 19 14 21 761 33 27
1369 22 35 37 333 43 1 19 32 27 721 34 27
1370 22 36 36 278 25 81 10 24 29 739 34 27
1371 22 35 42 288 34 1 26 18 21 540 34 27
1372 22 31 31 151 31 86 23 47 30 1033 34 27
1373 22 39 35 200 31 9 24 11 21 1973 34 27
1374 22 22 28 172 24 39 23 20 25 928 34 27
1375 22 33 26 195 25 39 22 16 25 687 34 27
1376 22 38 43 129 23 65 18 28 23 1154 34 27
1377 22 33 24 151 35 7 19 36 22 231 34 27
1378 22 34 31 150 20 67 21 43 20 867 34 27
1379 22 35 34 151 34 88 24 37 28 930 34 27
1380 22 31 40 209 27 61 17 21 26 1001 34 27
1381 22 43 45 172 43 1 20 8 19 839 34 27
1382 22 38 33 142 34 1 21 20 31 626 34 27
1383 22 35 41 169 40 1 15 32 33 786 34 27
1384 22 40 40 129 25 10 25 24 26 1276 34 27
1385 22 20 2 157 22 1 26 33 17 840 34 27
1386 22 22 24 126 35 70 22 38 23 687 34 27
1387 22 26 26 198 21 97 21 35 20 660 34 27
1388 22 30 42 228 28 19 24 29 35 1303 34 27
1389 22 29 27 622 35 49 19 48 22 286 34 27
1390 22 32 35 223 34 20 23 1 35 726 34 27
1391 22 27 26 225 27 23 21 30 30 406 34 27
1392 22 32 38 205 37 50 28 43 31 752 34 27
1393 22 27 32 270 28 1 24 31 25 662 34 27
1394 22 32 39 157 27 32 14 20 20 1036 34 27
1395 22 29 16 636 30 1 18 27 33 494 34 27
1396 22 40 30 125 29 30 23 39 25 929 34 27
1397 22 28 28 538 30 1 20 34 32 623 34 27
1398 22 26 23 226 32 49 19 27 25 443 34 27
1399 22 31 31 157 22 20 25 42 23 637 34 27
1400 22 28 23 231 29 1 23 27 25 959 34 27
1401 22 26 29 200 14 32 19 27 23 1095 34 27
1402 22 35 26 370 39 49 21 1 25 965 34 28
1403 22 34 33 278 34 78 16 18 21 714 34 27
1404 22 30 31 227 23 43 20 17 29 608 34 27
1405 22 27 39 161 35 81 24 41 26 778 34 27
1406 22 27 27 386 24 26 18 20 22 549 34 27
1407 22 26 25 210 25 33 22 43 23 652 34 27
1408 22 21 18 143 18 1 16 12 27 766 34 27
1409 22 26 33 198 24 34 27 40 19 621 34 27
1410 22 35 42 153 35 18 15 20 35 944 34 27
1411 22 30 18 174 41 1 19 31 37 481 34 27
1412 22 44 41 117 46 55 26 29 33 915 34 27
1413 22 35 24 220 37 1 19 11 36 1467 34 27
1414 22 29 31 129 36 1 22 32 29 894 34 27
1415 22 32 34 131 36 46 21 36 19 633 34 27
1416 22 34 27 348 36 16 20 11 29 640 34 27
1417 22 25 19 171 40 19 20 32 30 658 34 27
1418 22 25 15 403 17 1 19 37 22 974 34 27
1419 22 38 33 204 23 59 19 30 26 1917 34 27
1420 22 36 32 191 27 59 17 29 23 938 34 27
1421 22 26 23 182 27 37 20 32 26 713 34 27
1422 22 29 20 168 34 1 11 19 24 593 34 27
1423 22 32 32 227 18 1 13 20 21 583 34 27
1424 22 29 36 249 30 1 20 22 40 478 33 27
1425 22 29 35 220 27 48 29 32 31 740 34 27
1426 22 38 42 139 35 1 19 14 28 736 34 27
1427 22 26 14 110 34 1 17 30 19 589 34 27
1428 22 22 21 143 22 1 16 42 22 495 33 27
1429 22 35 30 102 32 27 19 10 34 1077 34 27
1430 22 35 38 158 31 25 17 24 29 802 34 27
1431 22 30 44 118 42 80 23 23 31 788 34 27
1432 22 39 36 182 28 100 21 46 25 713 34 27
1433 22 28 35 112 32 54 19 40 30 658 34 27
1434 22 33 40 318 29 36 15 34 30 585 34 27
1435 22 38 20 168 32 1 19 19 34 1326 34 27
1436 22 31 34 212 23 12 22 10 31 679 34 27
1437 22 27 19 286 25 34 18 27 24 1446 34 27
1438 22 21 22 116 35 1 23 39 29 443 34 27
1439 22 24 15 104 33 30 21 47 25 2006 34 27
1440 22 35 40 269 26 27 21 36 31 358 34 27
1441 22 39 37 217 34 1 13 27 22 288 34 27
1442 22 27 20 108 24 15 20 40 23 715 34 27
1443 22 35 25 101 36 5 22 23 29 695 34 27
1444 22 36 35 116 43 49 20 20 35 1118 34 27
1445 22 38 20 198 24 1 21 32 30 1198 34 27
1446 22 24 31 418 29 23 24 21 33 495 34 27
1447 22 26 22 174 31 2 28 33 26 93 34 27
1448 22 31 28 283 13 20 19 29 24 1484 34 27
1449 22 31 32 223 28 7 21 41 31 1218 34 28
1450 22 27 31 129 36 1 14 18 31 823 34 28
1451 22 28 21 269 27 1 21 35 29 763 34 27
1452 22 28 23 214 26 50 21 30 31 232 34 27
1453 22 25 20 407 26 35 28 43 25 1020 34 27
1454 22 27 28 928 25 14 22 36 24 2006 34 27
1455 22 27 34 146 31 72 23 39 22 593 34 27
1456 22 33 28 194 35 13 23 27 31 1000 34 27
1457 22 31 22 132 38 27 23 35 34 389 34 27
1458 22 22 18 121 38 1 24 39 30 743 34 27
1459 22 30 31 198 13 1 26 6 23 676 34 27
1460 22 38 41 373 28 3 23 7 31 741 34 27
1461 22 25 33 755 28 33 22 39 21 393 34 27
1462 22 36 31 182 25 8 20 13 28 1054 34 27
1463 22 38 29 357 20 63 20 33 26 811 34 27
1464 22 36 35 155 29 71 19 32 29 229 34 27
1465 22 44 34 315 24 46 37 15 18 707 34 27
1466 22 24 31 230 34 1 19 29 29 822 34 27
1467 22 32 23 183 30 93 29 11 24 773 34 27
1468 22 26 24 129 24 19 17 32 21 590 34 27
1469 22 29 18 135 35 14 20 15 34 951 34 27
1470 22 34 35 198 22 38 16 21 29 997 34 27
1471 22 34 32 183 19 84 27 23 15 1329 34 27
1472 22 38 32 654 22 11 16 28 28 2006 34 27
1473 22 33 45 332 40 1 28 27 29 979 34 27
1474 22 34 28 364 35 12 25 17 36 558 34 27
1475 22 28 41 177 33 38 16 25 23 974 34 27
1476 22 39 48 247 28 26 19 19 27 1190 34 27
1477 22 40 31 445 40 84 18 17 36 526 34 27
1478 22 29 19 520 28 43 24 23 35 237 34 27
1479 22 49 40 194 30 21 20 43 26 557 34 27
1480 22 32 39 143 34 77 21 29 39 942 34 27
1481 22 31 37 247 31 4 27 20 27 878 34 27
1482 22 23 26 144 34 77 20 32 24 927 34 27
1483 22 28 35 137 38 33 26 37 34 1202 34 27
1484 22 26 10 185 5 1 22 26 23 671 34 27
1485 22 25 29 204 25 83 18 39 27 644 34 27
1486 22 34 20 133 33 8 23 8 27 1361 34 27
1487 22 45 44 202 40 20 28 44 23 1002 34 27
1488 22 28 35 114 23 47 28 33 34 744 34 27
1489 22 28 17 424 27 30 19 25 26 782 34 27
1490 22 28 30 179 24 2 19 8 18 759 33 27
1491 22 33 30 321 22 31 15 1 25 717 34 27
1492 22 35 33 146 23 20 23 11 28 718 34 27
1493 22 32 33 121 42 65 18 31 29 1051 34 27
1494 22 36 39 173 32 1 18 26 28 814 34 27
1495 22 36 36 202 27 1 17 22 27 805 34 27
1496 22 29 44 225 32 51 20 31 38 1204 34 27
1497 22 25 32 151 44 5 16 33 33 802 34 27
1498 22 26 23 83 33 31 16 48 27 602 34 27
1499 22 32 30 190 33 94 22 36 26 759 34 27
1500 22 36 44 398 32 41 17 17 28 804 34 27
1501 22 32 36 218 21 51 22 38 17 548 34 27
1502 22 31 28 132 37 24 16 25 30 1295 34 27
1503 22 25 19 130 29 71 23 38 20 572 34 27
1504 22 40 20 300 9 1 23 38 28 575 34 27
1505 22 28 37 272 32 64 18 33 26 531 34 27
1506 22 34 35 198 37 33 26 24 35 571 34 27
1507 22 27 18 128 24 1 24 21 23 698 34 27
1508 22 27 22 223 40 61 19 27 26 821 34 27
1509 22 32 42 196 28 49 22 29 17 795 34 27
1510 22 30 37 563 39 33 24 40 23 853 34 27
1511 22 32 24 172 26 9 17 37 34 1115 34 27
1512 22 31 28 137 27 32 17 6 30 884 34 27
1513 22 24 15 132 26 5 16 22 19 794 34 27
1514 22 24 30 149 29 57 25 41 24 906 34 27
1515 22 28 30 142 35 49 17 9 32 219 34 27
1516 22 29 15 172 17 1 26 32 25 1318 34 27
1517 22 28 33 160 28 68 21 19 30 503 34 27
1518 22 28 25 284 41 9 21 38 25 891 34 27
1519 22 38 40 156 33 20 23 22 24 1006 34 27
1520 22 22 11 117 26 4 29 40 30 704 34 27
1521 22 41 35 201 34 27 23 40 36 457 34 27
1522 22 33 32 1204 33 1 23 32 23 1211 34 27
1523 22 33 30 468 35 34 19 25 24 808 34 27
1524 22 38 38 138 33 90 30 34 28 710 34 27
1525 22 36 37 128 46 1 29 26 31 1201 34 27
1526 22 31 43 242 35 3 22 36 27 732 34 27
1527 22 44 31 176 35 14 18 21 27 489 34 27
1528 22 22 15 121 29 17 18 43 23 16 33 27
1529 22 31 17 147 23 11 19 23 25 719 34 27
1530 22 24 30 187 31 47 21 355 21 1488 34 27
1531 22 36 32 280 21 1 22 6 31 999 34 27
1532 22 23 19 134 27 1 20 30 32 834 34 27
1533 22 30 41 152 32 23 24 32 27 420 34 27
1534 22 31 25 160 26 1 14 23 23 631 34 27
1535 22 29 32 143 26 1 25 11 33 693 34 27
1536 22 28 30 214 24 23 20 41 26 225 34 27
1537 22 29 36 164 32 40 16 26 32 642 34 27
1538 22 35 31 156 28 27 26 30 29 961 34 27
1539 22 41 44 165 31 35 17 29 26 813 34 27
1540 22 353 789 700 320 206 995 45 51 1268 34 27
1541 22 37 43 171 37 65 52 34 28 1430 34 27
1542 22 26 30 189 36 48 21 27 26 680 34 27
1543 22 45 48 467 39 74 21 31 35 1042 34 27
1544 22 32 30 113 18 47 25 16 25 884 34 27
1545 22 31 28 282 40 57 23 22 22 753 34 27
1546 22 28 37 124 40 58 15 30 34 729 34 27
1547 22 31 20 312 26 41 23 35 22 788 34 27
1548 22 31 23 394 25 9 22 31 29 508 34 27
1549 22 29 28 227 19 1 25 24 23 1180 34 27
1550 22 31 27 390 17 1 22 42 33 555 34 27
1551 22 29 35 130 30 30 23 27 26 1013 34 27
1552 22 40 27 234 32 1 17 3 25 1701 34 27
1553 22 22 15 157 23 1 23 7 28 552 34 27
1554 21 13 18 196 29 1 20 40 29 214 33 27
1555 22 38 42 182 22 41 16 15 19 831 34 27
1556 22 38 31 132 33 63 20 25 34 842 34 27
1557 22 36 32 181 34 1 23 48 36 235 34 27
1558 22 32 27 152 23 58 24 9 28 731 34 27
1559 22 34 37 177 31 1 21 12 28 1004 34 27
1560 22 36 30 147 22 34 24 1 26 924 34 27
1561 22 27 37 230 39 64 27 37 38 900 34 27
1562 22 20 16 221 27 1 22 32 34 464 34 27
1563 22 33 22 113 23 22 19 20 30 757 34 27
1564 22 31 31 136 25 32 19 29 21 1091 34 27
1565 22 22 24 203 32 1 25 33 20 1030 34 27
1566 22 30 36 180 35 40 21 46 24 553 34 27
1567 22 38 39 331 34 105 16 26 31 2007 34 27
1568 22 32 20 133 37 40 20 10 24 1313 34 27
1569 22 30 32 126 26 10 15 29 28 1792 34 27
1570 22 32 28 185 43 1 22 8 39 935 34 27
1571 22 40 32 279 27 14 21 35 19 699 34 27
1572 22 43 24 197 23 1 17 21 22 596 34 27
1573 22 30 27 124 32 2 19 38 30 846 34 27
1574 22 32 34 139 17 1 15 22 31 959 34 27
1575 22 37 33 109 36 31 17 18 37 1039 34 27
1576 22 27 33 140 32 49 16 38 31 1937 34 27
1577 22 29 27 283 24 28 24 23 26 612 34 27
1578 22 26 25 160 119 1 27 31 30 632 34 27
1579 22 28 25 204 23 19 18 21 24 173 34 27
1580 22 28 33 123 33 23 22 44 32 1262 34 27
1581 22 46 54 161 36 22 17 1 34 704 34 28
1582 22 32 41 183 34 104 15 49 23 629 34 27
1583 22 35 37 334 22 35 24 24 19 853 34 27
1584 22 30 34 159 32 24 31 24 30 880 34 27
1585 22 27 29 150 28 19 24 32 25 803 34 27
1586 22 34 34 199 29 1 18 8 25 719 34 27
1587 22 33 40 165 27 1 27 22 25 731 34 27
1588 22 26 25 242 27 6 23 19 26 548 34 27
1589 22 34 17 205 21 25 22 25 25 632 34 27
1590 22 33 36 173 36 28 16 33 35 702 34 28
1591 22 26 15 594 30 1 18 43 10 567 34 27
1592 22 42 31 137 21 48 22 36 26 981 34 27
1593 22 36 36 230 34 67 16 3 25 595 34 27
1594 22 31 43 177 32 88 17 38 22 1939 34 27
1595 22 36 32 128 38 32 22 19 22 772 34 27
1596 22 44 25 168 35 12 27 28 31 650 34 27
1597 22 24 30 254 35 13 17 34 33 790 34 27
1598 22 24 22 123 26 60 25 46 30 801 34 27
1599 22 26 33 144 34 15 21 38 22 627 34 27
1600 22 28 17 169 34 1 20 27 23 479 34 27
1601 22 33 31 160 24 1 21 1 27 669 34 27
1602 22 34 33 304 35 75 20 26 28 804 34 27
1603 22 25 19 158 25 55 25 38 23 1019 34 27
1604 22 32 38 157 25 20 15 21 29 964 34 27
1605 22 36 34 218 31 25 24 45 25 770 34 27
1606 22 31 31 139 25 1 23 13 27 1688 34 27
1607 22 26 31 180 32 16 25 34 33 714 34 27
1608 22 31 38 140 35 1 20 28 29 793 34 27
1609 22 28 16 244 29 16 23 25 30 1482 34 27
1610 22 32 26 230 31 61 20 33 24 833 34 27
1611 22 31 41 465 32 5 20 25 35 837 34 27
1612 22 33 39 163 29 1 21 1 28 1701 34 27
1613 22 35 43 198 30 1 22 17 33 565 34 27
1614 22 20 20 258 26 55 27 40 30 570 34 27
1615 22 37 22 158 29 7 23 35 26 727 34 27
1616 22 30 32 193 31 56 23 35 31 659 34 27
1617 22 36 41 281 21 73 25 30 22 1023 34 28
1618 22 29 35 126 43 46 14 31 31 441 34 27
1619 22 26 33 256 24 14 20 36 20 769 34 27
1620 22 29 17 151 37 1 23 21 31 586 34 27
1621 22 25 28 205 32 25 22 36 24 804 34 27
1622 22 24 30 273 30 51 17 19 27 618 34 27
1623 22 38 24 119 40 85 24 20 24 360 34 27
1624 22 26 15 131 22 30 21 29 29 871 34 27
1625 22 26 17 107 31 1 26 21 35 1009 34 27
1626 22 27 35 219 15 16 24 41 25 769 34 27
1627 22 33 28 160 35 21 15 20 27 1072 34 27
1628 22 32 42 116 50 24 18 26 35 489 34 27
1629 22 36 46 233 34 34 22 21 22 673 34 27
1630 22 38 43 128 19 20 19 16 29 775 34 27
1631 22 35 41 190 29 1 20 32 28 1346 34 28
1632 22 30 27 235 28 1 21 27 18 239 34 27
1633 22 31 39 164 39 32 25 17 20 788 34 27
1634 22 28 8 145 27 1 18 31 27 574 34 27
1635 22 31 26 203 22 19 24 9 27 1026 34 27
1636 22 44 31 185 38 83 25 19 23 776 34 27
1637 22 32 36 226 33 89 23 36 29 778 34 27
1638 22 29 29 114 23 48 21 41 8 461 34 27
1639 22 19 12 147 17 1 12 39 36 2007 34 27
1640 22 33 43 258 43 65 17 26 22 722 34 27
1641 22 34 25 225 17 34 22 24 23 816 34 27
1642 22 32 39 180 33 64 18 21 29 942 34 27
1643 22 30 12 304 24 1 16 25 28 966 34 27
1644 22 32 39 379 25 1 20 6 25 716 34 27
1645 22 20 17 147 20 1 17 44 24 923 34 27
1646 22 21 14 151 29 1 17 34 26 2007 34 27
1647 22 39 53 177 37 4 17 1 36 1301 34 27
1648 22 29 33 199 26 15 22 30 32 1054 34 27
1649 22 29 39 126 33 68 32 36 28 547 34 27
1650 22 33 13 148 22 17 25 31 28 687 34 27
1651 22 28 33 274 24 1 25 27 30 1349 34 27
1652 22 35 19 253 22 47 36 33 24 946 34 27
1653 22 20 29 177 15 12 21 45 27 1236 34 27
1654 22 26 12 160 28 1 21 27 27 461 34 27
1655 22 34 42 386 40 65 16 12 29 1644 34 27
1656 22 41 36 170 36 41 28 28 31 644 34 27
1657 22 22 14 230 33 6 21 32 28 500 34 27
1658 22 36 24 179 38 55 23 33 35 893 34 27
1659 22 37 11 167 27 41 19 28 20 852 34 27
1660 22 33 32 135 36 67 18 20 30 1175 34 27
1661 22 32 30 130 25 1 16 18 23 1399 34 27
1662 22 37 35 315 29 14 23 45 30 776 34 27
1663 22 26 30 220 25 1 22 32 29 699 34 27
1664 22 37 33 248 38 14 26 24 23 1327 34 27
1665 22 24 18 156 25 2 23 31 26 709 34 27
1666 22 25 30 149 16 21 24 39 25 910 34 27
1667 22 64 30 167 29 50 16 35 18 790 34 27
1668 22 33 26 547 27 44 20 36 25 738 34 28
1669 22 25 22 200 29 28 25 46 27 845 34 27
1670 22 37 18 148 6 1 19 26 18 1486 34 27
1671 22 35 16 183 17 3 16 16 19 784 34 27
1672 22 29 18 142 25 1 20 46 28 963 34 28
1673 22 18 10 97 38 1 21 45 26 485 34 27
1674 22 26 25 133 23 43 16 33 31 907 34 27
1675 22 34 41 181 43 55 18 24 34 558 34 27
1676 22 27 30 107 36 100 29 22 27 1022 34 27
1677 22 22 31 231 17 28 22 34 35 1076 34 27
1678 22 42 42 142 39 1 20 19 27 875 34 27
1679 22 1658 1458 2006 1511 1400 1471 270 1893 2007 34 27
1680 22 27 38 189 29 15 19 27 23 544 34 27
1681 22 24 28 381 31 13 14 13 29 784 34 27
1682 22 33 40 168 33 49 27 32 26 844 34 27
1683 22 20 13 116 21 1 22 31 28 618 34 27
1684 22 22 18 141 22 13 24 30 25 529 34 27
1685 22 29 34 147 33 1 19 20 21 713 34 27
1686 22 34 30 193 16 1 19 21 22 778 34 27
1687 22 34 26 348 26 37 28 37 27 396 34 27
1688 22 26 18 361 21 1 15 24 28 518 34 27
1689 22 29 29 141 36 15 19 20 36 141 34 27
1690 22 34 44 717 32 36 21 17 26 1209 34 27
1691 22 34 40 221 31 71 22 27 37 834 34 27
1692 22 36 23 209 26 35 20 15 20 733 34 27
1693 22 27 33 223 37 81 21 45 27 1114 34 28
1694 22 19 16 136 24 27 20 28 32 701 34 27
1695 22 40 36 199 32 6 21 24 30 806 34 27
1696 22 30 29 177 36 47 15 20 36 1035 34 27
1697 22 29 28 206 38 27 17 21 28 393 34 27
1698 22 31 21 234 34 1 18 20 33 484 34 27
1699 22 24 35 140 40 10 28 33 37 744 34 27
1700 22 28 32 170 41 45 24 24 31 635 34 27
1701 22 34 25 200 29 28 17 31 22 839 34 27
1702 22 28 37 283 30 63 22 41 28 801 34 27
1703 22 24 15 156 33 15 22 30 22 759 34 27
1704 22 33 27 125 22 24 20 1 23 727 34 27
1705 22 31 21 170 30 56 25 39 26 760 34 27
1706 22 33 32 140 37 1 20 13 30 1317 34 27
1707 22 25 31 149 38 19 15 43 18 794 34 27
1708 22 28 13 230 24 1 25 27 25 641 34 27
1709 22 37 40 129 31 43 15 29 29 746 34 28
1710 22 30 35 144 26 21 20 31 28 774 34 27
1711 22 26 19 218 33 1 26 41 29 773 34 27
1712 22 39 24 240 28 31 29 21 25 941 34 27
1713 22 32 28 299 35 47 27 28 27 660 34 27
1714 22 44 35 204 31 15 22 18 21 311 34 27
1715 22 32 22 176 25 1 27 15 36 659 34 27
1716 22 28 25 154 32 29 32 21 27 593 34 27
1717 22 26 19 634 11 37 29 39 27 1126 34 27
1718 22 38 37 160 31 1 17 43 24 853 34 27
1719 22 36 44 190 40 1 11 22 25 1084 34 27
1720 22 28 18 192 22 4 25 23 20 613 34 27
1721 22 33 28 182 16 34 15 12 37 619 34 27
1722 22 38 27 221 33 48 24 33 21 1604 34 27
1723 22 23 21 136 33 1 23 36 34 656 34 27
1724 22 31 34 271 23 1 19 9 19 706 34 27
1725 22 25 22 137 24 44 263 30 32 995 34 27
1726 22 32 26 130 15 14 21 28 22 410 34 27
1727 22 20 17 141 36 5 18 28 28 433 34 27
1728 22 29 32 158 19 17 17 24 22 850 34 27
1729 22 32 31 187 37 68 26 46 28 585 34 27
1730 22 36 42 165 36 24 22 36 25 1231 34 27
1731 22 28 30 270 26 1 13 11 26 682 34 27
1732 22 30 41 157 20 15 28 17 19 708 34 27
1733 22 38 38 193 27 1 19 25 30 943 34 27
1734 22 31 33 181 21 22 25 36 34 907 34 27
1735 22 34 31 202 27 33 20 10 23 797 34 27
1736 22 33 20 187 20 1 16 11 25 757 34 27
1737 22 36 33 232 34 1 24 28 23 812 34 27
1738 22 28 40 173 31 12 22 38 25 1135 34 27
1739 22 34 32 199 32 1 23 4 33 235 34 27
1740 22 29 44 305 28 78 25 27 24 905 34 27
1741 22 27 32 319 28 66 18 32 28 1851 34 27
1742 22 33 30 196 26 30 23 20 28 1111 34 27
1743 22 31 35 266 29 1 19 23 23 539 34 27
1744 22 26 25 311 37 1 20 46 30 902 34 27
1745 22 40 28 182 27 53 21 15 28 1049 34 28
1746 22 35 14 133 25 11 12 40 21 917 34 27
1747 22 38 30 344 32 1 14 13 25 833 34 27
1748 22 40 44 150 39 21 25 9 35 1041 34 27
1749 21 35 35 232 24 38 23 38 28 771 34 27
1750 22 29 31 202 25 1 21 29 28 1030 34 27
1751 22 30 20 159 32 34 23 30 28 791 34 27
1752 22 20 28 176 21 1 14 25 30 518 34 27
1753 22 2007 21 1088 297 28 68 654 457 2006 34 27
1754 22 33 25 169 33 93 26 26 34 1232 34 27
1755 22 35 40 173 33 15 26 22 36 999 34 27
1756 22 33 19 249 23 1 25 13 26 782 34 27
1757 22 37 42 155 36 69 21 19 20 905 34 27
1758 22 29 17 149 27 3 16 27 29 690 34 27
1759 22 26 34 263 31 42 27 45 27 611 34 27
1760 22 25 22 188 29 1 15 19 26 727 34 27
1761 22 37 29 119 28 12 22 17 30 559 34 27
1762 22 29 17 192 25 1 12 14 21 1157 34 27
1763 22 31 34 212 25 1 20 37 34 1349 34 27
1764 22 31 34 434 28 39 21 29 17 501 34 27
1765 22 30 29 216 32 49 25 37 21 890 34 27
1766 22 34 36 182 27 35 19 24 25 1032 34 27
1767 22 33 30 314 12 43 15 27 22 689 34 27
1768 22 26 14 151 28 1 15 16 25 1144 34 27
1769 22 30 36 160 29 20 25 27 35 1147 34 27
1770 22 24 14 113 33 1 16 18 38 544 34 27
1771 22 34 43 247 25 1 21 18 23 1024 34 27
1772 22 43 44 223 33 21 15 18 29 889 34 28
1773 22 25 35 122 37 35 19 41 23 746 34 27
1774 22 24 28 157 24 49 29 33 26 951 34 27
1775 22 29 25 158 33 31 20 27 25 701 34 27
1776 22 23 24 100 36 48 19 33 22 627 34 27
1777 22 33 27 251 28 79 27 19 28 593 34 27
1778 22 31 36 433 23 77 21 30 26 1403 34 27
1779 22 31 31 294 34 8 22 19 27 1371 34 27
1780 22 27 25 120 27 66 23 19 27 461 34 27
1781 22 35 31 144 23 2 20 11 26 744 34 28
1782 22 32 40 188 51 1 24 29 33 751 34 27
1783 22 27 24 147 29 6 28 34 29 763 34 27
1784 22 27 22 186 35 63 19 26 27 433 34 27
1785 22 30 30 146 30 23 18 22 22 617 34 27
1786 22 39 32 340 24 8 23 6 33 1785 34 27
1787 22 22 25 145 28 68 23 44 28 470 34 27
1788 22 33 33 184 24 2 22 21 25 984 34 27
1789 22 18 27 134 31 48 23 44 26 1104 34 27
1790 22 28 25 219 29 1 21 14 28 765 34 27
1791 22 33 20 152 23 30 21 16 26 624 34 27
1792 22 29 34 170 41 28 20 28 42 726 34 27
1793 22 32 38 143 27 114 17 30 20 548 34 27
1794 22 42 33 156 17 1 16 17 30 1066 34 27
1795 22 28 20 138 30 1 29 46 22 1435 34 27
1796 22 39 38 262 24 33 22 24 34 1070 34 27
1797 22 28 33 230 44 41 29 34 28 1098 34 27
1798 22 29 30 175 37 2 23 40 28 848 34 27
1799 22 30 41 267 26 84 22 27 21 1034 34 27
1800 22 32 36 588 27 13 14 20 25 781 34 27
1801 22 18 22 177 31 52 23 41 22 675 34 27
1802 22 29 28 164 15 48 25 26 22 846 34 27
1803 22 30 38 446 36 19 15 42 24 1644 34 27
1804 22 24 34 224 36 50 24 30 30 509 34 27
1805 22 31 36 211 32 47 25 40 22 773 34 27
1806 22 43 34 123 37 10 23 9 47 657 34 28
1807 22 34 42 244 25 1 25 38 24 758 34 27
1808 22 35 19 128 39 7 21 25 23 580 34 27
1809 22 35 37 140 28 43 19 39 23 718 34 27
1810 22 46 36 190 29 1 18 10 22 757 34 27
1811 22 33 35 140 24 42 12 15 23 681 34 27
1812 22 38 33 246 21 14 21 28 20 600 34 27
1813 22 31 26 214 16 19 18 38 23 757 34 27
1814 22 32 31 192 45 65 20 41 27 994 34 27
1815 22 26 37 127 38 51 23 29 34 999 34 27
1816 22 31 31 122 28 53 24 28 24 1261 34 27
1817 22 32 37 550 34 48 25 8 29 634 34 27
1818 22 31 28 141 21 1 330 16 29 618 34 27
1819 22 26 17 377 25 34 24 36 19 2006 34 27
1820 22 28 38 286 27 80 19 26 36 657 34 27
1821 22 32 38 654 30 40 21 40 29 701 34 27
1822 22 32 38 244 35 64 17 24 29 689 34 27
1823 22 36 23 331 32 67 25 28 32 1181 34 27
1824 22 33 36 199 26 87 15 17 30 699 34 27
1825 22 35 27 173 24 1 17 5 20 1156 34 27
1826 22 31 21 190 18 1 23 18 26 733 34 27
1827 22 37 35 821 21 1 14 12 38 481 34 27
1828 22 27 29 205 22 30 24 39 27 463 34 27
1829 22 33 14 232 30 1 21 14 18 493 34 27
1830 22 29 41 145 20 66 11 24 31 578 34 27
1831 22 28 27 115 39 43 18 22 28 1286 34 27
1832 22 27 26 187 25 53 21 33 22 535 34 27
1833 22 35 24 224 22 1 24 24 23 1136 34 27
1834 22 32 44 136 36 1 22 23 22 657 34 27
1835 22 24 37 338 32 29 559 428 93 622 34 27
1836 22 37 39 165 31 39 20 30 24 831 34 27
1837 22 38 39 295 42 49 19 22 29 1372 34 27
1838 22 37 31 213 36 40 14 24 35 451 34 27
1839 22 25 19 156 44 45 30 24 29 538 34 27
1840 22 30 43 167 28 45 22 29 33 202 34 27
1841 22 26 23 258 24 1 26 26 31 841 34 27
1842 22 23 12 263 25 1 25 18 26 583 34 27
1843 22 37 46 136 38 62 27 30 34 670 34 27
1844 22 33 41 423 30 17 26 28 15 1618 34 28
1845 22 30 21 179 11 1 18 41 23 1288 34 27
1846 22 31 37 188 40 1 22 2 30 955 34 27
1847 22 41 50 360 35 23 21 22 37 724 34 27
1848 22 36 38 171 37 112 25 19 22 659 34 27
1849 22 32 43 164 41 19 28 20 28 1051 34 27
1850 22 32 38 140 32 72 19 35 32 1058 34 28
1851 22 31 41 170 29 66 28 34 14 600 34 28
1852 22 31 35 149 38 1 21 21 30 752 34 27
1853 22 30 27 276 28 27 24 40 695 932 34 27
1854 22 35 34 103 29 36 23 28 27 601 34 27
1855 22 38 38 137 31 54 20 28 28 1113 34 28
1856 22 29 10 135 22 23 27 44 19 269 34 27
1857 22 23 29 145 38 16 21 14 25 1298 34 27
1858 22 27 22 162 25 1 21 35 27 574 34 27
1859 22 30 25 563 25 45 20 31 25 1033 34 27
1860 22 31 23 104 31 33 24 22 23 858 34 27
1861 22 36 38 159 39 44 17 18 30 622 34 27
1862 22 41 38 143 44 46 24 19 29 2006 34 27
1863 22 29 33 181 26 35 20 47 30 750 34 27
1864 22 24 17 134 32 37 17 25 25 1443 34 27
1865 22 37 43 169 29 26 18 26 31 692 34 27
1866 22 23 18 128 23 1 22 42 23 961 34 27
1867 22 24 26 152 30 47 23 26 29 1251 34 27
1868 22 31 37 193 31 38 22 40 415 1000 34 27
1869 22 32 44 124 45 63 18 27 35 915 34 27
1870 22 34 31 120 31 1 19 1 18 1277 34 27
1871 22 24 19 174 23 34 19 35 21 2006 34 27
1872 22 41 43 144 38 25 25 43 29 770 34 27
1873 22 29 42 129 33 65 25 46 31 588 34 27
1874 22 23 34 182 38 45 18 31 366 740 34 27
1875 22 32 29 156 31 1 21 12 24 946 34 27
1876 22 34 42 164 31 46 12 37 15 860 34 27
1877 22 31 24 133 20 11 24 28 26 709 34 27
1878 22 23 27 152 22 60 17 35 25 747 34 27
1879 22 32 36 216 41 100 23 31 30 434 34 27
1880 22 36 19 155 35 14 18 31 32 868 34 27
1881 22 40 36 224 30 91 14 34 22 714 34 27
1882 22 29 35 119 28 5 24 40 31 669 34 27
1883 22 38 24 141 28 1 15 22 24 1012 34 27
1884 21 21 18 573 29 1 25 43 28 771 34 27
1885 22 31 32 128 27 47 25 22 17 724 34 27
1886 22 33 23 129 27 5 17 19 23 576 34 27
1887 22 29 32 580 36 16 14 17 23 1513 34 27
1888 22 32 28 232 23 1 18 1 25 987 34 27
1889 22 26 19 167 28 60 17 28 27 1799 34 27
1890 22 32 26 120 29 1 20 40 32 602 34 27
1891 22 29 37 152 29 43 20 18 32 981 34 27
1892 22 39 42 203 36 58 17 34 29 961 34 27
1893 22 35 33 244 37 57 21 21 28 696 34 27
1894 22 38 42 134 36 64 24 19 35 890 34 27
1895 22 25 12 205 21 1 18 15 21 867 34 27
1896 22 34 40 196 33 97 25 8 29 681 34 27
1897 22 35 44 223 37 25 27 23 27 1083 34 27
1898 22 32 40 241 37 17 25 41 26 594 34 27
1899 22 32 34 201 31 97 21 37 27 605 34 27
1900 22 29 36 282 39 45 24 9 29 2007 34 27
1901 22 24 30 174 33 58 25 27 20 800 34 27
1902 22 38 37 173 31 1 16 20 27 1268 34 27
1903 22 23 19 179 38 1 17 32 29 469 34 27
1904 22 43 43 132 38 72 21 23 29 917 34 27
1905 22 22 31 192 28 2 24 53 25 858 34 27
1906 22 28 31 307 21 50 20 31 27 275 34 27
1907 22 24 17 176 25 1 17 29 25 2006 34 27
1908 22 39 33 270 28 36 20 4 27 1002 34 27
1909 22 21 22 155 30 1 23 150 111 1070 34 27
1910 22 31 24 233 28 7 23 37 25 851 34 27
1911 22 24 20 251 28 1 15 25 29 165 34 27
1912 22 28 26 465 28 35 23 25 22 466 34 27
1913 22 30 29 434 45 31 18 43 29 678 34 27
1914 22 37 26 353 26 24 29 44 31 757 34 27
1915 22 28 37 650 27 7 22 34 29 615 34 27
1916 22 20 18 268 28 18 24 32 28 832 34 27
1917 22 29 18 359 11 1 27 13 26 990 34 27
1918 22 33 35 552 22 41 18 17 33 824 34 27
1919 22 30 41 248 31 1 25 3 25 2006 34 27
1920 22 45 27 139 50 1 21 13 34 641 34 27
1921 22 29 28 134 26 29 25 34 25 2006 34 27
1922 22 31 26 142 35 5 18 30 24 989 34 27
1923 22 40 43 149 42 73 25 3 27 725 34 27
1924 22 40 30 107 38 43 30 28 22 804 34 27
1925 22 26 18 255 30 1 26 25 31 508 34 27
1926 22 30 37 324 28 38 19 11 36 859 34 27
1927 22 31 25 154 35 42 22 44 28 952 34 27
1928 22 32 36 252 22 21 19 16 15 879 34 27
1929 22 28 25 234 37 2 14 17 23 596 34 27
1930 22 40 36 306 30 50 22 35 36 575 34 27
1931 22 40 29 262 29 1 23 32 28 777 34 27
1932 22 39 42 354 23 8 14 45 35 581 34 27
1933 22 27 29 172 32 63 30 40 24 355 34 27
1934 22 34 36 95 37 65 17 38 25 1497 34 27
1935 22 23 14 116 29 14 21 35 27 1001 34 27
1936 22 37 52 376 33 85 17 19 27 650 34 27
1937 22 34 26 358 31 26 24 21 131 1342 34 27
1938 22 43 42 132 40 39 21 16 26 936 34 27
1939 22 21 34 205 42 51 25 48 41 936 34 27
1940 22 32 39 170 32 47 20 53 33 895 34 27
1941 22 28 28 304 28 77 15 23 25 645 34 27
1942 22 22 30 155 28 10 21 46 30 799 34 27
1943 22 34 30 196 25 1 21 6 31 753 34 27
1944 22 29 28 126 33 62 23 50 30 238 34 27
1945 22 31 31 277 42 77 20 21 29 512 34 28
1946 22 33 42 183 35 1 15 10 33 2007 34 27
1947 22 27 27 219 29 32 20 18 29 1397 34 27
1948 22 33 32 221 28 1 22 17 28 604 34 27
1949 22 34 43 163 25 67 22 36 28 1571 34 27
1950 22 27 30 192 28 1 18 27 26 775 34 27
1951 22 25 36 147 34 15 19 8 31 1117 34 27
1952 22 35 33 205 30 1 15 28 22 1542 34 27
1953 22 33 36 222 46 7 19 24 37 762 34 27
1954 22 45 28 196 22 1 17 43 23 727 34 27
1955 22 23 14 169 24 44 25 35 22 461 34 27
1956 22 28 27 205 33 42 18 19 21 1177 34 27
1957 22 32 38 168 25 58 15 10 29 691 34 27
1958 22 35 39 198 30 51 24 15 27 629 34 27
1959 22 25 21 294 24 46 23 39 24 1015 34 27
1960 22 42 33 280 30 26 23 37 28 602 34 27
1961 22 28 32 181 25 9 23 36 26 737 34 27
1962 22 38 48 163 38 1 25 37 33 2006 34 27
1963 22 31 37 219 24 79 24 38 21 961 34 27
1964 22 31 27 367 35 15 25 27 24 2007 34 27
1965 22 35 38 215 38 35 21 27 21 309 34 27
1966 22 32 42 144 36 2 23 34 27 681 34 27
1967 22 31 40 245 34 59 18 27 29 657 34 27
1968 22 30 19 175 18 21 20 37 25 829 34 27
1969 22 30 12 156 19 1 25 21 27 823 34 27
1970 22 27 37 254 30 54 22 30 23 1160 34 27
1971 22 29 21 135 18 1 20 18 26 477 34 27
1972 22 26 36 182 25 29 20 39 19 918 34 27
1973 22 29 31 186 25 39 26 26 30 1225 34 27
1974 22 28 11 297 20 35 19 50 22 1780 34 27
1975 22 24 16 116 31 1 16 18 31 483 34 27
1976 22 23 20 112 26 16 21 26 27 764 34 27
1977 22 23 13 105 31 1 17 32 19 856 34 27
1978 22 27 29 122 29 4 19 25 20 588 34 27
1979 22 29 19 471 27 48 12 23 26 653 34 27
1980 22 35 42 109 36 17 15 1 33 528 34 27
1981 22 31 41 125 35 55 17 41 19 996 34 27
1982 22 22 27 218 22 42 17 28 27 751 34 27
1983 22 24 19 290 28 1 24 45 37 676 34 27
1984 22 31 37 194 49 1 18 37 18 827 34 27
1985 22 32 27 166 22 17 15 26 34 796 34 27
1986 22 32 39 151 32 1 23 33 30 689 34 27
1987 22 21 13 158 24 31 21 39 18 962 34 27
1988 22 31 20 281 21 1 18 15 28 703 34 27
1989 22 26 18 191 14 16 26 35 15 576 34 27
1990 22 33 23 153 20 42 22 17 25 919 34 27
1991 22 29 27 127 20 20 24 34 29 1829 33 27
1992 22 30 27 165 34 16 19 31 31 650 34 27
1993 22 28 12 128 30 1 23 11 41 889 34 27
1994 22 30 39 221 30 13 16 29 28 912 34 27
1995 22 33 37 202 26 2 16 18 27 893 34 27
1996 22 32 30 172 21 31 18 23 24 683 34 27
1997 22 31 24 230 39 1 21 38 30 381 33 27
1998 22 23 30 127 27 25 21 39 30 661 34 27
1999 22 20 22 170 22 3 20 32 24 1818 34 27
2000 22 33 37 165 24 52 20 12 18 693 34 28
