1 22 29 34 47 25 228 11 33 104 9 34 28
2 22 37 43 44 24 169 1 23 61 15 33 28
3 22 27 33 44 23 126 1 37 78 5 33 28
4 22 28 12 21 22 86 1 6 1 23 33 27
5 22 30 23 39 13 82 438 24 44 10 34 28
6 22 37 34 25 28 258 186 43 70 20 34 28
7 22 38 41 34 31 331 1 35 26 11 34 28
8 22 28 14 19 30 226 1 42 103 4 33 28
9 22 36 33 25 38 70 1 16 1 33 34 28
10 22 31 27 27 29 164 1 16 1 20 33 27
11 22 35 38 39 22 382 1 40 148 12 33 28
12 22 21 23 36 27 334 5 19 1 21 33 27
13 22 32 25 8 37 179 1 21 5 30 34 28
14 22 25 12 25 23 197 264 31 1 18 33 28
15 22 37 44 35 36 111 1 29 1 13 33 28
16 22 42 45 20 39 172 1 20 1 36 34 27
17 22 30 38 17 45 150 1 30 1 31 33 27
18 22 31 26 23 27 59 164 30 1 20 33 27
19 22 24 16 17 40 118 1 24 1 23 33 27
20 22 36 39 38 29 113 142 17 1 16 33 27
21 22 31 20 15 27 307 261 24 1 20 33 27
22 22 28 32 29 32 164 236 31 1 28 34 27
23 22 24 11 25 16 134 20 33 55 3 33 28
24 22 31 22 10 31 74 1 37 64 24 33 28
25 22 42 38 19 44 228 220 23 1 28 34 28
26 22 29 29 35 25 105 1 29 61 21 33 28
27 22 26 16 18 27 239 1 31 1 17 33 27
28 22 26 25 11 32 85 1 22 1 32 34 27
29 22 25 15 18 19 198 117 25 1 20 33 27
30 22 25 15 19 22 153 214 42 77 12 33 28
31 22 33 39 28 33 208 117 21 1 31 34 28
32 22 28 31 23 34 173 1 48 106 15 34 28
33 22 33 40 26 44 350 60 31 1 26 33 28
34 22 19 16 23 33 34 1 31 70 16 34 28
35 22 36 36 24 26 181 186 16 1 25 33 27
36 22 33 31 24 28 204 1 23 1 20 33 27
37 22 33 29 24 29 185 110 32 78 15 34 28
38 22 30 18 1 42 237 1 22 1 38 34 27
39 22 31 27 17 27 173 226 37 30 25 34 28
40 22 21 13 12 29 90 238 31 73 27 34 27
41 22 30 39 27 30 193 1 11 1 21 33 27
42 22 31 36 48 21 275 105 35 87 3 34 28
43 22 33 30 37 20 120 21 41 148 4 34 28
44 22 76 379 83 30 201 10 38 524 18 34 28
45 22 34 28 17 24 176 24 18 1 25 33 27
46 22 25 13 17 23 127 100 27 65 12 34 28
47 22 32 33 40 26 587 67 32 74 8 34 28
48 22 32 27 29 24 103 1 16 1 18 33 27
49 22 32 24 5 30 113 1 27 1 23 33 28
50 22 30 21 18 35 409 67 30 1 22 33 27
51 22 35 37 33 26 192 303 13 1 28 34 27
52 22 29 32 20 39 351 1 38 59 20 33 28
53 22 32 41 42 21 124 196 17 1 20 33 27
54 22 31 38 43 21 181 13 27 1 14 33 28
55 22 30 19 13 30 141 114 39 75 19 34 28
56 22 30 30 9 45 162 1 26 1 22 33 27
57 22 30 36 30 33 76 1 43 138 17 33 28
58 22 29 36 31 30 125 1 33 58 19 34 28
59 22 26 31 33 28 103 262 34 94 28 34 28
60 22 30 22 15 34 168 1 44 100 21 33 28
61 22 18 7 21 23 244 1 39 119 9 34 28
62 22 25 33 34 21 210 167 41 104 18 34 28
63 22 32 35 32 21 183 1 27 1 24 33 27
64 22 37 34 25 27 161 1 26 1 23 33 27
65 22 33 24 21 21 108 1 32 1 21 33 28
66 22 30 21 28 24 198 1 35 80 3 33 28
67 22 37 41 42 33 1 108 32 60 17 34 28
68 22 22 28 35 20 321 1 46 159 12 33 28
69 22 32 36 23 40 185 1 27 1 24 33 27
70 22 32 38 32 28 170 1 33 25 18 33 28
71 22 24 17 36 23 91 139 14 1 18 33 27
72 22 37 43 28 29 126 1 4 1 40 34 27
73 22 31 23 9 33 112 1 21 1 19 33 27
74 22 34 34 34 27 21 1 8 1 9 33 27
75 22 29 42 37 32 160 1 31 1 11 33 27
76 22 29 23 31 31 159 232 44 156 21 33 28
77 22 25 26 27 29 141 66 37 73 8 33 28
78 22 23 10 14 28 59 317 36 115 23 33 27
79 22 34 44 32 40 162 216 24 1 29 34 28
80 22 35 32 25 32 23 76 31 1 29 34 27
81 22 38 41 22 38 126 1 35 95 18 33 28
82 22 34 34 8 38 347 1 23 1 36 34 27
83 22 26 17 24 20 144 1 36 103 2 33 27
84 22 30 32 22 37 112 200 45 89 23 33 28
85 22 32 23 24 22 109 166 2 1 33 34 28
86 22 43 51 21 35 792 1 7 1 53 34 27
87 22 26 23 29 25 181 34 48 136 15 34 28
88 22 23 14 26 29 158 1 20 1 20 33 27
89 22 36 39 37 32 90 13 11 1 21 33 28
90 22 25 82 11 33 177 184 40 71 29 34 28
91 22 23 15 26 23 136 1 35 100 8 33 27
92 22 36 43 43 29 144 1 33 112 11 34 27
93 22 27 34 27 39 236 1 49 127 12 33 28
94 22 25 18 23 24 164 1 43 134 16 33 28
95 22 30 26 15 31 185 1 27 4 21 33 28
96 22 26 35 42 28 274 1 41 111 5 33 28
97 22 41 48 36 32 62 161 27 1 34 34 28
98 22 23 8 8 25 91 1 35 36 7 33 28
99 22 28 33 26 29 126 1 31 8 24 33 28
100 22 29 18 25 29 14 1 20 1 11 33 27
101 22 28 22 29 23 170 184 19 1 19 33 27
102 22 32 42 27 39 203 190 34 10 24 34 28
103 22 37 38 23 40 240 1 6 1 39 34 27
104 22 21 22 32 27 168 279 35 89 23 34 28
105 22 27 23 25 32 125 38 27 68 8 34 28
106 22 30 28 18 30 202 1 23 1 30 34 27
107 32 34 22 50 27 285 490 67 207 16 47 40
108 22 28 31 16 35 133 1 30 1 18 33 27
109 22 25 22 33 18 316 1 23 40 15 33 27
110 22 31 30 37 31 177 36 23 45 22 33 28
111 22 33 32 24 24 222 78 15 1 33 34 27
112 22 36 41 29 36 100 163 14 1 36 34 27
113 22 26 25 27 31 189 150 32 85 19 33 28
114 22 40 44 25 40 829 1 33 1 27 33 27
115 22 28 24 32 24 389 1 26 7 23 33 27
116 22 26 19 12 32 304 1 31 1 19 33 27
117 22 28 31 38 19 241 1 15 1 25 33 27
118 22 28 29 31 28 102 1 22 1 24 33 27
119 22 40 29 14 25 306 146 30 1 31 34 27
120 22 28 17 15 22 134 166 41 63 18 33 28
121 22 31 38 41 23 140 1 21 1 15 33 27
122 22 30 42 38 29 171 132 41 79 16 34 28
123 22 36 44 32 32 139 103 27 1 41 34 27
124 22 20 23 33 30 340 161 41 107 16 33 27
125 22 23 15 28 21 327 1 22 56 11 33 27
126 22 33 38 33 26 188 1 21 1 18 33 27
127 22 38 43 33 31 102 354 26 1 32 34 28
128 22 26 16 20 24 187 1 41 86 15 33 27
129 22 34 36 10 40 126 1 29 1 30 34 27
130 22 31 23 12 35 280 128 30 1 29 34 27
131 22 33 26 16 31 123 235 43 63 28 34 28
132 22 29 30 44 20 132 216 8 1 21 33 27
133 22 31 27 28 25 147 1 20 1 30 34 27
134 22 34 48 38 30 237 1 16 1 26 33 27
135 22 23 29 44 13 47 113 25 28 19 33 28
136 22 31 34 23 32 194 1 48 131 15 34 28
137 22 34 42 40 29 68 1 34 74 14 34 28
138 22 33 35 24 30 135 1 17 1 27 33 27
139 22 33 32 32 30 134 1 39 112 6 34 28
140 22 29 30 19 35 112 1 42 118 5 33 28
141 22 33 39 33 30 488 81 31 16 21 34 28
142 22 25 20 9 35 521 1 31 1 21 33 27
143 22 34 20 1 35 305 1 23 1 23 33 27
144 22 21 22 32 19 274 1 32 65 11 33 27
145 22 29 17 17 32 180 1 32 30 15 33 27
146 22 26 22 35 19 336 1 36 89 8 33 28
147 22 26 24 28 20 83 158 28 55 24 33 28
148 22 34 41 33 32 423 1 18 1 20 33 27
149 22 28 19 15 34 92 1 40 126 8 33 27
150 22 34 22 23 27 157 1 6 1 29 33 27
151 22 38 37 24 33 96 30 36 19 20 34 28
152 22 31 24 22 24 74 1 34 60 15 33 28
153 22 33 42 27 42 259 146 23 1 41 34 27
154 22 33 34 38 33 223 1 7 1 28 34 28
155 22 32 24 15 34 191 1 41 111 10 33 27
156 22 28 38 53 22 334 55 43 158 1 34 28
157 22 35 45 40 30 225 44 36 55 20 33 28
158 22 23 25 45 18 360 224 40 131 4 33 27
159 22 34 36 44 25 56 104 21 1 18 34 28
160 22 29 24 31 26 55 1 16 1 25 33 28
161 22 26 30 17 36 212 191 24 1 31 34 28
162 22 35 47 19 41 122 1 21 1 34 34 27
163 22 37 38 26 33 99 180 41 47 25 34 28
164 22 26 16 22 21 35 210 19 1 31 33 27
165 22 28 27 16 36 102 1 48 127 8 33 28
166 22 36 36 26 33 271 121 40 37 22 34 28
167 22 29 34 37 36 69 309 28 73 19 33 28
168 22 42 39 24 42 36 146 26 1 21 33 28
169 22 19 22 37 22 400 1 38 127 2 33 28
170 22 31 39 35 27 100 1 39 92 5 34 27
171 22 33 42 25 40 167 1 40 81 10 34 28
172 22 37 51 29 39 137 1 16 1 38 34 27
173 22 32 40 26 34 110 1 37 21 20 34 28
174 22 28 23 37 17 136 210 36 123 9 34 28
175 22 33 36 35 26 359 1 23 1 17 33 27
176 22 37 25 16 23 205 1 39 5 15 33 28
177 22 27 19 18 31 278 1 1 1 15 33 27
178 22 28 38 28 31 175 337 38 84 32 34 28
179 22 33 38 33 24 209 186 36 76 23 34 28
180 22 32 37 42 29 339 1 20 1 18 33 27
181 22 31 34 14 38 231 1 26 1 22 33 27
182 22 35 45 44 32 269 147 45 168 5 34 28
183 22 28 35 25 39 335 195 40 101 14 33 28
184 22 30 37 31 31 161 187 34 38 25 34 28
185 22 31 15 21 19 140 1 28 12 16 33 27
186 22 35 37 19 36 210 1 30 1 28 33 27
187 22 30 32 41 17 72 391 15 1 34 34 27
188 22 33 26 26 25 109 1 9 1 29 33 27
189 22 23 18 38 17 59 1 28 28 10 33 27
190 22 31 28 34 19 201 1 26 1 18 33 27
191 22 28 30 34 19 160 1 41 142 2 33 28
192 22 34 34 27 37 64 1 38 69 14 33 28
193 22 34 42 16 41 271 1 13 1 32 34 27
194 22 29 33 25 38 191 1 35 11 22 33 28
195 22 40 45 25 34 307 1 42 97 6 34 27
196 22 40 38 24 29 192 192 30 1 31 34 28
197 22 31 17 28 17 264 1 22 1 26 33 27
198 22 28 30 9 33 67 1 36 92 8 33 27
199 22 39 35 30 21 396 178 25 1 39 34 28
200 22 28 27 34 28 113 1 42 91 14 33 28
201 22 42 40 18 35 333 1 26 1 22 33 27
202 22 33 35 27 38 161 1 38 57 18 34 28
203 22 32 36 29 32 136 1 40 63 21 34 28
204 22 38 43 26 37 134 1 13 1 36 34 28
205 22 32 23 22 29 176 1 32 46 17 33 28
206 22 34 38 38 23 135 123 29 13 26 34 28
207 22 27 18 36 23 87 1 42 162 1 33 27
208 22 29 36 27 36 100 244 31 60 22 33 28
209 22 32 34 25 29 209 1 26 1 37 34 27
210 22 34 32 31 25 159 218 14 1 27 33 28
211 22 37 40 12 32 182 1 27 1 31 34 27
212 22 35 38 24 36 151 1 37 13 12 34 28
213 22 31 30 25 29 369 1 20 1 29 34 27
214 22 30 21 14 35 179 1 26 1 32 34 27
215 22 33 40 35 32 170 1 19 1 34 34 27
216 22 27 19 22 31 385 383 34 53 11 33 28
217 22 28 30 31 24 125 247 13 1 30 34 27
218 22 31 35 37 24 165 200 28 1 25 33 28
219 22 36 32 32 31 70 1 8 1 29 34 27
220 22 32 31 29 30 39 132 21 1 28 34 27
221 22 30 18 14 30 137 1 15 1 30 33 27
222 22 33 35 31 29 254 417 1 1 54 34 27
223 22 34 22 3 36 126 23 27 1 23 33 27
224 22 31 20 16 31 291 1 12 1 39 34 27
225 22 30 39 27 37 348 1 43 115 10 33 27
226 22 29 27 35 22 159 249 8 1 28 33 27
227 22 38 44 32 32 181 1 22 1 28 33 28
228 22 35 31 25 28 191 1 5 1 39 34 28
229 22 31 37 36 37 151 160 17 1 35 34 27
230 22 30 38 37 29 287 1 27 59 14 34 28
231 22 33 30 19 35 142 308 18 1 40 34 27
232 22 37 42 27 37 206 1 22 1 29 34 27
233 22 38 27 24 26 309 18 6 1 40 34 27
234 22 30 24 39 20 111 228 20 1 26 33 27
235 22 35 40 27 32 372 1 31 57 17 34 28
236 22 28 32 28 27 97 154 28 31 24 34 28
237 22 26 11 16 29 1 281 28 1 24 33 27
238 22 39 41 35 35 92 193 18 1 29 34 27
239 22 28 29 40 13 77 102 18 1 29 34 27
240 22 29 37 21 42 137 189 36 47 19 33 28
241 22 37 42 40 36 37 265 50 156 7 34 28
242 22 36 44 33 37 143 1 17 1 33 34 27
243 22 36 35 22 35 159 1 45 107 15 34 28
244 22 33 34 22 43 212 1 42 58 8 34 28
245 22 33 41 33 31 277 1 17 1 31 34 27
246 22 40 43 32 25 117 1 11 1 26 33 27
247 22 29 34 23 31 422 175 29 8 17 33 28
248 22 35 40 29 30 188 81 39 121 10 34 28
249 22 26 33 23 35 242 1 39 73 19 33 28
250 22 29 36 31 27 117 1 43 110 4 33 28
251 22 30 34 30 34 87 1 45 112 13 34 28
252 22 35 31 22 30 65 207 12 1 35 34 27
253 22 29 31 28 30 127 1 50 145 6 34 28
254 22 35 34 34 24 94 1 35 60 20 34 28
255 22 32 29 33 28 137 119 26 44 12 34 28
256 22 36 35 20 37 248 1 27 1 37 34 27
257 22 27 29 37 19 218 1 32 25 10 34 27
258 22 28 17 20 25 45 1 8 1 27 33 27
259 22 31 35 40 28 131 47 43 66 14 34 28
260 22 28 34 30 34 170 149 34 32 21 34 28
261 22 30 28 27 35 109 1 22 1 22 33 27
262 22 31 25 23 30 152 172 26 1 19 33 28
263 22 33 39 41 33 135 116 27 1 24 33 27
264 22 32 39 36 21 239 1 26 44 13 34 28
265 22 36 33 30 31 163 173 39 22 14 34 28
266 22 37 42 34 30 419 1 29 1 21 33 27
267 22 21 21 24 34 81 244 38 116 5 33 27
268 22 30 25 31 21 85 220 22 2 25 33 27
269 22 37 44 30 33 210 1 29 5 18 33 28
270 22 31 29 31 17 325 132 24 44 16 34 28
271 22 35 30 19 24 61 161 28 1 30 34 27
272 22 28 23 35 21 219 1 38 111 10 33 28
273 22 36 32 33 24 92 12 3 1 30 34 27
274 22 27 32 42 21 120 167 30 118 18 34 28
275 22 37 38 29 31 612 168 24 1 25 33 28
276 22 34 40 38 30 92 159 43 152 12 34 28
277 22 38 46 34 28 102 120 13 1 27 34 27
278 22 37 41 23 39 163 1 14 1 36 34 27
279 22 22 1 12 30 268 1 21 1 25 33 27
280 22 32 22 24 24 187 1 34 55 11 33 28
281 22 32 35 32 31 158 1 15 1 29 34 27
282 22 31 34 27 30 224 1 19 1 26 33 27
283 22 33 26 20 34 229 1 26 8 24 33 27
284 22 29 18 21 23 185 1 28 1 17 33 27
285 22 30 34 40 25 93 1 10 1 32 34 27
286 22 25 12 17 32 168 1 41 87 17 33 27
287 22 30 22 25 28 155 1 31 61 18 33 28
288 22 36 40 40 31 78 29 17 1 26 34 27
289 22 27 30 37 20 544 103 23 1 18 33 28
290 22 35 32 18 33 155 156 32 1 30 34 27
291 22 24 29 38 20 243 47 31 86 4 33 28
292 22 32 40 29 37 86 1 51 156 9 34 28
293 22 24 8 30 23 8 9 18 1 19 33 27
294 22 40 29 6 42 126 1 23 1 40 34 27
295 22 29 26 18 31 116 182 34 1 17 33 28
296 22 34 35 38 30 242 67 26 28 17 34 28
297 22 35 35 16 40 118 1 28 1 33 34 27
298 22 31 39 39 23 203 232 21 1 25 33 28
299 22 25 20 22 33 148 1 46 81 17 33 28
300 22 31 31 38 24 176 1 38 114 13 34 28
301 22 30 27 25 30 215 140 26 1 26 33 27
302 22 40 32 21 38 174 62 12 1 40 34 28
303 22 29 25 33 15 76 33 8 1 27 33 27
304 22 33 34 35 26 158 141 22 1 22 33 28
305 22 27 33 37 31 101 419 33 115 18 33 28
306 22 34 27 26 30 146 129 28 1 23 33 27
307 22 32 38 42 23 105 153 12 1 29 34 28
308 22 35 39 40 36 736 203 22 1 26 33 27
309 22 27 20 30 29 80 58 40 145 14 33 27
310 22 28 37 44 23 186 1 20 1 17 33 27
311 22 31 30 31 29 141 1 27 1 18 33 27
312 22 25 34 40 30 178 58 36 142 1 34 28
313 22 32 25 5 32 184 1 28 1 32 34 27
314 22 29 27 28 30 113 116 31 87 14 33 28
315 22 29 33 18 38 106 276 11 1 37 34 28
316 22 24 12 1 39 92 1 41 52 24 33 27
317 22 29 37 26 32 125 39 36 80 20 34 28
318 22 27 14 22 25 72 1 15 1 14 33 27
319 22 36 31 24 27 160 1 21 1 28 34 27
320 22 19 12 23 27 105 1 42 129 8 33 27
321 22 34 42 35 29 335 1 22 1 25 33 27
322 22 32 25 25 25 192 1 35 107 11 33 28
323 22 28 34 31 32 156 1 26 1 21 33 28
324 22 27 30 22 36 221 1 43 124 17 33 28
325 22 28 18 13 31 100 113 48 131 8 34 27
326 22 32 37 29 38 390 1 20 1 23 33 27
327 22 29 35 33 33 96 130 28 46 15 34 28
328 22 36 42 25 39 382 1 47 136 22 33 28
329 22 33 21 16 24 189 1 26 1 19 33 28
330 22 39 31 15 36 204 1 14 1 31 34 27
331 22 30 29 20 31 133 1 46 118 19 33 28
332 22 31 35 40 19 199 178 17 1 22 33 27
333 22 24 21 14 37 130 162 33 1 23 33 27
334 22 25 17 38 12 120 113 34 100 8 34 27
335 22 33 30 27 23 122 182 34 70 21 34 28
336 22 31 21 26 21 131 265 19 1 22 33 27
337 22 31 21 28 24 108 117 12 1 26 33 27
338 22 32 24 20 30 214 188 27 1 29 34 27
339 22 37 39 31 35 307 271 36 97 20 33 27
340 22 34 23 21 29 111 76 26 1 21 34 28
341 22 28 18 12 26 119 1 18 1 26 33 27
342 22 31 28 22 24 99 31 34 1 21 34 28
343 22 24 8 27 17 207 1 47 143 6 33 27
344 22 18 11 25 21 582 154 43 117 10 33 27
345 22 28 27 20 30 120 1 36 109 15 33 28
346 22 34 43 33 35 113 275 29 1 21 33 27
347 22 36 46 31 39 228 1 24 1 35 34 27
348 22 32 34 22 33 132 1 40 80 11 34 28
349 22 26 22 24 25 113 109 42 106 13 33 28
350 22 44 38 17 33 144 1 21 1 36 34 27
351 22 34 37 41 24 177 171 21 1 21 33 28
352 22 22 9 29 18 443 26 34 36 7 34 28
353 22 27 37 24 35 450 1 41 126 14 33 28
354 22 27 32 28 29 138 1 14 1 23 33 27
355 22 28 30 28 34 69 1 38 50 23 33 28
356 22 32 39 19 35 290 1 36 81 20 33 27
357 22 26 25 28 27 175 145 26 1 20 33 28
358 22 48 50 24 44 68 1 23 1 36 34 27
359 22 33 30 23 33 96 1 38 97 11 34 28
360 22 27 24 30 31 145 81 17 1 20 33 28
361 22 19 15 26 25 132 1 13 22 16 33 27
362 22 33 26 24 30 133 1 38 72 16 33 28
363 22 30 18 1 35 226 1 26 1 28 33 27
364 22 34 38 40 27 441 1 42 68 10 34 28
365 22 30 25 34 29 182 85 14 1 14 33 28
366 22 32 39 27 30 85 1 43 92 17 33 27
367 22 29 18 14 27 175 1 38 110 18 33 27
368 22 32 23 7 39 454 1 33 1 21 33 28
369 22 34 43 33 35 118 18 21 1 26 33 27
370 22 29 32 29 28 167 1 17 1 21 33 27
371 22 23 13 27 21 145 118 31 72 18 33 27
372 22 34 36 18 35 127 304 31 1 38 34 27
373 22 27 16 19 24 96 74 31 11 20 33 27
374 22 32 36 40 31 333 296 40 139 21 34 28
375 22 26 24 34 20 117 123 24 1 17 33 28
376 22 37 29 21 24 185 1 38 63 22 33 27
377 22 32 19 14 31 377 206 17 1 35 34 27
378 22 41 41 30 33 191 1 20 1 26 33 27
379 22 28 31 34 26 254 1 32 112 14 33 28
380 22 35 41 33 39 85 1 42 140 10 34 28
381 22 33 36 42 32 4 1 18 9 17 33 28
382 22 27 14 25 15 121 1 37 124 5 33 27
383 22 26 18 8 33 227 1 29 1 22 33 27
384 22 25 16 21 24 128 1 48 153 4 33 27
385 22 32 32 31 21 313 1 22 1 15 33 27
386 22 32 42 25 35 268 77 34 58 38 34 28
387 22 36 43 33 25 407 75 24 1 33 34 27
388 22 26 30 51 11 180 1 26 50 8 33 28
389 22 31 34 33 28 112 1 37 61 15 33 28
390 22 33 37 44 15 226 8 31 70 14 34 28
391 22 29 36 48 18 48 85 24 1 17 33 27
392 22 27 24 30 30 27 34 21 11 12 33 28
393 22 18 23 36 24 226 1 41 108 10 33 27
394 22 40 42 21 43 272 1 27 1 41 34 27
395 22 35 34 34 25 168 16 29 12 16 34 28
396 22 37 39 25 36 325 54 31 1 25 33 28
397 22 34 26 11 35 215 1 27 11 27 34 28
398 22 37 45 29 37 89 1 38 26 21 33 28
399 22 35 31 27 33 95 344 27 1 29 34 27
400 22 24 25 41 30 196 225 29 109 21 33 28
401 22 27 36 27 36 94 1 35 68 14 33 28
402 22 33 31 43 24 163 1 33 67 1 34 28
403 22 34 35 27 31 154 57 14 1 37 34 28
404 22 36 31 20 30 254 1 44 92 16 33 28
405 22 37 29 24 22 238 1 32 14 21 34 28
406 22 32 23 21 27 109 1 24 1 20 33 28
407 22 38 42 25 36 112 1 18 1 35 34 27
408 22 33 27 35 25 521 53 35 66 1 34 28
409 22 27 28 27 31 153 1 11 1 29 33 27
410 22 29 22 27 22 132 1 23 1 12 33 27
411 22 37 42 21 43 128 44 27 1 27 33 27
412 22 25 24 37 27 232 1 29 22 8 33 28
413 22 35 21 13 23 164 1 16 1 31 34 27
414 22 27 26 32 26 128 1 14 1 19 33 27
415 22 35 26 19 28 182 1 37 26 24 34 28
416 22 30 25 33 25 183 66 42 18 14 34 28
417 22 25 31 38 19 133 316 37 135 17 33 28
418 22 30 30 20 29 176 45 42 129 17 33 28
419 22 34 42 25 39 180 1 38 106 15 34 28
420 22 30 37 38 26 114 83 30 45 23 34 28
421 22 28 32 37 28 259 1 38 89 13 33 27
422 22 28 19 20 27 139 1 33 90 14 33 28
423 22 31 32 31 21 39 264 26 1 26 33 27
424 22 26 28 22 37 183 1 30 34 13 33 28
425 22 33 26 29 25 65 85 14 1 28 33 27
426 22 38 34 20 40 129 1 26 1 29 33 27
427 22 28 25 25 33 124 1 34 112 9 33 27
428 22 38 38 10 41 62 1 1 1 43 34 27
429 22 31 25 20 32 193 165 36 39 27 34 28
430 22 27 29 28 27 90 1 42 93 23 33 28
431 22 24 21 25 24 62 1 30 1 11 33 27
432 22 27 16 10 28 593 106 37 60 19 33 28
433 22 35 37 28 29 240 167 29 1 33 34 27
434 22 29 23 14 35 116 1 48 130 10 33 27
435 22 31 27 35 21 303 12 32 51 11 33 28
436 22 24 24 22 30 252 1 36 58 7 33 28
437 22 39 37 42 25 51 1 23 1 25 33 27
438 22 31 31 30 22 125 127 41 111 9 34 28
439 22 27 33 32 25 195 132 37 87 14 33 28
440 22 38 26 9 32 208 1 17 1 38 34 27
441 22 32 36 20 32 142 1 13 1 26 33 27
442 22 27 22 27 21 78 64 36 53 17 33 28
443 22 22 8 16 28 176 425 32 79 25 33 27
444 22 24 32 52 18 160 1 31 95 4 34 28
445 22 29 37 29 34 199 1 38 125 15 34 28
446 22 36 29 18 31 130 1 14 1 35 34 27
447 22 32 28 36 22 49 129 30 37 20 33 28
448 22 28 35 27 34 201 1 31 5 17 33 28
449 22 33 37 37 17 234 1 18 1 18 33 28
450 22 29 36 30 30 562 1 41 119 15 33 27
451 22 24 30 41 26 163 1 31 127 9 33 28
452 22 30 20 7 27 695 220 31 1 37 34 27
453 22 30 23 10 32 645 1 30 1 23 33 27
454 22 28 30 18 31 120 1 11 1 36 34 27
455 22 39 44 24 37 265 49 20 1 32 34 27
456 22 31 20 22 21 79 1 29 1 18 33 27
457 22 27 35 40 19 169 1 43 144 6 33 28
458 22 33 35 15 38 211 1 25 1 34 34 27
459 22 34 23 8 31 159 1 19 1 27 33 27
460 22 39 34 8 36 164 1 35 18 25 33 28
461 22 34 32 21 33 283 1 38 106 13 34 28
462 22 31 30 26 31 164 1 26 1 27 33 27
463 22 35 26 32 16 147 1 18 1 27 33 28
464 22 32 38 27 35 143 1 17 1 21 33 28
465 22 27 11 17 26 86 315 20 1 30 34 27
466 22 31 41 38 40 240 1 46 113 4 34 28
467 22 31 35 57 14 136 105 33 157 5 34 28
468 22 27 30 38 23 116 44 44 90 5 34 28
469 22 37 48 26 47 225 1 30 1 29 34 27
470 22 26 30 17 36 281 1 40 110 19 33 28
471 22 29 25 40 18 141 1 29 34 14 33 28
472 22 29 36 37 31 226 280 48 147 16 34 28
473 22 38 50 35 33 230 299 15 1 43 34 27
474 22 28 15 5 38 58 1 25 1 29 33 27
475 22 32 42 36 34 236 1 29 33 16 34 28
476 22 30 17 19 34 79 55 42 72 13 34 28
477 22 25 28 31 25 100 94 28 32 20 33 28
478 22 35 25 21 21 125 1 12 1 35 33 27
479 22 33 27 24 25 121 1 26 1 9 33 27
480 22 28 32 30 35 51 286 30 80 12 33 28
481 22 28 34 46 24 295 1 30 117 10 34 28
482 22 31 40 30 34 541 1 50 124 10 34 28
483 22 23 12 22 28 104 20 43 127 12 33 28
484 22 32 34 30 30 128 1 17 1 34 34 27
485 22 24 19 1 41 108 1 14 1 26 33 27
486 22 38 41 19 48 150 173 30 1 37 34 28
487 22 30 32 41 23 239 115 18 1 34 34 27
488 22 28 29 35 27 108 48 22 34 14 33 28
489 22 40 44 35 38 375 370 16 1 36 34 28
490 22 26 15 20 19 301 203 43 162 18 33 28
491 22 32 31 35 22 118 1 16 1 22 33 27
492 22 46 36 7 36 185 1 16 1 50 34 27
493 22 35 38 39 22 712 1 28 80 17 33 27
494 22 28 16 18 29 121 1 40 120 11 34 27
495 22 31 28 28 31 244 1 27 1 14 33 27
496 22 33 40 17 42 206 138 28 1 32 34 27
497 22 33 26 35 20 175 192 39 1 25 34 28
498 22 27 27 30 21 305 1 26 1 16 33 27
499 22 28 15 27 14 53 1 8 1 18 33 27
500 22 36 43 31 30 336 92 19 1 29 34 27
501 22 29 40 33 29 117 1 40 77 9 34 27
502 22 31 29 18 38 176 1 47 114 10 33 28
503 22 40 45 34 36 166 123 31 70 19 34 28
504 22 33 23 8 40 233 1 25 1 32 34 27
505 22 40 43 30 42 233 1 24 1 26 33 27
506 22 39 41 28 34 153 36 34 1 13 34 28
507 22 29 33 31 28 155 1 30 78 12 34 28
508 22 38 41 14 42 144 1 21 1 36 34 27
509 22 34 36 33 24 130 1 14 1 30 34 27
510 22 29 29 29 39 114 120 35 50 9 33 28
511 22 29 34 36 23 46 93 13 1 36 34 27
512 22 34 42 29 27 276 1 21 1 27 33 27
513 22 41 35 37 20 108 1 40 51 13 34 28
514 22 33 21 2 40 367 1 30 1 20 33 27
515 22 24 24 26 34 33 1 39 85 5 33 27
516 22 33 25 17 37 174 185 27 1 27 33 27
517 22 32 33 22 31 273 1 40 121 7 33 28
518 22 32 26 4 32 127 1 14 1 35 33 27
519 22 33 34 35 22 138 128 28 1 29 34 27
520 22 33 21 31 12 455 136 35 70 19 33 28
521 22 30 24 24 32 365 1 36 86 12 33 28
522 22 34 41 32 31 97 169 41 54 14 34 28
523 22 38 43 19 31 126 1 3 1 30 34 27
524 22 34 28 21 25 222 220 30 1 32 34 27
525 22 28 17 31 17 369 124 42 90 6 34 27
526 22 28 29 35 25 88 101 23 60 23 34 28
527 22 28 20 28 22 184 1 31 69 11 33 28
528 22 28 20 5 39 254 1 38 43 20 33 27
529 22 30 31 28 27 145 1 35 66 23 33 28
530 22 34 41 22 29 109 1 37 43 24 34 28
531 22 25 33 23 37 198 193 35 66 14 33 28
532 22 34 26 13 33 232 1 21 1 31 34 27
533 22 23 16 21 21 37 1 20 1 28 33 27
534 22 35 37 32 27 104 157 34 104 14 34 28
535 22 37 49 33 36 96 1 20 1 34 33 27
536 22 40 38 31 29 90 251 20 1 29 34 27
537 22 31 33 39 20 172 1 39 120 1 34 28
538 22 32 31 9 37 210 1 18 1 30 34 27
539 22 30 29 22 32 98 1 37 112 15 33 28
540 22 32 27 31 33 95 6 39 93 2 34 28
541 22 28 18 19 31 141 1 10 1 36 34 27
542 22 33 40 38 28 20 162 11 1 36 34 27
543 22 28 31 22 33 99 201 26 1 32 34 27
544 22 33 39 33 32 206 1 26 6 23 33 28
545 22 27 16 26 23 55 1 22 19 22 33 27
546 22 23 30 43 20 161 396 39 118 13 33 27
547 22 26 33 24 33 137 146 33 59 31 34 28
548 22 33 34 34 40 274 1 24 1 20 34 28
549 22 38 41 34 34 163 140 26 1 35 34 28
550 22 28 28 32 31 59 17 40 126 12 34 28
551 22 34 41 21 40 83 1 23 1 18 33 27
552 22 34 26 1 41 111 51 23 1 35 34 28
553 22 37 35 31 20 65 280 24 1 33 34 28
554 22 25 12 23 26 189 225 13 1 27 33 27
555 22 34 41 34 33 306 394 21 1 34 34 27
556 22 33 44 32 33 131 1 46 130 10 33 28
557 22 34 41 40 28 222 163 19 1 23 33 28
558 22 25 32 41 17 121 75 33 66 9 34 28
559 22 27 14 10 32 147 1 44 42 14 33 28
560 22 26 26 29 35 278 1 27 1 24 33 27
561 22 28 32 22 33 41 1 29 1 25 33 27
562 22 19 16 26 18 159 152 27 49 17 33 27
563 22 35 36 24 39 107 1 25 1 37 34 27
564 22 28 24 11 35 80 1 41 70 16 33 27
565 22 38 46 34 31 312 1 26 1 28 34 28
566 22 25 28 23 36 186 1 29 1 29 33 27
567 22 34 33 37 28 197 1 19 1 19 33 27
568 22 27 18 24 27 108 1 13 1 29 33 27
569 22 26 31 18 27 507 70 29 1 22 33 27
570 22 30 30 41 20 88 184 24 73 21 34 28
571 22 25 16 26 26 130 1 34 72 6 33 28
572 22 28 37 31 30 540 1 49 130 11 33 28
573 22 28 38 42 31 106 73 33 97 14 33 28
574 22 36 46 35 32 133 1 40 61 21 34 28
575 22 36 34 22 32 263 317 16 1 38 34 27
576 22 23 20 26 23 37 1 24 1 21 33 27
577 22 26 31 35 17 187 174 24 1 21 33 27
578 22 31 29 25 34 120 1 22 1 25 33 28
579 22 29 19 21 30 184 1 23 1 32 33 27
580 22 35 39 31 36 124 1 33 65 15 34 28
581 22 24 12 28 14 276 2 21 1 26 33 27
582 22 30 34 38 20 126 103 35 122 18 34 27
583 22 40 34 19 27 152 1 17 1 22 33 27
584 22 29 30 29 26 392 1 12 1 28 33 27
585 22 30 30 22 35 77 1 30 1 25 33 27
586 22 27 26 24 39 100 1 35 122 13 33 27
587 22 23 13 19 27 152 1 45 118 10 33 28
588 22 29 30 16 34 179 1 27 1 26 33 27
589 22 32 25 26 31 1 1 41 101 24 33 28
590 22 26 32 36 29 204 219 40 117 7 34 28
591 22 34 41 36 35 200 1 26 1 22 33 27
592 22 26 22 20 28 90 189 38 55 17 33 28
593 22 20 14 34 17 95 461 41 138 1 33 27
594 22 31 38 44 16 233 45 45 96 15 34 28
595 22 37 39 21 39 190 1 24 1 30 34 27
596 22 24 33 30 39 51 332 25 62 21 34 28
597 22 31 38 33 27 412 192 40 75 10 34 28
598 22 26 20 26 29 148 1 41 106 16 33 28
599 22 33 37 32 29 165 95 25 19 20 34 28
600 22 31 27 25 32 336 298 15 1 27 33 27
601 22 35 32 21 33 182 1 27 1 22 33 27
602 22 29 18 16 27 139 186 32 28 20 33 27
603 22 39 41 37 32 171 84 11 1 20 33 27
604 22 32 32 40 28 122 32 37 151 7 34 28
605 22 24 26 24 33 230 1 35 71 15 33 28
606 22 23 20 15 26 59 1 41 94 8 33 27
607 22 30 40 41 23 166 84 27 19 22 34 28
608 22 42 37 13 39 346 1 24 1 34 34 27
609 22 33 38 34 35 73 128 31 20 12 34 28
610 22 27 24 36 26 24 356 17 1 21 33 27
611 22 34 37 33 29 133 1 38 81 10 33 28
612 22 30 20 19 27 56 1 34 96 17 33 27
613 22 33 39 32 32 194 82 32 40 25 34 28
614 22 28 19 18 31 563 1 27 1 24 33 27
615 22 35 42 35 28 116 201 34 46 25 34 28
616 22 32 33 23 36 175 1 30 1 25 33 27
617 22 32 43 42 24 181 198 18 1 22 33 27
618 22 31 35 36 23 120 339 31 1 17 33 28
619 22 34 39 31 32 127 1 38 60 19 33 28
620 22 36 44 39 27 215 38 17 1 26 33 27
621 22 35 34 23 27 236 180 30 1 25 33 27
622 22 35 42 46 32 155 88 29 103 15 34 28
623 22 31 35 29 29 136 76 34 85 14 34 28
624 22 29 29 32 26 69 76 16 1 18 33 27
625 22 25 20 22 31 128 316 15 1 32 34 27
626 22 31 36 35 32 205 64 27 15 10 34 28
627 22 35 29 20 29 208 1 28 1 26 33 27
628 22 40 42 29 36 425 59 40 48 23 34 28
629 22 19 5 21 21 198 1 43 123 2 33 27
630 22 34 35 25 32 1 1 12 1 29 33 27
631 22 28 17 31 13 111 1 8 1 16 33 27
632 22 29 15 23 21 320 1 16 1 25 33 27
633 22 30 26 19 27 127 1 41 109 17 33 27
634 22 29 19 1 40 139 1 20 1 30 34 27
635 22 36 46 31 30 474 204 20 1 40 34 28
636 22 32 39 26 33 185 1 25 1 27 33 27
637 22 34 41 27 38 141 1 40 64 18 34 28
638 22 27 25 20 35 132 136 32 61 19 33 28
639 22 28 32 45 11 36 234 28 1 17 33 27
640 22 29 32 50 16 162 137 26 67 7 34 28
641 22 29 29 29 32 163 1 19 1 30 34 27
642 22 33 42 29 30 183 1 24 1 17 33 27
643 22 28 35 34 33 331 1 26 1 18 34 28
644 22 37 41 28 34 251 1 5 1 31 34 28
645 22 30 29 13 29 135 1 31 8 26 33 27
646 22 26 36 32 34 154 1 48 106 13 33 27
647 22 30 21 10 39 40 1 17 1 23 33 27
648 22 29 32 20 36 251 58 32 1 27 34 27
649 22 38 45 30 35 228 1 32 35 19 34 28
650 22 29 22 25 25 97 29 31 26 14 33 28
651 22 26 28 37 24 158 28 15 1 20 33 28
652 22 25 24 26 24 167 1 32 61 17 33 28
653 22 27 22 30 21 67 1 32 86 12 33 28
654 22 35 41 27 36 145 1 46 113 16 34 28
655 22 32 28 18 30 209 115 35 7 27 34 28
656 22 39 42 26 38 59 1 15 1 32 34 27
657 22 34 30 39 16 180 83 34 1 16 33 27
658 22 34 41 30 36 221 1 35 37 17 34 28
659 22 29 36 29 32 212 68 29 1 20 33 28
660 22 38 37 30 31 64 1 30 15 16 34 28
661 22 24 23 28 24 201 82 35 116 8 34 28
662 22 26 30 29 32 198 119 35 94 22 34 28
663 22 33 42 24 34 124 111 29 1 22 33 27
664 22 26 18 30 27 178 189 9 1 15 33 27
665 22 26 30 24 31 95 1 41 97 14 33 28
666 22 25 18 32 18 64 8 28 100 9 34 28
667 22 28 35 35 34 142 193 28 1 28 34 28
668 22 29 34 30 38 164 182 27 1 27 34 27
669 22 34 32 26 29 144 36 10 1 37 34 27
670 22 29 34 33 28 140 1 28 1 15 33 27
671 22 29 28 36 19 114 1 27 52 4 34 28
672 22 29 34 32 29 194 1 27 1 27 33 27
673 22 27 29 38 23 146 1 36 117 7 33 28
674 22 29 33 35 23 58 239 38 97 21 34 28
675 22 32 37 39 35 161 207 38 92 23 34 28
676 22 33 22 20 20 140 313 25 1 30 34 27
677 22 30 34 32 28 159 1 25 1 15 33 28
678 22 33 21 8 38 463 1 37 1 24 33 27
679 22 28 25 23 26 146 165 23 1 28 33 27
680 22 34 25 25 31 145 1 19 1 18 33 27
681 22 30 37 44 22 63 132 37 102 11 34 28
682 22 18 10 34 19 322 5 28 66 13 33 27
683 22 31 33 17 37 254 208 26 1 32 34 27
684 22 34 41 31 37 113 1 21 1 24 33 27
685 22 31 25 24 21 308 1 28 19 21 33 27
686 22 30 38 38 35 125 1 33 85 17 33 28
687 22 35 30 14 36 229 1 39 61 31 34 28
688 22 28 18 19 29 219 1 35 34 2 33 28
689 22 26 22 22 26 176 1 41 147 10 33 28
690 22 30 26 21 31 100 1 25 1 21 33 27
691 22 31 27 25 25 202 2 19 1 29 34 28
692 22 31 31 29 31 133 252 32 69 23 33 28
693 22 37 41 32 30 177 1 13 1 31 34 27
694 22 33 34 17 36 98 1 20 1 23 33 28
695 22 28 34 31 33 327 147 29 9 20 33 28
696 22 25 27 33 25 243 1 17 52 18 33 28
697 22 36 33 16 42 127 1 44 110 19 33 27
698 22 32 45 30 37 128 217 33 1 36 34 27
699 22 25 24 31 30 52 123 22 56 20 33 27
700 22 26 12 7 35 126 1 46 125 18 33 27
701 22 28 23 17 41 334 1 24 1 13 33 27
702 22 35 34 28 30 240 163 38 44 24 34 28
703 22 26 24 12 35 186 1 45 129 11 33 28
704 22 34 34 27 33 473 1 34 76 15 33 28
705 22 35 38 42 23 358 1 32 51 14 33 28
706 22 35 32 27 24 66 178 21 1 28 34 28
707 22 33 29 36 27 13 103 30 1 25 33 28
708 22 43 42 32 32 687 281 20 1 28 34 27
709 22 39 44 39 27 205 1 11 1 16 33 27
710 22 37 25 1 43 470 1 12 1 43 34 27
711 22 37 50 18 39 215 1 27 1 40 34 27
712 22 34 34 42 31 163 108 35 101 8 34 28
713 22 39 38 29 30 247 1 30 18 16 33 28
714 22 33 25 29 22 229 1 20 1 15 33 27
715 22 32 28 22 29 203 112 25 1 32 33 28
716 22 19 17 34 26 173 1 29 107 10 34 28
717 22 37 40 32 30 328 1 42 99 13 34 28
718 22 20 29 47 16 192 349 37 125 12 34 28
719 22 31 32 28 27 116 105 34 87 24 34 28
720 22 29 24 20 34 86 1 9 1 25 33 27
721 22 20 29 43 25 97 179 32 119 13 34 28
722 22 45 44 21 30 358 1 16 1 36 34 27
723 22 18 1 21 23 237 1 14 1 25 33 27
724 22 24 26 35 25 381 1 53 161 1 33 28
725 22 31 22 31 22 172 1 11 1 17 33 27
726 22 27 34 30 32 188 1 39 130 8 34 28
727 22 38 38 19 35 232 1 38 58 24 33 28
728 22 37 36 28 36 155 1 38 24 25 34 28
729 22 20 19 29 29 382 1 34 96 3 33 28
730 22 39 31 29 25 308 1 28 16 27 34 28
731 22 28 26 35 25 363 118 33 73 20 33 28
732 22 29 33 42 29 127 131 24 54 17 34 28
733 22 28 32 30 34 185 1 14 1 25 33 27
734 21 38 47 27 31 59 1 18 1 22 32 26
735 22 31 24 27 20 123 222 21 1 23 34 28
736 22 28 36 37 33 189 188 37 167 10 34 27
737 22 43 44 16 38 147 1 22 1 30 34 27
738 22 34 37 27 33 197 1 41 80 16 34 28
739 22 34 34 37 25 273 1 22 12 20 34 28
740 22 23 19 33 26 122 1 23 7 18 33 28
741 22 31 25 28 24 161 71 13 1 35 34 28
742 22 32 22 29 15 288 131 32 42 19 33 28
743 22 31 19 11 24 158 1 30 1 22 33 27
744 22 28 34 36 22 168 49 44 118 10 34 28
745 22 35 33 29 20 265 247 34 27 23 34 28
746 22 16 10 33 15 104 165 36 149 13 34 28
747 22 32 38 35 25 110 1 20 1 15 33 27
748 22 39 50 32 39 135 1 36 38 16 33 28
749 22 36 29 33 17 188 113 10 1 29 34 28
750 22 29 31 24 34 204 1 41 140 7 34 28
751 22 20 27 46 19 208 215 45 212 1 34 28
752 22 24 15 22 23 105 1 44 97 11 33 27
753 22 28 17 19 28 122 1 27 1 15 33 27
754 22 37 39 33 28 146 45 43 76 15 34 28
755 22 36 24 19 28 106 143 21 1 32 33 27
756 22 25 27 36 32 119 1 14 1 26 33 28
757 22 29 21 28 26 1 1 24 1 6 33 27
758 22 35 38 29 33 130 1 33 72 20 34 28
759 22 34 37 25 35 217 1 42 128 10 34 28
760 22 27 17 10 38 199 1 51 145 13 33 28
761 22 28 35 34 33 133 1 33 33 21 33 28
762 22 33 23 26 26 76 1 23 1 20 33 28
763 22 33 42 31 42 112 1 34 29 23 34 28
764 22 26 29 28 35 160 1 42 102 11 33 28
765 22 25 30 41 24 230 122 34 61 18 34 28
766 22 31 23 14 35 146 1 26 51 21 33 28
767 22 27 20 20 29 124 74 33 40 20 33 28
768 22 36 27 20 27 135 1 37 53 7 33 28
769 22 32 28 14 37 67 1 36 16 26 34 28
770 22 28 29 32 30 245 1 30 51 19 33 27
771 22 31 23 16 31 155 1 30 44 19 33 28
772 22 32 32 28 31 201 1 34 47 12 34 28
773 22 37 49 38 43 85 123 38 53 21 34 28
774 22 24 14 34 21 480 82 35 110 4 33 28
775 22 27 35 44 27 185 69 31 55 11 34 28
776 22 25 23 18 33 257 1 16 1 26 33 28
777 22 34 43 23 34 98 1 22 1 33 34 27
778 22 27 34 42 20 319 5 35 66 14 34 28
779 22 30 18 8 31 159 1 34 1 18 33 27
780 22 22 6 23 18 112 1 13 1 24 33 27
781 22 33 39 21 37 197 220 7 1 46 34 27
782 22 29 35 34 34 175 1 19 1 27 33 27
783 22 30 33 28 33 144 1 40 97 12 34 28
784 22 29 29 38 24 213 208 14 1 37 34 28
785 22 40 52 33 30 135 65 19 1 28 34 27
786 22 39 40 30 27 72 39 32 1 26 33 28
787 22 33 26 36 17 148 1 10 1 20 33 28
788 22 26 27 24 38 199 32 33 29 15 33 28
789 22 35 28 36 16 63 53 32 40 21 33 27
790 22 30 18 7 33 437 1 30 16 20 33 27
791 22 39 42 29 33 417 107 41 61 19 34 28
792 22 27 23 12 38 25 1 30 1 33 33 27
793 22 39 41 25 30 306 1 28 20 23 34 28
794 22 37 40 35 30 856 1 46 68 14 33 28
795 22 28 18 13 31 84 19 30 21 16 33 27
796 22 34 41 35 30 104 20 19 1 25 33 28
797 22 24 14 17 19 186 110 37 63 17 33 27
798 22 36 35 36 36 146 1 37 65 12 34 28
799 22 32 30 37 23 142 182 34 98 3 34 28
800 22 34 21 29 27 221 138 15 1 31 34 27
801 22 36 36 41 23 39 24 23 1 10 33 27
802 22 34 37 23 32 87 1 48 97 9 34 28
803 22 28 16 14 24 157 106 29 1 19 33 28
804 22 38 34 20 36 263 1 24 1 20 33 28
805 22 21 24 25 37 189 288 23 1 27 33 27
806 22 36 31 19 34 399 171 35 14 31 34 28
807 22 34 39 40 22 274 1 22 1 15 33 27
808 22 37 32 18 29 133 1 21 1 22 33 27
809 22 24 18 30 23 77 64 41 111 8 33 28
810 22 18 9 12 33 131 1 27 1 23 33 27
811 22 35 32 20 31 315 1 47 113 6 33 28
812 22 41 50 27 43 185 225 30 1 33 34 28
813 22 26 32 25 33 392 1 32 1 15 33 27
814 22 26 28 25 35 288 1 39 118 4 33 28
815 22 24 26 31 25 104 1 40 128 11 33 27
816 22 31 34 30 33 389 195 26 1 22 34 28
817 22 35 26 25 20 160 1 18 1 31 34 27
818 22 33 32 30 24 255 285 28 1 27 33 28
819 22 33 25 10 34 215 1 20 1 41 34 27
820 22 31 32 18 35 144 1 33 86 2 34 28
821 22 23 22 19 30 227 1 39 141 7 33 28
822 22 37 33 27 28 110 1 33 3 24 33 28
823 22 29 22 34 24 241 1 18 1 21 33 27
824 22 36 41 24 30 158 237 35 18 24 34 28
825 22 33 29 18 40 56 221 26 1 34 34 28
826 22 25 12 26 14 52 1 43 126 10 33 28
827 22 29 28 3 40 445 1 25 1 28 33 27
828 22 29 17 22 26 43 304 34 63 25 33 27
829 22 25 19 9 41 108 1 39 73 25 33 28
830 22 21 20 24 26 62 54 49 162 4 33 27
831 22 26 30 29 37 191 47 16 1 30 33 27
832 22 26 12 18 25 56 113 40 39 12 34 28
833 22 27 32 29 28 129 134 41 101 7 34 28
834 22 34 35 24 31 123 1 49 138 5 34 28
835 22 25 27 26 36 148 1 47 137 4 33 28
836 22 40 41 24 34 239 1 27 1 22 33 27
837 22 35 40 37 26 65 192 29 1 28 33 27
838 22 31 20 24 32 398 127 11 1 23 33 28
839 22 27 11 5 31 105 145 28 1 31 34 28
840 22 32 29 28 27 91 242 25 1 31 34 27
841 22 29 32 22 37 258 1 44 119 11 34 28
842 22 25 32 25 30 520 1 32 79 22 33 28
843 22 37 27 34 14 370 1 24 1 25 33 28
844 22 26 28 32 25 550 1 40 98 1 33 28
845 22 32 43 26 40 139 1 18 1 36 34 27
846 22 39 49 44 25 206 188 36 114 11 34 28
847 22 35 24 22 24 243 155 20 1 31 34 28
848 22 31 38 42 27 395 285 39 126 12 34 28
849 22 33 38 29 33 109 1 14 1 30 34 28
850 22 26 39 31 40 171 184 32 60 21 33 28
851 22 36 37 21 34 225 199 24 1 36 34 28
852 22 82 31 37 20 102 6 11 1 28 34 28
853 22 31 36 25 38 271 249 17 1 36 34 28
854 22 32 43 31 35 332 184 31 4 13 34 28
855 22 35 35 30 27 226 1 13 1 23 33 27
856 22 29 41 26 39 114 1 41 89 15 33 27
857 22 35 40 31 27 147 1 11 1 32 34 27
858 22 35 50 49 26 213 111 28 1 22 33 28
859 22 33 33 19 40 64 1 32 1 26 33 28
860 22 20 24 29 28 596 131 51 210 7 34 28
861 22 28 28 29 34 40 1 34 104 14 33 28
862 22 32 39 41 27 134 15 41 133 6 34 28
863 22 30 34 40 21 305 1 9 1 29 34 27
864 22 24 13 4 37 157 1 30 1 26 33 27
865 22 38 43 19 40 210 1 17 1 43 34 27
866 22 20 18 12 38 365 1 47 118 17 33 27
867 22 36 25 13 29 123 166 25 1 30 34 27
868 22 33 41 18 41 748 1 34 1 24 33 27
869 22 31 35 36 23 178 143 12 1 31 34 27
870 22 27 27 16 35 228 1 31 2 23 33 28
871 22 30 25 24 33 244 98 45 92 21 34 28
872 22 30 17 13 25 262 1 27 1 17 33 27
873 22 36 33 28 30 412 1 28 1 30 34 27
874 22 24 21 33 28 295 1 22 1 18 33 27
875 22 29 36 34 30 212 1 44 118 7 34 28
876 22 37 34 29 34 190 151 19 1 27 34 28
877 22 40 34 13 36 150 1 18 1 33 34 28
878 22 33 29 24 27 357 1 14 1 26 33 27
879 22 26 33 41 18 167 48 31 94 5 34 28
880 22 36 32 22 39 56 1 13 1 40 34 27
881 22 34 36 24 41 154 32 25 3 25 34 28
882 22 37 35 37 30 118 50 21 1 20 33 28
883 22 36 37 13 36 87 1 21 1 43 34 27
884 22 30 34 32 30 93 209 39 112 14 34 28
885 22 29 23 32 27 91 127 31 70 13 34 28
886 22 29 23 11 40 274 1 36 60 16 33 28
887 22 38 45 30 31 225 307 19 1 30 34 28
888 22 28 33 41 27 178 45 30 8 14 34 28
889 22 30 20 21 28 248 1 18 1 20 33 27
890 22 31 34 23 39 228 1 28 27 30 34 28
891 22 26 38 46 34 156 1 36 121 10 33 28
892 22 36 38 25 26 414 1 31 26 24 34 28
893 22 33 26 17 27 194 1 52 121 15 33 28
894 22 31 20 23 27 72 1 23 1 19 33 27
895 22 30 33 30 27 243 202 29 1 19 34 28
896 22 32 43 24 38 313 1 27 1 31 34 28
897 22 27 22 20 29 113 1 35 69 10 33 28
898 22 34 36 35 26 308 6 18 1 24 33 28
899 22 36 23 23 25 215 82 10 1 35 34 28
900 22 30 35 16 36 409 1 20 1 33 34 27
901 22 25 35 38 28 1 1 34 94 16 33 28
902 22 38 25 15 28 101 1 24 1 24 33 28
903 22 32 32 23 36 120 4 22 1 26 33 28
904 22 30 19 18 22 142 86 21 1 23 33 27
905 22 38 37 34 23 157 122 18 1 22 33 27
906 22 38 43 18 35 203 1 12 1 39 34 27
907 22 26 24 38 26 193 275 36 125 16 33 28
908 22 31 24 27 25 117 100 26 21 25 34 28
909 22 38 33 22 26 222 1 20 1 27 33 27
910 22 30 28 37 16 58 1 25 1 9 33 27
911 22 30 37 32 27 245 1 38 77 20 34 28
912 22 35 27 16 32 460 1 27 1 27 33 27
913 22 22 11 13 30 140 1 43 105 11 33 27
914 22 38 35 15 42 97 1 31 1 32 34 27
915 22 28 17 25 18 178 54 30 47 13 34 28
916 22 37 37 28 36 72 1 14 1 31 34 28
917 22 38 30 32 26 282 1 19 1 19 33 27
918 22 30 23 11 36 540 1 30 16 20 33 27
919 22 22 25 27 32 142 140 37 5 16 33 28
920 22 26 29 17 35 62 175 20 1 25 33 27
921 22 30 40 39 31 329 1 44 63 13 34 28
922 22 32 36 28 28 230 1 17 1 38 34 27
923 22 23 27 40 29 143 73 35 153 12 33 28
924 22 36 22 18 28 172 1 20 1 32 34 27
925 22 23 10 8 29 180 132 25 1 25 33 27
926 22 24 17 16 36 237 1 27 1 28 33 27
927 22 33 28 32 17 293 228 28 68 13 34 28
928 22 28 17 21 29 72 1 20 1 21 33 27
929 22 38 44 24 35 216 141 21 1 29 34 27
930 22 33 36 27 31 1235 176 32 28 22 34 28
931 22 41 41 18 42 208 1 23 1 39 34 27
932 22 29 24 10 40 159 1 27 1 24 33 27
933 22 33 39 32 34 413 1 43 98 19 34 28
934 22 32 33 46 10 99 1 35 108 13 34 28
935 22 32 24 32 20 269 51 37 44 9 34 28
936 22 26 15 21 24 1770 74 21 1 24 33 27
937 22 32 21 25 20 74 176 20 1 27 33 27
938 22 41 30 14 31 443 1 12 1 29 34 27
939 22 35 38 34 28 139 39 24 1 17 34 28
940 22 32 40 45 26 166 69 26 46 14 34 28
941 22 32 16 11 32 159 1 33 1 18 33 27
942 22 26 22 36 19 246 1 28 25 16 33 27
943 22 38 46 30 36 315 1 43 125 16 33 28
944 22 22 26 41 27 81 270 25 79 13 34 28
945 22 28 20 1 35 131 168 23 1 37 34 27
946 22 27 26 12 32 293 1 35 1 30 33 27
947 22 26 26 36 21 171 15 34 72 9 34 28
948 22 34 24 7 39 66 1 28 9 40 34 28
949 22 24 16 32 20 301 208 35 115 17 33 28
950 22 30 34 42 24 324 1 37 124 3 34 28
951 22 31 32 19 39 209 1 43 31 14 34 28
952 22 34 35 26 36 117 1 28 1 23 33 27
953 22 29 29 20 31 128 103 35 33 29 34 28
954 22 33 35 44 25 399 58 17 1 20 33 28
955 22 35 40 26 36 87 1 31 1 25 33 27
956 22 34 28 11 33 201 1 22 1 33 34 27
957 22 34 33 16 36 177 1 31 1 24 33 27
958 22 26 21 20 35 300 265 44 142 13 34 28
959 22 29 24 29 18 130 97 24 1 17 33 27
960 22 33 36 38 32 118 1 16 1 11 33 27
961 22 23 33 33 31 62 1 27 47 14 33 27
962 22 28 21 29 19 81 1 38 105 10 33 27
963 22 39 40 35 25 147 1 24 1 26 33 27
964 22 23 18 17 29 103 1 35 79 21 33 28
965 22 27 32 38 34 465 108 30 23 18 33 28
966 22 33 43 34 28 96 1 15 1 23 33 28
967 22 27 22 38 18 168 121 28 79 13 33 28
968 22 32 28 16 33 227 1 22 1 30 33 27
969 22 40 43 31 35 360 101 22 1 34 34 27
970 22 32 41 34 28 254 1 13 1 30 34 28
971 22 31 31 30 30 92 218 40 68 23 34 28
972 22 35 37 27 33 294 1 32 29 21 33 28
973 22 29 23 35 20 200 35 31 78 21 34 28
974 22 31 22 28 17 92 1 12 1 15 33 27
975 22 30 32 33 33 347 65 34 90 22 34 28
976 22 29 23 27 22 958 58 35 33 11 33 28
977 22 37 44 29 33 197 1 30 1 20 33 27
978 22 33 30 8 37 76 229 9 1 40 34 27
979 22 31 47 48 30 164 104 41 125 7 34 28
980 22 27 29 27 25 64 127 48 117 17 33 28
981 22 29 27 32 28 201 1 38 50 21 33 28
982 22 25 16 19 28 291 1 43 55 1 34 27
983 22 36 39 38 28 102 1 24 1 19 33 27
984 22 31 25 19 29 354 1 53 111 23 33 28
985 22 30 29 39 20 171 1 43 141 3 34 28
986 22 32 40 17 34 153 1 14 1 39 34 27
987 22 41 45 38 30 129 1 17 1 19 33 27
988 22 34 37 33 34 248 1 37 83 10 34 28
989 22 31 35 34 26 146 148 37 17 20 34 28
990 22 35 46 49 23 171 183 31 9 17 33 28
991 22 33 35 35 30 204 161 38 100 19 34 28
992 22 28 23 13 36 280 1 47 130 14 33 28
993 22 34 29 21 36 141 76 8 1 39 34 27
994 22 29 20 24 27 343 110 31 32 19 33 27
995 22 31 16 7 30 186 195 13 1 35 34 27
996 22 32 28 32 28 389 1 29 20 21 33 28
997 22 30 40 40 23 126 335 19 1 25 33 27
998 22 32 32 21 29 239 199 28 70 24 34 28
999 22 31 25 24 30 220 1 26 1 18 33 27
1000 22 34 24 21 28 143 63 16 1 28 33 28
1001 22 27 11 16 25 128 176 19 1 29 34 27
1002 22 24 11 27 13 9 1 8 1 23 33 27
1003 22 24 30 26 41 164 181 33 72 20 34 28
1004 22 38 35 30 24 178 368 28 1 37 34 27
1005 22 28 32 19 43 1 178 30 1 22 33 27
1006 22 25 18 22 24 70 172 29 1 23 33 27
1007 22 28 31 35 26 243 36 10 1 27 33 27
1008 22 34 34 28 33 88 1 31 32 18 34 28
1009 22 25 28 30 26 10 170 34 126 13 33 28
1010 22 28 23 20 37 107 55 29 1 14 33 27
1011 22 35 34 36 26 257 73 25 8 18 33 28
1012 22 26 31 42 22 159 90 31 45 10 34 28
1013 22 34 36 32 26 211 1 43 109 8 34 28
1014 22 40 38 19 39 229 190 28 1 42 34 28
1015 22 43 46 26 39 136 1 24 1 23 33 28
1016 22 33 37 30 29 249 132 21 1 20 33 27
1017 22 42 38 37 25 138 214 2 1 35 34 28
1018 22 31 42 20 35 222 1 24 1 40 34 27
1019 22 33 38 39 31 175 1 34 68 17 34 28
1020 22 31 30 28 32 153 1 49 130 2 34 28
1021 22 42 39 31 23 201 1 24 1 26 33 27
1022 22 40 36 31 26 70 1 24 1 24 33 27
1023 22 24 14 25 29 314 1 28 66 4 33 28
1024 22 33 36 21 38 277 1 44 71 20 33 27
1025 22 36 40 34 35 127 1 23 1 22 33 28
1026 22 33 38 24 33 134 1 23 1 32 34 28
1027 22 31 33 26 31 86 1 17 1 23 33 27
1028 22 37 42 31 29 128 254 19 1 30 34 28
1029 22 26 23 16 40 119 1 25 1 22 33 27
1030 22 23 23 34 16 162 231 40 119 14 33 27
1031 22 37 32 31 21 132 1 8 1 27 33 27
1032 22 20 14 26 26 161 1 24 13 21 33 27
1033 22 39 32 25 31 106 1 36 3 20 34 28
1034 22 29 38 60 11 87 132 17 32 16 34 28
1035 22 25 14 24 20 243 69 19 10 24 33 28
1036 22 33 27 20 30 83 1 29 1 21 33 27
1037 22 32 34 27 36 126 35 11 1 33 34 28
1038 22 28 25 20 33 165 36 33 63 23 33 28
1039 22 38 46 40 35 243 1 29 36 20 34 28
1040 22 29 31 31 26 133 1 20 1 20 33 27
1041 22 29 27 29 26 151 175 34 95 23 33 28
1042 22 34 42 19 42 172 1 25 1 23 33 27
1043 22 42 43 23 37 183 114 31 1 33 34 27
1044 22 33 33 12 45 343 19 35 22 26 34 27
1045 22 35 39 22 33 189 1 24 1 29 33 27
1046 22 25 29 42 22 169 110 36 143 8 33 27
1047 22 28 29 38 27 131 122 31 69 17 34 28
1048 22 33 35 34 24 65 273 20 1 35 34 27
1049 22 34 39 25 34 77 1 14 1 37 34 28
1050 22 25 24 39 18 202 109 39 78 9 33 28
1051 22 30 32 38 20 37 1 41 74 4 34 28
1052 22 27 21 13 38 212 1 31 14 24 33 28
1053 22 30 23 37 18 111 94 40 157 6 33 28
1054 22 33 70 34 38 135 1 36 94 11 34 28
1055 22 34 25 4 32 519 1 20 1 47 34 27
1056 22 33 20 7 36 240 1 31 39 28 34 28
1057 38 45 41 46 43 350 110 56 1 51 55 48
1058 22 38 44 32 29 243 1 31 17 22 33 27
1059 22 29 17 28 16 194 12 17 1 26 33 27
1060 22 32 36 19 40 72 1 34 56 29 34 28
1061 22 30 22 15 33 180 1 36 65 9 33 28
1062 22 28 26 25 30 192 130 36 119 11 33 27
1063 22 26 16 5 38 561 128 18 1 44 34 27
1064 22 21 19 32 25 1 99 34 125 15 33 27
1065 22 23 18 32 22 25 1 30 38 15 33 28
1066 22 30 18 22 19 80 167 39 93 29 34 28
1067 22 38 44 39 28 306 57 16 1 33 34 28
1068 22 33 21 9 30 81 1 35 7 26 34 28
1069 22 33 37 47 29 176 73 28 61 13 34 28
1070 22 36 28 16 32 130 1 27 1 29 34 28
1071 22 28 18 24 19 301 1 29 1 11 33 27
1072 22 28 33 30 40 130 1 30 1 19 33 27
1073 22 23 14 12 32 131 112 26 1 16 33 27
1074 22 32 30 23 29 95 1 28 1 22 33 28
1075 22 31 20 16 28 269 163 33 1 28 34 28
1076 22 31 39 26 32 382 1 26 1 30 34 28
1077 22 27 32 30 31 182 84 16 1 24 33 28
1078 22 22 29 17 41 60 1 23 1 22 33 27
1079 22 27 18 23 23 150 124 38 87 19 33 28
1080 22 33 32 20 31 337 1 34 50 18 34 28
1081 22 18 18 42 23 143 51 47 205 1 34 27
1082 22 32 25 28 27 90 1 5 1 35 33 27
1083 22 34 38 34 31 45 1 12 1 23 33 27
1084 22 21 24 28 33 190 1 37 99 3 33 27
1085 22 28 15 3 37 264 1 29 14 23 33 28
1086 22 29 37 35 33 186 1 32 98 12 34 28
1087 22 38 29 14 34 755 1 16 1 31 34 27
1088 22 30 34 24 36 138 1 29 1 27 33 27
1089 22 29 27 29 29 113 1 13 1 36 34 28
1090 22 37 35 37 17 397 54 19 1 20 33 28
1091 22 37 38 15 38 306 1 38 80 6 34 28
1092 22 24 18 22 32 196 1 26 1 17 33 27
1093 22 28 21 28 25 144 125 32 67 25 34 28
1094 22 31 21 30 25 47 205 10 1 33 34 27
1095 22 32 39 37 32 115 1 16 1 28 33 27
1096 22 38 34 19 39 123 1 28 1 33 34 28
1097 22 28 33 25 29 109 1 49 121 7 34 28
1098 22 36 32 19 27 144 1 15 1 26 33 27
1099 22 22 19 29 30 166 28 41 150 5 33 28
1100 22 30 32 39 21 57 1 23 1 20 33 28
1101 22 28 29 16 38 357 1 37 88 13 33 27
1102 22 32 32 17 40 175 1 22 1 30 34 27
1103 22 40 41 26 31 318 1 25 1 36 34 27
1104 22 36 35 35 29 175 1 41 75 16 34 28
1105 22 35 30 30 23 377 297 13 1 38 34 27
1106 22 33 41 23 37 113 128 29 1 24 33 27
1107 22 36 27 26 23 325 1 24 1 23 33 27
1108 22 22 10 32 16 60 183 30 102 7 33 28
1109 22 30 28 16 31 191 1 37 79 7 33 28
1110 22 35 31 5 39 403 1 21 1 24 33 27
1111 22 30 33 23 32 206 203 29 7 21 33 28
1112 22 26 27 31 26 128 304 35 103 13 34 28
1113 22 37 24 7 38 81 167 13 1 45 34 27
1114 22 20 10 24 24 115 21 37 112 14 33 28
1115 22 34 39 26 38 243 10 18 1 34 34 28
1116 22 34 34 33 33 118 1 16 1 31 34 28
1117 22 30 27 9 35 209 1 27 1 17 33 27
1118 22 28 32 17 36 199 1 46 84 26 34 28
1119 22 27 26 28 19 186 1 30 1 24 33 27
1120 22 25 35 46 16 413 155 27 66 14 33 28
1121 22 28 34 27 34 227 23 42 131 11 33 28
1122 22 33 28 24 24 195 15 17 1 34 34 27
1123 22 32 31 14 40 198 1 29 1 22 33 27
1124 22 29 15 29 4 222 1 22 10 23 33 27
1125 22 25 23 16 30 151 1 42 105 6 33 28
1126 22 30 29 16 31 119 226 32 1 37 34 27
1127 22 27 21 16 31 249 1 26 1 26 33 27
1128 22 31 36 27 35 165 112 44 107 11 34 28
1129 22 23 28 37 27 80 79 28 13 17 33 28
1130 22 28 34 21 35 141 1 44 99 16 33 28
1131 22 29 34 33 29 171 40 37 85 18 34 28
1132 22 39 52 39 38 262 1 33 34 16 34 28
1133 22 23 5 24 14 82 1 33 40 10 33 28
1134 22 31 32 39 24 164 1 31 68 13 34 28
1135 22 26 12 14 27 63 1 21 1 25 33 27
1136 22 22 20 23 29 156 1 38 139 1 33 27
1137 22 30 31 33 19 136 223 25 1 32 34 27
1138 22 25 26 26 34 238 41 36 107 6 34 28
1139 22 31 28 25 29 556 1 45 161 5 33 28
1140 22 33 37 26 31 184 201 22 1 35 34 28
1141 22 28 32 23 31 215 281 26 1 25 33 28
1142 22 33 27 27 28 267 129 29 56 26 34 28
1143 22 41 42 32 29 135 1 14 1 32 34 27
1144 22 24 31 43 16 176 110 19 1 26 33 27
1145 22 28 24 26 19 117 32 12 1 25 33 27
1146 22 33 28 16 31 419 138 19 1 32 34 27
1147 22 31 34 36 29 229 203 8 1 36 34 27
1148 22 26 27 25 31 87 1 41 101 15 33 28
1149 22 30 36 38 23 10 1 4 1 34 34 27
1150 22 42 49 30 28 95 117 19 1 40 34 28
1151 22 40 36 15 36 88 1 18 1 36 34 27
1152 22 26 20 27 22 186 50 26 1 20 33 27
1153 22 31 28 29 25 212 250 35 28 14 33 27
1154 22 43 48 20 38 158 143 20 1 34 34 27
1155 22 35 33 33 27 27 163 17 1 33 34 27
1156 22 35 30 24 25 303 226 39 13 16 33 28
1157 22 28 30 36 32 227 18 35 100 8 34 28
1158 22 33 25 23 28 350 1 28 1 22 33 27
1159 22 29 36 34 27 181 3 24 1 21 33 28
1160 22 24 24 28 23 27 1 22 1 27 33 27
1161 22 30 36 35 31 102 121 10 1 33 34 28
1162 22 32 29 27 21 166 263 21 1 30 34 28
1163 22 29 35 25 33 148 182 44 55 15 34 28
1164 22 36 37 19 39 190 1 18 1 28 33 27
1165 22 38 32 34 20 123 138 18 1 35 34 28
1166 22 41 40 16 41 92 1 11 1 52 34 27
1167 22 33 28 28 29 134 435 32 46 25 34 28
1168 22 33 45 44 24 241 299 9 1 45 34 28
1169 22 43 47 23 36 191 1 31 1 26 33 27
1170 22 32 36 33 30 98 209 28 1 19 33 27
1171 22 29 34 30 32 647 163 36 92 20 34 28
1172 22 35 44 25 36 260 1 30 1 33 34 27
1173 22 24 24 30 25 11 1 22 1 20 33 27
1174 22 24 23 36 16 177 211 39 188 4 33 28
1175 22 33 37 35 24 159 1 33 77 15 34 28
1176 22 32 28 19 33 161 144 49 72 12 34 28
1177 22 29 22 20 29 360 292 13 1 29 34 27
1178 22 24 23 27 24 321 20 46 131 6 33 28
1179 22 46 48 24 36 118 121 20 1 42 34 27
1180 22 36 27 36 16 116 208 24 1 27 33 27
1181 22 24 23 20 31 75 1 27 1 21 33 27
1182 22 32 30 16 38 232 1 44 86 8 34 28
1183 22 29 20 12 29 156 107 48 101 12 33 28
1184 22 31 24 25 26 170 199 17 1 28 34 27
1185 22 34 31 7 44 90 1 24 1 26 33 27
1186 22 27 32 37 26 440 1 40 104 8 33 28
1187 22 26 28 35 24 87 32 39 105 20 33 28
1188 22 25 29 28 33 323 1 26 1 22 33 28
1189 22 17 7 19 26 139 123 40 173 13 34 27
1190 22 27 27 25 38 142 266 24 1 22 33 28
1191 22 23 20 24 30 231 1 45 119 13 33 27
1192 22 30 40 51 21 180 371 30 122 16 34 28
1193 22 30 33 30 32 149 167 35 39 18 34 28
1194 22 39 37 26 31 69 1 13 1 38 34 28
1195 22 24 33 35 26 104 68 25 40 25 33 28
1196 22 35 32 44 16 170 1 23 22 20 33 28
1197 22 26 31 33 23 258 1 33 1 16 33 27
1198 22 27 24 27 24 110 1 39 84 12 33 27
1199 22 31 39 39 22 131 1 15 1 28 34 28
1200 22 26 22 16 32 242 1 32 78 16 33 27
1201 22 32 38 28 34 114 184 42 74 18 34 28
1202 22 24 25 35 14 141 1 34 33 3 33 28
1203 22 28 40 43 31 125 115 30 52 18 34 28
1204 22 34 39 37 21 396 329 40 129 16 34 28
1205 22 33 31 31 26 108 265 20 1 29 34 28
1206 22 27 36 22 36 33 1 13 1 21 33 27
1207 22 28 19 9 33 169 166 38 73 17 34 28
1208 22 32 36 36 31 158 1 20 1 13 33 28
1209 22 28 31 40 26 247 1 24 65 11 34 27
1210 22 39 38 35 29 154 1 31 41 18 34 28
1211 22 24 19 31 26 139 49 33 71 18 33 28
1212 22 28 29 21 37 289 1 34 17 13 33 28
1213 22 36 34 26 30 181 166 22 1 23 33 28
1214 22 38 44 19 37 249 1 19 1 36 34 27
1215 22 29 37 23 33 165 1 46 97 16 33 28
1216 22 37 35 15 33 174 1 15 1 38 34 27
1217 22 32 32 35 29 1 141 30 65 15 34 28
1218 22 35 37 32 34 26 1 27 24 20 33 28
1219 22 23 28 34 21 634 108 41 134 10 34 28
1220 22 23 31 40 20 323 76 43 133 17 34 27
1221 22 32 21 26 27 59 232 18 1 21 33 28
1222 22 15 6 37 24 73 155 32 116 1 34 28
1223 22 35 56 28 28 193 1 30 59 25 33 28
1224 22 35 30 29 35 227 1 37 74 15 34 28
1225 22 32 29 28 34 213 103 30 83 21 33 28
1226 22 32 38 12 39 119 1 42 36 21 33 28
1227 22 30 35 24 36 99 130 18 1 28 34 28
1228 22 26 37 41 29 412 195 39 150 13 34 28
1229 22 29 27 19 35 203 1 40 67 20 33 28
1230 22 27 25 31 28 114 1 20 1 26 33 27
1231 22 30 22 27 19 282 1 32 58 18 33 27
1232 22 27 36 40 28 92 1 39 88 16 33 28
1233 22 37 47 24 38 202 1 31 1 34 34 27
1234 22 30 34 36 33 103 157 34 63 23 34 28
1235 22 34 35 32 30 118 1 42 81 2 34 28
1236 22 31 24 13 36 445 97 21 1 32 34 27
1237 22 35 43 25 38 239 1 24 1 32 34 27
1238 22 30 34 43 20 254 1 33 60 12 33 28
1239 22 24 26 37 19 57 1 36 98 9 33 28
1240 22 30 36 35 31 83 1 22 1 22 33 27
1241 22 28 37 34 30 196 1 25 1 17 33 27
1242 22 25 30 31 30 112 14 29 1 12 33 28
1243 22 22 14 30 14 459 25 38 165 13 33 27
1244 22 30 17 9 28 260 1 31 36 18 33 27
1245 22 48 47 22 37 717 1 7 1 32 34 27
1246 22 38 42 34 36 86 1 15 1 33 34 28
1247 22 43 48 29 38 150 1 26 1 28 34 28
1248 22 26 33 38 30 221 1 40 99 4 34 28
1249 22 29 26 25 30 83 1 12 1 30 33 27
1250 22 33 33 21 26 141 1 40 90 17 34 28
1251 22 34 21 23 29 99 1 26 11 23 33 28
1252 22 31 23 6 35 131 265 9 1 35 34 27
1253 22 36 36 27 37 95 1 28 49 12 33 28
1254 22 35 37 22 38 106 1 34 42 25 33 28
1255 22 32 36 38 23 115 135 16 1 28 34 28
1256 22 31 30 21 32 179 1 37 124 16 34 28
1257 22 31 36 30 32 127 184 31 6 20 34 28
1258 22 28 15 29 12 190 152 41 118 13 34 28
1259 22 27 24 19 33 306 1 45 88 12 33 28
1260 22 35 46 32 32 253 1 20 1 22 33 27
1261 22 30 40 36 34 111 1 42 88 6 34 28
1262 22 26 36 38 32 311 1 43 130 10 33 28
1263 22 33 37 40 24 117 1 14 1 22 33 27
1264 22 33 32 25 32 61 1 21 1 20 33 27
1265 22 26 30 27 25 387 51 28 1 21 33 27
1266 22 27 25 23 25 616 1 33 75 10 33 28
1267 22 27 18 32 15 62 1 35 63 1 33 28
1268 22 35 39 18 35 309 1 17 1 40 34 27
1269 22 25 26 32 30 723 96 40 90 18 33 28
1270 22 35 34 22 31 42 1 29 1 22 33 28
1271 22 33 31 33 29 49 1 13 1 21 33 27
1272 22 23 30 36 22 95 301 24 86 23 33 28
1273 22 35 26 29 29 201 1 10 1 25 33 28
1274 22 35 33 18 39 90 1 32 1 37 34 27
1275 22 26 28 24 28 120 1 25 6 17 33 28
1276 22 35 33 36 24 249 174 21 1 23 33 27
1277 22 28 36 40 28 219 1 17 1 17 33 27
1278 22 27 12 1 37 298 1 36 8 32 34 28
1279 22 30 38 39 24 206 139 36 79 12 34 28
1280 22 33 38 25 36 450 54 12 1 34 34 28
1281 22 25 28 21 34 80 1 42 110 12 33 28
1282 22 26 27 35 27 182 102 35 119 9 34 28
1283 22 34 39 40 26 73 1 25 49 12 34 28
1284 22 35 38 28 35 157 1 29 79 17 34 28
1285 22 37 40 14 43 334 1 39 57 25 34 27
1286 22 38 34 15 38 373 1 27 1 28 33 27
1287 22 31 24 32 15 291 52 31 64 8 34 28
1288 22 36 29 23 27 145 1 19 1 22 33 27
1289 22 30 26 31 21 17 57 9 1 28 33 27
1290 22 34 38 24 35 154 1 28 3 28 34 28
1291 22 36 42 18 40 157 1 32 1 30 34 27
1292 22 31 34 21 40 159 1 47 96 18 33 28
1293 22 25 26 30 28 97 1 28 1 8 33 28
1294 22 25 25 38 18 127 398 34 74 19 33 28
1295 22 29 32 22 34 108 1 47 113 18 33 28
1296 22 37 37 36 26 391 1 18 1 24 33 27
1297 22 33 20 19 28 88 82 24 11 21 33 28
1298 22 34 40 31 30 158 142 26 1 32 34 27
1299 22 29 23 20 26 88 1 31 94 14 33 28
1300 22 24 7 11 27 164 1 30 28 16 33 28
1301 22 35 28 8 46 229 1 25 1 25 33 27
1302 22 26 20 33 28 143 5 41 176 1 33 27
1303 22 32 37 15 40 495 1 22 1 27 33 27
1304 22 36 40 24 41 229 1 29 1 24 33 28
1305 22 28 27 10 45 133 1 23 1 31 34 27
1306 22 33 37 29 30 218 48 14 1 36 34 27
1307 22 30 30 31 26 138 169 19 1 30 34 28
1308 22 24 15 16 27 112 198 35 46 16 33 27
1309 22 29 33 40 23 135 80 35 128 11 34 28
1310 22 28 41 34 31 342 1 37 110 6 34 28
1311 22 33 30 18 27 178 69 18 1 31 34 27
1312 22 28 22 22 29 270 1 21 1 14 33 27
1313 22 33 38 35 32 91 283 20 1 27 34 28
1314 22 30 26 23 25 151 1 40 94 11 33 28
1315 22 36 32 29 28 93 222 29 1 25 33 27
1316 22 36 41 26 45 93 1 46 89 21 33 28
1317 22 27 32 30 31 240 1 31 51 14 34 28
1318 22 33 21 10 32 86 1 25 1 18 33 27
1319 22 27 29 30 35 44 31 29 5 24 34 28
1320 22 34 36 19 38 137 1 20 1 24 33 27
1321 22 26 21 27 31 145 1 40 98 4 33 27
1322 22 42 35 17 28 149 1 13 1 35 34 28
1323 22 29 33 34 24 171 1 21 1 14 33 27
1324 22 38 46 21 47 142 268 36 1 25 33 27
1325 22 35 24 2 38 174 1 15 1 27 33 27
1326 22 36 39 37 22 99 94 41 109 18 33 28
1327 22 36 30 24 32 154 1 22 1 29 34 27
1328 22 37 45 34 36 296 238 44 141 18 34 28
1329 22 36 37 26 32 92 107 14 1 30 34 27
1330 22 31 36 32 34 159 1 29 1 18 33 28
1331 22 32 37 44 25 342 112 24 1 20 33 28
1332 22 28 26 32 20 96 1 33 10 21 33 28
1333 22 32 32 28 33 187 1 38 61 17 33 28
1334 22 27 35 34 30 151 1 16 1 19 33 28
1335 22 38 44 41 23 229 1 48 153 1 34 28
1336 22 31 20 11 36 130 1 53 139 8 34 28
1337 22 27 26 34 27 112 271 29 25 20 33 28
1338 22 38 38 30 32 49 1 21 1 22 33 28
1339 22 29 21 15 25 209 1 23 1 23 33 27
1340 22 34 33 39 20 40 331 17 1 28 34 27
1341 22 28 31 27 31 2008 125 42 113 13 34 28
1342 22 22 6 22 28 148 63 35 134 6 33 27
1343 22 29 31 20 35 194 1 29 1 20 33 27
1344 22 23 29 48 11 18 431 32 121 13 33 27
1345 22 30 35 32 33 229 1 27 1 24 33 27
1346 22 33 38 41 21 233 110 11 1 34 34 28
1347 22 39 44 24 39 81 1 47 115 14 33 28
1348 22 28 33 20 42 88 177 26 1 29 34 27
1349 22 28 17 17 31 223 1 32 77 15 33 28
1350 22 34 43 20 47 299 1 20 1 39 34 27
1351 22 24 14 30 22 154 1 41 138 1 33 27
1352 22 39 40 17 36 313 89 45 17 25 34 28
1353 22 30 42 29 41 119 65 31 22 31 34 28
1354 22 33 20 20 32 61 1 9 1 38 34 27
1355 22 38 35 30 30 144 1 15 1 23 33 27
1356 22 33 25 2 38 641 1 41 47 19 34 28
1357 22 32 32 28 30 104 278 31 14 26 34 28
1358 22 36 25 1 40 504 1 21 1 46 34 27
1359 22 35 33 34 23 112 1 14 1 29 33 27
1360 22 24 21 30 23 376 113 19 1 16 33 27
1361 22 25 28 28 35 223 452 35 89 17 33 28
1362 22 32 35 35 19 127 66 30 18 14 34 28
1363 22 38 36 19 40 81 1 21 1 29 34 27
1364 22 34 34 25 28 248 1 21 1 14 33 27
1365 22 33 28 29 22 129 123 45 133 8 34 28
1366 22 37 46 35 30 273 1 10 1 37 34 27
1367 22 29 20 15 37 193 69 34 118 8 33 28
1368 22 32 30 32 22 297 82 17 1 34 34 27
1369 22 37 34 9 47 131 1 32 1 25 33 27
1370 22 29 31 47 19 203 62 21 28 13 34 28
1371 22 26 35 35 28 180 114 39 112 8 34 27
1372 40 58 64 62 50 176 1 37 1 32 57 50
1373 22 29 36 29 27 501 1 33 94 9 33 28
1374 22 31 23 23 25 135 158 31 76 16 33 28
1375 22 24 26 22 33 600 172 25 1 27 34 27
1376 22 36 41 23 37 358 1 44 129 10 34 27
1377 22 35 42 27 44 121 1 32 1 18 33 28
1378 22 34 30 26 24 99 1 41 85 7 33 28
1379 22 39 32 14 34 148 1 27 1 35 34 27
1380 22 26 16 32 13 49 1 20 33 19 33 28
1381 22 27 29 12 43 207 153 20 1 38 34 27
1382 22 25 17 29 31 100 18 48 172 1 33 28
1383 22 42 35 14 38 114 1 1 1 49 34 28
1384 22 28 35 31 37 259 1 39 136 1 34 28
1385 22 36 32 14 35 335 244 26 1 30 34 28
1386 22 26 20 19 25 303 264 32 70 24 33 27
1387 22 34 38 43 24 139 1 26 38 13 33 28
1388 22 31 34 37 26 850 54 36 27 5 34 28
1389 22 33 23 17 32 213 1 33 42 16 33 28
1390 22 31 37 29 31 161 1 41 151 3 34 28
1391 22 31 34 35 27 220 199 43 156 6 34 28
1392 22 24 14 24 25 10 161 21 1 23 33 27
1393 22 25 16 13 35 306 196 34 12 27 34 28
1394 22 37 33 11 29 207 1 32 1 22 33 28
1395 22 27 22 13 28 124 1 46 118 13 34 28
1396 22 32 30 27 32 70 360 19 1 36 34 27
1397 22 30 35 30 27 143 126 34 67 20 33 28
1398 22 33 30 7 31 217 1 14 1 40 34 27
1399 22 32 41 33 26 136 218 32 1 28 34 28
1400 22 33 28 19 24 123 1 16 1 39 34 27
1401 22 30 38 40 28 90 134 18 1 31 34 28
1402 22 36 28 19 33 124 302 46 106 22 34 28
1403 22 31 27 32 17 318 1 8 1 35 33 27
1404 22 42 37 17 30 236 1 13 1 31 34 27
1405 22 35 41 28 37 383 1 32 69 13 34 28
1406 22 38 45 34 29 237 178 27 1 28 34 28
1407 22 31 33 39 28 141 1 37 117 13 34 28
1408 22 29 22 20 34 283 184 22 1 29 34 27
1409 22 22 20 36 24 1 1 10 1 30 33 27
1410 22 39 32 20 33 395 131 30 1 36 34 27
1411 22 30 41 31 35 359 1 20 1 25 33 28
1412 22 27 32 35 29 156 116 38 72 18 33 28
1413 22 29 15 26 20 236 80 26 27 16 33 28
1414 22 32 25 33 25 47 1 39 116 4 33 28
1415 22 31 37 31 37 67 181 23 6 23 33 28
1416 22 38 44 25 36 150 194 29 1 32 34 27
1417 22 30 29 47 14 124 24 41 181 9 34 28
1418 22 37 48 24 39 180 1 32 1 26 33 27
1419 22 28 20 38 19 182 1 27 46 10 33 28
1420 22 26 29 39 15 249 139 32 62 21 33 28
1421 22 28 10 12 28 234 1 25 1 18 33 27
1422 22 32 42 37 24 136 157 23 1 32 34 27
1423 22 31 20 13 33 423 1 22 1 21 33 27
1424 22 38 36 27 30 173 1 19 1 42 34 27
1425 22 37 47 27 38 134 57 30 1 30 34 27
1426 22 32 35 46 20 199 1 16 1 20 33 28
1427 22 29 25 20 34 237 167 42 119 10 34 27
1428 22 31 24 21 29 164 222 30 74 22 33 28
1429 22 40 39 19 42 107 208 14 1 43 34 27
1430 22 31 34 11 38 253 1 18 1 37 34 27
1431 22 21 24 26 34 225 264 41 186 8 33 28
1432 22 27 16 19 21 173 1 17 1 25 33 27
1433 22 34 39 31 27 163 171 44 118 11 34 28
1434 22 21 5 11 32 50 1 36 86 8 33 27
1435 22 29 19 11 37 193 1 35 33 17 33 27
1436 22 35 32 23 31 68 67 33 1 23 34 28
1437 22 26 23 14 30 150 1 42 133 12 33 28
1438 22 19 19 42 21 152 1 25 88 8 33 27
1439 22 31 34 20 39 104 1 43 108 10 33 27
1440 22 30 29 17 35 196 1 53 140 10 33 27
1441 22 34 25 30 16 205 1 15 1 32 34 27
1442 22 28 27 22 35 136 76 40 97 12 34 28
1443 22 30 32 22 34 65 1 36 23 14 33 27
1444 22 40 39 26 29 197 1 21 1 25 33 27
1445 22 32 28 27 26 202 1 29 1 22 33 27
1446 22 39 41 27 32 83 1 32 1 19 33 27
1447 22 36 34 20 30 314 61 33 2 23 33 28
1448 22 27 17 26 21 110 1 33 74 13 33 28
1449 22 29 33 28 34 298 176 34 84 7 34 28
1450 22 27 28 29 33 89 16 24 1 25 33 27
1451 22 30 21 16 26 443 1 31 49 18 33 28
1452 22 31 36 29 33 245 145 33 46 13 34 28
1453 22 33 46 36 32 324 146 34 51 19 34 28
1454 22 26 12 20 21 539 1 36 73 10 33 27
1455 22 39 33 12 37 139 1 26 1 31 34 27
1456 22 33 30 20 35 279 142 47 106 10 34 28
1457 22 34 27 14 30 87 1 23 1 33 34 27
1458 22 32 36 45 24 150 1 27 16 21 33 28
1459 22 33 25 21 22 224 1 32 1 18 33 27
1460 22 33 35 27 32 117 1 28 31 11 34 28
1461 22 29 29 33 24 332 1 28 18 16 33 28
1462 22 28 18 33 15 91 27 31 126 13 33 27
1463 22 41 37 24 33 403 86 20 1 33 34 28
1464 22 34 21 10 37 107 1 24 1 24 33 27
1465 22 27 30 38 19 171 1 41 162 7 34 27
1466 22 35 39 32 30 182 172 20 1 27 33 28
1467 22 30 33 38 24 216 1 20 22 18 33 28
1468 22 25 27 37 26 72 163 30 63 23 33 28
1469 22 33 39 32 27 268 33 18 1 17 33 27
1470 22 31 18 20 24 589 137 40 55 12 34 27
1471 22 39 38 25 35 172 1 40 24 21 34 28
1472 22 29 35 33 26 50 1 9 1 29 34 27
1473 22 22 14 10 34 363 1 24 1 23 33 27
1474 22 37 33 20 39 204 1 46 97 13 34 28
1475 22 31 39 34 31 180 1 39 66 24 33 27
1476 22 35 32 12 36 99 1 30 1 29 34 28
1477 22 37 42 37 33 159 1 15 1 31 34 27
1478 22 32 36 39 26 225 1 27 8 19 34 28
1479 22 34 35 23 38 197 162 34 1 19 33 27
1480 22 35 29 16 33 202 1 48 110 11 34 28
1481 22 42 42 27 31 136 122 2 1 37 34 27
1482 22 33 34 18 33 328 1 16 1 32 34 27
1483 22 29 33 19 39 254 1 14 1 35 34 27
1484 22 36 41 48 19 70 43 29 38 10 34 28
1485 22 26 33 21 33 209 1 24 1 22 33 27
1486 22 28 28 14 34 56 144 28 1 28 33 27
1487 22 29 33 20 38 206 1 40 70 18 33 27
1488 22 35 44 23 43 279 1 28 1 25 33 27
1489 22 35 45 36 27 105 1 16 1 25 33 27
1490 22 33 23 27 23 178 1 44 142 5 33 28
1491 22 32 25 20 25 174 128 31 13 10 34 28
1492 22 37 36 22 36 206 1 40 54 14 34 28
1493 22 33 39 24 39 168 91 25 1 28 34 27
1494 22 33 31 5 37 334 1 23 1 25 33 27
1495 22 28 33 25 28 142 1 52 111 13 33 28
1496 22 29 27 35 24 198 78 51 221 1 33 27
1497 22 29 20 12 27 80 1 42 91 12 33 28
1498 22 36 37 34 24 165 136 31 1 20 34 28
1499 22 30 21 25 30 252 1 26 17 20 33 27
1500 22 33 24 26 26 166 1 17 1 20 33 27
1501 22 36 31 18 38 115 1 28 1 27 33 27
1502 22 33 29 25 23 572 139 26 11 19 33 28
1503 22 22 20 22 28 78 144 28 71 10 33 27
1504 22 29 17 22 21 104 284 43 89 7 33 27
1505 22 37 43 38 25 140 1 33 73 14 33 28
1506 22 34 31 23 28 126 1 45 114 18 33 28
1507 22 23 7 9 26 74 1 18 1 17 33 27
1508 22 36 31 29 32 362 233 18 1 15 33 27
1509 22 33 40 53 19 139 353 23 32 18 34 28
1510 22 30 35 15 40 132 1 13 1 35 34 27
1511 22 28 22 14 31 138 1 38 115 15 33 27
1512 22 27 36 38 27 320 1 23 69 23 34 28
1513 22 27 27 22 20 235 9 15 1 25 33 27
1514 22 36 44 24 33 347 1 42 103 18 34 28
1515 22 36 34 25 36 153 30 30 1 17 33 27
1516 22 33 45 34 34 264 1 32 1 15 33 27
1517 22 32 37 26 32 139 190 33 37 27 34 28
1518 22 38 39 34 21 176 209 17 1 26 33 28
1519 22 32 27 26 20 212 287 37 41 20 33 28
1520 22 35 46 32 34 194 183 20 1 37 34 27
1521 22 30 36 23 28 160 1 21 1 19 33 27
1522 22 31 37 32 30 285 1 13 1 25 33 27
1523 22 28 34 38 30 138 1 47 154 10 34 28
1524 22 29 36 34 35 87 224 30 23 20 34 28
1525 22 31 23 13 30 181 1 31 1 21 33 28
1526 22 21 26 31 28 296 124 34 83 17 33 28
1527 22 28 21 31 25 311 1 19 11 25 33 27
1528 22 32 30 4 45 90 1 21 1 31 34 27
1529 22 29 40 21 43 253 1 22 1 31 34 27
1530 22 36 42 27 31 273 1 27 1 20 33 28
1531 22 30 33 37 23 180 135 29 5 9 34 28
1532 22 28 20 27 21 148 1 35 123 7 33 28
1533 22 35 31 34 17 170 120 23 1 15 33 27
1534 22 30 20 13 32 160 1 27 1 18 33 27
1535 22 32 36 38 33 30 78 40 102 10 34 28
1536 22 24 21 21 30 32 246 22 1 16 33 27
1537 22 28 32 25 29 391 1 29 82 20 33 28
1538 22 30 19 1 34 141 193 32 1 26 33 27
1539 22 28 24 34 29 119 220 23 1 15 33 27
1540 22 32 38 54 16 118 1 37 70 8 34 28
1541 22 28 32 22 40 93 216 21 1 22 33 27
1542 22 39 40 32 33 115 30 43 82 12 34 28
1543 22 38 42 33 29 315 190 44 103 22 34 28
1544 22 34 28 29 29 129 1 42 97 8 34 28
1545 22 38 34 30 36 140 83 12 1 26 33 28
1546 22 32 30 36 31 84 52 42 119 8 34 28
1547 22 35 29 34 21 255 22 7 1 25 33 27
1548 22 32 37 32 25 135 173 29 57 24 34 28
1549 22 40 36 21 35 114 1 23 1 23 33 27
1550 22 29 27 29 24 119 1 24 1 17 33 27
1551 22 37 42 23 39 203 125 21 1 31 34 27
1552 22 30 31 29 37 145 120 37 106 26 34 27
1553 22 34 34 27 37 87 1 39 91 20 34 28
1554 22 39 45 24 33 383 1 25 1 29 34 27
1555 22 28 32 22 38 137 1 35 30 12 33 28
1556 22 28 27 30 30 245 235 36 103 18 33 28
1557 22 31 36 26 35 316 81 43 72 16 34 28
1558 22 31 21 25 21 224 31 39 29 16 33 28
1559 22 33 36 40 30 217 111 28 10 17 34 28
1560 22 37 29 15 33 78 1 21 1 35 34 28
1561 22 36 29 10 39 145 1 25 1 30 34 27
1562 22 29 38 34 26 128 93 32 100 17 34 28
1563 22 30 18 6 36 163 1 17 1 35 34 27
1564 22 24 27 22 35 301 181 41 18 18 33 28
1565 22 31 36 21 45 206 1 19 1 25 33 28
1566 22 31 30 31 26 1 40 12 1 23 33 27
1567 22 28 19 22 31 276 1 43 108 6 33 27
1568 22 28 29 35 27 126 1 17 1 19 33 27
1569 22 29 23 19 20 335 1 15 1 30 33 27
1570 22 23 21 21 39 282 1 29 42 14 33 27
1571 22 30 35 23 33 123 90 28 1 25 33 27
1572 22 22 11 22 21 1 1 26 95 14 33 27
1573 22 17 1 24 18 108 260 12 8 15 33 27
1574 22 19 23 32 30 101 181 40 119 15 33 28
1575 22 25 11 16 26 143 1 23 1 20 33 27
1576 22 36 33 19 28 348 1 26 1 23 33 27
1577 22 29 32 25 26 302 1 23 1 20 33 27
1578 22 37 43 37 39 149 1 20 1 21 33 27
1579 22 31 24 20 34 206 9 30 25 21 34 28
1580 22 33 34 35 28 560 242 41 116 13 34 28
1581 22 32 28 26 17 151 145 26 1 21 33 28
1582 22 28 29 32 27 54 19 22 1 21 33 27
1583 22 32 41 44 27 377 35 11 1 22 33 27
1584 22 33 23 23 23 87 1 20 1 21 33 27
1585 22 32 39 39 21 190 276 18 1 30 34 27
1586 22 36 32 15 38 184 131 32 1 29 34 28
1587 22 23 10 17 30 176 313 25 30 22 33 27
1588 22 32 27 25 34 356 1 38 103 9 33 28
1589 22 24 12 26 27 118 1 36 48 14 33 28
1590 22 34 35 32 25 36 165 24 1 24 33 27
1591 22 34 30 20 32 124 1 22 1 28 34 27
1592 22 26 31 31 29 117 1 50 154 6 34 27
1593 22 22 11 10 34 113 1 29 1 19 33 27
1594 22 22 10 10 27 38 157 31 19 24 33 27
1595 22 35 44 24 33 108 1 30 1 13 33 28
1596 22 33 49 57 28 243 138 34 85 20 34 28
1597 22 42 39 25 29 276 1 30 1 29 34 27
1598 22 36 39 34 29 101 1 27 1 12 33 27
1599 22 31 41 40 37 165 1 32 51 9 34 28
1600 22 33 30 41 24 104 65 27 58 16 34 28
1601 22 31 31 29 29 262 1 28 1 16 33 27
1602 22 25 29 33 29 261 295 22 1 24 33 27
1603 22 36 38 31 38 113 1 37 51 16 34 28
1604 22 35 35 1 43 116 1 21 1 39 34 27
1605 22 27 12 12 24 82 86 35 41 18 33 27
1606 22 18 17 37 15 76 32 45 174 1 33 27
1607 22 36 32 28 26 238 208 23 1 26 33 28
1608 22 35 34 25 34 232 1 21 1 24 33 28
1609 22 22 16 21 23 128 108 39 34 22 33 28
1610 22 39 40 30 26 96 1 19 1 16 33 27
1611 22 28 30 18 38 186 1 45 87 15 33 28
1612 22 37 40 23 30 676 1 16 1 42 34 27
1613 22 25 26 25 32 93 185 41 65 28 34 28
1614 22 32 23 36 26 22 188 33 84 9 34 28
1615 22 32 36 33 33 732 1 30 42 22 33 27
1616 22 29 21 31 30 208 55 39 91 3 34 27
1617 22 27 33 33 25 401 195 15 1 33 34 27
1618 22 26 28 37 19 132 1 18 1 19 33 27
1619 22 33 21 1 40 172 1 27 1 41 34 27
1620 22 42 47 30 30 311 1 34 3 18 33 28
1621 22 38 43 21 44 588 1 31 1 19 33 27
1622 22 42 48 29 38 95 113 35 64 22 34 28
1623 22 37 40 36 32 141 1 24 1 15 33 28
1624 22 33 37 32 24 308 1 1 1 36 34 27
1625 22 31 30 35 23 230 1 26 1 18 33 28
1626 22 40 24 1 37 243 1 6 1 56 33 27
1627 22 39 38 33 27 197 128 21 1 26 33 28
1628 22 30 38 28 34 251 339 20 1 34 34 28
1629 22 29 22 15 25 367 240 33 70 18 33 28
1630 22 44 44 30 26 157 5 20 1 34 34 27
1631 22 29 27 11 32 195 1 36 1 17 33 27
1632 22 34 39 23 45 410 1 48 137 18 33 28
1633 22 36 28 25 26 248 77 15 1 34 34 28
1634 22 23 18 21 25 533 1 25 1 15 33 27
1635 22 40 40 23 32 202 31 18 1 34 34 27
1636 22 33 39 36 24 83 9 34 29 26 34 28
1637 22 28 26 26 32 214 162 24 1 30 34 28
1638 22 19 22 33 16 310 1 49 184 9 33 27
1639 22 36 47 42 30 128 193 27 1 28 34 28
1640 22 37 35 33 24 224 1 24 1 23 33 27
1641 22 40 36 12 41 157 1 32 1 18 33 27
1642 22 27 15 18 27 103 161 40 111 19 33 28
1643 22 26 34 41 22 228 1 57 185 2 33 28
1644 22 26 16 12 30 448 1 39 101 10 33 27
1645 22 33 37 29 31 347 1 49 134 7 34 28
1646 22 22 24 32 30 139 210 23 1 18 33 27
1647 22 32 40 45 27 81 345 30 43 14 33 28
1648 22 36 34 14 36 50 1 16 1 36 34 28
1649 22 30 44 35 32 358 369 25 7 31 34 28
1650 22 30 23 26 27 596 1 13 1 35 34 27
1651 22 29 42 31 36 403 1 45 115 14 34 28
1652 22 32 38 35 27 107 219 30 26 24 34 27
1653 22 26 11 15 31 151 1 48 119 1 33 27
1654 22 29 24 23 30 109 1 18 1 31 33 27
1655 22 28 33 44 17 101 199 18 1 22 33 27
1656 22 37 42 36 22 141 1 28 1 35 34 27
1657 22 31 40 46 31 54 1 35 97 5 34 28
1658 22 24 14 14 36 177 61 27 1 24 33 27
1659 22 35 31 25 32 52 10 15 1 34 34 27
1660 22 23 24 38 25 142 1 42 182 1 33 27
1661 22 31 42 38 39 208 1 35 80 20 33 28
1662 22 33 31 20 31 296 1 35 36 15 33 28
1663 22 32 22 1 34 151 1 18 1 43 34 27
1664 22 28 15 29 13 165 110 1 1 33 34 27
1665 22 38 33 23 26 202 1 32 16 29 34 28
1666 22 34 31 28 32 270 1 29 15 23 33 28
1667 22 32 28 25 31 221 1 35 58 8 34 28
1668 22 25 26 33 28 246 1 9 1 22 33 27
1669 22 25 27 19 36 323 1 39 86 13 33 28
1670 22 30 33 32 26 173 1 32 26 18 34 28
1671 22 30 26 16 37 92 160 26 43 25 33 28
1672 22 26 14 23 15 158 1 17 1 21 33 27
1673 22 43 38 22 28 159 182 9 1 44 34 27
1674 22 24 16 26 22 152 1 47 172 1 33 27
1675 22 36 39 1 46 218 1 30 1 35 34 27
1676 22 34 25 8 27 100 1 31 39 34 34 27
1677 22 24 29 38 27 35 1 23 89 11 33 28
1678 22 26 26 29 33 172 236 34 113 16 33 28
1679 22 23 18 24 30 70 1 22 1 24 33 27
1680 22 30 40 32 35 191 176 36 83 11 34 28
1681 22 34 32 37 16 78 1 20 27 10 34 28
1682 22 31 22 18 26 301 1 23 1 14 33 28
1683 22 41 31 6 38 535 1 9 1 43 34 27
1684 22 30 21 26 24 281 47 22 1 27 33 27
1685 22 28 31 26 32 695 1 47 158 3 33 28
1686 22 34 31 36 25 120 101 27 38 15 34 28
1687 22 34 36 28 28 273 84 43 69 11 34 28
1688 22 29 24 15 37 92 94 42 78 18 33 28
1689 22 29 30 17 31 90 173 12 1 29 34 27
1690 22 31 36 35 42 129 167 27 1 20 33 28
1691 22 27 34 35 31 165 1 31 52 12 33 27
1692 22 26 33 33 39 136 133 26 37 24 34 28
1693 22 18 19 32 24 179 95 39 95 7 33 28
1694 22 28 35 39 32 354 1 29 58 16 33 27
1695 22 29 32 10 45 82 1 16 1 45 34 27
1696 22 23 30 52 18 145 53 20 72 14 33 28
1697 22 36 25 26 27 70 1 20 1 15 33 27
1698 22 26 15 15 30 294 1 30 50 15 33 28
1699 22 37 44 28 30 197 1 27 1 18 34 28
1700 22 39 36 11 40 218 1 27 1 33 34 27
1701 22 35 41 39 23 290 151 18 1 29 34 27
1702 22 38 40 35 27 87 263 20 1 30 34 28
1703 22 33 36 30 36 145 1 44 44 18 34 28
1704 22 31 23 24 26 76 67 33 1 14 33 28
1705 22 28 32 39 26 181 1 31 95 15 34 28
1706 22 30 21 23 28 198 1 40 70 18 33 28
1707 22 28 18 7 32 214 1 31 27 21 33 28
1708 22 34 37 29 27 70 1 10 1 32 34 27
1709 22 38 41 35 30 310 1 28 25 21 34 28
1710 22 32 44 39 31 59 356 17 1 34 34 27
1711 22 32 28 29 27 208 1 7 1 32 34 28
1712 22 38 43 30 39 295 1 42 125 9 34 28
1713 22 31 25 17 29 212 47 12 1 28 33 27
1714 22 37 50 32 34 642 445 25 1 34 34 28
1715 22 40 43 24 33 402 118 25 1 33 34 27
1716 22 36 34 36 33 71 50 10 1 41 34 28
1717 22 42 44 20 38 113 8 27 1 32 34 28
1718 22 27 32 27 27 313 8 4 1 40 34 27
1719 22 29 18 31 23 211 1 23 42 8 33 28
1720 22 27 29 36 25 512 1 39 114 14 33 28
1721 22 35 42 22 32 260 1 38 1 17 33 27
1722 22 32 43 54 23 60 246 13 1 28 34 28
1723 22 30 22 17 27 186 138 34 69 18 33 27
1724 22 31 35 28 37 104 1 26 1 26 33 27
1725 22 25 30 17 44 324 1 29 1 19 33 27
1726 22 39 45 14 45 167 1 29 1 27 33 27
1727 22 16 25 32 22 111 1 30 178 6 33 27
1728 22 27 27 32 32 248 1 36 108 4 33 28
1729 22 37 32 27 30 143 263 10 1 32 34 27
1730 22 34 27 18 23 165 181 14 1 34 34 27
1731 22 27 39 30 33 115 1 35 95 15 33 28
1732 22 31 32 14 39 236 1 43 120 7 34 27
1733 22 31 24 20 28 349 1 10 1 35 34 27
1734 22 30 33 38 25 203 74 31 63 10 34 28
1735 22 23 12 30 18 237 17 34 102 20 34 28
1736 22 25 12 15 28 170 1 41 80 2 33 28
1737 22 25 26 36 21 41 1 33 78 13 33 27
1738 22 37 42 30 32 97 1 42 136 9 33 28
1739 22 30 23 23 37 183 69 46 181 1 33 28
1740 22 25 27 33 30 45 1 12 1 27 33 28
1741 22 34 42 30 30 115 125 35 10 23 34 28
1742 22 38 38 29 30 176 72 12 1 36 34 27
1743 22 24 32 37 20 266 41 34 57 14 34 28
1744 22 28 13 16 25 952 38 21 1 18 33 27
1745 22 29 23 11 34 178 1 37 94 17 33 27
1746 22 32 27 22 34 73 237 28 1 23 33 27
1747 22 27 35 41 21 121 130 38 78 8 33 28
1748 22 32 27 11 31 80 1 23 1 24 33 27
1749 22 31 36 21 31 203 1 36 1 29 33 27
1750 22 32 37 39 26 509 1 20 1 22 33 27
1751 22 32 28 1 41 201 1 14 1 44 34 27
1752 22 20 6 28 19 260 141 39 157 12 34 28
1753 22 41 47 35 31 251 1 16 1 34 34 27
1754 22 32 33 42 18 289 181 26 73 22 34 28
1755 22 36 33 27 33 112 1 27 1 18 33 28
1756 22 33 17 20 25 77 137 23 1 27 33 27
1757 22 32 34 44 25 265 1 23 65 16 33 28
1758 22 35 40 26 38 21 1 10 1 28 33 27
1759 22 26 12 3 38 96 1 22 1 28 33 27
1760 22 29 33 36 19 485 47 21 1 28 33 27
1761 22 24 36 43 28 190 157 31 114 18 33 28
1762 22 33 35 45 25 95 276 29 1 26 33 27
1763 22 39 42 20 28 172 165 21 1 27 33 27
1764 22 34 29 11 39 270 1 29 1 28 33 27
1765 22 38 33 36 28 97 1 41 110 12 33 28
1766 22 36 37 30 27 203 1 28 1 20 33 27
1767 22 28 21 24 19 124 1 28 1 31 33 27
1768 22 37 41 30 34 176 5 25 1 25 33 27
1769 22 28 15 12 29 109 1 42 92 17 33 28
1770 22 31 32 20 33 284 29 31 24 23 33 28
1771 22 27 16 19 30 191 1 30 9 16 33 27
1772 22 38 43 16 36 413 1 22 1 37 34 27
1773 22 31 34 38 27 156 1 32 89 13 33 28
1774 22 29 29 21 29 95 153 31 1 20 33 27
1775 22 37 32 21 29 133 1 41 92 17 33 28
1776 22 29 27 26 26 133 196 32 7 21 33 28
1777 22 29 30 34 21 119 250 31 1 24 33 27
1778 22 33 36 36 29 371 1 37 73 3 34 28
1779 22 28 26 13 31 124 1 47 116 9 33 28
1780 22 26 26 32 27 199 1 36 157 13 33 28
1781 22 31 36 28 28 198 175 32 38 19 33 28
1782 22 31 35 33 28 107 1 12 1 32 34 28
1783 22 30 20 16 25 271 1 18 1 26 33 27
1784 22 23 12 36 22 184 56 37 104 1 34 28
1785 22 35 43 1 48 93 1 21 1 38 33 27
1786 22 31 32 23 36 99 1 21 1 29 34 27
1787 22 35 38 27 36 70 1 36 66 25 34 28
1788 22 26 39 38 30 376 1 33 61 13 33 28
1789 22 28 41 54 30 118 44 43 106 6 34 28
1790 22 34 40 39 20 242 1 18 1 34 34 27
1791 22 29 29 20 30 57 1 22 1 19 33 27
1792 22 31 37 38 25 194 34 30 1 20 33 28
1793 22 39 43 21 35 599 1 25 1 38 34 27
1794 22 38 38 16 45 250 154 30 1 35 34 27
1795 22 27 22 26 22 240 216 27 1 19 33 28
1796 22 38 30 9 29 339 1 17 1 29 33 27
1797 22 29 22 11 33 198 1 50 107 15 33 28
1798 22 32 28 18 38 160 120 41 90 16 34 28
1799 22 38 32 22 31 78 1 17 1 32 34 28
1800 22 27 32 47 21 82 29 38 148 7 34 28
1801 22 28 32 39 18 246 300 15 1 25 33 27
1802 22 30 33 40 29 64 1 15 1 27 33 28
1803 22 39 34 20 33 81 8 25 1 31 34 27
1804 22 40 44 32 33 159 1 29 1 21 33 28
1805 22 28 41 46 31 114 397 25 1 19 33 28
1806 22 29 34 35 26 414 1 18 1 18 33 28
1807 22 25 21 22 28 100 1 22 1 24 33 27
1808 22 31 27 26 26 216 1 42 67 5 33 28
1809 22 30 33 38 20 95 227 25 69 13 33 27
1810 22 25 11 15 28 45 1 25 1 25 33 27
1811 22 27 23 5 41 185 1 38 83 21 33 27
1812 22 37 42 35 35 18 66 20 1 20 33 28
1813 22 27 23 35 19 220 138 38 119 5 34 28
1814 22 39 47 19 39 256 1 38 62 31 34 28
1815 22 36 35 21 29 230 1 26 1 34 34 28
1816 22 31 26 4 42 272 1 12 1 41 33 27
1817 22 28 27 31 33 20 174 22 1 20 33 27
1818 22 23 33 41 27 115 16 44 161 3 34 27
1819 22 30 34 37 26 112 1 15 1 30 34 27
1820 22 27 31 31 29 195 1 13 1 17 33 27
1821 22 31 15 14 33 175 115 24 1 25 33 27
1822 22 27 14 29 23 180 20 34 47 9 33 28
1823 22 24 12 41 7 164 1 32 78 1 33 27
1824 22 31 33 34 23 124 1 20 1 15 33 27
1825 22 28 34 46 22 238 24 22 55 17 33 27
1826 22 28 29 41 28 176 3 21 31 21 33 28
1827 22 35 38 25 36 383 1 20 1 33 34 27
1828 22 24 20 35 24 122 137 20 1 27 33 27
1829 22 35 38 17 46 23 178 10 1 41 34 27
1830 22 30 22 23 23 157 1 34 19 17 33 28
1831 22 25 16 34 19 184 216 40 143 12 33 27
1832 22 33 41 26 39 207 1 43 91 30 34 28
1833 22 34 36 19 34 141 1 47 112 16 33 28
1834 22 38 48 30 35 155 1 14 1 30 34 27
1835 22 40 45 35 33 227 393 22 50 30 34 28
1836 22 27 25 1 43 148 1 25 1 41 33 28
1837 22 38 35 23 28 196 1 38 80 21 33 27
1838 22 30 35 30 25 174 1 32 79 17 33 28
1839 22 23 28 27 29 176 1 35 85 14 33 28
1840 22 35 30 15 42 329 1 23 1 27 33 27
1841 22 26 29 21 34 132 1 38 59 26 33 28
1842 22 27 32 50 13 97 394 32 73 9 34 28
1843 22 36 32 33 21 162 151 36 76 26 34 28
1844 22 29 19 20 36 97 1 23 1 23 33 27
1845 22 33 38 40 27 155 101 28 114 14 34 28
1846 22 27 23 20 30 156 1 27 66 21 33 28
1847 22 29 25 29 24 311 1 38 134 11 33 28
1848 22 23 22 21 28 168 72 51 175 9 33 27
1849 22 34 25 23 31 146 277 12 1 29 34 27
1850 22 29 22 15 25 83 1 31 19 18 33 28
1851 22 33 25 13 32 259 1 21 1 26 33 27
1852 22 31 21 24 17 237 62 7 1 22 33 27
1853 22 37 44 37 30 495 69 35 57 24 33 28
1854 22 38 38 3 49 173 1 20 1 33 34 27
1855 22 35 44 30 33 290 1 32 49 21 34 28
1856 22 26 32 21 36 212 1 46 106 19 33 28
1857 22 28 32 38 23 131 1 19 1 20 33 27
1858 22 25 24 31 27 250 1 31 89 18 33 28
1859 22 26 29 34 27 216 49 47 150 3 34 28
1860 22 32 35 35 32 157 1 33 38 18 33 28
1861 22 30 20 20 22 172 228 27 1 24 33 27
1862 22 33 36 27 33 149 1 20 1 25 33 27
1863 22 31 26 16 32 80 1 24 1 15 33 27
1864 22 24 9 19 15 170 1 37 63 20 33 27
1865 22 34 41 32 26 174 227 47 81 17 34 28
1866 22 29 35 40 33 64 1 47 178 1 34 28
1867 22 39 32 1 40 143 1 31 1 40 34 27
1868 22 32 38 33 24 81 194 44 71 21 34 28
1869 22 31 29 32 20 370 266 36 118 17 34 28
1870 22 26 18 28 23 78 203 36 103 17 33 28
1871 22 31 34 25 29 156 1 36 86 21 33 28
1872 22 31 38 28 37 130 253 33 73 17 34 28
1873 22 31 37 25 40 291 167 25 1 27 33 27
1874 22 36 37 25 35 261 285 22 1 24 33 27
1875 22 34 26 26 28 706 217 22 1 28 34 27
1876 22 31 21 4 30 98 1 39 50 20 33 28
1877 22 28 33 32 28 305 197 46 135 12 34 28
1878 22 29 36 249 31 906 1 25 1 22 33 27
1879 22 25 20 30 19 380 115 38 107 3 33 27
1880 22 32 29 9 36 225 1 28 1 28 34 28
1881 22 36 26 17 30 122 118 32 1 37 34 27
1882 22 30 35 29 30 121 1 37 85 14 34 28
1883 22 31 32 15 34 372 1 52 151 18 33 28
1884 22 33 24 11 43 101 11 25 1 27 33 27
1885 22 35 27 28 27 212 215 24 11 22 34 28
1886 22 27 30 26 33 10 124 43 97 15 33 28
1887 22 32 37 38 34 191 185 15 1 30 34 28
1888 22 27 38 56 16 236 54 34 178 1 34 28
1889 22 27 5 3 31 67 1 26 1 23 33 27
1890 22 39 40 46 20 230 1 37 95 8 33 28
1891 22 33 32 32 28 432 1 32 11 22 33 28
1892 22 25 18 34 26 174 1 21 44 12 33 28
1893 22 36 31 35 25 331 71 34 53 16 34 28
1894 22 40 36 24 33 118 26 27 1 24 33 27
1895 22 27 24 29 23 109 166 46 151 14 33 28
1896 22 32 40 31 34 45 130 16 1 29 34 27
1897 22 25 31 37 24 139 1 40 112 7 33 28
1898 22 32 40 40 19 380 115 22 1 23 33 27
1899 22 27 20 16 27 129 1 17 1 18 33 27
1900 22 32 34 34 28 156 1 30 42 22 34 28
1901 22 28 29 23 38 113 1 31 57 13 33 28
1902 22 29 38 35 35 221 189 39 40 18 33 28
1903 22 27 34 40 25 128 1 40 113 7 34 28
1904 22 38 29 20 36 209 1 31 35 16 34 28
1905 22 33 42 27 30 153 34 20 1 33 34 27
1906 22 31 25 4 37 244 215 37 32 37 34 28
1907 22 31 33 24 35 184 187 34 57 23 33 28
1908 22 31 20 25 23 112 1 40 65 6 33 28
1909 22 25 14 18 28 83 181 36 35 19 33 27
1910 22 31 24 36 24 214 151 36 111 13 34 28
1911 22 30 42 37 30 166 1 15 1 23 33 27
1912 22 40 41 31 38 46 190 15 1 32 34 27
1913 22 32 33 26 25 157 1 31 85 12 34 28
1914 22 36 30 20 33 138 1 42 98 17 34 28
1915 22 37 33 38 23 150 73 28 1 21 33 28
1916 22 28 21 25 25 209 1 31 88 8 33 27
1917 22 36 20 26 22 121 1 38 119 11 33 28
1918 22 30 27 22 38 107 1 15 1 27 33 27
1919 22 22 10 24 20 162 22 35 144 2 33 27
1920 22 25 12 24 22 131 17 30 49 19 33 27
1921 22 27 30 32 33 284 57 24 37 23 33 27
1922 22 36 40 23 41 98 1 35 79 9 34 28
1923 22 36 35 36 28 458 67 38 43 10 34 28
1924 22 40 49 40 34 65 110 13 1 33 34 27
1925 22 34 39 23 35 175 204 39 88 13 33 28
1926 22 26 17 27 19 129 78 16 1 27 33 27
1927 22 28 29 22 27 91 1 47 132 14 33 28
1928 22 32 26 5 41 182 1 36 22 26 33 28
1929 22 29 23 23 30 114 23 45 77 12 34 28
1930 22 36 44 44 26 244 30 5 1 26 33 27
1931 22 30 31 42 22 107 328 22 1 27 33 28
1932 22 25 37 37 29 335 124 24 1 22 33 28
1933 22 27 17 18 29 373 1 37 109 9 33 27
1934 22 29 33 38 20 223 1 44 134 1 33 27
1935 22 30 20 14 30 194 19 11 1 28 34 27
1936 22 31 26 28 27 124 1 16 1 26 33 27
1937 22 28 28 29 26 239 1 20 1 26 33 27
1938 22 24 22 36 25 46 164 18 5 26 34 28
1939 22 36 41 38 41 1 72 20 1 25 33 27
1940 22 29 33 33 26 68 1 35 84 10 33 27
1941 22 28 26 22 33 33 1 17 1 24 33 27
1942 22 26 27 39 25 103 1 18 1 23 33 28
1943 22 29 38 40 23 115 1 12 1 20 33 27
1944 22 35 38 27 34 174 1 35 1 20 34 28
1945 22 32 38 31 39 191 21 40 110 8 34 28
1946 22 26 33 26 33 243 1 35 91 13 33 27
1947 22 23 32 39 23 113 1 35 73 12 33 27
1948 22 27 30 34 24 178 1 33 81 5 33 27
1949 22 29 29 32 33 134 1 22 1 11 34 27
1950 22 33 36 29 24 188 1 32 30 8 34 28
1951 22 28 26 16 29 228 1 43 118 10 33 28
1952 22 25 37 47 23 106 18 20 1 16 33 28
1953 22 30 35 40 30 63 1 24 1 15 33 28
1954 22 33 28 27 21 63 1 26 17 13 33 28
1955 22 35 36 27 35 107 1 32 66 18 33 28
1956 22 26 31 32 27 79 1 28 40 18 33 28
1957 22 37 31 32 30 212 90 25 1 23 33 28
1958 22 27 22 21 34 1 1 23 1 29 33 27
1959 22 29 31 39 26 180 53 27 15 18 33 28
1960 22 30 18 21 22 178 1 15 1 21 33 27
1961 22 29 35 34 29 98 1 28 1 15 33 27
1962 22 30 18 26 19 164 1 36 108 14 33 27
1963 22 39 48 41 25 135 1 25 1 22 33 27
1964 22 26 25 38 20 70 133 25 56 15 33 28
1965 22 27 27 27 32 237 1 9 1 30 34 27
1966 22 24 20 14 37 87 1 35 114 10 33 27
1967 22 30 34 36 27 322 174 39 120 15 34 28
1968 22 30 18 22 22 181 1 16 1 24 33 27
1969 22 27 29 43 17 198 70 34 178 5 34 28
1970 22 32 28 15 35 239 1 30 18 23 33 28
1971 22 38 43 29 37 560 1 37 151 7 34 28
1972 22 30 37 40 33 96 1 8 1 35 34 27
1973 22 38 37 20 39 121 55 18 1 41 34 27
1974 22 23 18 22 25 127 126 43 164 10 33 28
1975 22 31 22 32 26 245 1 29 74 5 34 28
1976 22 31 32 38 24 79 58 16 1 30 34 28
1977 22 37 32 15 36 268 1 30 44 19 33 28
1978 22 31 18 2 34 279 1 36 88 11 33 27
1979 22 29 18 7 39 159 1 33 34 20 33 27
1980 22 41 51 30 39 116 1 23 1 39 34 28
1981 22 35 25 18 27 276 1 14 1 32 34 27
1982 22 36 32 37 27 541 1 9 1 32 34 27
1983 22 25 17 17 28 136 1 16 1 34 33 27
1984 22 36 33 25 26 80 163 16 1 40 34 28
1985 22 24 24 32 25 50 57 20 1 22 33 27
1986 22 23 19 31 18 572 1 31 85 18 33 27
1987 22 29 33 21 34 90 1 36 56 12 33 28
1988 22 34 27 25 28 258 1 24 1 19 33 27
1989 22 34 29 33 22 105 184 22 1 26 33 27
1990 22 31 20 24 31 351 1 46 121 6 34 28
1991 22 28 15 28 14 155 1 35 83 14 33 28
1992 22 35 39 17 39 114 1 20 1 35 34 27
1993 22 25 18 26 29 175 1 21 1 17 33 27
1994 22 28 35 44 21 116 59 35 137 1 34 28
1995 22 25 21 22 28 231 1 32 1 20 33 27
1996 22 27 33 35 25 356 1 27 10 20 34 28
1997 22 28 22 14 23 154 1 22 1 24 33 27
1998 22 35 37 37 26 151 1 14 1 32 34 28
1999 22 26 29 23 35 74 208 38 41 18 33 28
2000 22 27 19 1 40 196 1 29 1 24 33 27
2001 22 28 33 33 20 332 1 41 83 10 33 28
2002 22 34 34 31 31 105 1 42 59 15 33 28
2003 22 30 27 36 24 15 168 8 1 20 33 27
2004 22 35 41 38 24 171 1 5 1 37 34 27
2005 22 29 31 27 27 163 245 36 1 28 33 27
2006 22 34 28 20 25 181 15 25 1 31 34 27
2007 22 40 48 1 40 169 1 19 1 35 34 27
2008 22 32 24 26 22 197 8 14 1 34 34 27
2009 22 33 40 18 38 176 1 13 1 43 34 27
2010 22 25 33 30 33 167 1 44 103 6 33 28
2011 22 34 41 13 45 235 1 20 1 36 34 27
2012 22 17 1 12 22 165 253 34 90 23 33 27
2013 22 27 29 38 30 127 1 20 24 26 34 28
2014 22 25 13 3 29 154 1 17 1 22 33 27
2015 22 36 36 23 29 261 1 14 1 31 34 28
2016 22 18 27 47 18 95 136 32 91 11 34 28
2017 22 26 30 29 29 164 104 25 1 22 33 28
2018 22 26 31 24 34 72 1 38 116 2 33 28
2019 22 36 32 11 35 222 139 25 1 46 34 27
2020 22 32 36 39 28 94 92 23 7 22 34 28
2021 22 29 36 25 39 117 192 27 1 24 33 28
2022 22 28 31 38 21 60 90 30 70 1 34 28
2023 22 33 38 39 29 62 1 28 1 21 33 28
2024 22 29 20 12 31 90 1 36 72 18 33 27
2025 22 29 20 1 40 165 1 29 1 21 33 27
2026 22 30 40 35 29 189 1 37 77 20 33 28
2027 22 23 17 18 31 195 1 27 1 18 33 28
2028 22 34 35 26 35 196 183 31 1 25 34 28
2029 22 32 37 24 31 157 27 27 1 24 33 28
2030 22 28 35 31 32 96 214 32 1 28 34 27
2031 22 30 30 43 23 216 1 24 16 20 33 28
2032 22 26 19 29 17 162 126 18 1 33 34 27
2033 22 32 38 36 26 84 325 29 9 20 33 28
2034 22 27 29 36 27 173 1 29 27 11 33 28
2035 22 35 41 30 32 158 31 46 110 7 34 28
2036 22 32 24 30 23 285 1 28 1 19 33 28
2037 22 35 50 27 34 194 1 28 1 22 33 27
2038 22 31 22 9 28 131 129 36 1 30 34 27
2039 22 32 36 32 34 224 1 25 1 21 33 27
2040 22 28 35 31 30 220 1 35 1 18 33 27
2041 22 34 32 29 31 357 57 11 1 42 34 27
2042 22 32 27 27 29 265 1 22 1 17 33 27
2043 22 38 39 16 44 138 1 23 1 24 33 28
2044 22 24 26 35 26 119 2 36 120 4 33 28
2045 22 24 25 45 15 87 1 29 125 5 33 28
2046 22 35 42 26 35 138 93 1 1 44 34 27
2047 22 28 29 30 25 171 1 5 1 32 33 27
2048 22 29 38 41 33 118 1 38 90 18 33 28
2049 22 26 31 37 26 99 1 43 108 13 33 28
2050 22 36 24 25 25 77 304 16 1 27 33 27
2051 22 30 34 36 31 285 1 33 82 4 33 28
2052 22 40 34 31 18 284 1 32 23 11 34 28
2053 22 38 45 42 32 426 494 41 135 13 34 27
2054 22 30 30 38 28 184 91 31 38 8 34 28
2055 22 35 37 26 40 75 1 24 1 24 33 27
2056 22 32 32 34 25 439 1 32 102 24 34 28
2057 22 27 29 32 26 175 205 21 1 27 33 27
2058 22 25 21 37 23 235 1 40 156 2 33 28
2059 22 31 28 31 20 224 1 42 85 7 33 28
2060 22 36 46 38 30 255 1 21 1 23 33 27
2061 22 26 32 36 26 179 1 34 97 7 34 28
2062 22 20 7 16 24 103 256 43 134 13 34 28
2063 22 25 11 18 22 57 33 8 1 32 33 27
2064 22 29 23 29 27 58 109 30 49 15 33 28
2065 22 29 25 14 38 202 1 28 1 32 34 27
2066 22 27 34 40 20 171 224 21 1 16 34 27
2067 22 40 32 26 30 314 1 33 71 19 33 28
2068 22 22 29 37 28 83 83 36 91 5 34 28
2069 22 31 42 29 31 107 1 20 1 32 34 27
2070 22 32 27 33 28 369 104 26 1 30 34 27
2071 22 31 19 19 27 269 1 30 31 19 34 28
2072 22 30 37 30 36 52 1 33 58 17 34 28
2073 22 30 33 29 30 107 1 33 87 22 33 28
2074 22 43 46 35 28 154 1 18 1 33 34 27
2075 22 31 43 38 22 234 1 36 42 12 34 28
2076 22 35 35 15 33 314 1 17 1 30 34 27
2077 22 25 33 49 12 212 16 11 1 19 33 27
2078 22 30 36 17 40 232 1 14 1 32 34 27
2079 22 35 26 12 35 182 1 31 1 26 33 28
2080 22 38 34 22 31 127 1 24 1 20 33 28
2081 22 27 24 1 38 109 1 26 1 29 34 27
2082 22 33 26 17 30 51 1 20 1 23 33 27
2083 22 27 22 31 26 139 137 36 103 13 33 27
2084 22 31 31 24 27 108 121 18 1 27 34 28
2085 22 27 24 30 30 224 1 27 1 18 33 27
2086 22 30 20 5 32 101 1 30 26 19 33 27
2087 22 35 26 20 26 209 1 23 1 29 33 27
2088 22 33 34 34 25 408 76 29 28 23 33 27
2089 22 38 30 16 26 191 1 31 1 27 33 27
2090 22 34 35 16 43 361 1 19 1 32 34 27
2091 22 27 18 34 18 37 302 29 91 16 33 28
2092 22 29 30 35 24 374 1 22 21 8 34 28
2093 22 37 38 28 27 15 23 29 1 25 33 28
2094 22 31 38 40 35 40 1 31 122 21 34 28
2095 22 30 31 11 39 277 1 26 38 28 34 28
2096 22 32 35 29 27 161 272 26 1 30 34 27
2097 22 34 43 29 37 259 1 24 1 25 33 27
2098 22 26 11 26 17 98 1 24 44 14 33 28
2099 22 30 27 19 39 68 1 43 105 19 33 27
2100 22 38 39 40 29 63 89 27 1 18 33 28
2101 22 27 19 19 23 215 128 31 71 15 33 28
2102 22 28 22 7 34 292 1 38 46 24 33 27
2103 22 32 20 16 30 189 1 31 52 20 33 28
2104 22 30 30 20 29 257 141 47 59 21 33 28
2105 22 26 24 23 22 396 123 39 73 21 33 28
2106 22 26 29 32 19 227 1 27 62 17 33 28
2107 22 28 31 25 30 369 1 27 1 13 33 28
2108 22 35 28 37 13 115 99 16 31 12 34 28
2109 22 25 18 8 29 265 77 24 1 27 33 27
2110 22 38 36 32 22 214 1 41 75 13 34 28
2111 22 26 25 38 25 339 39 27 35 9 33 28
2112 22 27 17 9 35 171 175 38 45 21 34 28
2113 22 40 45 41 30 121 1 22 1 32 34 27
2114 22 31 35 43 22 116 169 14 1 20 33 27
2115 22 31 32 36 19 62 1 19 1 24 33 27
2116 22 25 12 22 26 150 81 34 63 1 33 27
2117 22 26 24 21 27 84 1 29 29 17 33 27
2118 22 40 50 30 33 117 1 20 1 26 33 27
2119 22 28 37 22 39 193 1 24 1 31 34 27
2120 22 24 30 29 32 137 158 21 1 23 33 27
2121 22 25 18 24 29 72 1 35 42 11 33 27
2122 22 27 20 11 34 140 33 9 1 34 34 27
2123 22 31 32 22 32 290 1 44 116 12 34 28
2124 22 33 31 48 15 78 288 23 1 15 33 27
2125 22 43 46 24 38 214 1 17 1 31 34 27
2126 22 27 15 28 14 214 1 33 37 7 33 28
2127 22 34 42 35 30 158 326 34 1 25 33 27
2128 22 31 33 29 31 134 1 20 1 18 33 27
2129 22 28 17 22 24 21 267 28 1 23 33 27
2130 22 34 24 9 38 200 1 28 1 29 33 27
2131 22 36 34 32 27 101 160 19 1 28 34 27
2132 22 25 26 21 34 379 137 20 1 21 33 27
2133 22 28 33 28 29 263 1 26 1 21 33 27
2134 22 19 10 24 30 248 297 44 169 4 34 28
2135 22 29 33 20 36 763 1 43 86 22 33 28
2136 22 35 33 21 29 110 1 21 1 28 34 28
2137 22 34 41 28 32 155 1 30 47 26 34 28
2138 22 34 30 18 39 95 40 27 1 36 34 27
2139 22 33 35 40 33 12 157 19 1 15 33 27
2140 22 30 24 37 11 66 111 22 51 10 34 28
2141 22 35 31 33 24 126 211 24 4 20 33 28
2142 22 39 37 18 37 162 1 34 1 33 34 27
2143 22 27 20 25 28 6 162 31 64 21 33 27
2144 22 29 38 41 31 166 35 40 131 17 34 28
2145 22 37 31 29 23 155 191 20 1 20 33 27
2146 22 32 27 17 38 161 1 40 69 10 34 28
2147 22 25 15 22 25 87 1 28 6 11 33 28
2148 22 28 17 22 23 201 67 29 35 14 33 27
2149 22 28 16 17 25 99 178 19 1 24 33 27
2150 22 31 38 27 37 95 1 30 24 20 33 27
2151 22 26 21 17 30 205 1 38 114 25 33 27
2152 22 33 31 28 32 282 1 30 1 21 33 28
2153 22 32 23 25 26 103 1 27 1 15 33 27
2154 22 24 29 36 26 124 1 36 96 15 33 28
2155 22 35 42 23 40 28 1 20 1 41 34 27
2156 22 31 32 22 39 133 1 36 37 15 34 28
2157 22 24 21 22 33 85 165 41 137 20 33 27
2158 22 28 19 1 42 156 123 18 1 32 34 27
2159 22 25 14 26 24 355 106 41 141 11 33 27
2160 22 30 37 37 25 332 1 31 69 14 33 27
2161 22 28 27 25 27 12 314 27 1 21 33 27
2162 22 28 25 28 25 100 250 25 1 20 33 28
2163 22 35 40 33 28 111 1 13 1 31 34 27
2164 22 37 38 37 27 159 123 18 1 19 33 27
2165 22 28 28 23 28 165 1 43 148 14 33 28
2166 22 27 10 10 27 79 1 20 1 26 33 28
2167 22 24 28 33 27 161 41 33 131 10 33 28
2168 22 35 26 27 23 111 26 13 1 30 34 27
2169 22 29 34 36 27 209 1 11 1 30 34 27
2170 22 33 34 29 26 165 1 34 78 18 33 28
2171 22 31 37 34 35 197 1 26 13 22 33 27
2172 22 29 32 23 40 192 28 21 1 32 34 27
2173 22 41 39 27 31 179 263 33 19 26 34 28
2174 22 32 41 38 31 280 1 31 1 30 34 27
2175 22 33 38 29 35 226 1 41 96 19 34 28
2176 22 30 16 11 32 113 6 42 54 23 33 27
2177 22 24 14 36 24 141 165 34 167 9 33 28
2178 22 26 32 21 36 99 187 21 1 32 34 28
2179 22 23 9 37 11 124 279 37 113 12 33 28
2180 22 28 17 17 30 57 108 27 19 18 33 28
2181 22 36 34 27 28 134 262 26 1 22 33 27
2182 22 36 38 51 15 101 1 8 1 13 33 27
2183 22 25 12 22 25 187 90 13 1 28 33 27
2184 22 41 40 34 24 340 1 32 16 25 34 28
2185 22 36 38 20 37 251 1 16 1 34 34 27
2186 22 29 31 33 33 161 94 42 95 14 34 28
2187 22 25 26 24 36 390 1 41 126 3 33 28
2188 22 37 40 29 30 165 237 37 87 23 34 28
2189 22 33 28 30 27 136 1 13 1 24 33 27
2190 22 33 26 26 24 193 220 31 1 29 34 28
2191 22 27 25 30 29 49 1 26 19 20 33 28
2192 22 30 22 11 32 196 1 39 77 20 33 28
2193 22 39 37 31 27 216 229 13 1 23 33 27
2194 22 28 23 22 29 112 1 20 1 13 33 27
2195 22 88 33 25 32 133 1 19 1 21 33 27
2196 22 25 9 19 21 137 1 22 1 7 33 27
2197 22 35 35 21 39 143 249 24 1 32 34 27
2198 22 31 31 40 24 160 47 25 51 13 34 28
2199 22 21 17 36 19 539 1 32 113 6 33 28
2200 22 28 23 21 32 203 272 23 26 31 34 28
