1 22 25 27 25 33 196 26 36 37 41 34 28
2 22 38 35 37 24 60 27 17 28 62 35 28
3 22 32 26 21 24 207 13 25 30 1 33 28
4 22 31 17 1 30 334 22 21 29 1 34 28
5 22 33 38 26 40 852 24 45 34 25 34 28
6 22 26 16 25 18 203 25 19 26 1 34 28
7 22 27 25 39 18 222 26 34 24 5 34 28
8 23 34 20 26 20 119 17 33 18 1 34 28
9 22 31 29 33 31 732 17 46 30 1 34 28
10 22 27 22 30 25 216 29 42 27 1 34 28
11 22 32 19 16 24 84 27 25 27 1 34 28
12 22 36 34 31 22 109 16 34 26 106 34 28
13 22 32 33 24 37 102 24 23 33 14 34 28
14 22 37 39 14 39 117 29 24 32 1 34 28
15 22 30 29 29 29 204 20 30 23 46 34 28
16 22 40 44 47 21 85 23 31 21 98 34 28
17 22 31 19 5 37 143 19 27 31 1 34 28
18 22 33 31 30 30 154 25 42 23 1 34 28
19 22 25 16 24 28 48 16 37 26 1 33 28
20 22 35 28 20 41 152 20 24 36 27 34 28
21 23 23 10 20 31 24 23 23 29 1 34 28
22 22 31 31 44 29 66 22 42 30 1 34 28
23 22 30 34 35 31 221 25 40 30 42 35 28
24 22 25 29 32 30 303 23 50 32 8 34 28
25 22 24 27 27 33 64 25 50 32 1 34 28
26 22 19 16 24 27 130 31 49 23 1 33 28
27 22 36 43 44 27 403 26 22 28 42 35 28
28 22 31 21 16 24 533 18 30 18 6 34 28
29 22 32 25 22 31 60 24 33 27 1 34 28
30 22 31 34 29 29 474 22 43 19 61 34 28
31 22 33 24 14 42 77 26 29 36 2 34 28
32 22 37 38 37 26 249 24 20 20 49 35 28
33 22 31 18 13 28 260 25 43 27 1 34 28
34 22 29 31 29 21 101 22 43 24 39 34 28
35 22 36 25 28 23 96 17 30 29 33 34 28
36 22 25 14 16 20 159 20 35 29 1 33 28
37 22 34 23 23 29 193 15 35 33 24 34 28
38 23 30 36 39 26 112 28 33 32 18 34 29
39 22 28 17 32 26 121 21 30 27 1 34 28
40 22 32 20 18 29 208 23 30 31 1 34 28
41 22 30 31 28 23 132 20 14 35 3 34 28
42 22 32 29 32 30 140 19 28 26 3 34 28
43 22 22 20 36 32 141 28 38 32 1 34 28
44 22 31 30 22 42 140 27 36 39 23 34 28
45 22 29 29 11 35 340 23 23 25 11 34 28
46 23 34 21 27 25 26 21 5 30 1 34 28
47 22 31 38 36 26 167 16 27 26 64 34 28
48 22 35 34 21 30 130 16 26 24 31 34 28
49 22 34 29 34 19 68 25 32 25 27 34 28
50 22 35 40 22 39 185 18 21 30 19 34 28
51 22 41 46 44 29 123 13 28 28 37 35 28
52 22 30 19 2 41 796 19 15 30 1 34 28
53 22 27 34 36 30 235 23 24 28 1 34 28
54 22 35 46 32 40 185 20 24 24 5 34 28
55 22 29 29 23 33 248 30 45 24 1 34 28
56 22 25 26 35 27 177 25 44 39 1 34 28
57 22 34 36 11 43 187 17 22 36 33 34 28
58 22 34 23 11 36 271 26 31 17 1 34 28
59 22 30 35 33 40 73 25 47 37 58 34 28
60 22 24 22 39 24 216 19 42 37 1 33 28
61 22 34 40 27 38 76 20 20 27 30 34 28
62 22 22 9 22 23 76 20 57 30 1 34 28
63 22 36 28 31 22 80 23 29 23 7 34 28
64 22 29 29 25 35 193 28 41 27 30 34 28
65 22 33 50 36 34 186 22 48 32 78 35 28
66 22 25 30 47 32 155 16 40 28 1 34 28
67 22 33 31 34 23 123 14 45 29 1 34 28
68 22 25 17 34 19 597 19 29 26 1 34 28
69 22 34 38 40 22 59 23 18 30 41 34 28
70 22 33 40 33 35 348 23 29 34 23 34 28
71 22 23 9 18 21 181 25 37 24 1 33 28
72 22 36 30 26 22 93 20 19 24 29 34 28
73 22 41 40 15 40 147 23 4 25 10 34 28
74 22 30 29 23 36 70 25 39 20 1 34 28
75 22 29 21 19 29 160 26 31 28 1 34 28
76 22 26 13 22 22 280 24 42 25 1 34 28
77 22 24 30 33 30 98 26 44 36 18 34 28
78 22 27 27 34 24 166 25 39 25 12 34 28
79 22 44 49 25 44 637 24 6 36 90 35 28
80 22 33 32 29 28 283 20 10 29 16 34 28
81 22 34 39 27 39 171 20 31 31 38 34 28
82 22 37 29 11 34 177 22 27 36 39 34 28
83 22 36 24 23 25 102 22 9 28 21 34 28
84 22 34 24 33 17 153 17 21 21 38 34 28
85 22 43 40 32 24 202 26 30 34 69 35 28
86 22 27 19 24 25 91 30 47 20 1 33 28
87 22 43 43 17 29 181 18 31 32 49 34 28
88 22 35 25 3 33 161 30 22 22 7 34 28
89 22 34 36 38 29 165 16 22 23 3 34 28
90 22 29 31 16 40 177 29 48 24 1 34 28
91 22 33 27 30 22 439 24 29 29 12 34 28
92 22 35 46 34 36 109 24 39 28 78 35 28
93 22 37 43 36 22 333 26 32 29 90 35 28
94 23 41 36 16 36 283 29 19 31 35 35 28
95 22 35 43 32 31 153 20 49 27 98 35 28
96 22 23 12 19 28 150 16 39 26 1 34 28
97 22 29 34 22 31 421 21 37 18 20 34 28
98 22 32 18 32 20 195 19 29 24 1 34 28
99 22 34 28 23 23 109 22 42 23 41 35 28
100 22 31 39 30 32 129 30 51 26 55 35 28
101 22 30 23 28 24 24 18 18 19 1 34 28
102 22 37 34 14 38 334 19 27 29 12 34 28
103 22 22 21 24 33 263 18 37 20 1 34 28
104 22 36 40 27 35 190 20 17 26 19 34 28
105 22 32 39 28 31 533 27 23 22 22 34 28
106 22 32 22 9 35 353 23 14 32 1 34 28
107 22 30 32 20 39 267 22 31 29 1 34 28
108 22 27 20 6 38 134 17 29 35 1 34 28
109 22 36 36 24 34 192 25 50 27 51 34 28
110 22 31 24 23 31 111 21 32 23 1 33 27
111 22 36 28 18 26 145 17 13 21 18 34 28
112 23 31 34 32 21 148 24 34 21 1 34 28
113 22 39 44 21 43 188 17 9 22 61 34 28
114 22 26 11 22 25 62 27 35 24 1 33 28
115 22 33 25 12 36 174 26 21 26 1 34 28
116 22 33 26 24 35 43 17 25 30 14 34 28
117 22 42 44 25 48 115 23 8 33 11 34 28
118 22 27 27 30 32 70 25 42 29 3 34 28
119 22 30 31 38 27 152 21 16 28 67 34 28
120 22 28 33 36 32 188 17 30 32 19 34 28
121 23 30 27 23 30 201 22 38 42 20 34 28
122 22 31 40 20 32 179 17 32 34 30 34 28
123 22 34 39 30 27 159 22 28 21 71 34 28
124 22 35 39 29 26 158 21 27 24 27 34 28
125 22 32 25 18 33 151 20 48 23 18 34 28
126 22 25 14 1 40 103 21 35 30 1 34 28
127 22 30 23 29 25 128 25 50 26 2 34 28
128 23 34 30 32 25 140 19 30 22 1 34 28
129 22 29 17 30 21 78 23 39 18 1 34 28
130 22 32 26 38 20 212 21 28 27 3 33 28
131 22 36 22 27 15 248 14 10 30 19 34 28
132 23 37 40 34 27 51 20 31 32 87 35 28
133 22 24 12 23 29 55 20 41 25 1 33 28
134 22 37 42 33 37 158 14 19 24 4 34 28
135 22 30 19 24 24 221 17 28 32 1 34 28
136 22 35 33 41 22 147 20 40 26 1 34 28
137 22 28 32 28 30 155 16 37 26 49 34 28
138 23 33 38 30 35 94 21 27 30 16 34 28
139 22 38 32 23 21 181 20 26 23 46 34 28
140 22 36 43 38 32 277 23 39 24 34 35 28
141 22 26 22 12 35 184 24 30 25 1 34 28
142 22 29 18 1 41 94 13 17 34 1 34 28
143 22 26 21 19 33 120 23 34 37 1 33 28
144 23 28 33 29 34 205 27 32 30 25 34 28
145 23 21 22 34 36 1 24 51 23 1 34 28
146 22 25 8 24 26 86 22 26 24 1 33 28
147 22 31 15 1 36 96 14 30 21 1 34 28
148 22 38 22 5 31 249 22 8 26 12 34 28
149 22 36 42 27 39 173 28 49 31 63 34 28
150 22 27 30 26 36 188 20 38 26 1 34 28
151 22 30 37 31 33 130 20 35 32 1 34 28
152 22 34 30 12 37 375 22 26 31 29 34 28
153 22 30 25 14 32 366 21 22 26 1 34 28
154 22 38 47 37 28 151 21 37 24 66 34 28
155 23 30 23 29 27 156 22 41 26 1 34 28
156 22 26 27 38 29 168 29 38 30 12 34 28
157 22 38 45 26 43 150 20 31 28 28 34 28
158 23 23 22 13 38 545 19 39 30 1 34 28
159 22 35 42 26 41 301 22 30 24 27 34 28
160 23 27 30 23 37 240 24 41 31 1 34 28
161 22 28 19 27 23 242 25 26 17 1 34 28
162 22 19 23 33 30 213 24 52 38 1 34 28
163 22 35 38 23 38 87 27 12 22 45 34 28
164 23 34 40 27 34 167 22 31 33 64 35 29
165 23 29 35 23 35 187 25 31 34 3 34 28
166 22 31 35 39 17 57 18 41 26 71 35 28
167 22 44 40 30 27 153 28 12 35 59 35 28
168 23 30 33 39 22 367 20 25 25 54 35 28
169 23 31 26 28 30 169 26 25 30 1 34 28
170 23 34 39 25 38 249 22 49 27 11 35 29
171 23 36 37 32 27 15 22 28 26 63 35 29
172 22 37 28 23 26 217 18 30 23 37 34 28
173 23 38 42 25 42 497 24 37 26 10 34 28
174 22 33 35 20 35 213 28 49 32 14 34 28
175 23 34 33 25 33 179 22 30 23 18 34 28
176 22 31 19 14 28 93 26 38 31 3 34 28
177 23 30 43 28 37 191 15 39 20 33 35 28
178 23 31 45 32 38 276 26 45 24 29 35 28
179 23 26 27 36 26 55 21 29 26 4 34 28
180 23 38 38 14 31 219 27 33 33 32 35 28
181 23 35 26 9 28 96 22 7 20 21 34 28
182 22 26 11 18 26 148 25 52 20 1 33 28
183 22 24 9 17 27 204 23 22 26 1 33 28
184 22 29 26 25 30 515 22 31 27 5 34 28
185 22 33 22 23 20 268 15 28 27 1 34 28
186 22 27 33 34 31 238 18 33 27 1 34 28
187 22 35 32 23 38 524 23 28 24 11 34 28
188 23 24 12 28 22 131 19 33 13 1 34 28
189 22 28 39 31 28 325 22 54 22 14 34 28
190 22 33 25 21 29 377 16 22 28 1 34 28
191 23 36 39 32 29 16 17 31 36 17 34 28
192 22 27 30 35 32 54 24 34 35 47 34 28
193 22 28 10 8 29 78 20 28 31 1 34 28
194 22 29 28 17 39 133 25 36 26 7 34 28
195 22 30 13 24 20 10 18 8 19 18 34 28
196 22 35 46 29 32 183 26 34 21 60 35 28
197 22 40 41 27 36 159 19 25 24 55 35 28
198 22 35 47 38 29 159 29 28 29 87 34 28
199 22 22 15 26 19 172 27 42 22 1 34 28
200 22 35 36 41 19 119 23 6 30 58 35 28
201 22 32 35 41 29 242 22 15 26 27 34 28
202 22 38 42 38 33 383 26 33 29 71 34 28
203 22 39 39 30 30 132 18 42 20 46 35 28
204 22 27 33 39 28 386 22 41 18 4 34 28
205 22 28 21 22 31 65 29 26 30 1 34 28
206 22 33 27 25 32 290 26 24 25 22 34 28
207 22 32 24 28 21 196 22 29 21 1 34 28
208 22 31 20 28 28 65 28 36 27 9 34 28
209 22 34 26 1 34 256 20 19 25 1 34 28
210 22 19 1 6 29 166 24 36 28 1 33 28
211 22 38 32 20 39 223 17 23 20 1 34 28
212 22 35 21 13 26 264 18 23 27 22 34 28
213 22 33 25 21 25 165 16 17 27 20 34 28
214 22 29 31 29 36 269 21 38 31 1 34 28
215 22 33 45 35 34 122 20 35 35 90 34 28
216 22 31 27 26 26 187 29 16 30 16 34 28
217 22 30 38 40 30 136 26 54 29 5 34 28
218 22 27 35 34 26 439 18 44 20 30 34 28
219 22 35 24 26 29 134 23 27 23 22 34 28
220 22 34 35 24 25 91 23 1 26 10 34 28
221 22 39 44 42 36 80 10 24 35 83 35 28
222 23 33 36 25 33 122 27 39 27 29 34 28
223 22 36 31 26 31 145 25 31 27 1 34 28
224 22 26 26 24 40 122 19 42 32 1 34 28
225 22 32 30 33 23 258 21 16 25 12 34 28
226 22 32 29 22 29 288 25 44 32 31 34 28
227 22 29 31 33 31 161 27 37 19 1 34 28
228 22 28 36 25 38 104 19 26 27 1 34 28
229 22 34 31 27 31 182 23 33 34 1 34 28
230 22 31 22 29 18 243 26 17 17 1 34 28
231 22 29 42 23 41 274 23 30 37 32 34 28
232 22 27 26 32 26 222 18 49 23 1 34 28
233 22 35 36 42 19 254 31 28 29 48 35 28
234 23 30 30 22 30 98 21 37 29 1 34 28
235 22 29 24 10 40 196 23 43 31 1 34 28
236 22 34 39 37 29 159 19 14 27 31 34 28
237 22 35 24 35 22 261 31 34 25 1 34 28
238 22 31 36 35 30 197 22 36 22 14 34 28
239 22 27 23 26 37 113 21 36 35 1 34 28
240 22 36 24 19 32 157 23 31 26 25 34 28
241 22 31 33 33 30 106 21 27 26 9 34 28
242 22 31 18 11 24 125 18 31 29 1 34 28
243 23 28 15 9 28 192 24 35 21 1 34 28
244 22 27 20 25 24 403 26 41 24 1 34 28
245 22 29 35 32 39 108 29 25 29 68 35 28
246 22 34 35 23 31 458 20 34 23 8 34 28
247 22 27 30 28 31 86 19 21 29 1 34 28
248 22 34 25 24 29 271 24 22 26 18 34 28
249 22 31 26 14 34 125 19 26 28 1 34 28
250 22 31 31 36 24 220 23 30 52 1 34 28
251 23 41 40 37 24 332 19 26 29 43 35 28
252 23 28 32 29 29 108 28 29 32 24 34 28
253 22 41 49 22 42 278 29 22 18 16 34 28
254 23 30 36 31 38 605 28 35 19 31 35 28
255 23 28 36 39 32 166 30 53 25 44 35 28
256 23 34 35 13 39 112 21 20 35 18 34 28
257 22 26 23 26 33 175 28 54 25 7 34 28
258 22 34 24 2 44 166 20 29 29 1 34 28
259 22 36 44 21 47 486 23 23 30 64 34 28
260 22 35 29 30 33 152 19 27 28 10 34 28
261 22 25 20 22 39 56 27 33 26 34 34 28
262 22 32 20 23 25 54 28 26 24 1 34 28
263 22 28 12 16 26 58 24 36 26 1 34 28
264 22 29 24 24 27 146 21 31 34 1 34 28
265 22 37 34 28 28 198 22 29 21 15 34 28
266 22 40 45 25 32 196 24 8 29 56 34 28
267 22 26 32 25 32 160 24 47 33 13 34 28
268 22 28 14 222 22 152 26 37 26 1 33 28
269 22 28 31 40 23 291 16 49 22 59 34 28
270 22 29 22 29 17 444 26 21 30 1 34 28
271 22 32 35 24 47 218 28 34 33 1 34 28
272 22 32 22 35 20 110 18 38 29 10 34 28
273 22 33 28 27 25 160 25 33 22 6 34 28
274 22 36 33 25 29 190 19 26 23 50 34 28
275 22 30 28 29 26 42 22 4 29 1 34 28
276 22 38 44 41 29 237 24 27 32 37 35 28
277 22 27 27 22 26 39 25 15 30 1 34 28
278 22 35 34 3 41 263 23 24 30 51 34 28
279 22 33 41 37 31 260 22 38 28 65 34 28
280 22 31 33 29 27 105 25 17 23 38 34 28
281 22 37 42 33 36 209 22 19 31 79 34 28
282 22 27 15 24 34 212 26 33 31 1 33 28
283 22 32 38 34 26 207 25 39 27 13 34 28
284 22 30 23 16 31 195 29 32 28 1 34 28
285 22 46 45 25 38 193 16 25 30 86 34 28
286 22 33 38 32 29 120 19 33 36 37 34 28
287 22 27 18 14 30 111 26 36 30 1 34 28
288 22 36 29 27 24 7 15 16 16 68 34 28
289 22 31 37 35 26 202 22 23 23 1 34 28
290 22 29 37 33 27 165 23 13 30 17 34 28
291 22 24 12 9 31 253 23 50 25 1 34 28
292 22 27 24 40 24 185 23 58 23 1 34 28
293 22 34 29 14 40 165 29 37 34 1 34 28
294 22 30 35 32 20 100 28 30 25 57 34 28
295 22 33 36 27 33 156 15 25 23 35 34 28
296 22 33 25 21 29 184 23 17 25 1 33 28
297 22 36 44 21 31 266 23 29 34 31 34 28
298 22 31 36 30 37 290 17 24 37 47 34 28
299 22 33 31 33 27 136 26 27 23 1 34 28
300 22 31 20 30 16 168 24 16 30 27 34 28
301 22 35 29 15 37 72 19 21 29 5 34 28
302 22 26 27 26 33 187 22 40 32 14 34 28
303 22 34 23 23 32 131 23 19 20 1 34 28
304 22 33 33 26 33 382 27 28 28 8 34 28
305 22 31 33 34 26 90 17 16 26 41 34 28
306 22 26 32 44 17 143 25 47 27 73 34 28
307 22 30 41 28 34 202 17 34 34 2 34 28
308 22 28 25 30 31 176 28 41 22 17 34 28
309 22 33 28 18 31 167 20 30 30 1 34 28
310 22 37 36 22 35 72 17 27 31 21 34 28
311 22 34 33 40 32 185 32 44 25 25 34 28
312 22 40 35 31 28 89 17 8 33 52 34 28
313 22 32 18 32 21 138 23 18 27 9 34 28
314 22 38 41 26 32 346 14 14 32 21 34 28
315 22 35 39 33 26 134 25 28 18 52 34 28
316 22 26 30 36 28 209 21 30 32 1 34 28
317 22 31 41 31 33 299 19 44 33 63 34 28
318 22 39 38 24 32 120 28 41 30 63 34 28
319 22 36 38 18 33 142 26 30 28 30 34 28
320 22 35 34 32 27 191 18 17 27 18 34 28
321 22 30 19 18 22 301 21 23 32 1 34 28
322 23 38 30 25 22 90 22 30 25 22 34 28
323 22 28 22 30 22 162 22 49 33 1 34 28
324 22 28 39 26 39 147 29 46 31 18 34 28
325 22 33 25 33 20 163 12 22 27 26 34 28
326 22 29 25 25 29 153 25 18 23 27 34 28
327 22 31 35 36 33 275 27 35 28 10 34 28
328 22 34 40 20 41 222 18 24 32 65 34 28
329 22 35 43 25 38 92 19 18 35 94 34 28
330 22 34 34 37 24 418 20 16 25 71 34 28
331 22 30 36 42 27 69 20 24 37 40 34 28
332 22 30 32 36 24 108 29 29 24 41 34 28
333 22 30 33 36 29 64 28 43 36 30 34 28
334 22 32 38 37 29 152 17 39 33 13 34 28
335 22 31 26 18 42 149 15 33 27 1 34 28
336 22 38 35 24 33 292 17 39 33 45 34 28
337 22 27 24 29 25 529 20 37 34 1 34 28
338 22 30 33 18 39 260 22 23 35 23 34 28
339 22 34 33 20 34 167 23 17 25 17 34 28
340 22 29 18 28 20 490 20 9 31 1 34 28
341 22 36 43 41 33 104 24 34 31 72 35 28
342 22 33 40 31 37 83 14 35 26 28 34 28
343 22 34 36 27 31 167 17 33 28 6 34 28
344 22 28 17 23 14 245 23 18 24 1 33 28
345 22 33 43 42 33 128 19 31 27 44 34 28
346 22 26 25 41 17 168 25 48 31 1 34 28
347 22 38 29 1 41 247 23 26 30 20 34 28
348 22 30 21 15 29 83 18 43 31 1 34 28
349 22 38 33 28 23 270 24 19 31 51 34 28
350 22 33 41 27 27 100 22 43 25 1 34 28
351 22 468 23 21 28 196 23 1 29 1 34 28
352 22 32 33 34 29 295 22 27 29 17 34 28
353 22 26 14 33 24 204 23 38 22 1 34 28
354 22 25 20 23 23 279 19 31 29 1 33 28
355 22 30 30 9 42 79 28 27 28 19 34 28
356 22 42 41 33 38 106 24 39 30 80 34 28
357 22 30 32 4 48 200 25 22 31 4 34 28
358 22 33 29 29 23 198 23 35 27 5 34 28
359 22 35 39 23 37 151 25 26 36 10 34 28
360 22 30 34 47 17 456 18 31 22 28 34 28
361 22 28 33 17 44 194 24 34 35 1 34 28
362 22 30 33 24 38 81 25 36 26 1 34 28
363 22 23 8 27 20 208 29 50 24 1 33 28
364 22 35 25 14 30 164 27 13 26 1 33 28
365 22 26 29 30 32 383 26 32 25 30 34 28
366 22 26 12 31 20 2 16 41 27 1 33 28
367 22 34 30 10 37 159 21 26 36 1 34 28
368 22 31 30 30 30 226 23 36 24 1 34 28
369 22 31 28 30 31 328 27 41 25 6 34 28
370 22 30 38 40 23 52 26 42 25 4 34 28
371 22 29 16 13 34 435 14 46 25 1 34 28
372 22 34 46 29 38 271 23 42 33 71 34 28
373 22 35 41 27 27 276 24 20 28 63 34 28
374 22 31 31 18 33 126 20 28 31 24 34 28
375 22 35 26 3 37 139 24 23 32 1 34 28
376 22 36 35 39 18 62 15 20 32 37 34 28
377 22 31 35 23 32 398 23 29 21 20 34 28
378 22 39 37 28 28 173 18 21 30 33 35 28
379 22 29 19 22 20 123 19 43 24 1 34 28
380 22 41 42 18 43 112 17 24 24 25 34 28
381 22 34 28 23 25 173 18 22 29 20 34 28
382 22 28 33 35 27 246 17 30 24 1 34 28
383 22 29 23 28 23 151 21 41 28 1 34 28
384 22 36 26 3 38 113 24 6 30 6 34 28
385 22 28 23 16 33 152 21 33 30 1 34 28
386 22 25 16 28 27 107 17 37 38 1 34 28
387 22 29 23 31 23 96 29 36 30 5 34 28
388 22 30 37 32 35 135 25 25 36 39 34 28
389 22 31 38 42 22 249 25 42 27 45 34 28
390 22 33 30 12 40 140 23 33 30 1 34 28
391 22 29 34 39 24 279 22 26 28 8 34 28
392 22 21 9 36 19 94 14 25 21 1 33 28
393 22 31 23 23 26 77 24 23 31 1 34 28
394 22 34 24 30 27 172 29 15 31 1 34 28
395 22 26 13 26 18 117 22 37 23 1 34 28
396 22 31 38 15 40 160 29 25 39 17 34 28
397 22 32 36 32 31 183 22 29 26 43 34 28
398 22 33 34 32 26 192 20 45 28 33 35 28
399 22 31 42 38 31 281 22 44 35 50 34 28
400 22 28 14 1 31 343 20 20 28 1 33 28
401 22 34 44 29 37 584 24 36 32 74 34 28
402 23 26 21 23 28 226 22 40 31 1 34 28
403 22 31 41 57 12 387 23 43 19 66 34 28
404 22 30 33 23 36 102 25 51 27 1 34 28
405 22 31 28 35 21 155 25 15 34 41 34 28
406 22 29 19 12 33 116 25 33 32 1 34 28
407 22 33 34 26 33 136 20 29 35 14 34 28
408 22 31 20 23 28 214 16 12 36 3 34 28
409 22 40 44 8 38 182 23 23 29 34 35 28
410 22 37 41 15 46 344 18 24 30 1 34 28
411 22 29 27 29 28 129 21 8 30 1 33 28
412 22 41 34 27 29 97 20 1 26 25 34 28
413 22 36 48 46 23 138 21 17 26 99 35 28
414 22 32 23 35 20 101 24 42 28 1 34 28
415 22 34 41 32 31 183 22 26 22 53 34 28
416 22 27 27 25 35 172 21 48 25 1 34 28
417 22 27 17 7 34 208 28 44 23 1 34 28
418 22 35 48 43 22 1772 19 24 33 93 34 28
419 22 28 22 18 36 149 22 32 31 3 34 28
420 22 27 31 16 37 191 20 38 32 1 33 28
421 22 29 26 36 20 213 19 31 20 42 34 28
422 22 34 25 17 26 105 13 20 25 1 34 28
423 22 27 11 16 32 116 22 41 32 1 34 28
424 22 33 47 32 34 119 16 43 25 90 35 28
425 22 30 37 48 22 257 25 50 26 38 34 28
426 22 41 46 39 23 145 19 8 24 64 35 28
427 22 34 44 17 43 131 12 35 35 42 34 28
428 22 26 22 21 31 228 16 30 29 27 34 28
429 22 32 25 26 24 146 21 46 24 1 34 28
430 22 36 42 30 31 144 23 33 23 68 35 28
431 22 33 36 39 29 165 21 40 22 16 34 28
432 22 39 40 11 47 103 19 18 34 50 35 28
433 22 32 36 21 43 240 20 26 33 65 35 28
434 23 28 28 45 25 135 23 46 27 1 34 28
435 22 37 32 11 38 255 20 22 37 36 35 28
436 22 29 34 28 21 199 12 30 20 4 34 28
437 22 35 30 35 21 234 22 30 20 26 34 28
438 22 36 31 26 31 361 24 16 24 6 34 28
439 22 24 20 23 39 326 23 41 32 1 34 28
440 22 35 42 35 23 221 19 21 13 89 35 28
441 22 27 18 14 33 128 28 41 30 1 34 28
442 22 32 45 33 37 261 26 36 32 51 35 28
443 22 27 29 17 44 184 18 25 38 16 34 28
444 22 30 35 43 17 75 18 35 23 41 35 28
445 22 37 40 29 24 190 19 13 29 78 35 28
446 22 28 28 23 34 225 25 24 21 1 34 28
447 23 33 33 30 35 155 22 12 27 32 35 29
448 22 31 44 51 26 305 19 31 31 59 35 28
449 22 36 32 27 30 128 21 33 31 9 34 28
450 22 33 37 36 26 147 19 40 39 38 34 28
451 22 32 24 16 37 141 23 45 34 21 34 28
452 22 31 34 31 26 122 26 32 26 39 35 28
453 23 42 48 40 32 236 14 1 34 50 34 28
454 22 36 33 20 37 121 23 26 25 7 34 28
455 22 26 28 24 39 135 18 43 30 2 34 28
456 22 38 43 33 33 98 14 12 21 93 34 28
457 22 33 24 22 33 150 25 23 28 1 34 28
458 22 35 42 41 30 260 23 21 29 33 35 28
459 22 31 21 25 31 217 18 30 34 8 34 28
460 22 29 26 31 28 302 30 46 25 1 34 28
461 22 30 20 23 36 216 26 28 34 2 34 28
462 22 33 28 36 21 209 22 39 24 5 34 28
463 22 28 34 24 39 156 19 46 28 27 34 28
464 22 30 27 25 36 130 23 33 28 1 34 28
465 22 31 24 16 35 93 22 46 26 1 34 28
466 22 38 37 12 47 242 18 26 35 9 34 28
467 22 27 31 22 31 5 26 21 35 24 34 28
468 23 32 20 34 18 206 26 31 27 18 34 28
469 23 25 27 36 25 87 29 35 31 11 34 29
470 22 30 26 29 30 83 25 29 32 1 34 28
471 22 32 28 32 24 255 18 14 30 1 34 28
472 23 30 29 42 25 186 27 25 33 21 34 28
473 22 32 28 19 34 136 24 13 21 25 34 28
474 22 33 28 21 31 127 16 21 36 20 34 28
475 22 20 4 27 18 173 22 31 22 1 34 28
476 22 39 24 17 27 229 26 10 28 29 34 28
477 22 33 33 35 30 138 30 38 29 16 34 28
478 22 31 37 47 15 98 15 44 26 68 35 28
479 22 42 37 11 40 406 23 11 35 40 34 28
480 22 32 26 19 33 277 25 16 25 1 34 28
481 22 41 41 40 20 87 21 35 22 81 35 28
482 22 30 17 16 30 127 15 41 32 1 34 28
483 22 33 16 17 29 99 21 22 28 18 34 28
484 22 26 24 30 20 114 17 29 31 1 34 28
485 22 31 36 44 31 965 28 39 24 25 34 28
486 22 29 19 31 24 91 26 20 27 6 34 28
487 23 35 32 39 20 276 12 23 22 48 35 28
488 22 28 26 17 39 41 25 32 27 1 34 28
489 22 31 19 24 25 122 22 36 24 1 34 28
490 22 26 33 49 28 361 23 51 27 1 34 28
491 22 33 33 12 43 212 17 1 28 22 34 28
492 22 29 17 32 13 101 20 45 25 19 34 28
493 22 35 32 11 37 160 14 21 22 52 34 28
494 22 43 47 29 29 247 23 27 32 94 34 28
495 22 32 25 29 23 167 19 45 25 7 34 28
496 22 33 40 35 32 155 18 25 14 67 35 28
497 22 25 20 10 43 101 19 31 33 1 34 28
498 23 40 49 30 38 125 25 16 39 81 35 28
499 22 27 36 38 31 326 25 40 37 1 34 28
500 22 30 33 24 36 130 25 41 32 1 34 28
501 22 31 44 26 47 185 21 25 25 54 35 28
502 22 28 19 28 25 228 24 14 28 1 34 28
503 22 32 15 14 24 69 27 24 31 1 34 28
504 22 33 24 22 26 56 19 27 22 1 34 28
505 22 29 29 16 39 226 21 29 31 42 34 28
506 22 29 14 22 22 53 20 23 33 1 34 28
507 22 28 13 16 26 87 23 15 23 1 34 28
508 22 39 34 17 26 232 13 7 27 1 34 28
509 22 34 38 18 40 216 22 12 37 1 34 28
510 22 35 26 32 22 338 24 13 25 12 34 28
511 22 35 23 13 30 187 19 11 22 1 34 28
512 22 33 39 40 19 240 26 14 31 62 34 28
513 22 43 48 31 37 174 23 26 28 74 35 28
514 22 30 30 21 36 134 18 18 26 1 34 28
515 22 29 35 29 32 171 27 31 32 47 34 28
516 22 33 28 27 26 139 22 25 26 18 34 28
517 22 31 39 48 28 223 14 39 26 24 34 28
518 22 29 31 21 36 113 27 25 22 9 34 28
519 22 24 17 9 38 63 27 32 27 1 34 28
520 22 29 24 25 34 917 26 36 33 1 34 28
521 22 28 33 34 24 130 26 44 23 1 34 28
522 22 30 34 20 39 154 22 50 33 1 34 28
523 22 31 41 20 44 175 22 32 27 17 34 28
524 22 29 34 29 30 198 25 46 29 17 34 28
525 22 28 37 34 22 780 23 41 34 30 34 28
526 22 30 26 34 27 132 25 49 24 1 34 28
527 22 31 31 28 31 121 23 42 24 46 34 28
528 22 31 28 36 28 817 19 42 26 1 34 28
529 22 47 38 19 17 165 29 1 23 100 34 28
530 22 36 34 24 39 598 22 27 26 18 34 28
531 22 28 15 27 23 96 25 24 24 2 34 28
532 22 33 27 21 29 414 18 31 23 23 34 28
533 22 31 26 29 26 243 17 27 35 33 34 28
534 22 35 31 26 28 194 25 18 30 73 34 28
535 22 31 38 32 33 119 24 35 31 67 35 28
536 22 27 35 30 35 182 21 39 35 33 34 28
537 22 31 28 26 25 225 11 34 29 24 34 28
538 22 21 11 25 28 101 23 32 35 1 34 28
539 22 37 29 30 16 110 17 18 18 31 35 28
540 22 35 33 37 22 247 23 25 26 59 34 28
541 23 28 15 8 32 436 20 37 27 1 34 28
542 22 30 19 23 17 156 21 23 24 1 34 28
543 23 31 32 35 22 129 24 34 20 66 34 28
544 22 32 29 25 33 1032 18 56 28 1 34 28
545 22 36 43 23 41 801 21 26 34 28 34 28
546 23 25 29 28 36 143 24 47 35 53 34 28
547 22 32 32 32 20 81 28 25 17 25 34 28
548 22 41 45 39 30 25 21 23 27 37 35 28
549 22 27 28 17 38 138 26 45 23 14 34 28
550 22 30 37 30 30 239 19 27 25 41 34 28
551 22 30 39 41 21 80 15 18 33 54 35 28
552 22 25 17 16 33 157 17 36 27 1 34 28
553 23 37 39 23 41 36 18 23 36 63 35 28
554 22 36 31 37 11 232 14 32 18 11 34 28
555 22 29 15 25 15 278 22 47 22 1 34 28
556 23 30 38 43 21 193 23 33 20 55 35 28
557 22 34 32 25 29 226 29 31 24 10 34 28
558 22 30 22 19 34 251 26 35 34 1 34 28
559 22 33 23 13 28 51 22 27 32 23 34 28
560 22 41 45 26 43 114 21 24 39 38 35 28
561 22 28 17 36 20 390 21 10 24 1 34 28
562 22 38 49 39 41 206 21 40 37 83 34 28
563 22 40 39 22 37 286 21 28 34 47 35 28
564 22 29 19 26 22 430 22 25 25 1 34 28
565 22 33 35 37 33 138 17 14 25 44 34 28
566 22 32 34 29 34 75 28 31 25 51 35 28
567 22 26 34 34 37 183 20 41 29 27 34 28
568 22 26 23 34 24 482 20 47 35 11 34 28
569 22 36 34 29 31 65 21 26 25 7 34 28
570 22 28 31 39 34 226 25 38 24 20 34 28
571 22 30 13 26 20 69 18 12 27 1 34 28
572 22 36 20 6 35 143 29 18 37 1 34 28
573 22 36 34 23 36 240 17 34 24 70 34 28
574 22 33 20 21 21 118 19 30 34 46 34 28
575 22 24 7 20 16 204 14 24 27 1 34 28
576 22 35 34 23 38 109 22 18 33 1 34 28
577 22 28 21 17 30 57 22 23 31 1 34 28
578 22 34 34 18 28 80 22 14 30 32 34 28
579 22 29 12 14 32 165 23 27 23 1 34 28
580 22 35 31 40 18 333 21 27 23 30 34 28
581 22 30 27 27 31 122 21 20 25 36 34 28
582 23 35 35 28 36 104 18 36 27 27 35 28
583 23 35 32 29 24 75 22 35 29 1 34 28
584 22 26 31 26 36 164 19 48 30 17 34 28
585 22 25 12 15 23 70 15 32 29 1 33 28
586 22 34 28 11 40 139 13 8 27 1 34 28
587 22 36 36 22 29 210 18 33 23 64 34 28
588 22 26 31 35 34 184 29 26 32 1 34 28
589 22 25 20 25 36 163 19 47 26 1 34 28
590 22 25 22 20 30 1 20 34 38 6 34 28
591 22 33 44 42 26 208 25 46 23 95 35 28
592 22 35 34 32 28 188 19 17 25 12 34 28
593 22 26 15 17 30 232 21 37 31 1 34 28
594 22 24 9 23 20 131 22 35 19 1 34 28
595 22 36 30 15 34 155 22 27 30 17 34 28
596 22 28 32 40 23 82 20 15 38 16 34 28
597 22 36 37 18 34 424 27 28 25 59 35 28
598 22 37 39 44 22 90 29 36 21 32 35 28
599 22 42 44 21 41 197 28 18 27 37 35 28
600 22 36 44 32 28 126 24 22 31 68 34 28
601 22 35 34 38 23 197 28 13 28 3 34 28
602 22 28 22 23 29 69 22 34 25 1 34 28
603 22 34 39 29 37 20 16 31 34 40 34 28
604 22 32 32 32 30 160 14 44 22 24 34 28
605 22 39 45 29 34 265 14 29 28 79 34 28
606 22 30 21 16 29 107 19 34 29 7 34 28
607 22 34 37 32 32 147 19 42 25 20 34 28
608 22 26 24 33 28 20 20 33 30 1 33 28
609 22 37 45 32 38 114 16 24 21 79 35 28
610 22 31 20 28 22 85 19 23 29 1 34 28
611 22 22 15 27 22 103 25 20 24 1 33 28
612 23 29 26 41 22 225 25 42 22 1 34 28
613 22 24 21 32 26 351 25 38 28 1 34 28
614 22 30 21 37 14 126 16 30 22 21 34 28
615 22 38 46 18 38 124 19 11 27 70 34 28
616 22 30 25 29 27 54 19 21 29 1 34 28
617 22 24 25 30 34 158 25 50 19 1 34 28
618 22 37 42 45 26 178 25 33 27 53 35 28
619 22 27 23 34 23 226 23 33 27 1 34 28
620 22 27 37 43 32 228 26 39 28 63 34 28
621 22 31 29 28 25 162 25 31 26 16 34 28
622 22 29 26 23 34 232 20 33 26 17 34 28
623 22 41 51 29 34 252 17 11 24 50 35 28
624 22 34 28 19 31 226 19 28 21 13 34 28
625 22 29 36 29 37 209 21 34 24 19 34 28
626 22 34 38 11 42 472 15 23 26 42 35 28
627 22 32 25 16 35 104 33 32 30 1 34 28
628 22 36 43 41 34 194 19 28 21 27 34 28
629 22 24 3 24 18 96 27 38 21 1 33 28
630 22 26 24 25 29 166 20 30 22 1 34 28
631 22 25 21 30 26 220 29 30 26 1 33 28
632 23 41 48 33 38 112 21 14 29 93 35 29
633 22 28 35 38 27 103 16 44 24 18 34 28
634 22 27 11 16 26 69 19 26 22 1 34 28
635 22 36 34 12 27 87 18 16 40 5 34 28
636 22 24 9 21 30 371 24 39 25 1 34 28
637 22 26 22 33 23 187 19 36 24 1 34 28
638 23 35 32 27 31 116 22 26 16 1 34 28
639 22 30 31 39 23 54 26 31 25 54 34 28
640 22 29 38 34 28 49 26 35 30 44 34 28
641 22 27 36 45 17 346 18 31 23 46 34 28
642 22 32 43 38 27 239 24 28 21 70 34 28
643 22 29 23 31 27 235 22 53 26 1 34 28
644 22 28 33 33 27 163 30 36 29 24 34 28
645 22 34 21 23 23 122 23 10 26 27 34 28
646 23 490 32 21 32 123 29 46 27 361 35 28
647 22 32 37 35 30 172 15 7 30 31 34 28
648 22 26 25 29 31 314 30 27 29 1 34 28
649 22 36 41 41 27 152 14 41 28 19 34 28
650 22 35 31 12 39 178 24 29 32 1 34 28
651 22 33 30 23 34 136 24 30 29 35 35 28
652 22 29 25 23 37 48 15 24 29 1 33 28
653 22 44 48 29 36 97 17 25 36 72 34 28
654 22 33 21 26 26 351 15 24 30 6 34 28
655 22 34 28 27 31 226 22 23 34 39 34 28
656 22 36 38 30 38 213 20 42 32 49 35 28
657 22 33 39 36 29 110 23 18 33 39 34 28
658 23 35 46 30 35 122 17 24 34 29 35 28
659 22 31 18 16 29 934 27 24 22 1 34 28
660 22 31 40 28 36 326 21 37 28 26 34 28
661 22 35 42 56 20 247 18 24 18 53 34 28
662 22 27 18 23 29 145 22 22 26 1 34 28
663 22 38 44 31 31 256 15 30 29 87 34 28
664 22 29 30 47 19 27 22 26 22 1 34 28
665 22 35 33 18 39 128 14 40 32 20 34 28
666 22 35 43 25 36 204 20 32 29 25 34 28
667 22 39 45 38 35 79 24 20 33 42 35 28
668 22 31 19 18 31 267 24 10 22 1 34 28
669 22 26 30 35 29 27 28 49 29 1 34 28
670 22 31 24 24 22 236 21 45 24 1 34 28
671 22 29 25 36 18 71 21 44 30 1 34 28
672 22 31 27 20 33 88 21 43 27 21 34 28
673 22 31 37 24 40 93 16 44 28 12 34 28
674 22 35 36 15 43 85 30 21 38 10 34 28
675 22 36 35 21 32 397 21 36 44 30 34 28
676 22 38 35 32 24 216 19 26 32 21 34 28
677 22 24 29 33 26 134 22 50 18 32 34 28
678 23 32 37 26 38 500 27 45 26 31 35 29
679 22 27 31 43 25 257 15 29 29 34 34 28
680 22 38 43 31 36 152 24 29 20 66 35 28
681 22 34 34 31 31 326 24 17 36 43 35 28
682 22 35 45 58 28 120 24 40 28 92 34 28
683 22 32 42 40 30 131 27 36 41 20 34 28
684 22 40 35 12 37 69 25 3 31 49 35 28
685 22 21 1 25 20 91 29 44 15 1 33 28
686 22 35 24 27 17 227 17 20 20 22 34 28
687 22 30 26 26 31 80 16 22 27 12 34 28
688 22 27 24 34 23 136 23 33 27 1 34 28
689 22 29 32 21 34 170 17 39 24 7 34 28
690 22 27 14 15 33 419 22 44 25 1 34 28
691 22 35 38 22 37 268 23 18 33 98 34 28
692 22 26 26 33 24 227 18 44 26 21 34 28
693 22 33 17 13 31 14 20 13 25 1 34 27
694 22 35 44 27 45 126 24 36 32 76 35 28
695 22 25 24 34 24 278 17 45 24 1 34 28
696 22 33 42 32 33 213 23 45 31 33 34 28
697 22 24 13 22 29 222 18 43 23 1 34 28
698 22 32 31 37 16 146 20 26 20 71 35 28
699 22 26 18 22 30 80 27 22 20 1 34 28
700 22 29 35 37 40 127 20 50 31 35 34 28
701 22 26 12 27 20 175 22 53 23 1 34 28
702 22 33 32 27 30 125 27 33 29 23 34 28
703 22 27 26 33 25 120 28 26 25 2 34 28
704 23 41 30 7 33 240 15 2 29 47 34 28
705 22 33 37 40 32 137 17 40 21 25 34 28
706 22 36 40 22 32 140 24 23 27 58 34 28
707 22 27 27 31 28 128 18 28 26 1 34 28
708 22 33 35 29 41 74 23 15 39 41 34 28
709 22 24 17 23 26 103 23 36 24 1 34 28
710 22 35 39 31 38 302 21 39 30 8 34 28
711 22 36 42 19 46 413 20 13 19 22 34 28
712 22 35 35 19 40 384 26 30 30 17 34 28
713 22 29 22 19 32 105 22 38 32 1 34 28
714 22 29 35 31 32 219 29 49 44 42 34 28
715 22 32 37 42 21 161 16 42 26 28 34 28
716 22 30 29 29 32 42 19 21 27 20 34 28
717 22 23 16 1 39 270 26 34 37 1 34 28
718 22 40 44 13 44 209 19 22 31 66 35 28
719 22 31 28 17 34 362 19 40 30 19 34 28
720 22 29 16 25 23 156 29 36 19 1 34 28
721 22 31 16 18 27 273 22 20 28 1 34 28
722 22 30 31 34 22 729 13 18 34 47 34 28
723 22 23 12 36 11 228 27 38 33 1 34 28
724 22 42 32 15 29 255 17 13 22 31 34 28
725 22 28 38 38 22 82 17 30 30 36 34 28
726 23 32 35 20 38 311 26 55 25 20 34 28
727 22 29 26 16 35 567 18 34 36 11 34 28
728 22 32 45 34 39 242 18 45 27 35 35 28
729 22 38 44 24 28 315 24 22 32 87 34 28
730 22 35 44 28 39 118 29 9 31 51 35 28
731 23 33 32 22 35 169 31 18 38 27 34 28
732 22 40 44 14 45 196 24 21 30 48 35 28
733 22 30 33 40 20 238 22 46 30 1 34 28
734 22 39 40 32 38 110 18 5 27 65 34 28
735 22 30 26 32 34 279 17 40 34 5 34 28
736 22 42 39 32 27 161 18 25 28 66 35 28
737 22 30 36 36 34 94 15 27 30 1 34 28
738 22 25 25 29 28 295 10 36 30 1 33 28
739 22 38 38 8 42 148 20 17 35 60 34 28
740 22 30 24 9 45 68 16 21 35 1 34 28
741 22 33 30 24 39 115 27 31 35 1 34 28
742 22 30 22 24 34 173 21 45 34 1 34 28
743 22 30 32 31 24 116 16 32 21 1 34 28
744 22 26 16 29 28 339 17 32 24 1 33 28
745 22 25 34 48 27 147 20 47 37 49 34 28
746 22 33 22 20 19 151 28 16 31 16 34 28
747 22 24 25 37 19 111 19 45 18 27 34 28
748 22 37 41 25 36 189 19 23 32 49 34 28
749 22 28 15 14 29 80 26 42 23 1 34 28
750 22 32 31 30 27 72 18 14 24 18 34 28
751 22 34 41 39 31 51 19 34 30 38 34 28
752 22 28 25 36 25 199 26 29 26 11 34 28
753 22 35 40 35 30 406 16 19 28 45 35 28
754 22 29 31 27 37 219 27 17 24 1 34 28
755 22 21 29 51 21 329 24 43 28 1 34 28
756 22 32 37 38 27 140 25 30 35 25 34 28
757 22 35 37 44 27 66 30 45 28 1 34 28
758 22 25 27 43 25 189 29 36 24 29 34 28
759 22 26 22 11 39 164 25 25 32 1 34 28
760 22 19 9 24 31 203 20 42 26 1 34 28
761 22 24 24 19 35 168 20 43 28 1 33 28
762 22 25 30 39 26 114 19 45 32 11 34 28
763 22 29 24 29 26 229 22 33 23 1 34 28
764 22 34 34 28 27 141 23 34 30 13 34 28
765 22 36 26 28 18 158 16 14 25 32 35 28
766 22 34 42 39 27 139 25 31 18 37 34 28
767 22 35 39 32 39 111 16 20 30 41 34 28
768 22 30 17 23 22 196 25 18 26 1 34 28
769 23 33 33 42 21 62 28 34 25 25 34 28
770 22 33 39 34 30 125 25 35 26 32 34 28
771 23 37 42 41 27 171 22 24 29 78 35 28
772 22 27 14 24 21 121 26 42 22 1 33 28
773 22 37 40 26 32 201 24 25 34 23 34 28
774 22 38 43 18 38 204 19 18 38 99 34 28
775 22 30 16 16 29 106 26 28 23 15 34 28
776 22 36 37 28 34 413 20 25 18 1 34 28
777 22 34 19 29 19 208 20 11 18 11 34 28
778 23 32 17 9 37 208 20 20 34 1 34 28
779 22 29 12 22 25 186 26 17 28 6 34 28
780 22 36 26 22 34 77 23 19 22 7 34 28
781 22 35 48 44 31 107 32 32 30 88 34 28
782 22 31 25 23 23 91 26 22 29 44 34 28
783 22 33 26 28 33 209 21 29 25 1 34 28
784 22 28 27 25 33 83 17 51 28 1 34 28
785 22 32 30 36 25 172 25 30 25 42 34 28
786 22 41 37 19 26 127 31 26 34 48 34 28
787 22 36 36 15 37 131 24 25 27 4 34 28
788 22 26 12 22 28 295 20 45 19 1 34 28
789 22 40 39 39 25 118 27 21 21 73 34 28
790 22 29 31 24 35 142 24 39 28 1 34 28
791 22 30 33 37 35 530 19 55 28 1 34 28
792 22 31 37 34 29 111 21 42 25 10 34 28
793 22 29 22 21 31 265 17 25 25 1 34 28
794 22 32 39 39 34 355 20 3 29 30 34 28
795 22 32 33 35 25 500 25 46 30 32 34 28
796 22 28 31 36 28 106 30 26 15 5 34 28
797 22 31 31 35 30 201 28 28 25 1 34 28
798 22 33 36 41 20 234 26 31 16 31 34 28
799 22 31 28 32 24 187 24 40 26 1 34 28
800 22 35 24 7 34 792 23 20 25 1 34 28
801 22 37 37 16 44 187 21 30 27 1 34 28
802 22 33 38 40 29 213 26 43 23 12 34 28
803 22 31 34 30 30 255 19 21 23 18 34 28
804 22 28 32 41 25 357 24 34 28 44 34 28
805 22 31 29 34 22 153 25 53 23 23 34 28
806 22 36 36 27 29 214 20 36 31 16 34 28
807 23 32 37 29 31 233 18 25 41 45 35 29
808 22 25 35 19 39 226 23 40 32 1 34 28
809 22 32 21 34 14 169 21 35 23 1 34 28
810 22 28 14 21 21 122 19 26 29 1 34 28
811 22 39 36 21 31 186 25 18 29 34 35 28
812 22 29 38 33 33 192 27 33 32 17 34 28
813 22 28 12 24 26 203 21 47 25 1 34 28
814 22 30 21 17 29 181 17 25 15 1 34 28
815 22 32 21 26 31 132 21 29 30 3 34 28
816 22 26 31 43 26 111 42 36 28 1 34 28
817 22 26 22 16 33 106 26 45 29 1 34 28
818 22 36 44 32 38 90 16 30 30 28 34 28
819 22 22 22 26 31 183 20 37 34 1 34 28
820 22 31 37 41 27 333 12 24 31 1 34 28
821 22 33 31 30 28 170 23 26 31 13 34 28
822 22 26 9 20 23 242 19 28 27 1 33 28
823 22 26 35 37 31 454 16 35 25 32 34 28
824 22 30 20 30 19 234 25 31 25 1 34 28
825 22 32 34 46 22 397 22 39 32 22 34 28
826 22 46 41 19 32 395 17 18 26 94 34 28
827 22 23 9 23 27 366 20 36 25 1 33 28
828 22 27 29 31 34 108 24 42 28 39 34 28
829 22 31 29 27 28 75 19 27 22 16 34 28
830 22 35 37 21 43 144 22 23 26 51 35 28
831 22 31 31 35 23 1 26 19 28 19 34 28
832 22 30 23 28 33 170 15 27 19 1 33 27
833 22 33 41 19 38 127 25 25 29 33 34 28
834 22 23 16 33 22 156 14 43 23 1 34 28
835 22 36 24 15 34 255 28 28 31 23 34 28
836 22 31 25 18 37 99 18 39 36 15 34 28
837 22 33 35 40 25 227 19 22 27 15 34 28
838 22 30 37 40 26 87 20 17 29 45 34 28
839 22 31 21 20 30 124 18 27 28 13 34 28
840 22 35 28 33 17 161 20 11 32 28 34 28
841 22 35 38 34 32 197 26 35 26 25 34 28
842 22 31 26 18 26 267 22 9 23 1 34 28
843 22 25 31 36 26 433 17 34 31 32 34 28
844 22 31 32 22 34 121 24 42 33 1 34 28
845 23 28 26 34 30 74 25 42 33 28 34 28
846 22 76 27 13 64 454 19 22 35 23 34 28
847 22 26 77 36 16 118 19 35 23 1 34 28
848 22 35 38 22 35 99 31 33 15 12 34 28
849 22 33 42 43 17 580 25 24 30 60 34 28
850 22 28 20 22 30 195 27 35 30 1 34 28
851 22 26 28 25 33 154 25 33 21 4 34 28
852 22 33 27 37 20 94 15 33 30 24 34 28
853 22 40 43 20 37 173 22 15 21 48 34 28
854 22 33 34 36 25 151 24 30 18 31 35 28
855 22 18 10 24 39 186 14 57 28 1 34 28
856 22 26 31 40 25 134 25 49 30 25 34 28
857 22 36 45 41 35 184 26 20 28 73 34 28
858 22 33 43 32 38 296 20 18 30 24 34 28
859 22 36 37 37 32 151 16 18 24 43 35 28
860 23 31 37 35 30 204 25 26 22 69 34 28
861 22 34 28 12 32 182 16 12 28 10 34 28
862 22 28 28 27 32 465 22 29 24 9 34 28
863 22 25 28 39 24 255 26 30 33 1 34 28
864 22 33 36 41 25 176 22 24 32 32 34 28
865 22 43 45 14 42 221 16 27 31 40 34 28
866 22 36 35 26 27 338 27 27 25 58 34 28
867 22 39 40 17 32 195 18 28 23 75 34 28
868 22 29 44 40 36 301 24 41 30 39 34 28
869 22 29 31 22 42 257 25 36 24 46 34 28
870 22 38 38 12 36 151 17 22 37 56 34 28
871 22 35 26 26 21 162 22 18 20 41 34 28
872 22 37 40 30 30 151 26 34 27 52 34 28
873 23 29 37 38 32 166 15 37 22 58 35 28
874 22 30 39 38 30 158 25 38 31 48 34 28
875 22 34 33 25 28 14 15 28 29 78 34 28
876 22 35 26 21 31 307 21 27 28 32 34 28
877 22 46 49 24 35 187 15 5 24 73 34 28
878 22 42 39 18 34 203 26 16 24 50 34 28
879 22 30 36 27 33 122 28 34 43 4 34 28
880 22 34 35 31 30 204 25 30 36 33 34 28
881 22 34 42 39 26 113 17 11 28 5 34 28
882 22 32 20 15 35 534 18 31 33 13 34 28
883 22 25 35 33 36 353 25 46 29 22 34 28
884 22 30 35 26 33 136 28 42 28 51 34 28
885 22 32 38 18 39 510 24 30 26 21 34 28
886 22 29 22 28 23 168 27 25 22 1 33 28
887 22 33 38 40 28 220 23 31 31 64 34 28
888 22 33 43 40 31 181 16 15 27 44 34 28
889 22 31 37 31 29 260 23 38 25 68 34 28
890 22 31 36 36 23 140 19 24 25 12 34 28
891 22 26 31 27 36 319 23 31 33 24 34 28
892 22 27 29 39 16 295 26 29 21 14 34 28
893 22 28 30 43 26 201 22 45 37 1 34 28
894 22 32 28 40 16 128 17 30 30 32 34 28
895 22 36 30 33 20 301 23 17 30 16 34 28
896 22 33 44 35 39 220 18 40 26 23 34 28
897 22 30 28 26 33 203 27 45 29 24 34 28
898 22 34 25 28 20 248 26 30 31 25 34 28
899 22 30 21 20 27 117 25 38 22 11 34 28
900 22 23 16 37 28 150 25 44 36 1 34 28
901 22 25 12 19 36 105 24 35 23 1 34 28
902 22 29 35 44 18 125 20 23 21 19 34 28
903 22 38 42 29 41 92 23 45 28 51 34 28
904 22 35 38 28 34 331 18 41 35 27 34 28
905 22 24 29 46 23 114 18 33 32 52 34 28
906 22 38 39 26 26 259 16 1 30 46 34 28
907 22 29 26 27 35 266 27 47 33 19 34 28
908 22 36 40 36 31 156 33 16 23 41 35 28
909 22 31 22 15 31 250 16 19 19 1 34 28
910 22 31 22 19 26 215 22 42 26 5 34 28
911 22 37 41 44 25 50 22 23 28 45 34 28
912 22 29 31 31 33 170 21 24 26 29 34 28
913 22 27 17 26 22 136 15 27 27 1 34 28
914 22 25 27 30 34 231 20 37 24 13 34 28
915 22 29 15 16 19 174 27 32 17 6 34 28
916 22 32 31 27 18 256 23 35 33 30 34 28
917 22 29 33 38 33 100 24 19 28 1 34 28
918 22 32 34 25 37 131 23 44 31 30 34 28
919 22 30 34 33 30 73 15 34 28 6 34 28
920 23 35 31 11 35 276 19 22 30 1 34 28
921 22 34 32 23 34 125 21 33 36 17 34 28
922 22 30 27 21 31 468 18 5 24 26 34 28
923 22 25 8 24 24 46 30 33 19 1 33 28
924 22 31 31 36 24 168 28 11 29 23 34 28
925 22 33 21 1 32 178 13 28 30 1 34 28
926 22 30 14 24 32 88 24 47 29 1 34 28
927 22 26 12 25 24 121 16 31 32 1 34 28
928 22 42 42 31 26 325 20 17 24 73 34 28
929 22 31 34 1 44 361 21 19 29 21 34 28
930 22 29 23 22 32 43 24 31 52 22 34 28
931 22 31 20 20 30 333 17 21 33 1 34 28
932 22 35 39 37 29 570 24 17 29 27 34 28
933 22 27 21 12 29 92 21 40 23 1 33 28
934 22 36 39 26 39 193 21 29 27 13 34 28
935 22 29 29 39 24 96 24 26 29 14 34 28
936 22 29 26 29 26 410 25 15 29 1 34 28
937 22 27 20 36 32 32 22 34 31 1 34 28
938 22 36 49 30 40 131 17 23 36 35 34 28
939 22 26 18 40 14 208 23 57 25 1 34 28
940 22 39 40 35 27 57 19 40 21 76 34 28
941 22 36 43 38 24 807 22 30 14 83 35 28
942 22 26 19 20 35 117 29 33 38 1 34 28
943 22 32 36 29 32 191 18 29 29 1 34 28
944 22 33 30 27 36 315 20 26 26 24 34 28
945 23 28 32 29 29 196 26 39 27 34 35 28
946 22 24 25 20 34 127 21 43 25 19 34 28
947 22 25 27 23 38 95 23 32 29 1 34 28
948 22 29 19 11 30 141 23 22 29 1 34 28
949 22 27 35 23 37 216 26 46 21 14 34 28
950 22 31 37 30 35 165 22 40 26 29 34 28
951 22 35 33 32 23 732 18 33 29 28 34 28
952 22 28 34 37 35 125 23 53 32 3 34 28
953 22 34 24 23 24 68 19 20 27 1 34 28
954 22 25 16 20 33 106 20 28 25 1 34 28
955 22 36 29 18 28 86 25 33 29 24 34 28
956 22 39 40 44 22 259 28 18 23 69 34 28
957 22 26 27 18 37 195 21 48 28 1 34 28
958 23 35 37 28 30 165 22 28 26 32 35 28
959 22 33 29 16 36 128 17 47 27 1 34 28
960 22 29 32 25 33 181 22 28 28 35 34 28
961 22 33 36 38 21 150 21 44 19 69 34 28
962 22 35 22 21 23 211 25 38 25 1 34 28
963 22 35 31 29 19 183 16 24 30 16 34 28
964 22 32 33 33 21 257 25 43 19 1 34 28
965 22 34 29 21 25 435 18 28 23 1 34 28
966 22 28 26 34 25 467 26 17 28 22 34 28
967 22 37 35 21 28 171 20 26 26 34 34 28
968 22 34 23 11 33 208 21 30 33 1 34 28
969 22 36 38 24 37 221 23 24 38 37 34 28
970 22 18 19 28 35 79 10 50 23 1 34 28
971 22 29 32 36 32 61 18 22 30 41 34 28
972 22 36 35 26 26 179 16 16 22 22 34 28
973 22 24 15 28 18 106 28 35 22 1 33 28
974 22 32 25 19 32 134 21 46 20 1 34 28
975 22 26 31 23 38 205 19 39 35 1 34 28
976 22 29 33 49 18 98 18 36 34 55 34 28
977 22 33 29 32 32 105 19 28 24 1 34 28
978 22 29 24 13 38 123 25 32 22 1 34 28
979 22 26 12 20 23 192 30 39 22 1 33 28
980 22 38 35 16 36 44 24 5 31 34 34 28
981 22 30 38 36 30 234 29 27 28 65 34 28
982 22 31 34 28 30 166 27 37 25 9 34 28
983 22 32 37 43 22 299 32 42 28 75 34 28
984 23 28 34 29 33 134 22 31 28 32 35 28
985 22 28 12 27 8 52 22 39 29 1 34 28
986 22 35 44 27 34 154 25 42 22 41 35 28
987 22 32 41 42 28 270 24 33 31 46 35 28
988 22 26 13 30 30 95 12 31 20 1 34 28
989 22 28 27 31 23 80 23 19 26 1 34 28
990 23 31 27 46 17 129 31 40 29 29 35 28
991 22 28 31 36 21 247 28 34 23 1 34 28
992 22 36 38 39 26 69 19 29 27 66 34 28
993 23 32 37 20 37 115 18 24 24 11 34 28
994 22 28 36 27 32 143 22 35 15 49 34 28
995 22 33 38 27 39 157 15 15 27 32 35 28
996 23 35 38 26 35 138 27 28 20 33 34 28
997 22 40 43 33 27 277 14 11 29 47 35 28
998 22 39 31 17 30 197 15 24 25 14 34 28
999 22 30 25 16 40 129 26 34 30 1 34 28
1000 22 38 42 26 32 234 17 13 31 74 35 28
1001 22 38 38 17 32 340 24 23 24 61 34 28
1002 22 29 24 28 30 134 18 23 23 22 34 28
1003 22 24 12 30 18 100 17 27 21 1 34 28
1004 22 27 24 31 22 213 19 1 32 4 34 28
1005 22 25 14 27 26 81 27 41 27 1 34 28
1006 22 29 18 27 21 140 23 33 25 1 34 28
1007 22 40 45 16 35 187 25 12 26 84 35 28
1008 22 30 22 16 34 616 20 25 30 1 34 28
1009 23 33 38 40 26 190 24 36 30 26 34 28
1010 22 39 48 34 37 250 18 24 28 64 35 28
1011 22 35 32 29 22 152 22 41 32 9 34 28
1012 22 36 36 30 34 138 21 22 30 33 35 28
1013 22 30 26 39 19 234 27 35 35 35 35 28
1014 22 31 34 36 32 377 15 52 24 7 34 28
1015 22 34 39 54 25 150 21 28 26 69 35 28
1016 22 38 42 16 44 234 16 22 31 56 34 28
1017 22 25 20 18 33 37 18 30 30 1 34 28
1018 22 34 41 36 24 158 20 24 27 31 35 28
1019 22 38 30 18 27 133 25 24 24 1 34 28
1020 22 38 41 31 35 230 25 32 24 18 34 28
1021 22 37 45 35 39 79 23 33 30 1 34 28
1022 22 34 33 30 33 172 16 10 20 23 34 28
1023 22 31 23 18 31 153 18 34 16 1 34 28
1024 22 31 25 5 40 292 29 31 30 1 34 28
1025 22 26 21 34 29 1037 30 50 32 1 34 28
1026 22 41 41 25 33 144 19 30 27 45 35 28
1027 22 38 38 23 33 147 24 28 25 66 34 28
1028 22 21 14 22 26 174 24 43 31 1 34 28
1029 23 32 32 6 41 146 20 29 32 39 35 28
1030 22 33 36 29 25 362 25 32 29 26 34 28
1031 22 30 32 44 27 181 33 44 34 6 34 28
1032 23 42 37 31 21 78 19 17 21 58 35 28
1033 22 26 31 37 36 114 29 59 25 1 34 28
1034 22 32 43 31 36 392 23 41 20 61 34 28
1035 22 28 12 1 38 97 24 31 29 1 34 28
1036 22 39 34 36 22 171 21 25 26 75 34 28
1037 22 33 22 9 33 179 16 15 21 1 34 28
1038 22 31 28 31 28 117 18 18 20 16 34 28
1039 22 39 36 35 24 217 18 16 31 42 34 28
1040 22 30 23 16 36 123 23 42 25 1 34 28
1041 22 25 23 29 24 96 19 36 27 1 34 28
1042 23 36 37 18 47 431 15 23 30 22 34 28
1043 22 38 36 36 19 166 21 17 28 23 34 28
1044 22 32 43 28 33 179 17 25 36 57 35 28
1045 23 27 22 25 30 115 25 21 25 1 34 28
1046 22 25 11 13 32 89 27 39 32 1 33 28
1047 22 33 30 12 38 153 25 18 25 1 34 28
1048 22 32 37 42 22 565 26 34 30 28 34 28
1049 22 34 36 11 39 118 22 17 35 37 34 28
1050 22 38 33 25 27 98 20 15 24 91 35 28
1051 22 42 42 34 28 113 21 21 29 66 35 28
1052 22 32 30 16 33 150 22 46 30 1 34 28
1053 22 27 25 44 13 156 25 61 23 8 34 28
1054 22 28 32 33 24 299 19 26 20 35 34 28
1055 22 21 9 21 28 84 16 46 24 1 33 28
1056 22 33 28 30 22 159 18 27 24 15 34 28
1057 22 26 21 43 17 35 22 58 32 1 33 28
1058 22 33 42 37 28 250 28 47 32 47 35 28
1059 22 32 30 36 25 206 18 31 28 21 34 28
1060 22 32 34 23 32 113 22 35 26 1 34 28
1061 22 40 41 32 33 104 16 6 27 41 35 28
1062 22 28 19 16 28 170 32 40 29 1 34 28
1063 23 28 37 38 29 310 20 28 36 37 35 28
1064 22 34 23 21 28 286 22 31 25 18 34 28
1065 22 36 45 32 34 167 19 28 31 70 34 28
1066 22 19 1 28 23 182 25 49 32 1 34 28
1067 22 29 38 26 33 130 26 44 29 15 34 28
1068 22 37 34 28 24 181 18 16 30 1 34 28
1069 22 37 27 27 22 171 27 30 34 1 34 28
1070 22 32 38 33 38 155 21 19 31 5 34 28
1071 22 28 24 29 35 337 25 45 22 1 33 28
1072 22 31 35 38 32 152 20 36 29 15 34 28
1073 23 31 24 33 32 113 26 26 29 21 34 29
1074 22 36 35 24 25 169 14 15 22 37 34 28
1075 22 29 21 17 31 329 16 37 23 1 34 28
1076 22 32 39 26 36 191 27 52 34 21 34 28
1077 23 36 28 28 26 110 23 25 31 37 35 28
1078 22 31 32 23 33 75 27 14 31 1 34 28
1079 22 29 22 13 32 199 19 47 29 1 34 28
1080 22 28 31 19 31 193 20 20 29 22 34 28
1081 22 35 23 25 24 271 17 24 18 11 34 28
1082 22 31 37 45 27 1 19 47 26 31 34 28
1083 22 30 40 39 38 181 24 35 26 1 34 28
1084 22 37 41 39 37 247 29 18 28 32 34 28
1085 23 31 34 34 31 134 24 27 25 1 34 28
1086 22 35 29 25 31 38 25 28 25 1 34 28
1087 22 28 19 31 21 226 20 34 30 1 34 28
1088 22 32 39 26 33 220 19 32 26 7 34 28
1089 22 30 32 28 25 221 19 37 32 51 34 28
1090 23 33 25 8 40 198 19 25 30 1 34 28
1091 22 33 29 37 23 97 21 22 32 43 34 28
1092 22 22 30 50 22 227 21 49 35 1 34 28
1093 22 29 28 29 27 201 19 60 30 1 33 28
1094 22 35 31 22 25 110 19 41 31 13 34 28
1095 22 22 18 19 31 163 22 44 22 1 34 28
1096 22 36 37 23 30 218 24 34 23 1 34 28
1097 22 31 16 4 33 181 15 24 31 1 34 28
1098 22 39 38 33 33 198 21 13 30 60 35 28
1099 22 31 28 29 26 79 23 17 22 13 34 28
1100 22 36 23 3 40 114 22 7 37 14 34 28
1101 22 36 34 32 26 161 22 19 18 25 34 28
1102 22 36 38 38 27 382 25 22 26 33 34 28
1103 22 35 47 38 32 264 19 38 30 19 34 28
1104 22 34 29 15 37 218 23 46 19 10 34 28
1105 22 30 12 20 25 125 23 9 28 1 34 28
1106 22 31 37 30 36 191 27 37 26 26 34 28
1107 22 26 25 40 19 213 24 35 24 10 34 28
1108 22 35 28 21 40 81 25 1 29 1 34 28
1109 22 30 25 22 31 237 17 24 38 14 34 28
1110 22 34 22 22 28 243 22 16 29 9 34 28
1111 22 41 52 30 38 256 22 27 32 70 34 28
1112 22 36 35 37 24 272 12 20 21 20 34 28
1113 22 27 15 25 14 67 16 42 25 1 34 28
1114 22 31 29 17 36 199 24 46 28 1 34 28
1115 22 38 40 39 32 211 23 24 25 54 34 28
1116 22 38 37 19 42 101 23 28 32 28 34 28
1117 22 36 38 41 24 154 25 28 19 54 34 28
1118 22 27 18 21 26 119 14 21 28 4 34 28
1119 22 31 32 32 30 138 29 21 33 58 35 28
1120 22 38 27 30 22 98 26 21 24 23 34 28
1121 22 32 24 29 22 203 19 13 34 25 34 28
1122 22 35 25 12 37 239 18 18 31 35 34 28
1123 22 35 38 32 25 328 24 29 23 12 34 28
1124 22 31 38 28 42 181 18 34 30 1 34 28
1125 22 37 31 33 21 187 24 33 31 72 35 28
1126 22 30 31 19 35 150 23 43 29 6 34 28
1127 22 38 43 22 41 1055 19 17 27 63 35 28
1128 22 30 26 20 29 54 25 41 36 35 35 28
1129 22 28 37 26 34 116 20 43 20 21 34 28
1130 22 32 36 30 28 300 19 35 27 1 34 28
1131 22 34 25 1 39 123 20 18 32 1 34 28
1132 22 35 36 19 41 203 17 35 25 1 34 28
1133 23 28 20 28 24 103 32 46 32 1 35 29
1134 22 32 39 33 34 68 17 35 27 56 35 28
1135 22 30 31 30 28 154 17 26 19 1 34 28
1136 22 32 38 13 36 405 24 30 37 30 34 28
1137 22 31 39 48 24 68 22 36 24 49 34 28
1138 22 24 19 37 21 9 18 30 23 1 33 28
1139 22 34 37 36 19 277 23 16 32 45 34 28
1140 22 35 46 28 41 264 20 27 33 88 34 28
1141 22 39 46 37 26 183 25 3 28 77 35 28
1142 22 37 39 22 31 313 25 13 30 3 34 28
1143 22 34 39 23 31 223 29 33 24 35 34 28
1144 22 28 11 5 32 161 18 33 26 1 34 28
1145 22 33 27 41 27 340 17 39 28 65 34 28
1146 22 29 41 29 35 237 25 47 31 56 34 28
1147 22 27 27 42 24 103 26 49 25 1 34 28
1148 22 41 40 25 27 139 13 28 27 50 34 28
1149 22 32 29 36 23 247 13 23 25 43 34 28
1150 22 40 45 21 34 261 20 22 24 65 34 28
1151 22 24 5 23 19 202 28 40 18 1 33 28
1152 22 32 28 1 39 178 24 13 26 1 34 28
1153 22 30 29 39 22 141 26 32 31 2 34 28
1154 22 30 37 27 33 128 23 39 34 46 34 28
1155 22 32 21 15 26 84 21 29 30 1 34 28
1156 22 38 35 8 38 70 23 4 31 17 34 28
1157 23 35 36 28 29 220 20 36 34 29 35 28
1158 22 31 39 50 21 143 27 35 40 1 34 28
1159 23 30 32 35 31 1 21 36 35 32 35 28
1160 22 26 34 48 16 362 23 39 22 34 34 28
1161 22 27 14 21 24 199 25 36 27 1 34 28
1162 22 29 27 37 25 152 22 37 27 21 34 28
1163 22 36 34 14 27 271 25 22 31 15 34 28
1164 22 38 46 40 31 215 18 15 27 62 34 28
1165 22 29 25 19 31 183 17 26 28 4 34 28
1166 22 27 19 27 18 148 26 26 31 1 34 28
1167 22 36 41 30 29 144 15 1 29 1 34 28
1168 23 42 36 12 39 165 24 8 27 54 35 28
1169 22 33 30 22 33 136 20 20 33 59 34 28
1170 22 38 25 25 22 96 15 14 22 22 34 28
1171 22 32 25 33 19 204 20 44 25 35 34 28
1172 22 33 36 40 20 125 20 30 24 82 34 28
1173 22 21 6 24 26 218 32 50 29 1 33 28
1174 22 30 18 20 29 84 29 43 31 5 34 28
1175 22 38 32 30 20 249 23 28 28 55 34 28
1176 22 35 32 14 40 160 14 38 31 37 34 28
1177 22 27 28 41 26 168 16 29 25 25 34 28
1178 22 30 30 23 35 284 22 51 32 42 35 28
1179 22 33 27 34 28 140 21 33 25 1 34 28
1180 23 37 24 15 25 73 26 14 29 30 35 28
1181 22 25 24 23 36 143 24 44 23 1 34 28
1182 22 38 50 31 36 55 27 32 34 60 35 28
1183 22 37 28 9 33 91 15 26 31 21 34 28
1184 22 29 13 9 31 54 27 35 23 1 34 28
1185 22 32 39 35 30 177 25 20 19 50 34 28
1186 22 31 23 18 30 79 20 20 30 1 34 28
1187 22 32 36 39 27 228 25 48 25 27 34 28
1188 22 25 12 32 13 45 23 43 28 13 34 28
1189 22 31 31 20 32 45 23 25 29 19 34 28
1190 22 35 42 19 39 472 22 19 41 44 34 28
1191 22 30 28 37 20 162 21 37 23 48 34 28
1192 22 38 25 9 39 133 25 8 27 24 34 28
1193 22 29 29 30 30 231 22 22 20 1 34 28
1194 22 31 37 34 21 231 26 38 28 25 34 28
1195 22 37 32 16 32 200 23 20 28 66 35 28
1196 22 33 27 27 28 203 18 41 22 11 34 28
1197 22 40 42 19 37 215 22 17 32 30 34 28
1198 22 31 35 40 27 99 22 13 18 82 35 28
1199 22 41 38 30 30 109 24 18 36 103 34 28
1200 22 25 17 12 30 58 19 45 29 1 34 28
1201 22 31 32 34 30 161 30 25 25 1 34 28
1202 22 33 37 42 29 142 18 32 28 14 34 28
1203 22 34 43 41 22 105 16 19 29 70 34 28
1204 22 31 38 18 43 97 27 35 36 1 34 28
1205 22 32 38 33 27 134 20 32 25 65 35 28
1206 22 40 35 26 30 159 22 30 25 36 34 28
1207 22 30 32 32 24 137 24 34 34 33 34 28
1208 22 37 38 21 34 341 29 26 25 1 34 28
1209 22 34 38 38 35 372 17 24 25 48 34 28
1210 22 33 27 22 26 91 23 12 26 77 34 28
1211 22 26 19 23 29 377 25 38 29 1 34 28
1212 22 29 26 32 26 165 21 31 26 1 34 28
1213 22 37 46 37 33 217 24 39 34 33 35 28
1214 23 41 40 21 35 108 26 24 30 23 34 28
1215 23 37 39 27 26 130 20 33 25 76 35 28
1216 22 36 32 13 32 368 27 17 31 12 34 28
1217 22 28 11 13 26 26 23 23 26 1 34 28
1218 23 41 47 30 42 115 19 30 26 57 35 28
1219 22 41 39 26 35 23 21 10 29 38 35 28
1220 23 39 30 19 28 236 25 27 23 77 35 28
1221 22 30 32 42 21 131 15 17 32 26 34 28
1222 22 30 24 21 25 158 31 36 27 1 34 28
1223 22 30 19 18 38 12 23 31 20 10 34 28
1224 22 35 25 13 28 194 28 14 29 21 34 28
1225 22 25 20 20 34 174 18 29 25 1 33 28
1226 22 40 45 27 45 168 16 22 33 38 35 28
1227 23 29 23 10 39 48 25 15 29 1 34 28
1228 22 27 31 23 34 149 29 43 23 13 34 28
1229 22 26 13 21 29 440 17 20 31 1 34 28
1230 22 24 20 25 35 281 17 53 35 1 34 28
1231 22 28 20 17 37 123 13 28 28 1 34 28
1232 22 27 11 18 24 105 16 12 29 1 33 27
1233 22 38 34 30 27 143 22 34 24 30 34 28
1234 22 33 29 30 21 175 23 34 28 20 34 28
1235 22 28 27 29 33 148 19 32 28 17 34 28
1236 22 37 28 26 24 60 17 16 26 21 34 28
1237 22 33 49 42 31 4 14 32 35 44 34 28
1238 22 29 31 24 30 2005 25 19 29 24 34 28
1239 22 35 26 30 24 246 17 27 29 6 34 28
1240 22 31 29 27 31 200 16 16 31 16 34 28
1241 22 31 38 29 40 193 28 33 33 46 34 28
1242 22 42 48 36 29 368 25 13 25 26 34 28
1243 22 36 46 25 47 133 22 26 30 88 34 28
1244 22 29 22 21 32 128 24 15 28 8 34 28
1245 22 30 19 16 24 141 23 34 32 1 34 28
1246 23 34 35 15 43 236 27 25 31 12 34 28
1247 22 38 37 24 34 211 23 1 21 51 35 28
1248 22 24 27 36 29 50 20 35 25 16 34 28
1249 22 26 30 36 19 350 17 38 33 18 34 28
1250 22 28 37 37 30 190 27 51 29 11 34 28
1251 22 28 23 32 29 218 24 26 32 1 34 28
1252 22 28 42 35 33 347 17 47 25 23 34 28
1253 22 38 28 33 19 105 23 30 29 40 35 28
1254 22 38 23 14 29 72 20 18 27 28 34 28
1255 22 31 29 31 26 140 25 38 22 3 34 28
1256 22 37 38 36 19 181 26 39 17 70 34 28
1257 22 31 23 10 37 78 21 30 22 15 34 28
1258 22 33 36 102 29 112 21 1 24 28 34 28
1259 22 31 35 39 24 1023 15 13 23 1 34 28
1260 22 33 36 41 28 42 26 31 27 32 35 28
1261 22 33 31 24 35 598 24 33 27 22 34 28
1262 22 32 32 25 30 282 24 20 27 12 34 28
1263 22 31 14 10 29 63 22 22 16 1 34 28
1264 22 32 16 11 23 290 21 9 27 1 34 28
1265 23 34 41 28 43 189 18 23 29 32 35 28
1266 22 25 6 12 30 320 25 28 28 1 34 28
1267 22 26 34 39 34 323 20 46 28 46 34 28
1268 22 25 12 28 27 58 28 44 25 1 34 28
1269 22 37 29 38 18 236 23 36 22 39 34 28
1270 22 32 35 46 18 201 26 35 11 28 34 28
1271 22 29 37 44 34 180 28 44 34 42 35 28
1272 22 30 34 28 30 152 25 33 24 66 35 28
1273 22 29 23 15 31 303 23 28 22 1 34 28
1274 22 32 45 29 34 192 26 31 23 52 34 28
1275 23 33 35 25 28 219 24 28 29 56 35 28
1276 22 28 37 40 30 240 18 41 28 16 34 28
1277 22 29 36 30 31 319 15 37 29 56 35 28
1278 22 31 34 22 41 42 28 37 30 8 34 28
1279 22 31 34 6 47 186 23 18 30 1 34 28
1280 22 32 37 29 29 183 25 24 29 59 34 28
1281 22 37 39 48 32 198 19 43 31 1 34 28
1282 22 29 17 14 34 126 26 19 30 20 34 28
1283 22 34 29 27 29 399 26 42 24 58 34 28
1284 22 29 20 24 29 164 28 23 32 1 33 28
1285 22 42 53 30 36 182 23 27 29 86 35 28
1286 22 38 50 36 33 218 23 28 23 114 35 28
1287 22 34 38 25 32 605 18 34 36 18 34 28
1288 22 29 23 27 17 277 21 8 30 21 34 28
1289 22 35 23 17 28 88 24 10 30 5 34 28
1290 22 33 28 19 29 271 22 20 29 2 34 28
1291 22 36 38 25 33 402 22 18 26 19 34 28
1292 22 31 35 24 32 173 25 32 29 53 34 28
1293 22 32 23 10 36 87 18 37 20 1 34 28
1294 22 32 38 36 36 206 28 42 22 36 35 28
1295 22 33 40 23 35 238 23 20 32 62 34 28
1296 22 35 43 28 27 248 35 15 30 55 34 28
1297 22 31 36 33 32 67 19 26 32 61 34 28
1298 22 36 41 40 32 112 17 24 22 24 34 28
1299 22 34 37 21 33 179 28 12 24 13 34 28
1300 22 32 27 15 33 252 19 19 17 12 34 28
1301 22 21 11 18 32 99 18 32 39 1 33 28
1302 22 31 14 26 17 93 22 27 30 31 34 28
1303 22 29 45 44 34 96 24 34 39 59 34 28
1304 22 38 40 14 46 99 14 24 25 63 35 28
1305 22 27 15 5 39 93 18 40 26 1 34 28
1306 22 33 30 34 27 141 19 33 25 24 34 28
1307 22 30 17 14 33 116 21 26 40 5 34 28
1308 22 30 37 40 28 174 23 49 30 25 34 28
1309 22 26 21 20 36 153 17 15 37 1 34 28
1310 23 37 34 29 28 169 26 39 22 24 34 28
1311 22 27 18 26 25 110 20 38 31 1 33 28
1312 22 32 16 24 23 82 24 17 29 1 34 28
1313 22 37 37 18 42 101 21 23 31 5 34 28
1314 22 40 39 16 39 276 22 1 32 24 34 28
1315 22 28 20 11 37 311 25 48 18 1 34 28
1316 22 32 30 34 24 139 18 14 23 2 34 28
1317 22 30 38 45 27 123 27 51 24 1 34 28
1318 22 31 30 33 30 373 26 37 25 1 34 28
1319 22 21 23 37 22 221 26 28 29 1 34 28
1320 22 39 38 27 30 148 18 14 37 41 34 28
1321 22 40 39 39 25 158 17 22 30 38 34 28
1322 22 35 29 26 27 133 22 26 20 29 34 28
1323 23 39 40 15 41 62 21 1 31 14 34 28
1324 22 32 34 25 29 156 18 41 28 1 34 28
1325 22 33 37 34 24 148 17 21 29 91 34 28
1326 22 39 46 28 37 114 23 24 35 64 34 28
1327 22 32 30 17 35 240 18 20 39 1 34 28
1328 22 31 34 18 38 224 27 29 24 11 34 28
1329 22 27 30 40 28 56 20 41 26 22 34 28
1330 22 37 48 19 38 310 19 17 56 15 34 28
1331 22 34 33 30 31 54 18 19 29 28 34 28
1332 22 34 43 39 37 138 20 33 48 29 34 28
1333 22 37 42 40 26 156 18 8 32 53 34 28
1334 22 39 39 22 31 197 27 35 25 58 35 28
1335 22 39 44 35 32 155 19 31 20 56 35 28
1336 22 41 35 13 38 120 22 1 23 38 35 28
1337 22 32 32 34 32 6 17 22 33 19 34 28
1338 22 30 33 28 25 163 22 15 22 53 34 28
1339 22 38 37 41 27 401 28 31 27 85 34 28
1340 22 24 9 29 17 51 15 36 27 1 33 28
1341 22 29 12 22 23 31 28 38 32 17 34 28
1342 22 40 41 29 35 159 18 13 27 39 34 28
1343 22 26 23 39 21 89 21 29 29 33 34 28
1344 22 29 32 39 25 226 21 34 24 41 34 28
1345 22 29 32 21 43 312 22 44 33 1 34 28
1346 22 30 32 18 39 164 29 38 38 2 34 28
1347 22 30 35 36 29 210 21 34 28 10 34 28
1348 22 21 20 34 27 228 17 42 24 1 33 28
1349 22 30 22 24 30 199 19 44 26 4 34 28
1350 22 38 40 21 36 68 25 25 35 91 34 28
1351 22 28 33 30 36 138 30 41 25 7 34 28
1352 22 32 36 24 37 396 22 40 25 9 34 28
1353 22 25 17 16 33 199 21 29 27 1 34 28
1354 22 33 31 36 21 104 12 21 25 31 35 28
1355 22 44 34 10 34 126 21 14 20 61 35 28
1356 22 34 40 34 33 423 24 37 26 41 35 28
1357 22 31 35 42 21 330 24 32 24 50 34 28
1358 23 35 41 32 37 233 22 45 25 1 34 28
1359 22 29 18 13 24 208 24 20 25 13 34 28
1360 22 29 36 30 28 288 18 45 34 19 34 28
1361 22 33 36 31 29 129 23 50 28 20 34 28
1362 22 32 31 27 32 369 22 33 33 28 34 28
1363 22 35 26 26 20 194 11 17 24 12 34 28
1364 22 30 25 15 27 114 18 29 33 1 34 28
1365 22 35 39 36 27 259 22 33 24 32 34 28
1366 22 31 40 42 25 316 12 26 32 65 34 28
1367 22 37 42 28 34 169 26 40 25 32 34 28
1368 22 33 19 31 20 184 23 13 24 1 33 28
1369 22 31 38 28 36 207 22 30 27 1 33 28
1370 22 40 45 32 32 207 22 17 22 34 34 28
1371 22 44 35 5 34 181 27 13 28 44 34 28
1372 22 26 20 18 24 185 27 45 22 1 33 28
1373 22 38 42 27 33 350 20 17 36 58 34 28
1374 22 34 42 48 31 61 23 25 28 28 34 28
1375 22 34 26 11 46 159 24 36 29 22 34 28
1376 22 34 43 11 42 408 28 29 33 8 33 28
1377 22 28 32 27 28 218 24 37 28 8 34 28
1378 22 28 28 38 22 179 27 25 28 1 33 28
1379 22 37 26 23 20 97 21 28 28 43 34 28
1380 22 34 41 39 28 166 23 20 22 114 34 28
1381 22 35 46 43 27 313 22 19 25 50 34 28
1382 22 37 33 26 31 150 24 26 32 34 34 28
1383 22 27 18 26 22 226 24 52 24 1 33 27
1384 22 29 30 27 24 156 21 13 20 22 34 28
1385 22 35 39 19 25 264 24 33 31 7 34 28
1386 22 36 33 23 28 297 15 34 23 46 34 28
1387 22 35 43 45 32 53 16 20 32 49 34 28
1388 22 33 33 35 32 209 21 39 24 14 34 28
1389 22 29 40 41 29 174 18 38 24 36 34 28
1390 22 29 22 11 36 276 14 40 23 1 34 28
1391 22 38 42 24 36 41 18 10 25 69 34 28
1392 22 23 27 43 28 75 28 48 31 1 33 28
1393 22 33 21 20 27 107 24 25 23 5 34 28
1394 22 33 40 43 30 123 20 45 23 1 34 28
1395 22 28 29 37 21 111 22 31 26 37 34 28
1396 22 27 13 24 19 123 23 31 15 1 33 28
1397 22 36 44 28 27 196 24 28 25 60 34 28
1398 22 27 36 25 37 272 23 27 32 4 34 28
1399 22 32 29 34 25 118 22 21 29 66 34 28
1400 22 29 34 29 29 157 28 33 30 24 34 28
1401 22 34 29 20 38 1 18 8 37 45 34 28
1402 22 33 37 37 17 66 14 27 28 38 34 28
1403 22 37 35 32 28 223 23 15 31 73 34 28
1404 22 22 10 29 23 257 23 35 29 1 33 27
1405 22 28 26 18 28 193 28 48 21 1 33 27
1406 22 40 43 17 40 156 16 15 28 14 34 28
1407 22 33 34 30 29 102 18 21 20 63 34 28
1408 22 35 31 36 19 296 13 27 26 27 34 28
1409 22 43 51 28 34 167 21 5 26 51 34 28
1410 22 29 33 26 38 158 20 34 23 1 34 28
1411 22 35 36 31 35 107 22 11 24 20 34 28
1412 22 33 26 27 28 153 19 18 22 21 34 28
1413 22 34 33 46 14 24 26 15 27 48 34 27
1414 22 33 37 35 25 194 28 44 18 1 34 28
1415 22 41 33 16 31 122 21 16 37 26 34 28
1416 22 33 38 40 30 83 23 38 22 27 34 28
1417 22 31 32 32 27 197 25 35 29 58 34 28
1418 22 32 36 24 29 309 20 35 31 19 34 28
1419 22 27 33 41 25 94 28 48 26 38 34 28
1420 22 24 29 44 22 161 30 42 40 38 34 28
1421 22 37 40 21 30 284 24 15 27 57 34 28
1422 22 28 38 19 39 228 18 21 37 1 34 28
1423 22 25 24 33 31 248 23 44 27 1 33 27
1424 22 28 35 45 26 529 28 53 22 66 34 28
1425 22 29 36 25 41 476 20 27 29 49 34 28
1426 22 37 44 26 36 151 24 35 29 56 34 28
1427 22 36 45 45 37 179 15 30 26 52 34 28
1428 22 35 29 38 16 126 20 12 30 33 34 28
1429 22 27 29 35 29 334 24 22 29 11 34 28
1430 22 28 33 27 36 124 26 43 23 1 34 28
1431 22 32 39 26 33 241 25 30 27 71 34 28
1432 22 32 38 40 25 116 30 37 32 15 33 28
1433 22 36 40 40 30 269 27 27 22 34 34 28
1434 22 33 33 33 26 130 17 35 29 20 34 28
1435 22 37 42 21 35 329 21 17 34 44 34 28
1436 22 32 28 30 24 57 17 15 21 1 33 28
1437 22 38 36 32 27 86 19 23 28 58 34 28
1438 22 31 29 26 27 243 21 37 29 16 34 28
1439 22 34 30 18 33 237 16 38 27 4 34 28
1440 22 36 41 33 32 174 27 30 27 17 34 28
1441 22 27 28 25 26 139 21 44 32 10 34 28
1442 22 22 32 46 19 101 20 38 27 1 33 27
1443 22 26 17 15 33 131 16 29 35 1 33 27
1444 22 38 46 30 34 206 24 39 26 61 34 28
1445 22 26 12 7 25 172 24 42 30 1 33 27
1446 22 32 37 15 34 483 25 21 27 36 34 28
1447 22 34 25 17 35 116 18 36 28 1 34 28
1448 22 28 38 28 34 144 22 46 28 18 34 28
1449 22 38 42 34 28 358 20 40 31 40 34 28
1450 22 25 27 34 27 279 21 52 29 14 34 28
1451 22 30 38 26 39 244 27 36 34 1 33 28
1452 22 35 36 37 33 181 27 22 28 42 34 28
1453 22 29 35 32 36 266 22 21 28 24 34 28
1454 22 26 14 18 33 118 28 45 27 1 33 28
1455 22 27 11 2 28 119 12 28 23 1 33 27
1456 22 31 29 12 31 134 23 29 30 25 34 28
1457 22 31 42 29 43 185 26 40 23 64 34 28
1458 22 33 26 22 23 301 21 29 28 28 34 28
1459 22 28 40 47 33 88 32 64 27 1 34 28
1460 22 29 20 31 23 59 20 27 32 1 34 28
1461 22 31 29 17 35 183 23 42 27 1 34 28
1462 22 31 29 35 24 2 22 15 24 55 34 28
1463 22 30 22 5 37 97 22 35 27 1 33 28
1464 22 29 32 40 25 286 25 44 16 13 34 28
1465 22 33 38 27 33 105 22 37 23 66 34 28
1466 22 37 34 31 31 320 15 31 25 32 34 28
1467 22 31 19 24 22 192 28 41 27 1 33 27
1468 22 33 30 21 38 104 15 19 29 33 34 28
1469 22 35 33 33 24 297 20 15 32 57 34 28
1470 22 30 19 15 19 404 19 27 29 10 34 28
1471 22 34 39 40 32 156 19 18 25 41 34 28
1472 22 29 27 35 28 206 16 39 27 1 33 27
1473 22 28 34 40 27 151 30 30 27 61 34 28
1474 22 42 39 22 38 194 25 19 25 32 34 28
1475 22 37 51 38 31 249 21 15 36 79 34 28
1476 22 37 39 43 31 113 27 33 33 46 34 28
1477 22 30 22 25 23 174 21 29 26 1 34 28
1478 22 25 17 32 19 137 26 46 26 1 33 27
1479 22 29 27 27 23 174 22 28 25 43 34 28
1480 22 33 22 10 23 100 25 21 27 1 34 28
1481 22 37 32 17 39 288 21 25 28 10 34 28
1482 22 26 14 28 20 80 25 36 25 1 33 27
1483 22 33 37 30 32 218 14 38 30 17 34 28
1484 22 30 37 24 36 384 25 41 30 1 33 28
1485 22 37 31 30 26 41 20 13 24 38 34 28
1486 22 31 26 22 33 178 25 45 30 15 34 28
1487 22 39 38 32 33 182 19 24 27 71 34 28
1488 22 35 27 34 18 163 19 45 18 15 34 28
1489 22 22 10 22 27 191 25 45 27 1 33 27
1490 22 35 41 40 35 227 21 25 20 83 34 28
1491 22 24 24 36 25 113 21 40 33 5 34 28
1492 22 37 36 37 35 115 19 29 24 36 34 28
1493 22 31 38 30 36 86 19 17 32 38 34 28
1494 22 27 26 29 28 435 28 26 25 28 34 28
1495 22 33 32 15 30 1 18 1 31 12 34 28
1496 22 36 31 22 27 163 18 29 24 25 34 28
1497 23 31 37 26 32 211 25 37 26 50 35 28
1498 22 27 13 19 27 279 19 30 23 1 34 28
1499 22 31 36 27 23 439 26 29 29 58 34 28
1500 22 36 36 21 38 141 18 27 29 1 34 28
1501 22 25 28 38 26 197 22 52 25 1 34 28
1502 22 41 36 19 32 189 25 24 29 26 34 28
1503 22 37 30 12 34 73 22 9 26 46 34 28
1504 22 32 29 25 40 143 15 33 31 1 34 28
1505 22 32 36 22 36 99 21 34 28 19 34 28
1506 22 29 23 31 18 255 22 46 29 13 33 28
1507 22 31 35 30 30 214 20 38 30 21 34 28
1508 22 30 35 18 39 147 26 20 35 31 34 28
1509 22 28 38 31 35 120 25 31 25 9 34 28
1510 22 30 31 35 27 196 20 43 27 19 34 28
1511 22 29 25 18 30 101 21 21 22 30 34 28
1512 22 30 21 30 25 649 18 16 32 28 34 28
1513 22 33 32 23 29 229 19 41 24 1 34 28
1514 22 30 32 35 29 171 24 41 32 59 34 28
1515 22 39 43 40 25 101 24 9 28 81 34 28
1516 22 37 44 26 41 253 21 29 30 21 34 28
1517 22 35 36 26 36 185 19 16 32 11 34 28
1518 22 25 24 30 32 135 15 45 37 7 34 28
1519 22 29 17 22 26 247 20 29 23 1 34 28
1520 22 38 44 27 41 56 23 10 38 3 34 28
1521 22 37 37 23 39 241 19 24 36 1 34 28
1522 22 42 40 23 42 124 22 21 34 61 34 28
1523 22 28 35 38 23 202 22 44 37 46 34 28
1524 22 27 18 29 27 68 21 40 34 1 34 28
1525 22 28 35 34 29 207 19 25 27 29 34 28
1526 22 33 30 34 31 124 22 29 35 15 34 28
1527 22 30 19 25 20 251 24 25 23 13 34 28
1528 22 35 35 37 24 174 25 6 24 1 34 28
1529 22 37 28 31 22 87 20 6 23 40 34 28
1530 22 27 21 14 39 356 21 41 23 1 34 28
1531 22 37 40 46 28 220 23 25 32 58 34 28
1532 22 29 27 21 35 109 19 35 35 38 34 28
1533 22 28 18 23 26 1 27 35 29 1 33 27
1534 22 35 30 30 24 117 27 17 24 6 34 28
1535 22 28 26 31 22 189 24 22 22 1 34 28
1536 22 28 18 25 32 297 25 26 25 1 34 28
1537 22 28 27 20 31 273 23 27 32 12 34 28
1538 22 35 25 15 31 276 26 20 35 27 34 28
1539 22 25 32 41 21 164 27 38 27 38 34 28
1540 22 34 44 45 22 377 24 34 16 78 34 28
1541 22 32 30 26 33 154 17 27 27 10 34 28
1542 22 35 47 29 40 263 19 30 32 91 34 28
1543 22 30 20 25 21 110 24 36 24 15 34 28
1544 22 30 20 21 29 209 26 35 25 1 34 28
1545 22 31 30 27 31 137 22 32 25 57 34 28
1546 22 30 19 17 32 1 19 16 29 2 34 28
1547 22 27 18 29 27 160 23 27 28 1 33 28
1548 22 30 27 25 28 260 24 30 26 1 34 28
1549 22 27 18 28 20 150 20 39 28 7 34 28
1550 22 32 38 35 33 148 21 19 30 80 34 28
1551 22 27 15 3 33 72 12 10 43 1 33 27
1552 22 38 44 36 28 139 21 10 32 80 34 28
1553 22 33 34 23 28 197 15 41 26 41 34 28
1554 22 33 32 26 40 455 19 33 21 11 34 28
1555 22 34 33 25 30 179 25 24 27 25 34 28
1556 22 29 32 34 29 166 16 7 30 37 34 28
1557 22 35 30 33 28 157 25 23 27 5 34 28
1558 22 41 45 25 34 41 22 23 36 60 34 28
1559 22 28 33 27 42 205 20 43 30 9 34 28
1560 22 33 20 12 24 192 12 10 29 22 34 28
1561 22 35 43 36 37 241 24 28 27 18 34 28
1562 22 32 35 23 36 250 21 43 26 37 34 28
1563 22 30 19 18 29 105 18 29 20 4 34 28
1564 22 29 22 9 31 85 14 12 40 1 33 27
1565 22 35 41 23 40 184 29 42 32 19 34 28
1566 22 31 25 18 31 145 19 19 28 1 33 27
1567 22 32 40 42 15 22 20 24 29 42 34 28
1568 22 35 43 33 37 279 20 35 20 1 33 28
1569 22 27 12 17 27 158 22 42 20 1 34 28
1570 22 37 35 26 29 484 22 47 21 21 34 28
1571 22 30 25 20 30 177 25 16 32 1 33 27
1572 22 30 37 37 37 234 26 24 33 28 34 28
1573 22 29 27 24 30 356 24 35 32 47 34 28
1574 22 24 11 6 35 73 29 36 36 1 33 27
1575 22 39 43 34 36 112 23 22 29 67 34 28
1576 22 26 14 22 27 147 24 29 32 1 33 28
1577 22 29 17 19 27 84 15 33 32 21 34 28
1578 22 37 32 37 18 123 28 25 24 46 34 28
1579 22 27 22 41 17 30 26 19 23 1 33 27
1580 22 32 32 35 30 147 24 34 24 7 34 28
1581 22 34 25 15 37 16 19 13 30 1 34 28
1582 22 34 36 37 28 161 22 13 26 11 34 28
1583 22 26 16 14 29 119 22 45 28 1 33 27
1584 22 30 35 41 31 46 17 27 31 4 34 28
1585 22 36 37 42 20 152 18 26 22 34 34 28
1586 22 36 35 34 27 31 23 20 23 27 34 28
1587 22 30 38 48 18 287 24 26 21 27 34 28
1588 22 32 31 34 36 131 28 53 30 22 34 28
1589 22 39 46 35 34 1 19 27 22 78 34 28
1590 22 24 30 34 37 162 18 42 31 1 33 28
1591 22 28 19 15 36 233 19 40 30 1 34 28
1592 22 29 22 25 27 157 19 26 20 24 34 28
1593 22 32 30 18 37 219 21 22 25 49 34 28
1594 22 33 41 39 24 168 21 41 26 46 34 28
1595 22 39 42 31 40 430 29 18 27 51 34 28
1596 22 44 47 34 28 30 18 2 29 43 34 28
1597 22 22 27 35 29 82 16 42 28 11 34 28
1598 22 41 40 18 39 148 20 28 28 50 34 28
1599 22 34 40 36 33 84 20 38 26 74 34 28
1600 22 31 31 29 35 308 18 50 31 1 34 28
1601 22 36 23 17 26 70 17 26 35 13 34 28
1602 22 37 32 26 31 332 22 43 23 31 34 28
1603 22 30 34 37 22 298 24 21 25 9 34 28
1604 22 30 35 31 32 129 24 21 37 1 34 28
1605 22 31 30 33 23 338 22 27 29 1 33 28
1606 22 28 15 17 22 221 22 31 32 1 33 27
1607 22 36 33 41 30 167 22 35 26 48 34 28
1608 22 36 32 22 30 150 20 8 15 57 34 28
1609 22 34 25 26 23 142 21 4 30 39 34 28
1610 22 35 36 29 26 188 25 38 26 49 34 28
1611 22 34 30 19 33 138 26 13 29 22 34 28
1612 22 30 20 16 33 107 32 38 20 1 34 28
1613 22 31 35 35 29 139 15 28 34 56 34 28
1614 22 30 33 25 31 92 19 31 31 22 34 28
1615 22 31 24 28 22 179 29 30 19 1 34 28
1616 22 35 32 15 37 156 22 21 28 4 34 28
1617 22 29 20 3 40 103 16 20 33 1 34 28
1618 22 37 41 32 24 179 22 31 29 72 34 28
1619 22 33 23 18 25 246 24 36 30 1 33 27
1620 22 25 23 26 29 91 26 43 34 3 34 28
1621 22 29 33 16 39 366 17 31 21 1 34 28
1622 22 37 40 28 32 96 11 13 25 32 34 28
1623 22 40 36 25 27 258 22 20 32 65 34 28
1624 22 27 34 37 25 186 20 43 22 1 33 28
1625 22 30 34 23 33 238 25 42 30 1 34 28
1626 22 32 27 17 38 153 21 20 26 1 33 27
1627 22 36 39 42 27 130 24 32 20 17 34 28
1628 22 42 43 21 39 112 23 1 35 55 34 28
1629 22 29 23 21 28 110 19 25 28 1 33 28
1630 22 19 1 31 21 56 28 39 29 1 33 27
1631 22 36 27 25 17 89 22 24 17 78 34 28
1632 22 18 15 22 33 64 24 37 30 1 33 27
1633 22 29 37 43 30 168 18 46 32 51 34 28
1634 22 42 39 17 34 164 23 2 30 52 34 28
1635 22 32 39 38 24 193 25 18 33 33 34 28
1636 22 32 23 24 26 168 23 44 20 1 33 27
1637 22 35 41 32 33 526 24 47 32 25 34 28
1638 22 28 33 28 34 107 27 43 28 20 34 28
1639 22 31 33 26 31 221 17 27 24 1 34 28
1640 22 33 41 42 27 213 18 11 25 36 34 28
1641 22 31 23 26 33 112 15 31 20 1 34 28
1642 22 34 31 32 25 647 26 18 31 1 34 28
1643 22 24 22 22 23 103 17 36 36 1 33 27
1644 22 34 26 17 31 321 22 17 40 51 34 28
1645 22 39 48 20 44 258 19 14 31 64 34 27
1646 22 24 19 32 22 407 19 20 31 1 33 27
1647 22 40 41 28 31 370 15 11 31 24 33 28
1648 22 31 34 37 26 25 13 14 25 62 34 28
1649 22 32 21 20 25 187 20 14 27 10 33 28
1650 22 33 36 34 32 99 24 37 23 8 34 28
1651 22 27 22 28 28 298 25 51 22 1 33 27
1652 23 28 29 29 33 219 26 28 35 1 34 28
1653 22 28 24 21 33 164 40 32 36 1 33 27
1654 22 38 42 19 37 145 19 22 31 40 34 27
1655 22 27 34 49 16 252 15 36 24 52 34 28
1656 22 31 28 21 31 110 15 29 29 19 34 27
1657 22 38 43 33 36 201 21 31 27 83 34 28
1658 22 31 33 33 29 136 20 13 25 17 34 28
1659 22 28 35 28 32 80 26 36 33 1 33 27
1660 22 27 22 30 21 74 25 37 23 1 33 27
1661 22 37 41 18 40 281 19 27 26 67 34 28
1662 22 26 29 35 38 240 29 42 26 1 33 27
1663 22 35 32 25 23 164 24 20 30 20 33 28
1664 22 40 42 33 34 179 20 22 27 40 34 28
1665 22 33 31 13 40 196 19 22 34 35 34 28
1666 22 28 28 32 27 396 26 29 37 1 33 27
1667 22 31 24 16 33 110 18 31 28 1 34 27
1668 22 37 36 27 35 158 26 18 29 46 34 28
1669 22 27 10 13 31 335 18 33 28 1 33 27
1670 22 24 34 31 32 72 26 34 21 6 34 28
1671 22 30 30 33 27 287 23 29 27 40 34 28
1672 22 28 22 22 30 45 17 28 27 21 33 28
1673 22 36 35 12 42 146 23 10 29 84 34 28
1674 22 30 31 25 28 84 14 30 42 38 34 28
1675 22 26 21 30 23 119 21 43 29 1 33 27
1676 22 40 44 35 25 124 26 20 26 43 34 28
1677 22 41 37 12 33 113 22 7 30 46 34 28
1678 22 36 45 34 36 719 24 25 28 104 34 28
1679 22 27 25 22 28 158 28 32 26 1 33 27
1680 22 37 24 17 25 255 17 16 27 10 33 27
1681 22 33 29 25 32 540 22 37 23 7 34 28
1682 22 31 19 29 16 203 26 28 19 1 33 28
1683 22 41 40 29 19 90 25 15 30 100 34 28
1684 22 22 17 28 29 235 20 27 35 1 33 27
1685 22 25 18 6 35 262 26 42 30 1 33 27
1686 22 37 41 13 45 103 17 17 25 30 34 28
1687 22 41 40 20 40 163 23 14 34 57 34 28
1688 22 25 25 31 34 265 22 44 28 1 33 27
1689 22 35 29 18 28 521 23 40 27 33 34 28
1690 22 26 27 19 29 284 23 38 30 24 33 28
1691 22 28 15 22 23 247 24 22 28 1 33 27
1692 22 48 1061 414 544 1803 20 28 29 17 34 28
1693 22 33 37 29 41 90 24 28 25 35 34 28
1694 22 30 33 37 29 112 22 40 34 1 34 28
1695 22 38 34 38 21 81 18 12 23 49 34 28
1696 22 40 39 10 28 270 22 31 29 22 34 28
1697 22 34 28 34 22 193 25 13 24 14 34 28
1698 22 23 24 25 32 1 16 35 35 8 34 28
1699 22 25 25 38 28 146 21 40 26 1 33 28
1700 22 23 17 37 24 40 20 34 21 15 33 27
1701 22 33 34 36 27 156 28 35 21 40 34 28
1702 22 33 36 40 13 558 16 19 24 45 34 28
1703 22 26 21 30 27 175 22 42 21 1 33 28
1704 22 37 23 20 27 188 15 13 23 9 34 28
1705 22 24 28 38 29 243 27 51 32 1 33 28
1706 22 29 29 19 28 94 26 13 24 9 33 28
1707 22 30 36 21 36 151 24 13 45 1 33 28
1708 22 32 37 27 29 402 13 25 33 67 34 28
1709 22 30 29 38 23 221 28 42 38 3 34 28
1710 22 31 34 34 29 137 28 31 24 30 34 28
1711 22 29 24 42 9 179 25 40 26 29 34 28
1712 22 32 21 10 31 112 27 23 27 1 33 27
1713 22 26 11 31 22 199 24 34 20 6 34 28
1714 22 28 17 16 26 61 21 15 27 1 33 27
1715 22 27 33 30 41 150 21 53 36 1 33 27
1716 22 32 26 25 25 166 21 26 28 1 34 28
1717 22 31 39 31 30 204 20 36 29 28 34 28
1718 22 31 20 17 29 62 23 29 28 1 34 28
1719 22 33 38 35 29 219 20 52 22 1 33 27
1720 22 37 27 14 26 484 22 15 23 35 34 28
1721 22 26 34 23 38 104 20 43 29 1 33 27
1722 22 31 21 27 21 59 23 12 26 33 34 28
1723 22 46 45 17 40 251 27 10 23 73 34 28
1724 22 31 37 31 32 288 18 32 34 17 34 28
1725 22 33 37 40 17 184 16 16 25 99 34 28
1726 22 30 30 18 31 167 20 35 27 19 34 28
1727 22 34 37 20 30 190 20 33 31 1 34 28
1728 22 37 46 39 31 225 19 26 25 91 34 28
1729 22 32 36 28 34 226 24 39 30 1 33 27
1730 22 28 23 20 35 234 26 18 29 2 33 28
1731 22 40 50 32 28 365 19 20 24 84 34 28
1732 22 34 24 9 32 118 26 14 26 1 33 27
1733 22 26 13 30 26 170 28 35 32 1 33 27
1734 22 38 40 38 22 217 24 25 12 36 34 28
1735 22 32 32 30 33 140 25 40 20 35 34 28
1736 22 32 34 11 45 193 24 27 33 39 34 28
1737 22 34 42 42 31 201 23 13 27 67 34 28
1738 22 28 27 36 19 200 26 37 22 5 34 28
1739 22 32 32 12 37 123 19 22 26 16 34 28
1740 22 40 39 26 32 138 20 33 26 29 34 28
1741 22 34 41 20 31 128 24 16 31 79 34 28
1742 22 32 35 14 42 137 28 34 29 14 34 28
1743 22 38 39 27 34 256 17 8 33 48 34 27
1744 22 31 29 37 19 186 20 30 23 7 33 27
1745 22 29 20 20 29 683 27 28 23 1 34 28
1746 22 27 24 37 18 99 16 24 25 7 33 27
1747 22 33 41 45 29 280 19 38 22 1 33 27
1748 22 25 8 31 20 146 22 25 21 1 33 27
1749 22 24 17 23 25 191 21 50 20 1 33 27
1750 22 25 15 27 18 154 26 13 31 1 33 27
1751 22 26 18 31 24 158 25 31 22 1 33 27
1752 22 28 25 33 26 117 25 27 21 21 33 28
1753 22 31 36 34 27 513 18 30 31 11 34 27
1754 22 28 20 7 37 148 26 31 37 1 33 27
1755 22 33 28 15 34 343 13 28 26 54 34 28
1756 22 44 35 13 28 108 21 16 27 59 34 27
1757 22 33 31 23 32 34 15 7 29 47 34 28
1758 22 33 36 39 21 321 20 18 24 14 34 28
1759 22 28 12 13 26 137 25 18 25 1 33 27
1760 22 31 38 29 31 97 23 46 22 34 34 28
1761 22 36 34 31 31 1 19 23 33 54 34 28
1762 22 29 28 32 26 282 22 35 26 1 34 27
1763 22 19 5 31 22 97 15 54 23 1 33 27
1764 22 27 17 3 36 227 17 36 26 1 34 28
1765 22 41 36 14 35 185 19 27 26 39 34 28
1766 22 24 8 21 25 11 23 33 16 1 33 27
1767 22 32 24 30 26 324 16 42 28 10 34 28
1768 22 30 35 30 32 139 22 42 30 32 34 28
1769 22 39 35 19 25 186 33 15 26 49 34 28
1770 22 31 34 25 36 219 15 30 26 13 34 28
1771 22 37 44 21 43 222 18 25 33 1 34 28
1772 22 27 20 22 26 264 17 35 24 1 33 27
1773 23 23 9 24 28 390 20 42 18 1 34 28
1774 22 28 20 37 14 235 20 41 29 1 33 27
1775 22 29 15 14 26 639 26 34 20 6 33 27
1776 22 33 38 28 30 143 15 20 21 17 34 28
1777 22 35 39 37 27 161 25 17 22 13 34 28
1778 22 23 18 27 29 93 27 53 20 1 33 27
1779 22 29 28 27 41 115 24 37 23 8 34 28
1780 22 29 33 36 34 99 22 41 33 1 33 27
1781 22 30 26 15 34 245 28 27 34 11 34 28
1782 22 30 38 36 33 238 16 29 19 30 34 28
1783 22 32 30 9 27 161 18 19 31 38 34 28
1784 22 32 35 20 35 153 24 22 29 18 34 28
1785 22 36 28 16 34 102 23 20 26 56 34 28
1786 22 28 32 41 28 83 23 43 24 10 34 28
1787 22 35 28 24 22 142 17 26 25 16 34 28
1788 22 35 23 5 32 87 18 28 28 1 34 28
1789 22 34 32 32 22 281 16 22 25 38 34 28
1790 22 37 39 26 38 213 28 29 24 46 34 28
1791 22 28 33 18 37 250 18 47 18 23 34 28
1792 22 35 35 28 31 191 18 23 29 32 34 28
1793 22 37 43 36 32 313 19 23 37 42 34 28
1794 22 32 24 10 25 756 20 23 24 1 34 28
1795 22 30 15 29 15 169 21 22 22 1 33 27
1796 22 32 21 19 28 52 26 36 33 21 33 28
1797 22 24 28 40 27 191 17 28 23 1 33 27
1798 22 29 29 33 32 78 23 46 19 1 33 27
1799 22 33 37 31 35 579 14 36 22 86 34 28
1800 22 26 30 25 39 96 27 45 26 23 33 28
1801 22 22 14 29 21 121 25 40 26 1 33 27
1802 22 30 34 31 34 149 31 43 35 50 34 28
1803 22 32 34 22 37 128 22 28 33 7 34 28
1804 22 32 30 15 38 72 17 26 35 28 34 27
1805 22 39 44 24 35 496 24 30 30 86 34 28
1806 22 24 24 19 32 134 23 43 31 7 33 27
1807 22 28 22 18 33 102 25 27 29 1 33 27
1808 22 40 36 24 25 150 20 7 18 38 34 28
1809 22 25 31 22 35 219 18 48 31 50 34 28
1810 22 30 23 30 25 160 18 28 27 1 34 28
1811 22 36 42 24 38 278 18 27 31 33 34 28
1812 22 30 15 26 26 175 15 32 25 19 33 28
1813 22 36 28 20 36 173 24 26 19 20 34 28
1814 22 40 43 15 39 167 13 13 25 41 34 27
1815 22 32 39 38 30 109 19 34 29 84 34 28
1816 22 25 15 26 29 105 29 36 21 1 33 27
1817 22 35 47 30 39 120 15 22 28 51 34 28
1818 22 38 41 24 39 117 29 37 32 24 34 28
1819 22 31 18 20 22 132 21 24 26 1 34 28
1820 22 36 39 27 27 164 34 32 36 67 34 28
1821 22 24 33 36 32 207 19 34 30 1 33 27
1822 22 34 44 30 32 156 18 27 26 41 34 28
1823 22 31 28 37 26 130 18 22 19 40 34 28
1824 22 31 23 16 31 154 26 36 27 15 34 28
1825 22 33 39 37 33 919 26 30 28 62 34 28
1826 22 33 18 1 33 338 17 23 24 1 34 28
1827 22 34 37 25 27 288 27 14 27 54 34 28
1828 22 39 42 40 22 499 16 41 31 47 34 28
1829 22 34 41 27 37 98 27 26 31 39 34 28
1830 22 29 28 30 28 261 19 22 24 1 34 28
1831 22 35 40 25 36 124 22 19 33 29 34 28
1832 22 32 36 11 44 349 31 27 38 53 34 28
1833 22 35 22 21 23 276 25 22 21 1 33 27
1834 22 36 38 19 36 27 27 29 24 7 34 28
1835 22 29 13 3 37 158 27 24 31 1 33 27
1836 22 237 1227 66 30 147 28 38 29 29 34 28
1837 22 32 34 16 40 153 18 17 31 1 34 28
1838 22 32 29 16 33 160 31 43 34 7 34 28
1839 22 37 42 42 28 221 22 16 19 58 34 28
1840 22 36 36 27 32 142 18 40 14 9 34 28
1841 22 32 40 28 39 150 15 37 28 6 34 28
1842 22 30 35 30 31 153 21 29 23 1 33 27
1843 22 28 29 26 27 173 26 37 23 49 34 28
1844 22 31 28 37 17 347 17 35 29 65 34 28
1845 22 31 27 26 28 136 24 47 21 1 33 27
1846 22 38 37 19 32 105 16 15 30 39 34 28
1847 22 41 47 17 48 127 28 20 35 59 34 28
1848 22 33 44 38 32 185 21 20 30 65 34 28
1849 22 34 35 36 24 454 22 16 26 31 34 28
1850 22 38 44 19 42 231 25 16 33 40 34 28
1851 22 30 18 19 27 113 17 32 27 1 34 27
1852 22 37 41 20 36 139 19 28 21 101 34 28
1853 22 34 37 39 29 133 25 13 30 62 34 28
1854 22 28 20 14 37 324 25 42 35 1 33 27
1855 22 37 33 13 38 105 24 15 31 35 34 28
1856 22 35 23 8 32 265 25 28 36 8 34 28
1857 22 38 45 24 38 275 26 11 31 24 34 28
1858 22 28 31 25 35 272 22 34 32 1 33 27
1859 22 31 23 24 21 414 22 43 24 18 33 27
1860 22 31 30 16 35 243 17 24 31 30 34 28
1861 22 25 12 12 31 558 26 33 33 1 33 27
1862 22 42 47 24 36 285 22 27 28 74 34 28
1863 22 38 48 41 33 72 29 20 19 88 34 28
1864 22 30 32 33 28 87 24 17 34 25 34 28
1865 22 44 44 35 29 212 21 8 25 70 34 28
1866 22 35 39 28 34 134 22 35 22 20 34 28
1867 22 35 38 31 29 99 24 1 32 41 34 28
1868 22 32 29 26 28 233 29 33 23 1 34 28
1869 22 27 19 23 30 232 18 30 18 1 33 27
1870 22 45 43 9 44 123 20 24 28 40 34 28
1871 22 34 36 27 35 97 26 32 22 10 34 28
1872 22 35 34 34 31 71 22 24 26 6 34 28
1873 22 35 31 35 21 225 25 18 31 57 34 28
1874 22 38 25 9 30 198 21 35 21 21 34 28
1875 22 32 38 30 38 133 22 22 27 1 34 28
1876 22 29 20 17 28 150 26 34 26 1 33 27
1877 22 34 42 42 22 239 27 42 25 55 34 28
1878 22 31 29 26 30 5 21 16 28 37 34 28
1879 22 30 36 45 20 156 16 23 41 32 34 28
1880 22 35 32 24 34 309 19 35 27 1 34 28
1881 22 23 23 36 22 77 21 49 22 1 33 27
1882 22 44 43 17 33 688 20 10 21 95 34 28
1883 22 31 39 28 31 126 17 38 23 26 34 28
1884 22 26 36 51 19 140 12 43 24 8 34 28
1885 22 29 38 46 19 76 24 33 31 38 34 28
1886 22 37 39 37 29 102 23 26 23 31 34 28
1887 22 24 29 40 21 568 28 29 29 18 33 28
1888 22 29 36 40 23 171 17 27 22 47 34 28
1889 22 25 32 34 34 141 24 47 29 33 34 28
1890 22 31 28 10 36 152 26 15 28 45 34 28
1891 22 34 33 29 28 151 12 31 24 32 34 28
1892 22 36 43 43 36 294 23 20 28 11 34 28
1893 22 29 35 30 30 84 16 23 31 54 34 28
1894 22 33 33 35 30 246 18 27 29 23 34 28
1895 22 27 30 34 29 213 17 43 27 42 34 28
1896 22 29 33 29 29 229 28 31 30 23 34 28
1897 22 32 16 26 15 155 21 16 28 35 34 27
1898 22 41 34 27 27 126 21 20 30 53 34 28
1899 22 34 32 9 35 197 23 23 25 39 34 28
1900 22 31 28 19 34 298 27 47 27 27 34 28
1901 22 32 35 26 39 195 21 23 30 1 34 27
1902 22 30 36 23 30 142 18 27 30 38 34 28
1903 22 33 33 32 22 260 27 12 31 51 34 28
1904 22 28 18 16 27 131 18 41 29 1 33 28
1905 22 36 38 37 26 219 24 25 26 49 34 28
1906 22 30 33 43 27 72 25 34 24 63 34 28
1907 22 30 31 23 34 165 17 37 30 1 33 27
1908 22 35 24 21 33 126 12 14 31 56 34 27
1909 22 41 41 31 33 216 26 20 33 50 34 28
1910 22 30 20 9 33 132 14 23 33 1 33 27
1911 22 28 34 31 29 193 16 42 22 13 34 28
1912 22 32 30 31 31 170 21 33 28 6 34 28
1913 22 33 40 43 22 146 23 27 30 46 34 28
1914 22 21 15 30 29 21 21 31 29 1 33 27
1915 22 29 31 27 31 666 22 26 24 23 34 28
1916 22 33 33 29 26 224 22 27 22 13 33 27
1917 22 37 32 21 31 182 23 12 32 9 33 27
1918 22 36 38 31 34 173 22 24 25 90 34 28
1919 22 41 43 28 31 1704 22 16 29 64 34 28
1920 22 35 39 34 31 126 25 16 26 51 34 28
1921 22 34 43 28 38 179 15 44 25 44 34 28
1922 22 25 10 1 40 254 16 21 32 1 33 27
1923 22 29 30 10 39 135 24 24 25 1 33 27
1924 22 31 25 18 28 102 23 31 25 25 34 28
1925 22 34 27 23 24 112 24 20 27 11 34 28
1926 22 30 31 23 31 144 16 26 27 15 34 28
1927 22 30 33 39 30 96 24 30 28 31 34 28
1928 22 39 41 40 27 69 29 9 25 97 34 28
1929 22 25 23 38 23 311 25 45 20 15 33 28
1930 22 32 31 29 31 46 18 33 31 73 34 28
1931 22 29 25 31 21 152 25 34 25 1 33 27
1932 22 33 38 25 35 117 14 19 31 85 34 28
1933 22 30 22 9 40 577 24 22 26 1 34 28
1934 22 32 42 28 45 168 24 48 30 22 33 27
1935 22 38 39 19 38 257 23 18 25 47 34 28
1936 22 31 36 45 30 109 20 28 27 33 34 28
1937 22 27 30 16 38 203 28 47 32 1 33 27
1938 22 34 31 18 32 228 23 43 25 28 34 28
1939 22 35 42 37 30 235 25 22 16 48 34 28
1940 22 26 21 36 24 192 21 24 26 23 33 27
1941 22 32 36 31 35 732 25 23 29 60 34 28
1942 22 26 36 41 26 276 23 42 28 42 34 28
1943 22 33 20 3 34 127 17 32 29 2 34 28
1944 22 31 21 12 29 234 24 25 28 36 34 28
1945 22 29 33 30 32 261 23 50 32 1 34 28
1946 22 26 23 7 41 294 27 37 35 1 34 28
1947 22 26 16 25 32 24 17 37 28 1 33 27
1948 22 28 22 20 27 98 20 40 20 1 33 27
1949 22 24 9 16 27 107 17 14 28 1 33 27
1950 22 22 16 32 20 183 20 52 29 1 33 27
1951 22 22 23 44 18 147 22 35 25 1 33 27
1952 22 33 24 21 24 458 27 37 30 9 33 27
1953 22 32 26 15 34 188 18 50 28 19 33 27
1954 22 35 33 33 33 133 25 22 35 1 33 27
1955 22 40 43 30 41 191 26 38 21 32 34 28
1956 22 32 29 33 25 149 23 19 29 12 34 28
1957 22 27 22 19 24 223 17 41 23 1 33 27
1958 22 26 25 41 26 127 17 23 28 1 33 27
1959 22 29 30 25 26 105 20 28 32 1 33 27
1960 22 32 39 41 27 168 15 41 23 62 34 28
1961 22 30 28 29 30 114 23 25 20 6 33 27
1962 22 32 28 23 32 161 21 29 27 1 34 27
1963 22 35 40 23 41 550 26 32 24 1 33 27
1964 22 28 26 28 26 224 19 29 23 20 33 28
1965 22 34 38 34 29 372 24 15 24 74 34 28
1966 22 28 35 46 19 158 20 40 26 37 34 27
1967 22 33 30 17 35 117 25 32 32 1 34 27
1968 22 38 45 31 36 74 19 23 25 39 34 28
1969 22 25 12 20 32 76 17 43 28 1 33 27
1970 22 32 32 39 17 306 23 30 19 18 33 27
1971 22 28 29 19 28 223 23 35 31 8 34 28
1972 22 31 34 17 31 271 30 35 23 1 33 27
1973 22 27 30 38 19 141 17 35 21 4 33 28
1974 22 37 37 27 37 273 26 34 27 18 34 28
1975 22 31 32 24 36 135 23 28 30 40 34 28
1976 22 31 33 28 32 230 24 37 28 68 34 28
1977 22 29 27 20 31 140 160 25 27 8 34 28
1978 22 33 20 31 18 113 15 20 28 1 33 27
1979 22 34 36 15 38 392 26 17 37 60 34 28
1980 22 38 38 39 26 170 24 43 24 60 34 28
1981 22 20 18 33 28 109 26 37 34 1 33 27
1982 22 24 33 35 27 182 25 48 31 1 33 27
1983 22 33 33 24 22 329 24 12 27 53 34 28
1984 22 37 44 30 37 193 20 37 25 31 34 27
1985 22 40 37 32 33 111 28 36 31 63 34 28
1986 22 26 22 25 31 108 26 51 25 1 34 28
1987 22 32 29 17 33 160 31 48 34 10 34 28
1988 22 36 42 39 30 79 23 17 23 103 34 28
1989 22 33 41 32 31 172 23 29 99 34 34 28
1990 22 28 28 25 34 172 19 32 31 14 34 28
1991 22 20 29 38 23 189 19 58 34 1 33 28
1992 22 27 14 19 26 46 27 36 25 1 34 28
1993 22 31 40 18 40 187 23 39 26 70 34 28
1994 22 34 35 29 34 48 28 19 32 70 34 28
1995 22 31 26 22 26 453 22 27 26 4 34 28
1996 22 39 33 28 23 149 22 16 21 40 34 28
1997 22 32 23 27 17 406 17 18 17 6 34 28
1998 22 38 41 47 17 231 24 29 30 54 34 28
1999 22 31 32 29 31 47 24 39 31 22 34 28
2000 22 36 34 30 26 396 22 31 29 35 34 28
