1 22 67 23 18 24 46 20 25 19 23 33 27
2 22 107 8 8 31 8 18 33 27 34 34 27
3 22 136 36 31 29 49 20 20 22 20 33 28
4 22 103 33 46 26 1 24 42 24 13 33 28
5 22 75 31 39 21 3 16 41 22 9 33 27
6 22 73 17 31 24 1 25 29 27 13 33 27
7 22 153 29 33 32 18 22 43 28 15 33 28
8 22 93 33 26 30 25 25 30 24 21 33 28
9 22 81 15 1 34 7 22 22 24 22 33 27
10 22 107 26 25 22 9 21 29 28 29 34 27
11 22 78 20 1 33 25 23 24 30 28 34 27
12 38 209 71 43 54 26 29 60 50 52 55 48
13 22 214 25 28 29 25 16 34 27 10 33 28
14 22 64 34 26 34 51 22 28 16 9 33 28
15 22 121 37 32 31 34 23 27 28 20 33 28
16 22 106 39 27 25 45 16 18 23 26 34 27
17 22 65 26 7 37 1 22 20 36 36 34 27
18 22 137 42 16 41 29 24 15 34 39 34 28
19 22 51 33 47 20 48 25 38 24 17 33 27
20 22 81 30 25 31 68 18 32 29 13 33 28
21 22 108 31 40 23 1 16 44 34 10 33 28
22 22 121 28 33 30 1 23 33 36 30 34 28
23 22 74 37 23 29 1 22 29 24 20 34 28
24 22 81 40 28 25 46 22 46 34 18 33 28
25 22 155 30 29 39 1 20 36 28 12 33 28
26 22 50 20 22 25 18 24 32 25 10 33 27
27 22 61 19 16 34 54 22 26 21 19 33 28
28 22 37 19 14 40 50 21 48 36 9 33 27
29 22 81 39 53 23 16 24 44 34 7 33 27
30 22 142 34 24 29 50 20 2 24 31 34 28
31 22 726 33 26 32 34 16 51 15 15 33 28
32 22 131 38 31 29 36 25 29 29 26 34 28
33 22 103 33 38 22 25 15 7 29 29 34 28
34 22 147 15 21 25 17 19 33 23 14 33 27
35 22 109 35 29 28 88 24 27 33 20 33 28
36 22 128 25 24 38 35 22 40 22 15 33 28
37 22 116 46 29 40 61 19 16 32 29 34 28
38 22 198 13 15 25 1 19 14 26 21 33 27
39 22 126 45 20 34 41 22 22 30 26 33 27
40 22 1149 21 12 36 1 18 31 32 20 33 27
41 22 75 24 32 24 1 24 34 30 19 33 28
42 22 180 34 22 34 30 20 34 22 24 33 27
43 22 264 41 41 33 16 22 37 26 14 33 27
44 22 106 27 14 29 28 20 25 29 28 34 28
45 22 78 48 29 28 99 15 18 31 34 34 28
46 22 148 33 29 31 1 17 20 29 34 34 28
47 22 65 36 37 33 69 24 30 22 14 34 28
48 22 123 37 32 29 54 23 38 26 16 33 28
49 22 87 52 28 34 76 21 18 36 32 34 27
50 22 71 30 30 29 1 20 16 24 29 34 28
51 22 115 31 18 29 96 17 22 22 20 33 27
52 22 142 39 28 36 31 17 27 36 30 34 27
53 22 102 18 30 19 1 18 36 24 10 33 27
54 22 39 23 34 26 1 16 37 29 20 33 28
55 22 92 41 43 25 1 17 21 29 27 34 28
56 22 195 27 14 42 55 20 56 86 9 33 28
57 22 153 28 19 29 34 26 28 20 23 33 27
58 22 82 21 32 27 61 24 32 29 15 33 27
59 22 110 38 38 26 42 25 27 25 30 34 28
60 22 54 32 44 15 1 24 22 29 20 33 28
61 22 119 34 23 30 1 22 12 28 37 34 28
62 22 74 27 23 35 36 21 37 29 20 33 27
63 22 49 31 39 27 21 25 48 19 1 34 27
64 22 208 38 31 25 38 24 37 31 26 33 27
65 22 76 37 32 31 100 22 22 23 17 33 28
66 22 75 40 36 37 58 24 52 28 10 33 27
67 22 240 40 27 27 13 23 1 32 36 34 27
68 22 53 36 35 31 41 15 28 28 19 33 28
69 22 210 35 29 29 85 16 21 26 28 34 27
70 22 109 37 15 39 93 23 28 28 25 34 27
71 22 166 36 39 23 30 17 6 28 25 33 28
72 22 155 30 44 18 14 20 37 24 7 33 27
73 22 283 9 6 30 11 17 32 18 18 33 27
74 22 73 22 32 25 1 16 21 24 23 33 27
75 22 48 33 29 32 94 24 51 25 6 33 28
76 22 71 36 36 22 38 21 11 25 22 33 27
77 22 112 26 13 27 40 22 26 39 30 34 27
78 22 109 24 22 32 32 19 23 15 29 34 27
79 22 58 32 47 18 1 22 46 30 19 33 28
80 22 55 35 36 30 11 25 36 18 11 33 27
81 22 146 32 20 32 66 20 18 33 38 34 27
82 22 216 44 18 45 69 26 34 23 16 33 27
83 22 132 36 41 20 45 28 20 27 20 33 27
84 22 172 32 39 22 33 18 39 36 16 33 28
85 22 215 36 22 27 29 12 1 32 40 34 28
86 22 82 23 16 34 17 19 37 31 11 33 27
87 22 69 34 37 28 5 18 31 32 25 33 28
88 22 100 32 2 36 112 22 22 33 27 34 28
89 22 163 27 24 33 1 18 16 34 32 34 28
90 22 145 29 17 32 6 18 23 30 26 33 27
91 22 135 23 16 27 15 21 10 32 27 34 27
92 22 109 38 13 38 1 19 16 28 34 34 27
93 22 101 42 38 29 21 19 31 26 14 33 27
94 22 91 42 21 40 105 22 25 32 26 34 28
95 22 104 39 40 28 1 18 27 24 21 33 28
96 22 81 30 22 37 54 17 47 20 3 33 27
97 22 171 9 17 27 12 24 28 32 17 33 27
98 22 350 40 20 30 48 21 1 35 42 34 27
99 22 113 36 31 36 1 18 27 19 19 33 27
100 22 25 20 41 24 1 21 43 25 9 33 27
101 22 93 25 33 24 55 27 30 24 18 33 28
102 22 94 35 25 29 49 19 37 23 16 33 28
103 22 106 40 7 37 50 23 24 30 25 34 28
104 22 99 39 34 29 68 23 42 24 13 33 28
105 22 43 25 31 25 31 25 44 25 19 33 27
106 22 78 21 26 31 40 25 36 28 10 33 27
107 22 48 26 35 22 1 21 36 21 13 33 27
108 22 106 40 31 25 10 18 8 30 30 34 27
109 22 83 21 25 32 1 21 42 22 7 33 28
110 22 51 20 31 24 30 28 37 27 8 33 27
111 22 77 41 27 40 35 28 42 24 23 33 27
112 22 207 22 31 23 1 22 7 28 28 34 27
113 22 80 42 19 36 55 23 29 31 31 34 28
114 22 111 32 31 31 28 28 33 24 16 33 28
115 22 73 33 27 28 59 27 48 34 8 33 27
116 22 297 37 20 34 38 24 39 17 13 33 27
117 22 80 37 36 26 40 17 17 27 33 34 28
118 22 185 44 30 41 12 21 48 26 13 33 27
119 22 63 31 20 43 1 25 30 21 18 33 27
120 22 30 12 23 26 1 23 38 25 7 33 27
121 22 132 22 18 30 4 23 9 24 30 34 27
122 22 61 22 22 32 59 22 46 28 1 33 27
123 22 130 27 19 29 35 21 30 27 19 33 28
124 22 140 32 30 28 29 18 13 25 34 34 28
125 22 148 25 26 22 1 22 19 26 29 34 28
126 22 113 17 23 31 1 23 33 23 16 33 27
127 22 71 44 43 26 33 20 34 34 13 33 28
128 22 79 16 11 22 23 22 35 33 23 33 27
129 22 100 35 34 34 21 22 36 32 24 33 27
130 22 131 42 18 37 85 27 22 33 25 34 27
131 22 94 35 25 27 53 24 37 20 23 33 28
132 22 77 25 32 26 35 18 32 27 16 33 27
133 22 154 42 48 26 24 26 27 29 30 34 27
134 22 76 45 32 21 24 19 20 35 27 34 27
135 22 69 41 41 29 23 22 18 29 35 34 27
136 22 106 13 25 17 1 24 30 26 22 33 27
137 22 83 50 40 29 41 16 25 21 20 33 27
138 22 91 30 31 24 37 19 26 33 21 34 28
139 22 156 27 19 31 25 28 40 29 16 33 27
140 22 62 40 34 30 33 26 47 33 16 33 28
141 22 56 12 12 22 9 21 29 27 14 33 27
142 22 148 42 12 41 12 23 17 32 26 34 28
143 22 70 39 29 37 12 27 31 16 16 33 27
144 22 81 12 20 23 21 20 11 25 25 33 27
145 22 93 39 30 26 17 25 28 27 16 33 27
146 22 97 32 25 26 40 20 34 20 14 33 27
147 22 100 16 13 25 50 18 24 21 32 34 27
148 22 308 37 45 35 1 26 30 23 18 33 27
149 22 51 24 28 23 10 18 24 17 26 33 28
150 22 76 28 19 33 35 22 47 28 11 33 27
151 22 93 26 20 33 42 20 26 37 21 33 28
152 22 116 21 30 24 31 27 33 28 14 33 28
153 22 90 35 25 33 40 20 21 29 23 33 28
154 22 98 22 10 34 25 23 35 23 17 33 27
155 22 58 35 23 36 35 23 50 28 13 33 27
156 22 172 32 31 35 30 20 35 28 18 33 27
157 22 106 21 22 20 22 25 19 24 28 34 27
158 22 61 24 24 22 9 16 36 25 16 33 27
159 22 132 39 29 36 36 23 31 22 22 33 27
160 22 247 31 19 39 42 24 43 30 13 33 27
161 22 146 37 33 25 35 27 42 23 8 33 27
162 22 115 45 22 49 20 18 28 32 31 34 27
163 22 134 39 23 35 34 23 15 26 39 34 27
164 22 135 30 21 32 78 16 26 30 21 33 27
165 22 126 44 37 22 26 25 3 29 35 34 28
166 22 137 33 30 31 11 15 14 25 28 34 27
167 22 125 23 23 27 6 26 20 25 23 33 28
168 22 114 31 40 25 1 17 36 27 20 33 28
169 22 258 35 24 34 34 22 23 30 32 34 27
170 22 97 13 11 35 6 25 34 25 12 33 27
171 22 51 36 38 23 15 19 21 35 26 34 27
172 22 72 39 24 33 57 17 15 23 28 34 28
173 22 61 33 23 24 39 26 23 24 32 34 28
174 22 135 23 23 23 1 18 19 19 29 34 28
175 22 84 39 49 18 6 25 12 28 29 34 27
176 22 373 23 14 31 59 16 26 19 19 33 27
177 22 75 25 24 36 20 26 44 28 13 33 28
178 22 47 37 51 22 31 26 37 33 19 34 28
179 22 45 33 36 31 68 20 32 27 8 33 27
180 22 61 38 24 34 47 24 28 33 24 33 27
181 22 95 43 19 39 65 20 21 34 33 34 27
182 22 73 35 34 28 49 25 19 26 29 34 28
183 22 184 48 28 29 74 21 1 22 44 34 27
184 22 210 37 18 46 34 19 28 31 31 34 27
185 22 98 44 34 35 24 18 42 29 11 33 27
186 22 91 31 10 42 18 26 28 26 17 33 27
187 22 126 34 37 25 1 21 17 24 33 34 27
188 22 126 27 37 21 1 22 27 27 24 33 28
189 22 121 42 22 36 4 22 1 28 35 34 27
190 22 53 36 42 27 63 26 33 34 24 33 27
191 22 37 31 40 28 58 26 31 20 11 33 27
192 22 112 37 30 34 55 22 21 20 26 34 28
193 22 168 28 33 21 13 23 19 26 20 33 28
194 22 115 35 37 17 24 24 26 27 7 33 27
195 22 59 30 21 31 32 25 40 29 18 33 27
196 22 97 16 16 30 1 25 33 25 24 33 27
197 22 105 32 33 20 56 19 22 24 27 34 27
198 22 112 40 31 33 1 24 25 20 27 34 28
199 22 245 34 36 30 1 33 28 27 19 33 28
200 22 84 45 32 39 1 18 18 28 32 34 27
201 22 87 14 22 28 1 12 35 25 18 33 27
202 22 57 23 21 28 1 17 22 26 17 33 28
203 22 82 31 28 28 47 18 36 27 20 33 27
204 22 173 34 32 28 9 26 30 26 22 33 28
205 22 373 36 29 35 11 16 27 35 24 33 28
206 22 122 28 2 29 1 13 1 121 39 34 27
207 22 98 43 45 23 14 22 8 34 31 34 27
208 22 136 34 29 32 1 19 2 27 36 34 28
209 22 112 30 27 25 27 25 21 31 27 33 27
210 22 102 22 22 25 49 28 28 31 15 33 28
211 22 58 41 36 30 12 21 36 24 15 33 28
212 22 167 30 14 33 28 21 30 28 28 34 28
213 22 76 36 12 42 13 20 10 32 32 34 27
214 22 74 30 24 28 77 22 18 22 29 34 27
215 22 145 34 14 40 51 22 15 32 25 34 27
216 22 95 42 36 31 22 17 11 33 32 34 27
217 22 149 44 33 32 57 24 175 30 26 34 28
218 22 98 35 23 28 47 23 14 37 34 34 27
219 22 49 24 18 28 60 21 30 16 14 33 27
220 22 140 34 35 29 10 16 28 34 26 34 28
221 22 126 28 19 32 52 17 18 24 23 33 28
222 22 163 33 19 35 46 22 26 30 27 34 27
223 22 141 39 46 23 7 21 41 41 20 33 27
224 22 45 20 33 19 1 18 31 25 18 33 28
225 22 102 39 27 36 79 20 44 22 15 33 28
226 22 60 28 25 26 65 22 21 21 30 34 27
227 22 56 35 38 21 37 27 39 24 16 33 28
228 22 194 41 26 29 79 18 32 24 22 33 27
229 22 137 35 32 32 43 23 41 29 10 33 28
230 22 60 26 29 25 62 24 28 24 9 34 28
231 22 59 29 19 31 66 25 34 24 13 33 27
232 22 139 35 24 33 54 16 17 29 32 34 27
233 22 176 38 31 36 48 24 43 29 16 33 27
234 22 210 30 42 23 22 20 51 23 2 34 28
235 22 153 49 38 32 34 19 33 26 20 34 28
236 22 69 25 16 30 35 25 47 28 14 33 27
237 22 123 27 27 35 1 19 24 23 18 33 27
238 22 184 28 14 26 29 19 24 27 26 33 27
239 22 90 35 37 25 12 23 21 20 27 34 27
240 22 124 26 17 32 11 25 20 27 19 33 27
241 22 175 26 14 42 49 19 34 26 30 34 27
242 22 114 39 27 28 47 24 17 26 26 33 28
243 22 181 38 40 35 46 19 32 22 14 33 27
244 22 164 36 11 41 41 24 6 28 33 34 27
245 22 75 29 39 17 36 24 48 36 13 34 28
246 22 85 24 15 34 34 20 11 21 29 34 27
247 22 75 26 31 23 3 33 30 18 12 33 28
248 22 174 33 37 24 1 25 12 31 24 33 28
249 22 71 37 31 35 16 23 24 20 25 34 27
250 22 83 25 6 35 21 23 15 18 30 34 27
251 22 224 41 25 38 93 27 38 25 21 33 28
252 22 77 40 17 36 43 15 24 27 31 34 27
253 22 92 17 10 36 25 24 40 17 20 33 27
254 22 53 24 23 30 77 22 35 24 13 33 27
255 22 73 41 35 30 1 28 32 32 21 33 28
256 22 13 18 30 31 5 27 49 32 6 33 27
257 22 99 15 13 18 1 17 18 31 26 33 27
258 22 44 21 12 39 43 30 33 24 28 34 27
259 22 74 36 11 34 20 17 15 26 26 34 27
260 22 70 33 30 35 23 21 23 31 18 33 27
261 22 171 18 11 24 26 22 27 28 24 33 27
262 22 94 28 16 34 30 20 1 24 30 34 27
263 22 108 26 34 27 1 17 13 33 27 33 27
264 22 94 39 29 29 1 23 16 26 30 34 27
265 22 114 24 24 24 1 21 6 27 35 34 27
266 22 123 42 29 35 15 20 41 21 21 33 27
267 22 72 23 32 25 7 25 22 30 14 33 27
268 22 218 25 23 34 27 23 27 23 13 33 27
269 22 39 38 41 21 30 26 31 26 15 33 28
270 22 510 34 29 38 57 22 39 25 22 33 27
271 22 83 36 13 35 65 14 13 22 31 34 27
272 22 327 35 31 31 46 22 29 21 20 34 28
273 22 337 35 26 29 1 20 42 30 26 34 27
274 22 42 16 18 21 32 24 36 29 19 33 27
275 22 221 23 24 26 34 22 38 32 16 33 27
276 22 66 31 35 21 4 25 24 29 30 34 28
277 22 344 30 21 32 9 16 43 31 15 33 28
278 22 126 42 28 27 35 19 17 23 24 33 27
279 22 67 36 18 35 1 23 26 25 27 34 27
280 22 95 27 29 24 77 24 43 22 10 33 28
281 22 119 31 35 29 25 22 19 16 27 34 27
282 22 119 29 17 39 32 14 24 25 22 33 27
283 22 116 40 29 31 8 19 38 29 20 33 27
284 22 160 28 38 22 4 27 33 34 11 33 28
285 22 123 30 14 34 1 20 21 30 34 34 27
286 22 106 20 24 23 1 17 25 24 17 33 28
287 22 37 34 44 16 54 27 48 30 14 33 27
288 22 78 24 4 43 1 16 22 26 34 34 27
289 22 74 36 39 25 6 26 9 30 27 34 28
290 22 175 28 34 21 1 16 23 22 24 33 27
291 22 128 29 9 41 1 21 23 31 28 34 27
292 22 72 33 33 29 26 19 22 23 23 33 27
293 22 96 29 43 22 1 18 42 38 15 33 27
294 22 139 13 20 31 40 25 42 18 11 33 28
295 22 54 27 29 33 1 16 22 21 23 33 28
296 22 89 25 27 29 1 24 40 28 13 33 27
297 22 81 15 26 18 27 18 36 22 1 33 27
298 22 69 37 43 22 35 17 41 25 2 33 27
299 22 75 30 26 34 19 21 30 50 20 33 27
300 22 109 39 21 32 100 28 19 29 32 34 28
301 22 100 30 34 34 6 27 35 31 14 34 28
302 22 62 29 36 16 25 22 26 19 16 33 27
303 22 74 19 36 21 1 18 34 21 17 33 27
304 22 92 41 28 27 1 17 16 30 27 33 27
305 22 88 25 39 28 1 22 34 22 10 33 28
306 22 87 15 24 23 1 26 24 19 11 33 27
307 22 161 32 36 22 1 23 15 32 24 33 28
308 22 108 34 31 29 1 12 5 22 28 34 27
309 22 155 32 28 32 18 20 40 32 14 33 27
310 22 78 43 26 24 55 22 26 32 25 33 28
311 22 75 26 20 27 1 16 20 27 30 34 28
312 22 91 31 15 34 108 22 26 30 21 33 27
313 22 78 28 22 21 17 26 12 32 30 34 27
314 22 52 18 29 24 1 22 41 37 12 33 28
315 22 234 31 12 38 41 15 21 30 30 34 27
316 22 80 28 25 37 1 16 20 25 21 33 27
317 22 118 44 28 33 27 18 18 28 33 34 27
318 22 128 21 7 42 39 21 37 20 12 33 27
319 22 65 17 28 20 1 21 14 30 23 33 27
320 22 497 37 25 36 46 22 38 29 20 33 27
321 22 107 30 38 19 43 25 23 21 17 33 27
322 22 67 44 33 33 28 24 32 28 26 34 28
323 22 188 27 27 22 19 21 27 35 26 33 28
324 22 54 26 25 26 78 21 44 22 23 33 27
325 22 252 31 33 29 75 21 30 28 19 33 28
326 22 86 38 27 49 37 22 41 25 14 33 28
327 22 169 41 18 42 35 25 26 32 34 34 27
328 22 237 15 33 21 1 16 25 28 23 33 27
329 22 110 36 36 27 40 16 10 26 35 34 28
330 22 301 42 43 27 32 18 46 24 11 33 27
331 22 79 36 36 26 23 14 23 20 13 33 28
332 22 124 48 27 37 2 30 26 25 32 34 27
333 22 117 36 26 32 34 22 33 19 21 33 27
334 22 76 38 37 35 32 20 48 26 8 33 27
335 22 248 15 12 29 1 13 15 39 32 34 27
336 22 64 25 16 30 9 17 22 29 27 33 27
337 22 63 33 33 35 1 25 36 24 16 33 28
338 22 33 34 44 25 5 23 48 35 13 33 28
339 22 102 37 35 27 48 24 24 27 23 33 28
340 22 217 19 17 30 1 26 38 31 28 33 27
341 22 86 22 2 38 1 23 10 34 42 34 27
342 22 151 18 17 33 31 24 34 29 13 33 27
343 22 113 26 35 18 1 18 11 22 27 33 27
344 22 82 27 36 22 58 22 25 25 26 34 27
345 22 53 23 22 25 38 22 47 26 18 33 27
346 22 74 35 35 38 15 19 41 27 13 33 27
347 22 39 3 20 26 37 22 38 18 5 33 27
348 22 116 30 33 27 25 17 19 30 24 33 28
349 22 66 29 30 25 11 16 14 31 30 34 28
350 22 283 28 6 30 37 21 20 22 23 33 27
351 22 103 18 25 26 1 18 1 27 30 34 28
352 22 125 24 40 22 1 19 33 27 20 33 27
353 22 94 39 26 38 31 21 39 21 16 33 28
354 22 69 28 17 31 40 14 24 30 25 33 28
355 22 67 23 23 28 24 19 41 21 19 33 27
356 22 135 24 10 41 48 30 41 26 8 33 28
357 22 111 25 30 32 32 25 41 27 10 33 28
358 22 103 41 37 23 19 22 26 31 21 33 27
359 22 116 23 12 32 38 21 48 34 8 33 27
360 22 21 24 43 21 7 25 52 28 1 33 28
361 22 406 28 19 32 17 19 16 26 31 34 27
362 22 298 44 33 28 56 19 39 19 15 33 28
363 22 45 36 31 28 82 21 35 20 5 33 27
364 22 112 27 35 23 7 24 26 24 14 33 28
365 22 121 18 29 25 2 20 33 23 3 33 27
366 22 63 27 23 36 57 22 52 25 1 33 27
367 22 70 19 16 38 1 26 36 34 21 33 27
368 22 222 30 37 19 2 17 33 28 27 34 28
369 22 85 16 17 31 24 16 23 32 21 33 27
370 22 165 36 42 31 34 25 31 33 11 34 28
371 22 176 20 28 16 6 21 24 17 13 33 27
372 22 102 26 30 32 27 26 41 29 10 33 27
373 22 121 29 9 28 30 20 1 38 37 34 28
374 22 170 33 21 29 28 19 3 36 44 34 27
375 22 354 44 28 36 68 23 51 31 8 34 28
376 22 85 19 1 39 61 18 22 19 18 33 27
377 22 101 25 28 30 37 23 33 26 12 33 28
378 22 236 27 24 31 29 23 50 28 26 34 28
379 22 75 22 15 20 1 20 17 26 39 34 27
380 22 54 19 21 24 89 20 41 24 10 33 27
381 22 133 31 35 24 1 22 1 34 35 34 28
382 22 145 20 20 20 1 18 14 32 28 34 27
383 22 78 28 25 28 40 20 17 30 33 34 28
384 22 154 36 35 25 32 19 29 28 24 34 28
385 22 271 44 38 30 34 18 29 27 14 33 27
386 22 452 17 8 41 1 21 40 22 20 33 28
387 22 24 18 24 25 64 21 49 20 1 33 27
388 22 55 27 23 35 1 22 42 33 6 33 27
389 22 155 34 15 40 9 23 25 39 25 33 27
390 22 80 30 32 21 25 15 35 24 23 33 27
391 22 101 29 25 32 66 24 32 36 29 34 27
392 22 138 41 41 26 1 19 24 24 20 33 28
393 22 102 34 14 39 9 21 23 26 26 34 27
394 22 82 20 15 32 8 25 41 33 13 33 27
395 21 1 14 30 25 1 21 61 25 1 33 27
396 22 115 32 29 27 21 22 35 29 20 33 27
397 22 68 26 31 26 5 16 28 20 20 33 27
398 22 374 50 36 26 26 16 19 24 32 34 27
399 22 104 36 45 19 16 21 28 23 21 33 28
400 22 61 26 17 33 102 23 39 29 8 33 27
401 22 73 36 37 27 72 19 52 20 4 33 27
402 22 65 26 37 17 1 24 29 24 13 33 27
403 22 85 33 28 35 31 24 35 35 18 33 28
404 22 98 27 13 36 46 19 24 28 27 34 27
405 22 60 42 29 32 1 19 29 33 24 33 28
406 22 54 20 27 24 31 23 32 30 11 33 27
407 22 124 36 43 27 1 10 14 23 28 34 28
408 22 120 22 10 35 70 23 39 26 14 33 27
409 22 156 35 36 24 79 26 34 28 10 33 28
410 22 249 23 22 35 18 21 34 20 16 33 27
411 22 254 29 30 32 53 25 49 28 9 34 28
412 22 321 29 16 31 79 20 27 31 32 34 27
413 22 90 48 40 33 9 21 17 28 35 34 27
414 22 49 25 25 33 49 18 25 22 15 33 27
415 22 86 28 38 19 11 22 28 27 17 33 28
416 22 73 40 26 37 40 26 49 23 4 33 27
417 22 109 35 25 33 1 14 12 30 35 34 28
418 22 61 37 31 31 8 19 31 27 8 33 27
419 22 122 45 33 31 15 23 20 34 29 34 27
420 22 83 40 40 37 1 26 44 25 9 33 28
421 22 119 44 36 34 1 20 18 24 34 34 27
422 22 114 32 27 27 54 19 30 33 14 33 27
423 22 81 12 27 26 35 25 36 26 19 33 28
424 22 87 33 28 35 32 21 39 18 21 33 28
425 22 80 45 24 36 1 15 28 27 27 34 27
426 22 208 34 45 24 58 20 26 24 14 33 28
427 22 176 38 27 22 78 18 21 28 25 33 27
428 22 80 36 36 27 28 22 27 26 21 33 28
429 22 55 23 21 24 1 20 24 33 26 33 28
430 22 77 46 31 41 1 23 25 35 27 34 27
431 22 120 19 32 11 1 22 22 20 21 33 27
432 22 107 28 41 31 1 11 28 15 15 33 28
433 22 84 35 26 34 9 20 36 36 20 33 28
434 22 94 20 20 29 1 13 10 26 30 34 27
435 22 61 18 26 21 1 20 32 23 16 33 27
436 22 145 31 27 29 35 28 7 30 34 34 28
437 22 79 33 37 25 38 17 45 32 15 33 27
438 22 104 34 52 18 1 19 34 20 7 33 27
439 22 76 35 45 19 16 18 41 20 18 33 27
440 22 125 36 28 30 18 20 39 32 16 33 27
441 22 146 32 26 28 41 21 20 24 27 34 28
442 22 60 29 44 23 1 15 34 24 14 33 27
443 22 98 38 32 30 11 20 16 23 30 34 27
444 22 126 33 21 30 81 21 41 26 14 33 27
445 22 179 20 23 24 57 17 23 27 28 34 28
446 22 55 28 36 14 7 21 21 30 27 34 28
447 22 89 7 24 19 1 17 23 25 23 33 27
448 22 47 15 18 21 12 15 26 22 25 33 27
449 22 101 26 37 24 1 26 40 24 19 33 28
450 22 87 26 32 25 1 17 9 25 30 34 28
451 22 80 25 22 29 37 29 37 34 20 33 27
452 22 180 17 14 28 35 16 34 21 10 33 27
453 22 140 31 32 20 37 20 26 19 17 34 28
454 22 153 41 30 30 47 22 41 24 12 33 27
455 22 120 24 36 23 1 20 25 24 20 33 28
456 22 77 17 16 32 56 23 26 27 18 33 28
457 22 92 49 27 37 55 27 23 26 34 34 28
458 22 109 31 24 27 1 13 8 29 39 34 28
459 22 253 36 29 36 17 23 43 17 9 33 27
460 22 86 19 17 24 1 21 23 26 32 34 27
461 22 74 23 22 29 48 19 32 27 28 34 27
462 22 81 21 19 27 23 24 44 17 8 33 27
463 22 65 30 24 31 22 20 15 28 35 34 27
464 22 190 27 14 33 61 16 29 19 16 33 27
465 22 122 33 12 40 106 21 25 19 16 33 28
466 22 104 16 18 28 4 24 21 22 27 34 27
467 22 272 11 22 19 16 17 26 25 17 33 27
468 22 83 44 35 32 4 18 9 28 41 34 27
469 22 218 41 35 24 17 23 36 22 7 33 27
470 22 32 18 24 25 1 25 40 28 6 33 28
471 22 98 33 23 31 28 24 44 25 10 33 28
472 22 314 40 43 23 98 19 45 23 4 33 27
473 22 132 23 19 26 41 21 34 29 23 33 27
474 22 153 31 17 39 22 24 26 28 18 33 27
475 22 204 23 25 22 49 24 23 27 19 33 27
476 22 94 16 21 16 3 24 25 19 27 33 27
477 22 229 27 27 27 82 17 25 24 24 33 28
478 22 49 28 32 28 1 20 18 26 21 33 28
479 22 135 38 25 30 25 22 29 29 21 33 27
480 22 137 12 8 38 1 20 31 24 7 33 27
481 22 58 17 15 31 1 22 29 27 13 33 27
482 22 83 37 37 33 47 22 28 25 17 33 28
483 22 99 22 24 30 1 16 15 19 35 34 27
484 22 339 30 39 25 15 17 21 25 28 34 27
485 22 146 21 28 15 1 16 25 30 19 33 27
486 22 53 45 54 19 1 14 21 28 19 33 28
487 22 127 36 39 25 35 19 10 28 31 34 28
488 22 91 30 29 27 12 19 37 22 16 33 28
489 22 87 22 18 29 1 26 34 26 19 33 28
490 22 64 41 41 24 1 24 21 27 40 34 27
491 22 66 39 42 22 27 23 21 29 23 33 27
492 22 144 40 28 31 10 20 18 31 31 34 28
493 22 58 27 18 37 28 23 36 26 21 33 27
494 22 211 34 19 43 48 30 39 23 18 33 28
495 22 86 42 23 34 14 26 21 27 30 34 27
496 22 150 18 17 30 60 19 44 20 10 34 28
497 22 48 7 34 20 1 22 49 39 7 33 27
498 22 141 15 7 36 30 17 28 24 23 33 27
499 22 141 26 15 30 1 19 29 31 21 33 27
500 22 63 31 40 24 25 18 26 27 25 34 27
501 22 358 17 15 26 26 26 24 25 26 33 27
502 22 96 24 27 30 6 21 46 27 12 33 27
503 22 62 39 31 36 43 20 24 27 22 33 28
504 22 212 37 23 39 1 17 34 29 23 33 27
505 22 114 35 21 31 24 20 19 32 18 33 27
506 22 246 33 23 35 1 17 17 25 27 34 27
507 22 118 34 32 25 71 23 17 22 28 34 28
508 22 122 23 26 24 19 24 17 26 27 34 27
509 22 124 20 30 24 1 16 30 23 10 33 27
510 22 51 22 22 31 31 18 31 25 21 33 28
511 22 143 33 32 20 57 23 24 32 18 33 27
512 22 46 21 31 25 30 20 27 23 17 33 27
513 22 52 19 30 29 31 20 33 32 19 33 27
514 22 122 31 33 35 24 20 28 24 16 34 27
515 22 115 35 29 36 75 21 27 22 18 34 28
516 22 201 36 17 28 67 15 16 35 39 34 27
517 22 38 35 41 30 65 21 38 31 7 33 28
518 22 153 32 16 28 5 15 2 33 40 34 27
519 22 202 7 16 23 1 22 18 27 23 33 27
520 22 36 20 26 27 31 24 48 27 3 33 27
521 22 254 29 21 24 25 23 11 28 27 34 27
522 22 141 35 43 23 70 19 33 25 16 33 28
523 22 361 17 24 28 24 27 37 21 8 33 27
524 22 123 32 29 24 1 20 6 24 36 34 28
525 22 107 38 30 30 43 24 46 27 14 33 28
526 22 100 44 42 37 24 17 21 24 22 33 27
527 22 85 34 35 21 30 19 10 20 27 34 27
528 22 52 8 28 25 1 22 38 23 13 33 27
529 22 75 27 30 23 1 12 20 17 22 33 27
530 22 110 45 15 33 1 23 3 32 42 34 28
531 22 95 24 16 34 1 18 27 31 24 33 27
532 22 98 29 26 30 63 29 43 27 5 33 28
533 22 64 16 20 30 19 21 25 19 26 33 27
534 22 49 2 20 26 1 21 22 18 22 33 27
535 22 124 45 36 29 1 14 26 36 32 34 27
536 22 89 43 41 24 6 28 14 16 27 34 27
537 22 134 26 26 30 18 21 24 35 22 33 27
538 22 192 26 25 25 48 23 21 24 27 33 28
539 22 92 29 27 28 24 23 30 24 17 33 28
540 22 160 12 30 24 14 23 33 16 15 33 27
541 22 102 31 13 39 61 26 40 29 14 33 27
542 22 198 24 17 31 38 16 19 18 21 33 27
543 22 75 23 18 28 33 17 38 27 13 33 27
544 22 60 20 24 18 1 17 8 27 28 33 27
545 22 78 34 37 20 1 23 9 29 28 34 27
546 22 83 21 7 27 57 21 25 23 31 34 27
547 22 102 14 18 26 16 16 12 35 30 34 27
548 22 97 29 16 30 73 25 28 37 31 34 28
549 22 147 19 12 35 39 24 37 28 14 33 27
550 22 75 38 31 32 1 20 22 29 23 33 27
551 22 179 14 17 23 7 28 40 22 12 33 27
552 22 68 16 24 28 1 26 27 26 19 33 27
553 22 105 28 15 41 33 18 28 22 27 34 28
554 22 82 29 20 28 87 23 37 29 20 33 28
555 22 95 23 25 29 39 18 22 21 27 33 27
556 22 100 35 27 35 1 20 25 31 25 33 28
557 22 49 31 31 16 27 21 25 29 15 33 27
558 22 92 17 13 35 21 21 45 31 13 33 27
559 22 112 16 14 31 3 20 10 29 36 34 27
560 22 115 14 17 33 4 17 13 18 23 33 27
561 22 297 33 41 23 25 24 39 27 12 33 27
562 22 88 35 37 25 1 19 21 31 21 33 27
563 22 169 37 32 24 1 21 39 29 26 33 28
564 22 135 40 30 27 43 23 36 24 22 33 28
565 22 80 20 25 21 25 26 14 29 35 34 27
566 22 89 29 33 31 1 16 13 21 23 33 27
567 22 94 16 19 24 1 27 34 22 26 33 27
568 22 137 34 17 28 4 22 4 31 34 34 27
569 22 93 32 17 34 73 18 29 29 25 33 27
570 22 86 36 32 22 17 26 27 29 23 33 27
571 22 149 44 41 27 1 22 17 24 24 33 27
572 22 146 30 17 26 1 20 6 28 31 34 27
573 22 107 30 29 26 17 28 24 33 18 33 28
574 22 125 31 33 40 52 19 35 30 15 33 27
575 22 61 27 40 26 1 23 43 23 15 33 27
576 22 150 27 19 32 1 24 24 20 24 33 28
577 22 225 38 21 32 74 17 26 33 30 34 27
578 22 73 33 16 37 4 15 21 25 28 34 27
579 22 80 34 22 39 52 28 42 28 19 33 27
580 22 54 32 27 28 44 29 39 29 17 33 27
581 22 47 16 25 29 15 16 40 24 10 33 27
582 22 110 17 1 32 45 24 20 21 27 34 27
583 22 67 36 40 30 15 22 55 24 13 33 28
584 22 84 33 26 30 4 25 36 26 22 33 28
585 22 206 39 23 30 78 21 36 38 23 33 28
586 22 56 26 17 39 1 28 41 27 15 33 27
587 22 200 44 26 30 67 18 22 32 32 34 28
588 22 108 37 33 32 3 22 25 25 27 34 28
589 22 113 50 29 36 1 24 10 27 36 34 28
590 22 186 35 37 28 78 17 19 24 18 33 27
591 22 68 22 14 33 96 20 30 19 17 33 27
592 22 50 33 45 17 1 18 17 29 26 33 27
593 22 118 36 32 31 1 24 23 29 27 34 27
594 22 128 25 24 21 48 18 26 27 22 33 28
595 22 45 40 42 28 33 22 37 23 14 33 27
596 22 97 36 44 18 58 27 47 22 7 33 27
597 22 70 11 10 28 1 20 15 28 32 34 27
598 22 169 32 3 43 84 23 20 32 35 34 27
599 22 177 31 21 41 75 22 28 26 22 33 27
600 22 111 31 17 29 41 23 40 27 22 33 28
601 22 77 36 32 31 31 18 16 26 28 34 27
602 22 125 313 272 77 135 23 53 52 11 34 28
603 22 239 31 31 30 1 43 50 22 22 33 28
604 22 74 22 10 32 17 16 25 31 26 34 27
605 22 139 33 37 25 1 21 27 23 21 33 27
606 22 72 32 34 32 1 28 31 29 11 33 28
607 22 171 36 21 31 51 24 12 31 29 34 28
608 22 88 22 25 19 1 19 26 25 23 33 27
609 22 110 38 47 30 1 26 26 36 14 33 28
610 22 103 34 26 28 16 27 28 29 19 33 27
611 22 126 30 10 38 20 24 10 29 30 34 27
612 22 89 39 26 41 26 20 25 31 18 33 28
613 22 217 27 22 26 51 24 50 22 18 33 27
614 22 185 15 24 25 1 21 32 23 11 33 27
615 22 144 42 24 36 52 21 25 39 34 34 27
616 22 202 26 32 28 38 23 39 24 22 33 28
617 22 113 17 15 24 14 20 31 31 27 33 27
618 22 51 17 20 29 19 16 27 17 17 33 27
619 22 56 40 44 21 8 20 20 26 13 33 27
620 22 119 39 40 29 4 24 19 30 22 33 27
621 22 115 37 37 29 42 22 32 24 13 33 27
622 22 74 31 14 28 12 30 26 25 25 33 27
623 22 96 35 26 25 47 28 30 26 24 33 28
624 22 173 33 17 29 70 20 23 33 28 34 28
625 22 223 37 33 29 45 21 37 32 21 33 28
626 22 150 14 19 33 1 19 31 27 23 33 27
627 22 103 42 28 38 53 19 10 34 30 34 28
628 22 58 38 33 26 38 21 43 32 20 33 28
629 22 112 36 41 32 1 15 38 22 11 33 28
630 22 119 13 18 24 1 18 21 24 23 33 27
631 22 82 38 39 33 24 18 29 23 14 33 27
632 22 121 34 41 20 55 19 26 26 17 33 27
633 22 110 22 23 23 11 19 26 27 27 33 27
634 22 112 44 43 32 13 19 15 36 26 33 27
635 22 123 13 20 25 1 18 29 33 22 33 27
636 22 87 31 9 36 60 21 23 31 27 34 28
637 22 52 15 16 28 1 20 34 32 23 33 27
638 22 93 36 25 35 28 14 9 21 24 33 28
639 22 222 43 47 23 12 21 14 30 36 34 28
640 22 84 26 28 30 25 24 37 26 12 33 27
641 22 104 30 8 34 7 12 15 24 30 34 28
642 22 130 24 10 32 1 24 17 26 28 34 27
643 22 135 37 14 34 63 21 42 25 29 34 27
644 22 58 36 28 31 63 19 27 30 24 33 28
645 22 97 15 18 31 39 20 40 35 14 33 28
646 22 71 36 45 29 1 24 36 26 17 34 28
647 22 123 37 24 31 17 16 21 29 31 34 27
648 22 186 25 25 37 13 19 23 29 22 33 27
649 22 199 43 14 38 18 20 26 29 36 34 28
650 22 46 34 37 26 1 23 19 28 21 34 28
651 22 93 39 29 25 33 22 25 19 28 34 28
652 22 94 25 25 26 27 15 1 26 29 34 27
653 22 115 29 30 29 28 19 23 28 14 33 28
654 22 119 33 22 31 7 23 20 23 20 33 27
655 22 84 40 41 16 24 19 33 35 26 34 27
656 22 90 22 3 34 24 19 23 29 31 34 27
657 22 185 42 45 31 24 25 24 25 15 33 27
658 22 46 38 31 30 58 26 44 33 15 33 28
659 22 77 42 28 42 51 27 40 28 25 34 28
660 22 81 31 29 25 34 19 1 24 31 34 27
661 22 141 26 23 31 1 21 21 19 30 34 28
662 22 176 35 40 18 72 19 26 35 24 33 27
663 22 84 18 19 32 1 23 18 33 30 34 27
664 22 142 37 39 30 1 18 7 30 34 34 28
665 22 97 11 17 27 52 21 37 29 13 33 27
666 22 173 27 47 16 1 16 30 23 18 33 27
667 22 146 28 40 25 50 28 26 31 23 33 28
668 22 79 11 18 32 1 19 27 20 17 33 27
669 22 69 35 42 30 1 24 29 35 26 33 27
670 22 62 33 23 31 37 28 37 24 15 33 27
671 22 180 13 14 25 4 19 33 36 22 33 27
672 22 70 36 35 32 51 21 22 22 25 33 27
673 22 53 35 40 21 45 18 37 26 12 33 27
674 22 70 40 29 35 33 19 22 26 26 34 28
675 22 183 34 20 27 29 26 25 29 19 33 27
676 22 90 31 9 32 56 22 20 34 29 34 27
677 22 71 41 28 27 30 18 43 27 19 33 28
678 22 72 24 22 34 19 23 27 32 19 34 28
679 22 92 45 24 38 101 19 20 30 26 34 27
680 22 37 20 34 14 5 19 27 22 20 34 28
681 22 157 40 26 29 51 24 17 28 24 33 28
682 22 131 22 21 26 16 17 20 41 19 33 27
683 22 50 26 24 29 40 24 30 33 16 33 28
684 22 122 28 12 34 30 23 31 27 32 34 28
685 22 169 36 22 30 5 18 15 24 27 34 27
686 22 42 24 25 32 1 21 23 29 22 33 27
687 22 95 30 5 39 41 18 22 32 38 34 27
688 22 74 34 23 35 1 24 38 29 16 33 28
689 22 69 33 21 29 60 21 47 26 19 33 28
690 22 54 47 40 39 16 18 37 30 21 33 28
691 22 103 23 12 32 7 14 15 26 28 34 28
692 22 101 30 22 36 13 18 39 28 11 33 27
693 22 82 34 22 35 42 28 42 34 21 33 27
694 22 128 25 30 33 1 25 18 21 25 33 27
695 22 69 34 41 24 36 20 33 17 11 34 28
696 22 90 28 33 39 31 23 31 23 14 33 28
697 22 41 32 39 25 20 25 36 29 13 33 28
698 22 339 44 38 31 23 13 20 25 29 34 28
699 22 104 13 20 27 61 28 30 19 13 33 27
700 22 113 35 38 29 1 17 14 36 29 34 28
701 22 47 27 31 25 24 22 30 23 16 33 28
702 22 97 34 27 27 43 15 26 27 26 33 27
703 22 114 40 18 40 8 21 16 24 28 34 27
704 22 96 24 12 39 31 21 43 25 9 33 28
705 22 94 38 22 39 23 25 11 26 21 33 27
706 22 82 18 27 24 37 19 25 29 24 33 27
707 22 48 32 33 26 33 22 17 28 24 33 27
708 22 177 34 31 34 1 20 22 29 33 34 28
709 22 111 29 21 22 1 16 18 29 37 34 28
710 22 88 43 35 30 61 22 28 33 16 33 27
711 22 17 17 30 26 1 24 54 30 1 33 27
712 22 179 23 13 33 1 16 14 27 35 34 27
713 22 217 34 28 34 40 20 28 29 21 33 27
714 22 128 16 15 20 1 17 3 33 44 34 27
715 22 106 27 39 12 9 12 23 28 23 33 28
716 22 147 18 20 26 16 22 31 29 14 33 27
717 22 121 41 34 36 37 22 24 30 11 33 27
718 22 156 19 10 24 61 25 29 24 20 33 27
719 22 176 42 32 28 27 21 17 25 23 33 27
720 22 68 39 42 26 1 13 39 35 16 33 28
721 22 59 26 13 38 54 22 27 26 23 33 27
722 22 92 49 24 40 63 27 16 32 39 34 28
723 22 56 42 28 35 61 25 49 22 13 33 28
724 22 121 34 39 26 62 20 44 20 15 33 28
725 22 150 34 15 34 21 22 32 28 27 34 27
726 22 264 30 34 18 39 18 12 31 25 33 28
727 22 100 38 32 34 6 25 16 32 34 34 28
728 22 167 33 20 35 1 23 20 36 34 34 27
729 22 69 33 19 40 17 22 14 24 30 34 27
730 22 63 45 46 24 59 15 32 29 17 33 27
731 22 83 42 27 35 45 25 35 18 10 33 28
732 22 229 39 23 29 36 25 18 33 33 34 28
733 22 97 40 36 31 64 25 30 19 18 33 28
734 22 157 43 40 24 77 25 42 25 12 33 28
735 22 90 24 16 25 75 22 24 31 28 34 27
736 22 143 33 44 25 46 26 21 22 14 33 27
737 22 50 18 34 26 25 20 58 29 1 33 27
738 22 68 35 23 34 41 21 23 32 32 34 27
739 22 48 28 41 23 1 18 26 30 22 33 28
740 22 93 16 1 36 21 23 31 30 30 34 27
741 22 101 34 16 36 38 17 18 32 34 34 27
742 22 67 35 30 36 40 23 51 32 7 33 28
743 22 203 27 39 26 1 23 29 27 21 33 28
744 22 101 43 45 19 42 16 11 26 33 34 28
745 22 142 21 18 25 48 23 31 33 21 33 27
746 22 71 14 20 22 1 32 33 27 10 33 27
747 22 337 39 22 32 71 18 15 31 37 34 27
748 22 114 40 27 36 1 16 12 26 26 34 28
749 22 276 17 25 22 11 22 34 30 16 33 27
750 22 140 25 36 21 1 18 14 27 26 33 27
751 22 75 33 26 34 73 21 42 22 6 33 27
752 22 104 36 23 28 2 17 7 30 40 34 27
753 22 56 12 16 32 1 24 28 24 16 33 27
754 22 100 37 33 35 32 24 36 31 17 33 27
755 22 268 37 35 35 80 25 47 27 12 33 27
756 22 101 20 26 20 2 22 27 26 32 34 27
757 22 147 24 21 28 1 23 31 22 29 34 27
758 22 84 25 27 27 38 17 39 22 8 33 28
759 22 61 21 17 33 25 21 25 23 23 33 27
760 22 174 38 25 33 6 19 37 35 24 33 28
761 22 97 25 9 38 11 20 30 35 35 34 27
762 22 87 34 21 37 18 15 27 36 27 34 27
763 22 123 28 20 31 16 19 23 29 27 34 27
764 22 132 24 13 34 1 21 9 26 34 34 28
765 22 91 36 27 39 98 17 34 20 15 33 27
766 22 90 34 38 18 32 22 31 28 18 33 28
767 22 73 27 38 24 1 24 37 24 14 33 27
768 22 63 40 28 33 63 19 46 20 12 33 28
769 22 73 27 38 23 5 22 29 36 17 33 27
770 22 83 43 29 29 86 14 6 21 29 34 28
771 22 92 34 22 33 28 12 14 29 33 34 27
772 22 72 28 25 29 13 25 44 34 1 33 27
773 22 83 31 27 36 96 21 31 24 21 33 28
774 22 220 33 34 25 44 18 19 26 33 34 27
775 22 133 34 25 32 58 22 33 32 19 33 28
776 22 164 31 17 37 27 16 28 28 22 33 27
777 22 102 36 34 25 31 21 38 28 13 33 27
778 22 122 41 24 37 12 22 16 31 35 34 27
779 22 151 26 26 33 1 19 14 20 35 34 28
780 22 88 41 21 38 68 24 25 20 28 34 28
781 22 225 35 45 31 57 22 34 26 13 33 27
782 22 127 35 23 30 84 27 36 37 18 33 28
783 22 41 1 13 27 1 13 37 12 10 33 27
784 22 381 20 18 26 22 21 12 23 29 34 27
785 22 80 34 17 29 94 23 26 25 27 34 27
786 22 191 34 13 44 38 23 33 26 17 33 28
787 22 118 20 18 30 10 22 27 30 26 34 27
788 22 229 44 27 35 24 16 25 31 32 34 28
789 22 133 42 17 36 1 22 34 26 28 34 27
790 22 384 29 24 28 39 24 29 28 23 33 28
791 22 183 45 28 26 75 18 14 43 40 34 27
792 22 148 25 18 26 19 25 35 30 20 33 27
793 22 78 14 18 24 29 16 5 28 36 34 27
794 22 157 11 12 26 16 24 44 27 12 33 27
795 22 57 33 19 36 39 21 20 33 23 33 27
796 22 79 43 31 27 31 18 24 21 25 34 27
797 22 46 24 32 20 39 15 33 31 22 33 28
798 22 243 28 23 22 41 28 36 32 9 34 28
799 22 57 23 20 33 6 20 22 27 27 34 27
800 22 100 51 22 40 117 28 19 25 29 34 27
801 22 65 23 15 32 46 23 37 25 15 33 28
802 22 125 35 25 40 36 21 28 25 25 33 27
803 22 79 30 28 39 53 21 41 32 15 33 28
804 22 89 39 30 36 24 22 37 30 19 33 28
805 22 165 36 38 29 1 21 38 26 11 33 27
806 22 195 35 23 38 85 19 40 24 2 33 27
807 22 78 39 37 36 78 28 38 27 14 33 27
808 22 164 32 38 27 26 13 30 26 21 33 27
809 22 63 23 20 33 40 24 39 27 12 33 27
810 22 104 37 33 33 29 20 29 31 20 33 27
811 38 155 12 16 53 5 47 16 31 60 54 47
812 22 99 33 26 34 1 17 22 27 27 34 27
813 22 68 15 25 27 1 15 41 24 12 33 27
814 22 73 36 42 27 24 23 42 25 10 33 27
815 22 89 33 26 34 1 23 37 23 14 33 27
816 22 62 31 34 37 1 18 30 31 10 33 27
817 22 289 40 28 35 44 19 39 31 11 33 27
818 22 97 33 37 24 80 22 39 21 2 33 27
819 22 70 34 41 20 13 22 11 28 32 34 27
820 22 74 23 37 19 1 21 24 26 14 33 27
821 22 104 49 35 31 32 18 29 32 28 34 28
822 22 94 26 17 29 40 20 16 28 28 34 27
823 22 126 24 14 33 16 16 25 23 23 33 27
824 22 115 36 26 37 20 23 33 37 32 34 28
825 22 122 32 26 33 29 26 36 29 20 33 28
826 22 81 22 30 20 77 21 23 26 22 33 27
827 22 84 28 33 23 1 24 33 23 17 33 27
828 22 83 25 14 33 1 19 30 29 17 33 27
829 22 150 30 33 25 1 27 27 34 21 33 28
830 22 109 32 30 22 41 18 21 28 28 34 27
831 22 64 21 27 25 1 21 39 33 10 33 28
832 22 77 12 29 24 1 21 36 24 4 33 27
833 22 75 23 18 26 86 15 27 24 26 33 27
834 22 264 44 18 37 44 27 17 25 26 34 27
835 22 116 34 45 27 22 23 34 27 9 33 28
836 22 107 23 16 27 17 22 38 19 15 33 27
837 22 68 30 31 28 7 16 24 22 23 33 27
838 22 53 40 35 33 56 18 30 25 16 33 27
839 22 73 33 26 30 81 24 29 29 23 34 28
840 22 158 39 35 30 16 14 18 22 32 34 28
841 22 61 24 28 29 42 29 39 26 5 33 28
842 22 55 37 28 38 14 26 37 26 14 33 28
843 22 263 36 24 28 79 17 29 20 14 33 27
844 22 209 23 26 29 20 24 16 26 22 33 28
845 22 55 21 30 31 1 20 43 31 19 33 27
846 22 76 26 26 27 20 18 18 20 21 33 28
847 22 124 42 25 31 26 21 27 38 25 33 28
848 22 167 39 25 34 56 23 41 31 18 33 28
849 22 339 27 27 33 29 124 287 708 26 33 28
850 22 46 24 31 33 63 23 28 17 7 33 27
851 22 129 33 20 27 1 17 1 26 40 34 27
852 22 112 42 42 30 26 22 33 21 21 33 27
853 22 237 25 23 35 40 20 24 29 24 33 27
854 22 158 7 20 27 18 19 42 21 11 33 27
855 22 104 17 19 31 1 20 20 24 32 34 27
856 22 117 35 25 32 1 21 16 27 32 34 28
857 22 173 17 1 32 31 26 26 22 19 33 27
858 22 167 25 7 35 39 19 21 35 41 34 27
859 22 105 29 15 33 1 24 39 32 22 33 28
860 22 310 32 20 34 56 23 27 24 18 33 27
861 22 53 41 38 33 66 24 31 29 20 33 28
862 22 61 26 16 36 48 26 31 23 20 33 27
863 22 94 37 34 30 46 16 9 30 30 34 28
864 22 67 18 21 23 66 17 26 27 17 33 27
865 22 92 31 17 38 1 20 27 26 27 33 28
866 22 45 6 29 19 1 19 42 27 9 33 27
867 22 59 40 25 31 67 25 39 29 16 33 28
868 22 136 33 31 18 14 21 34 29 17 33 28
869 22 84 12 9 38 1 17 30 27 17 33 28
870 22 100 30 25 27 74 26 40 23 7 33 28
871 22 67 19 18 26 37 21 42 37 14 33 27
872 22 89 32 33 25 49 15 30 29 18 33 28
873 22 217 30 32 27 64 26 35 20 6 34 28
874 22 60 36 33 36 1 26 34 33 16 33 28
875 22 133 25 29 30 13 20 23 24 13 33 28
876 22 105 24 18 27 67 22 47 24 11 33 27
877 22 178 25 24 32 27 20 29 26 15 33 28
878 22 108 35 17 34 13 21 22 26 33 34 27
879 22 41 29 37 23 1 27 45 25 8 33 27
880 22 139 37 38 31 1 21 20 26 22 33 28
881 22 283 45 24 32 45 18 1 35 37 34 27
882 22 167 28 19 36 31 29 48 29 15 33 28
883 22 83 46 24 39 59 20 33 28 23 33 27
884 22 113 37 25 30 30 24 21 37 31 34 28
885 22 97 41 24 35 75 21 47 24 16 33 27
886 22 162 31 13 40 48 20 31 29 24 33 27
887 22 106 35 31 37 1 23 19 32 30 34 27
888 22 57 26 39 19 25 23 23 30 21 33 28
889 22 109 37 34 30 12 28 34 20 12 33 28
890 22 144 36 33 38 26 21 39 29 15 33 28
891 22 112 29 11 36 54 19 34 33 19 33 27
892 22 76 35 34 22 38 23 6 29 32 34 28
893 22 133 19 2 30 28 17 21 28 26 34 27
894 22 131 30 24 37 43 22 24 23 29 34 27
895 22 120 25 26 24 25 19 27 22 26 33 27
896 22 172 27 34 21 20 25 40 29 23 33 27
897 22 92 20 20 28 40 18 40 26 19 33 27
898 22 186 20 16 27 1 29 40 27 26 33 27
899 22 74 35 25 37 62 24 41 27 17 33 28
900 22 198 37 29 30 35 22 41 21 17 33 28
901 22 138 27 34 20 1 19 27 28 19 33 27
902 22 260 37 24 30 21 21 45 20 17 33 27
903 22 46 36 37 30 57 21 39 26 12 33 27
904 22 50 27 24 28 45 21 45 21 14 33 27
905 22 110 36 33 33 6 15 22 27 21 33 27
906 22 135 45 42 30 58 23 18 36 27 34 28
907 22 68 39 28 29 98 24 40 25 15 33 27
908 22 85 33 20 33 54 17 33 30 23 33 27
909 22 46 15 31 15 1 22 33 32 12 33 27
910 22 72 34 26 37 1 23 22 24 18 33 28
911 22 56 37 31 37 1 21 28 24 22 33 27
912 22 69 33 20 23 35 18 25 26 22 33 27
913 22 213 21 27 25 1 23 29 24 19 33 28
914 22 120 38 28 25 34 19 26 23 25 33 28
915 22 81 26 28 22 1 23 22 22 27 33 27
916 22 70 29 15 37 1 25 29 29 26 33 28
917 22 47 39 37 26 43 25 44 27 11 33 27
918 22 118 15 29 21 44 17 53 21 9 33 27
919 22 175 28 23 32 62 20 47 24 20 33 28
920 22 69 27 38 23 1 18 46 28 9 33 27
921 22 96 42 36 25 40 13 6 24 18 33 28
922 22 109 41 43 20 22 18 18 31 18 33 27
923 22 75 32 20 35 1 21 9 28 32 34 27
924 22 124 35 23 36 16 25 31 25 17 33 27
925 22 102 27 23 30 1 22 30 25 18 33 27
926 22 298 38 28 33 1 23 14 24 24 33 27
927 22 141 22 27 24 16 27 44 29 16 33 27
928 22 524 39 24 34 39 23 40 27 12 33 27
929 22 169 38 41 27 6 22 36 33 21 33 28
930 22 195 39 29 35 28 15 27 20 21 33 27
931 22 76 15 26 25 4 15 29 33 24 33 27
932 22 92 28 29 30 7 16 16 16 19 33 28
933 22 152 16 25 26 1 21 27 36 21 33 27
934 22 63 37 25 35 30 18 31 33 31 34 27
935 22 190 38 31 29 71 20 30 28 18 33 28
936 22 90 35 26 30 43 25 14 32 32 34 28
937 22 82 31 34 27 1 28 40 27 9 33 28
938 22 78 36 26 39 28 20 38 26 22 33 28
939 22 123 15 18 21 1 24 17 29 24 33 27
940 22 66 14 17 25 1 27 36 18 10 33 27
941 22 86 38 29 37 1 10 15 24 26 33 28
942 22 60 12 14 29 16 24 18 26 23 33 27
943 21 103 41 27 28 81 22 12 22 26 32 26
944 22 136 37 28 31 26 25 35 25 22 33 28
945 22 60 37 29 38 17 21 44 26 19 33 27
946 22 69 43 17 37 114 15 24 22 25 33 27
947 22 63 35 37 23 33 33 37 33 12 34 28
948 22 62 35 28 34 71 16 9 22 40 34 28
949 22 164 42 29 32 48 21 31 21 15 33 27
950 22 59 33 30 31 26 25 33 19 17 33 27
951 22 62 34 29 30 32 19 17 24 27 34 28
952 22 61 24 30 21 67 27 44 20 16 33 27
953 22 73 19 4 40 37 22 47 22 15 33 27
954 22 68 26 9 35 41 20 10 27 35 34 27
955 22 121 32 14 35 1 18 21 33 33 34 27
956 22 301 16 17 22 1 28 27 32 20 33 27
957 22 70 36 38 25 82 24 24 25 15 33 28
958 22 97 31 8 44 1 21 5 21 30 34 27
959 22 98 45 30 28 19 17 27 15 16 33 27
960 22 137 24 27 26 1 13 8 31 31 34 27
961 22 70 35 33 26 38 21 21 19 16 33 27
962 22 58 35 56 11 53 22 39 37 12 34 28
963 22 188 23 10 33 46 25 12 20 34 34 28
964 22 542 41 25 31 74 25 25 31 24 33 28
965 22 84 32 40 32 1 17 41 21 10 34 28
966 22 86 33 30 33 9 28 26 16 21 33 27
967 22 88 35 40 23 24 22 15 35 23 33 28
968 22 50 37 34 28 65 23 36 33 23 33 27
969 22 60 39 30 41 5 27 40 32 19 33 28
970 22 138 22 28 30 1 20 18 28 23 33 27
971 22 50 35 44 24 1 28 47 37 8 33 28
972 22 73 21 22 27 65 25 18 26 21 33 27
973 22 205 42 30 29 23 19 40 27 21 33 27
974 22 91 37 37 32 62 22 32 23 17 33 28
975 22 328 28 20 33 1 18 25 28 23 33 27
976 22 106 30 14 36 23 21 29 26 19 33 27
977 22 137 28 26 21 51 25 29 20 23 33 28
978 22 105 33 14 33 105 29 24 28 29 34 28
979 22 80 41 33 36 90 19 27 21 19 33 28
980 22 59 31 31 27 36 27 31 20 12 33 27
981 22 266 31 20 31 58 25 10 28 30 34 27
982 22 87 35 35 25 36 17 31 39 17 33 28
983 22 104 33 24 34 19 19 40 21 22 33 28
984 22 126 32 15 29 1 24 5 28 33 34 27
985 22 148 22 18 32 10 15 40 40 24 34 28
986 22 71 45 41 35 58 20 32 28 20 33 27
987 22 95 26 22 35 1 18 31 28 19 33 27
988 22 31 39 50 20 1 23 43 32 13 33 28
989 22 78 29 29 20 1 26 32 25 20 33 28
990 22 200 27 31 22 34 31 38 24 12 33 27
991 22 227 36 12 46 83 21 25 28 31 34 28
992 22 120 18 11 30 27 26 22 24 18 33 27
993 22 61 24 30 27 19 22 20 22 17 33 28
994 22 238 15 19 23 5 14 25 31 21 33 27
995 22 560 31 16 37 87 20 17 28 24 33 27
996 22 72 30 14 40 73 27 19 25 29 34 27
997 22 98 26 31 26 1 14 37 32 13 33 27
998 22 90 36 37 30 74 23 29 27 20 34 27
999 22 188 19 26 19 1 21 15 24 30 34 27
1000 22 31 13 27 20 1 23 25 32 18 33 27
