1 22 102 29 19 27 43 23 26 28 21 33 28
2 22 158 37 38 30 53 17 24 29 29 34 28
3 22 93 34 34 27 1 22 9 14 23 33 28
4 22 73 35 28 34 110 15 53 26 3 33 28
5 22 143 20 20 31 1 19 38 21 24 33 27
6 22 151 31 44 11 1 20 33 23 15 33 28
7 22 92 42 43 27 46 21 12 33 27 34 28
8 22 170 37 35 29 65 22 42 20 9 34 28
9 22 67 22 26 23 28 20 1 31 29 34 28
10 22 103 24 28 29 15 24 19 19 22 33 28
11 22 121 29 29 24 20 18 31 28 14 33 28
12 22 62 26 7 35 23 21 22 28 39 34 28
13 22 96 28 28 36 17 26 34 22 20 33 28
14 22 99 32 35 23 69 17 20 18 20 33 28
15 22 128 29 14 38 96 16 44 32 17 34 28
16 22 75 32 29 27 5 18 22 19 25 34 28
17 22 62 33 34 22 50 18 30 31 13 34 28
18 22 124 32 36 25 55 21 37 29 18 33 28
19 22 84 14 16 29 2 14 27 26 26 34 27
20 22 118 24 32 24 36 22 41 32 18 33 28
21 22 95 36 45 24 18 23 31 15 9 34 28
22 22 96 33 22 41 37 21 42 24 13 34 27
23 22 68 44 43 28 1 25 29 34 34 34 28
24 22 74 33 38 23 44 22 12 23 29 34 27
25 22 114 25 18 28 22 30 24 38 25 33 28
26 22 134 28 17 38 39 18 42 20 24 34 28
27 22 93 34 27 28 1 23 37 27 21 33 28
28 22 77 29 34 29 44 28 46 26 8 34 28
29 22 60 30 33 29 41 24 22 30 16 33 28
30 22 135 39 25 33 13 25 9 37 38 34 28
31 22 91 25 23 24 36 25 24 27 17 33 28
32 22 57 44 29 33 95 21 35 31 29 34 28
33 22 244 43 31 30 71 22 29 30 29 34 28
34 22 327 27 13 28 61 22 39 35 26 34 28
35 22 92 40 17 39 52 18 18 29 33 34 28
36 22 64 32 28 28 33 22 4 27 29 34 28
37 22 110 14 22 24 1 14 17 22 28 34 27
38 22 201 34 26 29 37 17 12 30 35 34 28
39 22 156 13 11 29 50 25 35 24 15 34 28
40 22 126 32 21 30 1 15 20 28 28 34 28
41 22 142 40 32 39 1 19 27 35 25 34 28
42 22 93 26 29 25 1 20 18 18 28 34 28
43 22 138 30 34 26 9 20 19 22 15 34 28
44 22 56 17 9 32 4 15 34 24 23 33 28
45 22 72 29 30 33 1 23 23 30 19 33 28
46 22 281 24 24 27 10 25 55 25 18 33 28
47 22 62 34 29 25 26 19 2 25 26 34 28
48 22 269 15 19 27 1 17 4 27 32 34 28
49 22 103 29 26 37 34 18 43 26 14 33 27
50 22 88 27 20 27 39 19 21 28 30 34 28
51 22 187 39 44 35 1 20 39 20 17 33 28
52 22 81 40 40 19 59 24 11 21 26 34 28
53 22 84 33 31 27 31 26 36 28 21 34 28
54 22 106 32 22 27 33 20 22 33 24 34 28
55 22 183 31 21 27 58 20 33 23 22 33 28
56 22 96 22 17 26 1 18 23 23 30 34 28
57 22 87 37 37 21 1 19 10 30 27 34 28
58 22 85 27 35 19 1 18 18 30 18 33 28
59 22 219 39 47 31 1 23 39 24 5 34 28
60 22 133 25 22 27 1 23 29 29 26 33 28
61 22 174 39 44 20 42 16 46 29 15 34 28
62 22 225 33 27 37 44 20 39 29 20 34 28
63 22 122 24 24 32 91 17 38 35 11 33 28
64 22 103 33 38 24 28 24 48 24 14 34 28
65 22 90 23 14 30 37 27 37 27 28 34 27
66 22 67 35 37 36 1 26 40 24 10 33 28
67 22 161 13 16 29 1 16 39 31 9 33 28
68 22 71 26 36 21 44 29 47 30 3 33 27
69 22 103 27 32 20 26 17 24 33 21 33 28
70 22 128 15 22 23 12 21 20 23 24 33 27
71 22 208 38 39 28 1 26 33 32 24 34 28
72 22 114 50 46 26 43 21 48 18 14 33 28
73 22 210 26 23 29 1 25 32 29 28 34 28
74 22 137 20 28 20 1 14 15 33 28 34 27
75 22 76 39 27 35 1 20 32 26 24 33 28
76 22 100 30 15 39 1 22 15 35 39 34 27
77 22 56 38 24 38 1 21 29 24 14 34 28
78 22 126 37 37 35 1 22 35 28 21 33 28
79 22 159 33 23 28 58 16 11 24 31 34 27
80 22 103 34 36 21 50 25 38 25 12 34 28
81 22 115 27 32 23 72 26 51 30 10 34 28
82 22 60 42 43 25 43 25 39 27 22 33 28
83 22 296 20 18 33 1 23 42 28 17 33 27
84 28 114 30 35 26 70 24 41 25 36 42 36
85 22 112 25 32 31 1 16 35 20 6 34 28
86 22 105 26 12 23 44 22 30 31 19 33 28
87 22 64 21 29 25 1 14 9 27 33 34 28
88 22 61 24 11 36 1 15 21 30 30 34 28
89 22 95 36 25 32 26 29 39 26 15 34 28
90 22 131 23 35 20 1 24 18 31 29 34 28
91 22 161 38 34 22 47 17 27 24 21 33 28
92 22 105 44 25 31 59 20 21 36 24 33 28
93 22 132 32 35 23 38 26 40 29 5 34 28
94 22 95 15 28 25 8 22 52 26 3 33 27
95 22 177 34 28 28 37 16 29 22 28 34 28
96 22 285 44 36 30 59 27 19 22 31 34 28
97 22 56 32 39 22 81 23 37 25 21 34 28
98 22 73 37 30 25 43 22 29 29 22 33 28
99 22 245 21 29 35 1 27 41 35 13 33 28
100 22 77 22 13 38 45 24 50 28 4 34 28
101 22 102 20 8 31 45 25 23 30 31 34 28
102 22 90 31 10 31 41 21 26 30 24 33 28
103 22 240 27 33 25 1 22 28 22 13 33 28
104 22 67 37 32 37 1 27 42 35 8 34 28
105 22 78 34 25 38 32 25 41 34 14 34 28
106 22 71 35 25 34 80 27 50 27 7 34 28
107 22 101 28 27 31 37 25 28 28 21 33 28
108 22 142 24 33 19 14 22 16 26 24 33 28
109 22 339 24 16 36 47 21 45 25 10 33 27
110 22 86 36 31 31 46 23 34 30 22 34 28
111 22 85 21 18 30 1 24 43 18 11 33 27
112 22 180 47 38 35 14 26 32 27 23 33 28
113 22 143 47 35 30 97 21 14 24 29 34 28
114 22 96 17 30 18 33 19 52 21 4 33 27
115 22 109 44 34 24 43 25 36 35 25 34 28
116 22 152 37 19 35 78 25 35 25 14 34 28
117 22 148 37 39 24 1 20 14 23 21 33 28
118 22 152 16 22 26 1 22 29 37 32 34 27
119 22 115 35 20 39 1 15 32 18 25 34 28
120 22 67 24 22 30 1 19 37 22 12 33 27
121 22 75 39 17 40 68 21 16 31 35 34 28
122 22 181 18 21 24 20 15 16 19 37 34 28
123 22 108 21 19 29 21 24 41 27 10 33 28
124 22 55 37 42 21 77 19 28 27 18 34 28
125 22 191 38 35 25 1 14 35 25 8 34 28
126 22 269 38 23 34 10 20 25 28 23 33 28
127 22 111 17 37 25 1 19 36 25 12 34 28
128 22 61 26 31 30 21 27 24 36 32 34 28
129 22 136 36 29 30 67 22 29 25 20 34 28
130 22 122 35 25 32 75 19 38 30 12 34 28
131 22 79 28 39 21 39 26 43 26 10 34 28
132 22 125 26 20 38 1 20 27 18 11 33 27
133 22 106 26 18 32 1 14 45 31 18 33 28
134 22 88 38 12 40 1 28 24 24 30 34 28
135 22 85 16 18 24 1 22 18 32 29 34 27
136 22 114 20 31 24 74 20 41 28 7 33 28
137 22 101 16 35 10 1 22 42 28 8 33 27
138 22 88 46 23 37 87 20 14 23 27 34 28
139 22 75 19 23 27 1 18 43 29 11 33 28
140 22 163 37 35 27 1 24 25 22 23 33 27
141 22 169 29 33 27 75 19 45 21 8 34 28
142 22 93 40 34 28 36 24 51 28 9 34 28
143 22 136 29 35 21 22 20 40 24 7 33 28
144 22 131 39 37 27 65 27 33 25 15 34 28
145 22 60 21 19 28 11 21 14 24 28 34 28
146 22 138 46 23 36 36 25 33 27 19 33 28
147 22 100 18 31 21 1 16 42 20 12 33 27
148 22 127 14 32 16 1 23 25 27 18 34 28
149 22 94 32 24 31 15 28 30 29 28 34 28
150 22 79 30 19 35 47 19 50 22 8 33 28
151 22 58 19 16 18 21 19 15 27 29 34 28
152 22 123 42 24 30 22 18 23 27 29 34 28
153 22 126 38 30 28 96 15 33 20 24 34 28
154 22 100 28 21 34 76 27 39 32 15 33 28
155 22 274 44 33 37 6 19 28 20 23 34 28
156 22 242 37 24 40 77 21 43 34 7 33 28
157 22 229 23 27 35 1 18 44 27 14 33 28
158 22 73 32 32 31 1 24 40 25 18 33 28
159 22 69 32 27 36 39 19 30 23 25 34 28
160 22 82 11 10 25 16 21 29 25 14 33 27
161 22 141 34 31 31 37 23 25 23 22 34 28
162 22 147 23 43 22 1 20 41 28 11 33 28
163 22 117 41 14 41 30 19 9 20 39 34 28
164 22 122 38 29 32 65 24 40 32 16 34 28
165 22 217 43 29 34 70 24 52 30 6 34 28
166 22 138 49 27 32 54 23 13 33 30 34 28
167 22 155 36 9 37 75 23 25 24 21 33 27
168 22 76 37 38 23 23 22 26 29 26 34 28
169 22 60 43 37 28 64 22 31 25 19 33 28
170 22 294 45 20 44 35 25 31 33 27 34 28
171 22 81 33 32 28 35 21 12 32 37 34 28
172 22 126 28 19 26 25 14 32 24 15 33 28
173 22 109 31 38 17 47 27 37 26 10 34 28
174 22 119 47 26 35 61 31 17 30 28 34 28
175 22 140 14 19 26 17 18 31 37 30 34 28
176 22 86 37 34 26 48 19 24 25 19 34 28
177 22 63 37 46 26 1 19 23 28 20 33 28
178 22 75 16 22 25 1 26 35 17 21 33 28
179 22 69 31 24 37 14 18 27 23 29 34 28
180 22 91 34 37 29 1 21 52 24 2 34 28
181 22 367 29 43 23 20 19 35 24 7 33 28
182 22 64 21 33 30 1 24 35 30 23 33 28
183 22 69 31 28 27 27 22 26 27 22 33 27
184 22 175 25 19 39 33 21 55 19 5 33 28
185 22 176 39 16 36 51 23 40 31 23 34 28
186 22 120 42 30 44 15 28 31 27 15 34 28
187 22 108 16 31 20 62 28 49 21 1 33 28
188 22 60 24 33 20 32 16 45 28 4 34 28
189 22 210 33 33 21 49 21 29 27 16 34 28
190 22 91 30 35 36 60 21 34 24 22 34 28
191 22 136 26 31 26 1 18 24 23 20 33 28
192 22 75 19 9 33 15 26 49 27 7 34 28
193 22 91 39 36 32 32 24 40 25 13 34 28
194 22 59 29 41 16 36 19 53 25 11 34 28
195 22 60 28 26 34 90 25 37 23 16 33 28
196 22 76 24 26 30 13 16 31 28 25 33 28
197 22 111 41 36 37 1 18 36 30 19 33 28
198 22 78 39 9 41 68 18 15 27 33 34 28
199 22 113 44 36 30 1 15 20 26 28 34 28
200 22 104 23 26 37 58 19 46 38 11 33 28
201 22 102 35 9 38 65 20 15 22 31 34 28
202 22 150 40 26 39 90 18 32 29 26 34 28
203 22 130 41 26 32 14 16 7 27 36 34 28
204 22 85 28 27 39 25 19 38 25 19 33 28
205 22 102 34 28 36 40 14 29 24 16 34 28
206 22 80 33 44 22 10 21 38 26 12 34 28
207 22 61 11 21 25 1 18 33 26 16 33 28
208 22 128 19 15 30 24 24 36 36 22 33 28
209 22 128 13 1 35 1 23 16 28 32 34 28
210 22 113 43 38 22 83 27 33 24 21 33 28
211 22 98 31 32 23 1 24 17 37 30 34 28
212 22 131 42 32 26 10 25 26 32 24 34 28
213 22 154 19 14 32 20 21 30 26 17 33 28
214 22 120 36 16 33 96 19 24 30 24 34 28
215 22 233 29 26 33 46 20 10 22 28 34 28
216 22 152 35 26 25 34 17 16 22 25 33 28
217 22 71 18 33 13 1 18 32 28 21 33 28
218 22 63 38 34 31 47 21 29 26 24 34 28
219 22 134 26 25 25 31 26 33 31 14 33 28
220 22 166 25 29 32 24 16 30 19 14 33 28
221 22 92 22 16 29 21 21 28 22 20 33 27
222 22 66 35 32 26 30 23 43 29 15 33 28
223 22 180 41 24 29 52 18 29 33 20 33 28
224 22 154 38 20 72 77 28 24 22 27 34 28
225 22 124 34 36 25 1 23 38 31 12 34 28
226 22 95 28 36 22 46 27 53 22 11 34 28
227 22 128 40 6 41 38 22 24 22 32 34 28
228 22 105 28 14 37 70 23 23 31 27 34 27
229 22 111 28 30 23 6 22 12 24 33 34 28
230 22 100 29 36 21 1 23 27 29 20 33 28
231 22 150 33 31 32 42 18 57 36 10 34 28
232 22 93 21 28 19 1 19 12 22 30 34 27
233 22 175 39 33 32 1 26 22 22 22 34 28
234 22 146 27 34 29 36 26 28 19 11 33 28
235 22 55 22 23 33 63 24 42 28 12 33 28
236 22 121 13 35 15 22 19 40 24 13 33 27
237 22 116 36 30 31 86 27 22 37 27 34 28
238 22 108 29 28 27 23 27 10 28 27 34 27
239 22 180 39 31 45 1 19 36 24 9 33 27
240 22 239 23 1 40 49 18 20 34 30 34 28
241 22 69 36 36 28 37 22 35 23 8 34 28
242 22 117 29 32 29 1 25 31 26 18 33 28
243 22 340 30 33 28 1 11 21 31 25 33 28
244 22 85 45 21 35 23 20 38 30 24 34 28
245 22 93 36 12 33 61 18 25 37 28 34 28
246 22 117 25 36 24 32 23 35 27 10 33 27
247 22 437 14 27 24 24 19 35 28 18 33 27
248 22 85 42 22 35 127 20 22 22 29 34 28
249 22 109 30 13 31 2 23 17 30 41 34 28
250 22 69 28 30 18 24 18 32 36 14 33 27
251 22 101 37 34 30 1 21 33 17 20 33 27
252 22 164 20 17 32 64 19 44 26 14 33 28
253 22 59 27 35 22 30 24 37 37 23 33 28
254 22 115 33 21 31 73 18 33 33 24 33 27
255 22 54 35 28 37 51 17 39 32 16 33 28
256 22 67 33 34 24 16 18 33 26 9 34 28
257 22 127 25 21 27 9 24 16 22 31 34 27
258 22 83 28 8 36 31 19 15 31 33 34 28
259 22 145 41 15 37 53 19 36 32 23 33 28
260 22 93 36 36 26 1 27 15 27 25 34 28
261 22 181 33 19 31 51 22 22 29 25 34 28
262 22 88 40 35 26 1 18 32 28 17 33 28
263 22 84 39 22 44 89 23 31 31 21 33 28
264 22 128 39 23 42 68 25 36 20 19 33 28
265 22 69 11 27 19 1 21 33 25 11 33 27
266 22 121 36 24 34 17 25 25 21 16 33 28
267 22 178 16 30 14 12 26 28 20 9 33 27
268 22 93 39 26 27 46 22 19 28 30 34 28
269 22 157 32 33 27 56 14 37 26 14 34 28
270 22 317 38 27 35 81 17 32 22 15 33 27
271 22 66 18 28 28 29 23 40 26 11 33 28
272 22 56 26 14 30 1 9 16 31 31 34 28
273 22 182 37 19 38 87 18 46 28 22 33 27
274 22 93 22 28 15 12 21 25 27 21 33 27
275 22 86 17 31 18 1 19 31 35 17 33 27
276 22 74 21 25 23 1 11 10 20 29 34 27
277 22 223 40 19 37 1 21 3 26 39 34 27
278 22 89 33 38 18 77 21 36 29 14 33 28
279 22 84 20 16 28 8 25 28 26 20 33 28
280 22 85 39 23 31 9 19 27 28 26 34 28
281 22 117 21 19 33 44 27 34 22 12 33 27
282 22 76 20 29 27 50 25 50 17 7 33 27
283 22 84 19 16 34 24 24 24 32 24 33 28
284 22 118 40 32 27 24 28 35 25 28 34 28
285 22 120 26 20 33 35 19 45 29 11 33 28
286 22 305 33 26 27 32 19 37 25 22 33 28
287 22 139 9 20 21 1 24 31 23 9 33 27
288 22 113 33 30 22 25 27 37 28 8 33 27
289 22 105 30 33 18 38 24 25 27 23 33 28
290 22 181 29 29 25 18 24 1 27 29 34 27
291 22 154 36 39 33 1 14 34 30 15 33 28
292 22 86 23 33 31 44 21 48 23 11 34 28
293 22 58 24 24 27 29 24 33 28 16 33 28
294 22 86 48 20 37 36 27 1 32 43 34 27
295 22 93 30 21 29 72 29 23 22 26 34 28
296 22 99 27 36 21 1 24 33 20 19 33 28
297 22 110 41 28 28 64 22 29 35 24 33 28
298 22 195 16 25 30 46 30 52 36 10 33 28
299 22 93 12 9 28 54 17 43 17 13 33 27
300 22 82 33 15 37 87 22 27 31 26 34 28
301 22 109 30 14 43 1 15 10 25 30 34 28
302 22 153 14 22 22 1 22 28 23 19 33 27
303 22 94 38 23 31 35 21 44 26 20 33 28
304 22 257 22 33 17 1 20 44 30 6 33 27
305 22 84 28 30 22 5 19 22 18 20 33 28
306 22 195 34 18 31 1 15 13 35 35 34 27
307 22 69 15 16 26 26 22 36 26 19 33 27
308 22 200 34 44 29 1 18 33 25 11 33 27
309 22 285 33 22 31 1 23 16 32 25 33 28
310 22 120 33 26 32 29 25 38 26 16 33 28
311 22 90 9 20 22 11 19 40 22 13 33 27
312 22 85 36 27 31 37 22 35 17 11 33 28
313 22 121 27 20 28 49 20 24 25 25 33 28
314 22 89 31 21 34 38 20 43 19 14 33 28
315 22 120 32 22 34 48 26 31 20 29 34 27
316 22 159 23 35 30 1 28 43 31 15 33 27
317 22 54 25 27 22 29 17 27 30 17 33 28
318 22 80 23 10 22 38 26 24 29 33 34 27
319 22 75 22 26 24 13 27 32 22 22 33 27
320 22 112 30 32 35 1 13 12 18 26 34 28
321 22 264 40 25 30 42 23 44 33 20 33 28
322 22 67 24 46 24 31 26 53 37 1 33 27
323 22 203 31 34 21 40 26 13 27 22 33 27
324 22 191 23 19 21 1 19 8 34 38 34 27
325 22 100 26 32 24 1 25 32 21 20 33 28
326 22 59 14 12 31 26 23 29 26 24 33 27
327 22 187 37 26 29 2 25 14 26 34 34 28
328 22 120 24 10 36 1 20 1 27 39 34 27
329 22 77 19 6 28 1 18 17 27 28 34 28
330 22 110 23 6 39 41 22 28 32 32 34 27
331 22 103 20 20 26 30 16 33 17 9 33 27
332 22 214 26 37 19 41 19 44 21 9 33 27
333 22 111 11 13 27 49 21 40 30 17 33 27
334 22 183 35 32 27 49 22 23 31 20 33 28
335 22 95 19 25 31 1 27 41 40 15 33 27
336 22 93 36 42 20 45 18 35 27 11 33 28
337 22 76 35 25 30 21 17 11 31 28 34 28
338 22 61 36 42 27 3 26 39 28 11 33 28
339 22 95 18 7 31 1 18 21 25 31 34 27
340 22 384 30 31 31 1 22 16 27 27 34 28
341 22 118 33 11 37 63 15 25 35 30 34 28
342 22 220 24 19 27 40 24 44 19 14 33 28
343 22 359 30 27 26 64 27 31 27 21 33 28
344 22 92 41 31 28 1 23 25 35 26 34 28
345 22 133 38 23 35 66 21 32 26 19 34 28
346 22 117 43 17 39 53 23 17 24 35 34 27
347 22 92 30 49 18 37 24 50 28 1 33 28
348 22 164 46 42 40 10 28 37 27 17 33 28
349 22 78 30 19 35 60 19 46 19 18 33 28
350 22 134 34 17 37 46 20 21 31 38 34 27
351 22 77 34 42 19 27 30 33 20 14 33 28
352 22 62 39 39 28 39 22 12 33 22 33 27
353 22 119 24 19 33 46 25 32 29 19 33 27
354 22 90 21 32 21 1 22 34 32 14 33 27
355 22 120 25 11 36 1 21 28 31 25 33 28
356 22 85 35 39 22 3 26 33 23 13 33 27
357 22 91 22 26 25 2 20 11 23 20 33 28
358 22 266 25 18 35 59 22 44 19 16 34 28
359 22 68 25 7 36 76 25 23 34 29 34 28
360 22 211 23 21 28 14 15 24 26 20 33 28
361 22 80 18 21 27 8 20 44 30 14 33 27
362 22 85 43 27 35 70 20 25 28 23 33 28
363 22 81 33 32 28 1 21 18 27 27 33 28
364 22 86 42 42 27 1 18 12 19 32 34 27
365 22 263 41 22 32 62 18 25 34 37 34 28
366 22 141 42 18 34 22 23 3 31 41 34 28
367 22 559 35 38 26 48 24 53 27 9 33 28
368 22 89 45 17 42 1 30 16 37 38 34 27
369 22 183 35 33 24 81 24 42 22 10 34 28
370 22 77 13 27 26 1 23 16 28 24 33 27
371 22 202 15 23 26 25 22 44 22 7 33 27
372 22 155 35 27 30 29 21 30 28 21 33 28
373 22 138 18 8 35 1 20 35 24 24 33 27
374 22 95 27 32 26 30 21 42 18 7 33 28
375 22 470 28 24 28 1 21 46 21 12 33 27
376 22 82 36 24 32 30 21 18 30 18 33 28
377 22 120 38 41 25 23 21 29 18 22 33 28
378 22 152 49 16 38 84 23 1 34 41 34 27
379 22 173 21 30 16 11 23 17 31 19 33 27
380 22 129 28 30 26 53 26 49 36 10 33 28
381 22 161 44 16 28 49 18 14 22 43 34 27
382 22 122 26 17 33 47 24 23 32 19 33 27
383 22 86 38 28 35 1 15 39 31 8 33 27
384 22 83 32 39 24 28 19 47 28 11 33 28
385 22 71 44 38 28 86 21 40 34 21 33 28
386 22 64 31 22 35 47 23 42 29 14 33 28
387 22 336 12 6 30 1 26 27 31 25 33 27
388 22 88 35 40 26 39 21 21 24 19 33 28
389 22 99 27 26 32 26 25 23 24 25 34 28
390 22 152 33 12 33 23 26 1 24 33 34 27
391 22 191 32 29 36 59 29 27 32 16 34 28
392 22 67 32 38 23 3 12 18 27 30 34 28
393 22 80 10 25 27 3 24 35 20 11 33 27
394 22 62 17 25 20 1 24 12 26 29 34 27
395 22 83 29 38 23 1 20 31 33 21 33 28
396 22 78 32 41 22 1 24 21 26 17 33 27
397 22 224 21 23 26 75 24 43 34 19 33 28
398 22 396 18 27 23 25 20 56 28 6 33 28
399 22 149 34 33 22 2 20 26 32 24 33 28
400 22 107 35 33 30 1 25 29 27 18 33 28
401 22 159 38 30 30 27 21 29 25 15 33 28
402 22 73 36 33 33 14 23 32 28 16 33 28
403 22 66 22 30 34 1 19 44 20 7 33 27
404 22 131 37 29 32 28 26 41 19 14 33 27
405 22 76 37 31 30 23 20 28 29 24 34 28
406 22 199 19 35 22 1 20 25 25 11 33 27
407 22 99 27 2 40 22 25 17 33 35 34 28
408 22 60 32 29 28 24 23 21 21 23 33 28
409 22 162 33 29 33 1 19 15 23 22 33 27
410 28 112 47 21 41 156 34 39 40 41 41 34
411 22 63 45 39 42 30 25 47 32 8 34 27
412 22 84 33 30 35 8 24 35 27 23 33 28
413 22 94 33 39 27 21 19 19 25 17 33 28
414 22 311 29 30 22 56 20 18 30 19 33 28
415 22 161 27 23 29 1 20 12 28 32 34 28
416 22 56 26 30 31 56 24 37 21 5 33 28
417 22 155 34 26 33 90 16 31 23 16 34 27
418 22 158 32 19 26 23 22 1 31 38 34 27
419 22 182 32 34 24 34 19 22 32 24 33 27
420 22 293 28 37 24 18 514 39 23 9 33 28
421 22 60 30 32 34 1 25 15 30 28 34 28
422 22 58 27 22 25 91 22 29 22 18 33 28
423 22 195 27 30 28 24 21 44 28 15 33 28
424 22 114 27 35 32 1 28 33 26 17 33 28
425 22 154 35 21 35 28 23 24 27 33 34 27
426 22 430 17 17 32 1 21 10 22 27 34 27
427 22 67 31 19 35 1 20 14 25 28 34 27
428 22 105 39 33 30 24 19 26 30 21 33 28
429 22 69 18 20 26 1 13 5 18 28 34 28
430 22 99 16 31 15 9 21 27 26 12 33 27
431 22 64 19 19 25 60 22 32 21 8 33 27
432 22 119 27 30 28 92 21 47 13 1 33 28
433 22 122 29 34 24 51 26 43 26 14 34 28
434 22 122 38 35 30 7 21 23 26 20 33 28
435 22 94 15 27 21 23 22 34 25 12 33 27
436 22 110 17 11 32 23 23 33 27 26 34 27
437 22 75 13 20 28 88 27 38 21 11 33 28
438 22 177 27 19 28 46 25 22 21 17 33 28
439 22 118 24 19 24 1 20 26 34 21 33 27
440 22 141 29 35 27 62 22 27 16 17 33 28
441 22 55 29 33 26 4 23 44 24 15 33 28
442 22 68 28 24 26 1 17 32 20 23 33 28
443 22 91 30 30 25 37 27 25 33 31 34 27
444 22 88 13 12 32 25 25 19 28 34 34 28
445 22 67 24 17 29 25 25 11 26 24 33 27
446 22 257 39 32 24 61 26 32 32 26 33 28
447 22 105 36 24 41 1 20 21 20 15 33 27
448 22 229 39 19 35 49 22 27 24 14 34 27
449 22 56 25 33 19 17 24 21 30 25 33 27
450 22 118 33 24 33 27 18 43 25 18 33 28
451 22 244 161 29 29 85 14 16 26 37 34 28
452 22 104 23 3 29 43 23 14 26 30 34 28
453 22 204 36 21 34 69 23 27 30 24 33 27
454 22 665 27 10 33 1 20 27 34 29 34 27
455 22 80 31 17 38 1 29 1 26 40 34 27
456 22 81 8 9 28 1 24 12 32 29 34 28
457 22 134 26 37 25 1 20 14 31 21 33 28
458 22 135 43 32 30 20 16 12 24 29 34 27
459 22 91 17 12 29 19 26 27 21 41 34 27
460 22 122 26 23 28 2 16 23 29 31 34 28
461 22 87 28 30 37 1 17 30 25 23 33 27
462 22 90 30 43 25 14 18 27 26 21 33 27
463 22 61 26 24 28 54 27 39 21 13 33 28
464 22 108 25 10 44 43 24 18 26 29 34 27
465 22 85 41 41 32 50 28 47 22 10 33 27
466 22 100 23 12 36 12 21 28 22 21 33 27
467 22 80 20 33 20 1 18 20 28 21 33 27
468 22 130 36 17 32 77 19 37 19 18 34 27
469 22 119 39 18 37 39 23 41 29 16 33 28
470 22 326 42 41 32 1 13 23 23 27 34 27
471 22 98 19 39 26 1 26 32 20 9 33 27
472 22 194 23 32 23 20 23 39 34 14 33 27
473 22 122 24 29 25 61 23 32 19 6 33 28
474 22 94 12 25 28 31 26 38 25 18 33 28
475 22 171 12 5 37 1 20 41 24 12 33 27
476 22 85 30 39 24 17 23 42 29 12 33 28
477 22 125 31 39 27 1 23 42 27 10 33 27
478 22 92 26 11 39 1 23 20 37 28 34 28
479 22 138 37 33 30 36 23 21 27 23 34 28
480 22 243 24 9 35 1 20 37 28 14 33 27
481 22 119 32 35 24 24 21 18 25 30 34 27
482 22 61 34 29 29 1 15 7 28 33 34 28
483 22 77 29 46 16 1 23 40 37 17 33 27
484 22 92 16 24 24 17 20 28 26 22 33 27
485 22 126 40 39 20 36 23 12 27 39 34 28
486 22 113 36 39 27 62 19 27 30 15 33 28
487 22 83 34 30 31 74 24 42 32 9 34 28
488 22 120 32 28 42 1 20 30 26 17 33 28
489 22 151 37 24 36 37 104 33 28 35 34 28
490 22 96 45 33 32 17 21 50 32 14 33 28
491 22 138 29 8 38 83 17 31 30 26 34 28
492 22 91 36 33 28 18 20 33 27 14 34 28
493 22 86 12 16 26 1 20 29 27 18 34 28
494 22 67 30 32 40 68 21 55 25 7 33 28
495 22 61 21 28 22 29 26 45 25 7 33 28
496 22 111 39 33 35 76 23 36 35 11 34 28
497 22 100 35 48 22 58 22 51 26 5 34 28
498 22 104 39 27 30 28 19 7 28 28 34 28
499 22 70 34 27 27 28 19 40 33 19 33 28
500 22 104 11 8 35 1 16 25 36 26 33 27
501 22 143 39 32 31 36 21 35 26 20 33 28
502 22 108 37 28 26 74 25 14 47 27 34 28
503 22 78 27 23 31 20 23 43 21 11 33 28
504 22 53 33 39 25 19 21 42 28 8 33 27
505 22 105 36 39 32 1 18 17 19 28 34 27
506 22 142 42 34 31 22 27 33 25 19 33 28
507 22 246 32 13 33 1 20 8 30 35 34 28
508 22 141 23 28 40 29 27 42 17 7 33 27
509 22 105 15 29 21 11 18 20 24 23 33 27
510 22 95 41 24 41 25 21 34 26 20 33 27
511 22 105 35 40 20 63 18 29 23 10 33 28
512 22 162 28 20 29 46 12 6 21 25 33 28
513 22 99 30 38 25 1 21 31 23 19 33 28
514 22 112 30 32 28 48 28 24 30 23 33 28
515 22 182 23 21 33 1 15 21 25 29 34 27
516 22 72 23 33 30 18 21 37 26 14 33 28
517 22 84 33 18 30 78 20 33 37 19 33 28
518 22 107 32 37 25 42 15 27 25 25 34 28
519 22 104 46 33 33 38 25 39 30 17 33 28
520 22 326 30 22 31 59 24 30 33 16 33 28
521 22 50 24 20 32 51 27 40 23 7 33 28
522 22 80 31 23 29 13 23 1 31 35 34 27
523 22 63 31 36 25 4 21 19 22 26 34 28
524 22 100 35 28 25 55 32 39 20 18 34 28
525 22 374 31 26 26 1 262 141 26 24 33 28
526 22 96 40 28 33 67 23 42 31 6 34 28
527 22 60 29 27 31 52 26 31 36 24 33 27
528 22 171 41 29 29 62 24 41 31 18 33 28
529 22 260 30 22 28 28 25 35 23 20 33 27
530 22 61 29 31 30 1 18 25 27 24 34 28
531 22 154 38 37 21 23 29 28 25 20 33 28
532 22 91 35 25 34 31 23 38 37 20 33 28
533 22 112 21 25 29 1 21 22 26 29 34 27
534 22 103 42 30 41 1 29 30 21 19 34 28
535 22 50 11 1 36 28 21 39 31 10 33 28
536 22 83 29 27 22 52 26 32 34 15 33 28
537 22 104 30 26 30 30 17 14 28 29 34 28
538 22 145 20 19 33 33 21 36 27 14 33 28
539 22 86 22 37 16 19 16 33 31 19 33 27
540 22 168 38 29 34 18 22 12 25 30 34 27
541 22 168 46 31 30 63 19 8 24 32 34 27
542 22 106 31 33 30 33 19 24 24 30 34 28
543 22 104 35 39 30 8 15 42 29 10 34 28
544 22 186 46 26 31 55 24 33 29 20 33 28
545 22 198 31 37 24 27 19 23 27 29 34 27
546 22 62 17 25 35 1 29 33 29 18 33 27
547 22 68 45 50 26 18 20 39 26 9 33 28
548 22 216 32 34 27 38 17 23 25 24 33 28
549 22 88 40 35 25 14 20 31 30 21 33 28
550 22 83 23 35 20 1 25 27 27 19 33 28
551 22 130 18 5 37 60 24 28 27 15 33 28
552 22 164 49 25 31 1 16 19 33 26 33 27
553 22 96 43 34 26 1 14 1 19 24 33 28
554 22 113 31 45 20 1 17 35 14 14 33 27
555 22 384 18 14 33 1 21 33 27 19 33 27
556 22 258 48 20 38 61 21 21 30 32 34 28
557 22 157 45 28 35 21 19 52 20 9 34 28
558 22 72 25 21 37 50 22 21 29 27 34 27
559 22 63 37 34 21 1 28 18 20 30 34 28
560 22 156 24 43 19 1 20 32 30 13 33 28
561 22 108 37 39 32 40 25 39 32 12 33 28
562 22 270 30 45 158 1 24 49 29 4 34 28
563 22 134 23 40 20 1 24 35 30 17 33 28
564 22 210 39 25 35 43 19 17 32 29 34 27
565 22 74 31 19 37 23 24 36 33 12 33 27
566 22 246 40 28 32 12 19 16 25 29 34 28
567 22 226 44 22 34 10 20 22 37 25 34 28
568 22 94 17 20 25 1 20 35 29 14 33 27
569 22 102 14 17 20 1 14 23 20 15 33 27
570 22 136 49 14 33 121 17 21 25 27 34 28
571 22 116 31 11 38 22 24 18 25 27 34 28
572 22 152 29 7 43 1 24 20 33 30 34 28
573 22 102 24 20 38 1 19 32 15 18 33 27
574 22 72 13 26 17 1 23 39 21 11 33 27
575 22 58 24 18 27 84 24 19 22 32 34 27
576 22 122 17 12 32 66 20 48 29 15 33 28
577 22 150 37 37 29 46 17 22 19 26 33 27
578 22 101 35 36 28 22 22 26 20 29 34 28
579 22 135 34 26 34 33 15 14 21 24 33 27
580 22 76 24 21 29 1 24 16 25 24 33 28
581 22 180 29 37 23 20 26 30 18 14 33 28
582 22 83 21 24 24 22 17 13 23 25 33 27
583 22 63 38 26 34 66 18 50 25 9 34 28
584 22 99 16 19 23 1 20 31 27 21 33 27
585 22 147 31 39 30 38 25 30 24 16 34 28
586 22 80 34 42 17 1 18 27 32 18 33 28
587 22 88 25 17 31 11 18 9 31 36 34 27
588 22 148 20 6 41 38 23 24 30 29 34 27
589 22 188 44 21 41 23 21 13 24 31 34 28
590 22 132 40 35 35 64 24 31 28 27 34 28
591 22 69 31 15 38 62 22 37 24 16 33 28
592 22 72 29 17 29 53 19 17 36 26 33 28
593 22 222 27 28 25 44 25 43 23 11 33 28
594 22 103 35 13 36 24 24 3 34 38 34 28
595 22 171 38 46 28 1 15 44 35 17 33 28
596 22 124 27 13 38 1 19 21 31 31 34 28
597 22 126 43 37 26 70 18 33 27 21 33 28
598 22 87 36 38 21 63 27 34 19 16 33 28
599 22 53 26 33 20 1 20 27 37 25 33 28
600 22 108 30 31 26 1 20 16 31 31 34 28
601 22 182 38 26 32 43 19 19 20 26 34 28
602 22 110 27 10 30 1 16 19 31 26 33 28
603 22 270 22 29 36 1 21 44 29 12 33 27
604 22 82 35 35 28 1 16 18 28 27 34 27
605 22 147 34 30 36 46 20 40 32 17 34 28
606 22 127 39 15 34 73 23 23 16 20 33 28
607 22 175 37 21 41 2 20 7 27 28 34 28
608 22 99 41 25 33 1 22 16 31 33 34 28
609 22 93 37 29 26 27 21 32 36 10 33 28
610 22 67 29 17 26 109 18 27 22 25 33 28
611 22 206 42 23 31 48 19 21 26 29 34 28
612 22 64 19 21 29 1 22 6 28 31 34 27
613 22 89 14 3 28 30 27 23 19 29 34 28
614 22 94 28 22 28 101 23 25 20 28 34 27
615 22 100 31 22 33 39 23 34 32 20 33 28
616 22 119 37 32 24 62 22 31 18 19 33 28
617 22 65 36 43 31 5 21 46 31 12 34 28
618 22 90 34 24 35 70 23 35 22 22 33 28
619 22 146 23 22 30 19 17 16 35 24 33 28
620 22 67 40 43 28 49 22 42 34 6 34 28
621 22 125 39 36 29 11 26 29 36 26 34 28
622 22 113 25 20 28 18 21 28 22 25 33 27
623 22 95 19 28 20 1 26 31 25 10 33 27
624 22 65 14 24 28 1 18 17 27 30 34 28
625 22 64 28 18 36 18 19 15 25 31 34 27
626 22 84 39 42 22 42 19 40 28 12 34 28
627 22 125 18 17 27 36 24 30 22 27 34 27
628 22 87 33 20 34 90 19 43 23 18 33 27
629 22 77 30 9 38 57 22 8 22 33 34 28
630 22 58 40 33 23 43 15 28 31 33 34 28
631 22 116 31 27 28 21 18 29 26 24 34 28
632 22 192 38 21 30 23 17 31 28 22 33 28
633 22 164 39 23 31 1 23 20 40 28 34 28
634 22 141 22 24 26 35 23 14 28 29 34 27
635 22 113 34 27 35 58 22 33 38 14 33 28
636 22 131 34 26 26 26 23 28 29 18 33 27
637 22 53 31 35 31 1 26 35 33 19 33 28
638 22 87 48 26 40 43 14 14 26 28 34 28
639 22 71 32 42 31 28 31 47 29 6 33 28
640 22 63 29 30 21 1 25 20 30 23 33 28
641 22 137 27 8 40 1 19 26 33 27 33 27
642 22 195 42 35 21 19 20 33 41 24 33 28
643 22 53 10 4 34 1 22 37 24 22 33 27
644 22 105 19 11 38 43 22 51 22 15 33 27
645 22 79 39 25 35 68 17 34 35 29 34 28
646 22 187 40 32 29 50 24 9 26 27 34 28
647 22 139 35 18 26 37 19 32 34 25 33 27
648 22 70 44 26 40 74 24 14 31 27 34 27
649 22 62 19 9 34 1 16 17 27 27 34 27
650 22 74 35 21 38 1 21 27 21 34 34 28
651 22 110 35 40 30 39 15 28 28 21 33 28
652 22 113 31 21 34 58 24 38 30 20 33 28
653 22 112 18 22 24 21 18 21 30 29 34 27
654 22 77 36 36 41 9 24 42 27 13 34 28
655 22 84 38 31 26 65 28 37 27 17 33 28
656 22 66 22 15 26 58 24 21 24 23 33 27
657 22 70 33 30 32 48 24 39 23 17 34 28
658 22 79 47 18 43 54 21 27 35 29 34 28
659 22 134 17 16 33 72 18 40 22 11 33 27
660 22 208 36 9 39 68 24 12 24 31 34 28
661 22 103 38 15 36 30 24 31 25 24 33 28
662 22 244 32 33 30 34 27 32 30 18 34 28
663 22 100 45 33 34 40 24 34 25 18 33 28
664 22 166 36 28 32 63 17 36 26 22 34 28
665 22 214 39 21 32 22 23 20 29 21 33 27
666 22 84 23 24 31 74 22 38 29 21 33 27
667 22 207 44 26 37 47 22 26 25 29 34 28
668 22 197 37 24 34 31 21 32 26 18 33 27
669 22 92 30 20 32 4 23 2 26 23 33 27
670 22 146 31 27 22 20 23 34 33 29 34 27
671 22 143 26 9 39 2 16 11 31 36 34 27
672 22 77 39 31 34 1 20 25 28 21 33 28
673 22 117 25 12 36 74 24 48 28 17 33 27
674 22 113 21 27 22 1 19 15 26 21 33 28
675 22 56 32 32 31 47 19 44 28 9 33 28
676 22 124 42 44 27 22 27 39 26 8 33 28
677 22 70 21 14 38 24 23 47 25 23 33 27
678 22 457 34 25 33 50 28 19 27 26 34 28
679 22 146 33 30 35 22 24 41 22 14 33 27
680 22 194 26 27 22 66 21 18 19 17 33 28
681 22 162 22 31 30 1 16 37 25 23 33 28
682 22 273 22 22 26 32 23 35 28 24 33 27
683 22 81 23 29 26 23 25 16 30 24 33 27
684 22 106 21 17 31 37 25 37 26 19 33 28
685 22 702 21 10 30 47 25 38 29 20 33 27
686 22 67 32 17 36 1 22 6 24 31 34 28
687 22 79 51 26 38 24 19 23 32 33 34 28
688 22 58 24 24 25 1 20 15 33 27 34 28
689 22 70 16 20 32 20 20 51 29 15 33 27
690 22 109 47 34 36 35 26 38 35 20 34 28
691 22 90 17 15 30 12 15 31 32 30 34 27
692 22 150 37 40 22 1 27 26 34 21 33 27
693 22 122 31 36 21 1 19 10 41 29 34 28
694 22 94 29 36 21 39 22 31 34 16 33 28
695 22 71 42 36 30 1 25 19 25 21 33 28
696 22 91 41 40 26 40 21 47 17 7 33 28
697 22 67 22 30 22 14 15 49 29 8 33 28
698 22 127 52 44 33 42 25 29 22 18 33 28
699 22 73 9 27 14 7 18 35 24 9 33 27
700 22 143 28 11 28 1 24 10 32 35 34 27
701 22 64 38 23 36 109 19 35 27 18 33 28
702 22 72 29 18 30 56 16 16 32 24 33 28
703 22 173 31 37 25 41 14 32 30 20 33 28
704 22 298 12 21 28 1 27 36 28 15 33 27
705 22 113 26 41 17 14 18 33 24 18 33 28
706 22 162 19 23 32 1 28 17 27 28 34 27
707 22 167 41 23 33 20 22 39 35 27 34 28
708 22 112 41 31 30 31 21 28 30 32 34 27
709 22 75 26 10 36 64 18 35 31 18 33 28
710 22 83 35 19 35 52 23 17 20 28 34 28
711 22 55 33 36 22 40 14 20 26 18 33 27
712 22 313 41 39 20 17 23 10 21 31 34 27
713 22 61 20 18 38 43 20 45 25 13 33 27
714 22 206 43 32 37 1 20 15 23 20 33 28
715 22 125 21 15 23 1 23 16 35 23 33 28
716 22 205 29 35 25 43 19 36 28 6 33 28
717 22 134 21 32 32 52 23 44 19 7 33 27
718 22 259 32 38 29 88 25 48 26 6 33 28
719 22 104 29 21 31 34 19 30 31 30 34 28
720 22 394 29 27 32 65 22 24 18 22 33 28
721 22 252 38 26 29 47 28 43 30 21 33 28
722 22 61 36 28 27 37 19 38 29 17 33 27
723 22 66 30 34 26 15 17 34 33 18 33 28
724 22 53 23 11 24 4 17 29 28 30 34 28
725 22 91 11 34 21 15 23 35 27 12 34 27
726 22 270 24 41 20 9 15 68 24 1 33 27
727 22 222 31 27 30 54 26 36 32 22 33 28
728 22 69 43 23 32 62 21 1 35 40 34 27
729 22 83 39 40 34 74 22 38 22 12 34 28
730 22 181 26 19 35 4 26 29 31 23 33 27
731 22 181 34 25 32 88 23 43 28 10 33 28
732 22 127 24 17 28 6 15 32 38 19 33 28
733 22 85 30 35 30 1 19 43 22 7 34 28
734 22 100 15 23 26 1 21 42 35 14 33 27
735 22 88 43 28 34 7 23 10 30 31 34 28
736 22 82 43 27 27 35 15 13 36 36 34 28
737 22 114 36 42 31 27 21 42 33 22 33 27
738 22 66 18 27 30 1 20 42 26 8 33 28
739 22 366 43 40 25 1 22 13 18 30 34 28
740 22 119 29 30 36 1 20 29 19 14 33 28
741 22 150 29 22 33 1 17 4 26 35 34 27
742 22 125 31 37 24 38 19 20 28 17 33 27
743 22 97 36 27 35 14 19 13 21 31 34 28
744 22 144 19 26 17 15 19 16 29 24 33 27
745 22 92 23 12 33 9 32 49 28 8 33 27
746 22 100 31 11 46 16 21 14 29 31 34 28
747 22 64 26 12 25 7 14 1 26 34 34 28
748 22 84 24 44 15 33 23 42 29 5 33 27
749 22 84 28 12 25 36 18 30 30 20 33 28
750 22 97 35 33 31 1 16 32 36 25 34 28
751 22 81 29 39 19 11 20 15 24 26 33 27
752 22 216 19 39 22 1 25 33 28 16 33 27
753 22 118 30 25 30 25 19 27 27 22 33 27
754 22 205 26 6 33 37 18 24 17 28 34 28
755 22 142 36 26 35 53 25 26 23 20 33 28
756 22 159 31 24 34 1 18 27 31 17 33 27
757 22 334 31 35 30 22 24 22 22 18 33 28
758 22 102 21 32 25 51 31 51 30 12 33 28
759 22 101 33 34 26 20 25 10 26 31 34 28
760 22 148 31 32 24 35 19 33 27 17 33 27
761 22 77 33 28 31 39 18 38 22 29 34 28
762 22 103 24 11 41 1 23 39 33 25 34 28
763 22 69 37 20 37 17 25 26 23 32 34 27
764 22 142 33 33 28 38 17 25 28 17 33 27
765 22 133 28 4 40 51 23 1 28 46 34 28
766 22 247 42 35 32 6 22 37 29 18 33 27
767 22 124 32 29 26 60 21 51 25 3 34 28
768 22 68 21 19 25 20 23 34 29 18 33 27
769 22 312 21 18 29 59 14 11 16 23 33 27
770 22 68 9 15 23 1 21 19 29 21 33 27
771 22 116 30 22 31 30 16 19 23 23 33 27
772 22 92 14 1 29 1 25 1 30 34 34 27
773 22 98 25 28 20 14 17 28 28 18 33 27
774 22 104 38 36 37 25 19 42 22 9 33 28
775 22 109 34 31 33 81 21 51 27 2 34 28
776 22 135 28 23 36 1 15 14 28 25 33 27
777 22 87 42 26 31 63 21 11 24 33 34 28
778 22 131 21 13 31 1 22 15 31 29 34 28
779 22 129 38 16 34 71 22 38 25 17 33 28
780 22 175 39 19 36 80 24 21 26 25 34 28
781 22 160 46 28 21 28 18 7 38 28 34 27
782 22 57 37 46 31 1 17 36 24 7 33 27
783 22 190 37 23 38 13 22 25 24 30 34 27
784 22 84 40 33 29 108 17 23 35 39 34 28
785 22 90 34 27 25 30 16 19 23 33 34 28
786 22 88 30 28 30 14 19 21 28 28 34 27
787 22 63 24 27 24 30 20 41 33 14 33 28
788 22 264 37 27 31 59 25 51 22 1 33 27
789 22 74 16 26 23 50 27 46 25 11 33 27
790 22 108 46 33 28 81 27 32 28 19 33 28
791 22 82 19 19 29 11 20 25 35 34 34 27
792 22 63 37 31 40 36 23 32 20 16 34 28
793 22 108 30 30 26 75 23 33 27 11 33 28
794 22 136 34 19 32 91 21 27 30 24 33 28
795 22 71 41 32 29 32 25 30 24 21 33 28
796 22 248 31 38 20 21 25 42 19 13 33 28
797 22 103 40 15 42 9 23 21 36 32 34 27
798 22 132 24 19 35 62 20 39 23 23 33 27
799 22 127 27 25 31 51 24 34 35 25 33 28
800 22 60 23 5 30 62 16 22 36 30 34 27
801 22 104 36 32 25 24 24 27 31 22 33 28
802 22 217 29 38 33 28 19 42 29 15 33 28
803 22 332 31 37 25 1 24 9 27 28 34 28
804 22 120 28 17 26 52 20 1 30 34 34 27
805 22 72 36 24 39 7 20 41 26 18 33 27
806 22 192 76 20 142 448 30 28 33 22 33 27
807 22 167 35 32 34 6 22 32 31 21 33 27
808 22 60 37 29 37 67 18 33 20 12 33 28
809 22 241 38 12 33 71 15 13 33 39 34 28
810 22 49 18 32 22 44 19 31 35 20 33 28
811 22 83 37 37 24 1 19 1 25 30 34 28
812 22 66 32 26 33 73 22 39 33 23 34 28
813 22 65 19 32 26 32 18 45 22 2 34 27
814 22 92 38 28 40 49 21 44 23 10 33 28
815 22 58 30 10 34 75 26 21 34 25 33 28
816 22 115 25 6 30 24 20 13 56 36 34 27
817 22 96 47 29 39 1 25 27 38 26 34 28
818 22 89 31 30 28 40 20 30 25 16 34 28
819 22 165 32 25 25 41 20 28 26 23 33 28
820 22 124 25 25 24 39 23 32 29 22 33 28
821 22 147 32 18 32 1 18 18 28 23 33 28
822 22 664 39 26 37 28 28 22 22 16 33 27
823 22 100 39 33 26 50 16 17 22 36 34 28
824 22 110 31 22 34 1 20 34 21 18 33 28
825 22 289 46 26 32 69 18 24 31 32 34 28
826 22 76 25 37 22 33 20 34 32 20 33 28
827 22 90 37 33 32 85 27 46 30 10 34 28
828 22 106 39 39 24 62 31 35 26 13 34 28
829 22 65 27 49 21 1 22 27 27 16 33 28
830 22 62 44 35 31 59 14 36 37 23 33 28
831 22 207 35 29 27 29 18 1 28 34 34 28
832 22 118 38 21 39 62 24 25 23 19 33 27
833 22 143 31 40 17 1 18 37 20 16 33 28
834 22 126 43 42 25 44 20 20 16 31 34 27
835 22 93 31 30 33 26 24 15 34 38 34 28
836 22 85 35 15 30 33 23 26 20 33 34 28
837 22 91 27 20 36 51 24 19 25 24 33 28
838 22 58 35 35 32 39 26 35 31 21 33 28
839 22 155 18 17 26 1 26 30 31 13 33 28
840 22 109 21 34 20 1 18 27 27 25 33 27
841 22 74 41 46 29 19 20 18 25 34 34 28
842 22 200 40 10 40 57 21 36 26 18 33 27
843 22 95 37 30 32 60 23 41 31 11 33 28
844 22 106 31 28 34 60 24 47 33 11 33 28
845 22 72 16 31 31 1 17 31 25 13 33 28
846 22 140 44 23 40 49 21 31 28 18 33 28
847 22 99 23 32 23 1 15 42 33 15 34 28
848 22 63 32 32 26 1 18 1 27 30 34 28
849 22 334 23 12 28 18 24 32 25 15 33 27
850 22 90 20 39 28 1 24 31 32 21 33 28
851 22 67 42 28 40 1 19 30 30 22 33 28
852 22 64 38 34 25 5 24 16 14 19 33 28
853 22 64 26 22 32 57 22 43 35 11 33 28
854 22 96 27 28 23 77 22 38 21 3 33 28
855 22 53 28 29 30 1 23 22 26 34 34 28
856 22 132 24 27 23 34 20 27 23 15 33 28
857 22 73 25 39 26 67 23 47 36 3 33 27
858 22 132 40 29 27 15 23 23 31 29 34 28
859 22 95 14 18 25 1 20 23 25 30 34 27
860 22 220 28 31 34 41 21 36 27 17 34 28
861 22 132 18 33 21 42 21 27 22 19 33 27
862 22 209 20 10 30 3 21 40 28 14 33 27
863 22 180 34 31 40 79 19 31 17 15 34 27
864 22 108 32 19 35 6 33 20 27 22 33 27
865 22 98 29 35 30 3 20 34 21 15 33 28
866 22 106 39 25 29 41 27 17 24 26 33 27
867 22 124 41 18 37 14 23 13 38 34 34 28
868 22 172 42 35 36 51 17 26 24 21 33 28
869 22 140 20 7 39 1 18 24 25 26 33 28
870 22 211 29 8 33 32 20 23 32 19 33 28
871 22 153 31 20 29 61 24 38 36 14 33 28
872 22 230 25 19 39 54 26 37 19 18 33 28
873 22 122 23 20 34 36 25 27 20 17 33 28
874 22 61 36 22 37 35 16 27 26 18 33 28
875 22 81 29 22 35 10 18 25 33 31 34 27
876 22 107 39 36 22 58 19 30 31 25 33 28
877 22 64 39 24 34 49 26 16 33 32 34 28
878 22 74 28 20 36 23 25 22 29 29 34 28
879 22 142 10 20 33 1 24 34 24 14 33 28
880 22 78 34 24 35 1 17 28 25 23 33 28
881 22 343 38 16 35 49 14 23 31 31 34 28
882 22 105 42 36 39 1 22 25 27 18 34 28
883 22 93 35 26 30 8 18 12 26 32 34 28
884 22 91 28 19 27 1 25 24 31 28 34 28
885 22 72 22 22 32 1 25 23 25 27 34 27
886 22 211 33 24 30 19 18 14 32 29 34 27
887 22 81 31 33 18 1 23 24 30 18 33 28
888 22 92 16 21 30 1 21 22 21 29 34 27
889 22 89 25 19 39 1 16 21 38 34 34 28
890 22 175 19 21 24 17 29 37 27 8 33 28
891 22 53 39 43 28 20 19 40 35 18 34 28
892 22 183 39 35 18 35 21 11 31 25 34 28
893 22 88 29 31 22 29 23 30 31 15 34 28
894 22 78 26 28 33 1 22 45 20 3 33 28
895 22 95 40 30 37 53 22 41 24 14 33 28
896 22 129 47 42 23 99 16 41 25 17 34 28
897 22 153 30 33 25 27 20 56 19 3 34 28
898 22 82 27 19 30 18 24 22 25 31 34 28
899 22 99 37 25 45 1 22 22 26 25 34 27
900 22 92 33 24 33 32 27 46 26 10 34 28
901 22 85 28 31 29 1 20 36 18 11 33 28
902 22 60 27 20 29 1 23 19 31 32 34 28
903 22 110 35 42 24 29 23 38 25 12 33 28
904 22 87 18 9 32 68 23 19 22 30 34 28
905 22 78 44 17 38 49 22 22 28 21 33 28
906 22 133 22 8 32 53 26 47 27 8 34 28
907 22 142 45 28 35 43 23 17 23 28 34 28
908 22 123 24 30 18 12 18 10 27 31 34 28
909 22 207 37 26 30 46 18 32 23 14 34 28
910 22 109 40 30 41 21 21 46 38 10 33 27
911 22 114 35 34 28 67 20 24 19 21 33 28
912 22 235 40 38 26 1 17 1 31 37 34 28
913 22 122 36 38 29 63 26 33 26 28 34 28
914 22 55 35 34 29 54 29 33 31 12 34 28
915 22 229 45 45 22 50 24 26 21 22 33 27
916 22 127 31 30 32 15 16 24 19 30 34 28
917 22 96 36 24 30 9 25 30 24 23 34 28
918 22 101 24 25 24 26 24 23 29 28 34 28
919 22 213 20 34 14 5 20 29 28 17 34 28
920 22 69 38 30 30 26 24 24 35 23 33 28
921 22 68 18 22 21 1 18 33 22 22 33 28
922 22 348 25 24 23 20 21 19 25 21 33 27
923 22 220 33 36 23 37 20 31 35 27 34 28
924 22 177 47 30 37 3 20 13 30 29 34 28
925 22 178 35 28 28 53 27 38 19 15 33 28
926 22 98 25 11 40 17 22 33 26 26 34 28
927 22 64 40 32 35 17 20 45 24 13 34 28
928 22 137 21 14 29 55 22 28 31 22 33 27
929 22 90 20 29 28 1 16 35 24 18 33 28
930 22 95 38 44 30 11 25 44 32 9 33 28
931 22 96 37 48 23 59 27 40 29 11 34 28
932 22 90 42 14 39 60 15 23 27 34 34 28
933 22 93 29 31 25 17 23 11 14 30 34 27
934 22 146 40 28 40 1 20 35 24 17 33 28
935 22 66 25 42 23 1 20 36 27 15 33 28
936 22 1467 28 32 19 2 21 33 32 17 33 28
937 22 119 36 23 23 1 13 9 32 40 34 28
938 22 82 18 11 37 1 19 26 22 25 34 27
939 22 159 29 3 36 83 15 7 26 45 34 28
940 22 72 36 30 33 43 23 41 27 18 34 28
941 22 154 40 27 115 18 18 24 33 35 34 28
942 22 68 31 29 26 45 19 25 22 22 33 28
943 22 125 31 45 20 33 12 32 25 10 34 28
944 22 62 32 20 34 62 23 27 23 28 34 28
945 22 190 14 1 22 20 19 17 30 35 34 27
946 22 47 26 40 21 39 28 35 29 14 34 28
947 22 66 40 37 20 23 23 32 34 18 33 28
948 22 61 17 2 34 8 21 19 29 28 34 27
949 22 104 41 25 32 57 18 23 35 30 34 28
950 22 195 17 31 14 1 18 31 25 17 33 27
951 22 150 31 37 21 1 24 34 21 12 34 28
952 22 82 48 42 42 1 22 27 20 15 34 28
953 22 53 13 37 21 19 18 39 34 13 33 28
954 22 291 41 41 29 70 20 43 30 19 33 28
955 22 80 31 38 26 18 23 51 27 1 34 28
956 22 109 42 18 70 77 23 10 22 33 34 28
957 22 65 33 32 36 1 17 28 33 24 33 28
958 22 165 13 22 23 1 19 7 31 30 34 27
959 22 266 31 36 28 1 22 30 30 16 33 28
960 22 248 32 31 28 1 21 12 26 29 34 28
961 22 76 29 9 31 1 15 23 26 28 34 28
962 22 78 39 30 28 3 21 33 35 22 34 28
963 22 120 18 10 28 1 18 24 23 23 33 27
964 22 221 23 28 25 52 29 39 15 11 33 28
965 22 212 25 22 34 1 21 27 34 22 33 28
966 22 129 22 18 34 17 24 32 28 23 33 28
967 22 56 25 36 25 35 23 40 22 9 34 28
968 22 94 38 24 43 62 20 47 31 14 33 28
969 22 44 29 38 29 1 22 52 33 11 33 28
970 22 132 48 44 31 1 18 19 30 17 33 28
971 22 205 36 16 30 53 21 23 29 25 34 28
972 22 68 35 31 27 10 22 12 27 29 34 28
973 22 56 17 26 27 24 19 39 19 13 33 28
974 22 105 28 31 28 35 17 26 23 16 33 28
975 22 65 30 33 26 1 22 12 34 23 33 28
976 22 106 38 27 33 1 15 21 29 30 34 28
977 22 154 33 33 27 41 25 1 30 26 34 28
978 22 106 24 29 19 1 20 14 26 18 33 28
979 22 67 33 28 30 45 17 28 26 28 34 28
980 22 111 14 29 26 1 18 47 30 12 33 28
981 22 74 14 17 25 69 21 37 33 15 33 28
982 22 81 28 21 29 25 20 50 32 12 34 28
983 22 239 26 38 25 77 26 42 18 11 33 28
984 22 101 25 16 25 50 25 37 21 19 33 28
985 22 225 42 19 39 1 17 10 29 36 34 28
986 22 157 34 40 24 1 12 40 30 14 33 28
987 22 87 33 36 25 40 21 31 23 17 33 28
988 22 72 35 33 27 1 22 30 37 28 34 28
989 22 109 32 37 27 23 29 43 26 16 33 28
990 22 95 23 29 25 38 19 47 24 9 33 28
991 22 131 39 19 30 28 18 23 32 29 34 28
992 22 92 18 23 22 32 23 25 30 29 34 28
993 22 105 39 42 26 35 19 48 25 4 33 28
994 22 154 37 23 40 47 20 39 23 20 33 28
995 22 112 31 28 33 50 24 51 26 21 34 28
996 22 140 22 26 27 11 23 28 21 20 33 28
997 22 110 32 36 26 47 27 49 26 12 34 28
998 22 153 13 16 22 1 22 18 25 31 34 27
999 22 177 31 30 27 27 20 18 23 28 34 28
1000 22 72 36 36 28 1 17 22 33 33 34 28
