1 22 29 206 24 38 7 19 35 19 6 33 27
2 22 35 261 38 26 21 25 11 25 31 34 28
3 22 39 143 39 26 11 19 22 29 28 34 28
4 22 33 151 34 29 64 25 30 20 24 33 28
5 22 34 97 23 30 52 20 22 33 30 34 27
6 22 32 170 41 16 1 23 6 26 34 34 27
7 22 44 177 27 34 43 25 15 30 24 33 28
8 22 28 140 9 32 80 21 49 27 7 33 28
9 22 36 130 38 21 35 21 19 28 25 34 28
10 22 22 136 22 21 1 33 51 28 8 33 27
11 22 33 600 16 33 67 21 34 27 13 33 27
12 22 31 417 38 35 26 23 16 27 29 34 28
13 22 40 204 25 36 79 23 14 30 38 34 27
14 22 31 167 22 36 61 26 52 28 16 33 28
15 22 33 227 34 22 22 17 43 28 13 33 27
16 22 32 204 18 34 13 20 27 38 25 33 27
17 22 30 120 43 31 55 11 37 20 13 33 27
18 22 34 134 27 35 1 14 19 34 34 34 28
19 22 30 324 31 28 1 23 27 22 20 33 28
20 22 38 95 17 37 1 20 18 30 22 33 27
21 22 33 179 35 25 46 22 17 14 12 33 28
22 22 31 394 19 30 63 27 27 30 25 34 28
23 22 39 159 1 42 36 14 9 27 39 34 28
24 22 27 110 34 27 55 15 36 30 17 33 27
25 22 27 159 33 24 1 21 39 24 8 33 28
26 22 32 192 40 31 56 25 35 30 20 33 28
27 22 28 111 8 36 90 21 25 36 28 34 28
28 22 36 136 13 29 10 19 14 29 30 34 27
29 22 36 305 38 31 45 20 36 25 24 33 28
30 22 38 288 33 34 56 15 39 37 12 34 28
31 22 29 228 37 33 1 18 26 27 22 33 27
32 22 36 435 37 30 13 22 47 23 4 33 27
33 22 30 85 39 19 20 18 47 22 3 34 27
34 22 26 86 18 39 48 27 28 26 23 33 28
35 22 35 314 18 24 27 26 10 27 36 34 27
36 22 31 258 40 26 1 28 33 21 20 33 28
37 22 35 267 40 27 1 22 21 21 12 33 28
38 22 37 213 27 32 17 24 24 22 18 33 27
39 22 23 195 16 33 48 21 40 20 12 33 28
40 22 27 414 17 31 1 18 19 18 20 33 27
41 22 35 186 21 32 1 22 27 29 16 34 28
42 22 34 166 32 41 9 28 55 32 4 34 28
43 22 37 245 43 23 2 22 31 28 17 33 28
44 22 25 392 15 32 49 24 43 35 14 33 27
45 22 31 273 16 29 60 23 18 26 32 34 28
46 22 31 159 24 24 46 27 33 31 14 33 28
47 22 21 187 40 16 49 17 55 25 1 33 27
48 22 34 180 23 23 72 20 34 27 17 33 27
49 22 44 360 28 34 14 23 1 29 40 34 27
50 22 34 258 24 22 1 26 23 33 24 33 27
51 22 31 178 41 27 10 26 28 27 23 33 28
52 22 37 195 18 32 111 29 40 21 9 33 28
53 22 28 401 28 30 20 26 47 22 11 33 27
54 22 31 311 18 37 40 18 13 31 34 34 28
55 22 34 445 21 29 75 28 28 27 20 33 28
56 22 37 194 30 29 1 20 28 24 17 33 28
57 22 28 146 42 27 1 15 47 19 8 33 28
58 22 31 342 29 36 42 24 43 32 15 33 28
59 22 32 693 25 30 16 24 9 25 33 34 28
60 22 28 184 11 37 57 23 25 30 26 33 27
61 22 29 163 28 23 13 23 31 30 22 33 28
62 22 31 169 22 33 8 19 35 30 28 34 28
63 22 25 112 47 18 22 19 41 38 22 33 27
64 22 27 93 30 28 1 22 33 23 17 33 28
65 22 32 193 17 21 33 18 17 22 27 34 27
66 22 29 260 33 26 45 26 41 25 12 33 28
67 22 25 145 33 25 27 21 53 26 9 33 27
68 22 36 648 11 37 61 17 38 34 23 33 27
69 22 36 379 36 37 31 24 16 24 25 33 28
70 22 23 96 33 30 35 25 52 33 1 34 28
71 22 32 170 31 27 1 17 1 22 29 34 28
72 22 31 170 9 35 74 19 34 25 21 33 27
73 22 28 107 33 28 28 20 26 27 17 33 27
74 22 36 222 32 30 25 20 38 31 12 34 27
75 22 26 441 50 26 1 17 44 26 6 33 28
76 22 24 251 34 34 36 19 39 27 15 33 28
77 22 40 245 27 29 51 17 39 29 21 33 28
78 22 35 126 32 31 42 20 6 19 34 34 28
79 22 40 390 23 32 45 17 21 33 32 34 27
80 22 36 355 12 34 35 17 26 26 23 34 28
81 22 31 142 23 32 45 17 30 25 23 33 27
82 22 19 296 22 26 1 22 15 32 24 33 27
83 22 29 99 60 28 1 20 13 28 29 34 28
84 22 28 263 35 18 1 25 36 31 12 33 28
85 22 32 225 34 18 23 20 41 37 18 33 27
86 22 31 124 34 35 1 14 33 20 18 33 28
87 22 44 203 25 37 20 15 18 29 36 34 27
88 22 33 134 33 29 1 23 26 26 26 33 27
89 22 26 169 31 32 40 23 21 26 26 33 28
90 22 37 171 1 37 108 26 27 30 28 34 28
91 22 37 433 26 36 39 18 51 31 20 33 28
92 22 17 398 30 19 1 16 41 23 11 33 27
93 22 29 308 26 35 73 19 34 27 13 33 28
94 22 38 121 15 40 64 20 1 33 36 34 27
95 22 28 886 5 36 1 19 13 31 27 34 27
96 22 27 107 34 21 1 23 34 28 19 33 28
97 22 21 187 36 28 22 22 47 19 1 33 27
98 22 34 85 40 27 6 29 27 20 19 33 28
99 22 37 707 30 32 26 20 42 26 10 34 28
100 22 37 340 13 37 40 23 24 29 29 34 27
101 22 35 248 17 29 43 14 34 23 15 33 27
102 22 38 222 30 32 6 23 5 38 30 34 27
103 22 34 163 15 42 30 23 41 23 13 34 27
104 22 34 206 15 41 1 25 23 33 25 34 27
105 22 29 146 19 24 13 22 23 23 18 33 27
106 22 38 177 12 46 52 25 25 32 35 34 28
107 22 33 153 26 34 1 13 35 22 28 34 28
108 22 17 134 18 30 37 27 45 29 10 33 27
109 22 23 136 20 28 18 23 36 19 7 33 27
110 22 37 213 35 24 20 19 14 28 30 34 27
111 22 33 117 31 18 26 18 22 31 19 33 28
112 22 29 164 44 20 31 18 27 23 12 33 28
113 22 30 282 19 30 1 23 27 34 21 33 28
114 22 28 264 19 25 1 25 35 30 21 33 28
115 22 34 110 29 29 31 25 27 29 22 33 28
116 22 37 232 37 21 41 18 26 27 23 33 27
117 22 34 92 26 27 70 18 23 24 27 34 28
118 22 30 328 37 23 11 23 31 29 12 33 27
119 22 32 121 36 25 72 17 29 33 15 33 27
120 22 35 189 23 35 45 20 23 39 20 33 28
121 22 28 82 18 29 31 19 38 22 19 33 27
122 22 35 208 26 26 81 28 37 33 21 33 28
123 22 31 177 10 37 1 20 26 37 33 34 28
124 22 35 184 25 37 1 26 20 27 21 33 28
125 22 32 167 21 36 74 19 32 32 22 33 28
126 22 35 256 36 30 38 20 40 22 12 34 28
127 22 20 189 38 26 76 20 58 25 8 33 27
128 22 34 102 41 23 14 23 7 25 25 33 28
129 22 31 166 34 23 1 19 21 31 30 34 28
130 22 40 192 28 61 42 19 24 28 24 33 28
131 22 37 204 32 27 48 23 20 29 23 33 28
132 22 32 100 29 33 54 16 30 34 18 33 28
133 22 31 189 49 24 15 22 19 31 24 33 27
134 22 27 66 26 21 1 13 11 26 27 34 28
135 22 36 295 25 40 1 13 28 16 22 33 28
136 22 33 197 8 33 67 26 16 34 33 34 28
137 22 27 138 28 29 2 19 27 25 25 33 27
138 22 29 342 31 25 1 27 36 26 16 34 28
139 22 22 236 33 20 23 18 32 23 16 34 28
140 22 25 65 16 28 28 25 46 29 14 33 28
141 22 35 488 9 41 86 16 24 22 26 34 27
142 22 40 172 28 28 25 21 31 30 23 33 28
143 22 31 543 18 31 12 20 26 32 29 34 27
144 22 29 253 19 26 1 18 22 35 22 33 27
145 22 28 320 24 31 14 18 9 32 32 34 28
146 22 25 704 51 12 26 16 54 30 7 33 28
147 22 36 419 42 37 1 28 45 30 14 33 27
148 22 30 210 3 30 25 19 5 25 35 34 27
149 22 23 121 23 28 1 24 33 21 12 33 28
150 22 26 322 6 40 44 29 43 22 22 33 28
151 22 19 154 36 16 1 20 21 36 18 33 27
152 22 26 228 34 23 20 21 21 37 24 33 28
153 22 34 216 38 29 68 24 43 31 15 33 28
154 22 30 139 28 35 41 29 39 32 21 33 28
155 22 32 149 33 31 27 17 50 24 18 34 28
156 22 40 125 28 39 7 19 9 28 33 34 28
157 22 27 136 17 36 79 16 46 30 15 33 27
158 22 31 140 25 34 18 18 34 21 20 33 27
159 22 42 130 15 34 1 19 1 26 37 34 28
160 22 33 322 50 27 18 17 33 29 12 33 28
161 22 26 127 21 29 1 29 41 30 9 33 28
162 22 36 376 35 24 90 21 24 22 20 33 28
163 22 33 93 9 39 66 19 31 30 31 34 28
164 22 31 661 28 22 2 21 41 33 17 33 27
165 22 31 402 30 26 10 25 23 28 23 33 28
166 22 31 363 37 29 1 19 34 32 21 33 28
167 22 35 315 32 23 40 22 20 23 19 34 28
168 22 36 101 10 31 71 18 12 31 36 34 27
169 22 22 100 25 25 1 21 40 28 6 33 27
170 22 31 331 42 24 78 18 25 29 21 33 28
171 22 40 221 19 39 8 24 24 27 38 34 28
172 22 31 142 33 29 1 19 9 19 29 34 28
173 22 25 99 45 12 11 20 35 29 11 33 27
174 22 23 173 30 28 27 26 27 28 20 33 27
175 22 22 536 10 31 1 17 15 38 31 34 27
176 22 32 124 14 29 77 19 33 29 12 33 28
177 22 34 253 27 32 6 17 14 35 34 34 28
178 22 30 186 24 39 68 21 15 30 32 34 27
179 22 32 75 18 26 1 16 12 27 27 33 27
180 22 30 101 20 27 38 22 29 27 17 33 27
181 22 29 86 30 16 43 22 28 31 19 33 28
182 22 25 440 41 28 1 18 45 34 17 33 27
183 22 45 467 11 45 15 26 12 31 38 34 28
184 22 40 484 15 38 1 17 14 36 35 34 27
185 22 30 473 20 41 1 19 44 28 16 33 27
186 22 27 181 40 29 26 15 20 26 25 33 28
187 22 25 183 31 30 75 24 45 29 17 33 28
188 22 30 662 5 32 22 23 15 28 24 33 27
189 22 46 310 3 42 74 19 5 32 49 34 28
190 22 30 588 23 35 1 26 33 22 18 33 27
191 22 27 208 37 33 109 17 51 28 17 33 28
192 22 24 178 26 28 49 18 39 19 16 33 28
193 22 31 276 19 33 49 26 47 21 19 33 27
194 22 38 230 21 31 63 16 28 24 25 34 28
195 22 27 82 37 28 1 21 30 18 19 33 28
196 22 31 129 25 29 1 22 16 31 28 34 28
197 22 32 138 39 26 33 23 29 25 20 33 28
198 22 26 348 51 22 32 25 31 30 13 33 28
199 22 31 143 37 25 4 22 38 22 17 34 28
200 22 27 235 15 29 15 16 20 26 27 33 27
201 22 34 191 5 40 16 24 26 34 28 34 28
202 22 35 179 13 38 56 23 18 27 26 34 27
203 22 31 228 18 26 23 16 30 32 23 33 27
204 22 29 387 24 34 57 25 44 31 19 33 27
205 22 39 669 29 28 28 15 14 30 27 34 27
206 22 27 199 41 21 9 24 36 25 12 33 27
207 22 34 256 42 35 22 28 18 23 22 33 28
208 22 33 200 31 31 1 17 33 38 26 34 28
209 22 32 115 35 25 47 15 28 18 19 33 27
210 22 37 138 15 43 5 22 1 23 38 34 27
211 22 29 185 39 26 1 24 11 34 18 33 28
212 22 27 146 34 29 71 20 43 29 11 33 27
213 22 28 139 15 19 4 15 17 20 28 34 27
214 22 24 156 27 33 38 17 42 30 17 33 27
215 22 35 236 36 31 21 16 19 25 27 34 27
216 22 23 261 36 29 68 23 50 19 12 33 28
217 22 31 246 23 32 1 21 6 35 20 33 28
218 22 28 196 33 20 28 24 29 25 15 33 27
219 22 28 158 29 32 1 23 40 20 10 33 27
220 22 39 376 19 38 1 20 1 35 38 34 27
221 22 32 141 13 32 72 23 42 31 19 33 28
222 22 34 198 17 36 34 19 41 35 16 33 28
223 22 20 155 37 24 1 24 51 25 6 33 28
224 22 24 156 22 29 15 16 24 30 14 33 28
225 22 25 210 5 36 36 15 30 34 21 33 28
226 22 37 131 27 28 1 26 26 25 23 33 28
227 22 38 152 23 26 47 19 27 28 21 33 28
228 22 29 97 35 22 1 18 19 28 27 34 28
229 22 33 98 12 35 62 22 44 34 15 33 27
230 22 33 125 44 27 68 20 41 41 14 34 27
231 22 30 358 25 37 17 20 39 28 19 33 27
232 22 38 196 38 32 35 26 2 31 36 34 27
233 22 32 228 23 26 51 24 7 28 31 34 27
234 22 33 105 35 29 27 16 44 32 12 34 28
235 22 25 80 25 27 5 17 30 25 11 33 28
236 22 33 167 27 31 81 21 26 24 23 33 27
237 22 35 293 23 36 54 19 48 15 16 33 27
238 22 32 369 20 38 1 24 22 26 28 34 27
239 22 40 200 21 38 3 16 35 27 25 33 27
240 22 28 151 35 29 1 27 41 20 14 33 27
241 22 34 528 21 24 53 25 24 19 17 33 27
242 22 25 330 29 32 1 23 27 18 21 33 28
243 22 39 111 21 31 30 21 19 28 28 34 27
244 22 39 647 39 28 7 18 11 34 26 33 28
245 22 37 226 17 28 67 14 29 20 24 33 27
246 22 32 242 10 29 32 18 20 31 26 34 28
247 22 44 176 18 36 37 16 20 27 32 34 27
248 22 28 224 52 23 12 22 54 40 9 33 27
249 22 31 524 28 28 1 21 38 32 16 33 28
250 22 35 130 16 24 9 18 10 20 21 33 27
251 22 33 205 18 27 1 17 22 31 18 33 27
252 22 30 187 25 20 1 18 31 22 17 33 28
253 22 36 173 26 28 11 19 1 28 34 34 27
254 22 27 416 30 35 61 14 17 28 19 33 27
255 22 41 131 7 40 45 23 13 26 38 34 27
256 22 35 172 13 28 72 25 29 37 24 33 27
257 22 32 517 38 27 1 15 40 34 14 33 28
258 22 32 302 6 38 75 17 25 29 28 34 27
259 22 27 119 23 37 88 28 51 32 11 33 28
260 22 34 112 14 38 10 20 33 28 19 34 28
261 22 29 139 32 18 13 24 21 21 15 33 27
262 22 36 383 40 29 32 22 16 30 31 34 27
263 22 39 340 23 29 31 26 4 27 32 34 28
264 22 31 297 27 31 21 15 25 35 36 34 28
265 22 33 490 34 29 41 16 32 20 25 34 28
266 22 31 221 34 34 57 15 30 25 14 33 28
267 22 40 120 21 36 25 22 13 34 34 34 27
268 22 45 169 22 32 34 17 13 23 33 34 27
269 22 34 145 32 32 1 25 1 29 31 34 27
270 22 37 195 35 24 1 21 12 32 34 34 28
271 22 36 130 25 34 65 22 44 33 22 34 28
272 22 29 334 48 25 76 28 39 34 15 33 28
273 22 30 113 47 19 61 23 22 23 16 34 28
274 22 43 169 17 40 27 22 18 25 29 34 28
275 22 27 87 19 31 57 26 40 27 14 33 28
276 22 34 119 26 30 51 19 24 31 24 33 27
277 22 33 92 30 25 1 17 34 29 22 33 28
278 22 29 93 29 28 73 25 53 27 8 33 27
279 22 25 131 1 38 56 16 39 33 14 33 28
280 22 27 302 24 29 16 23 28 32 14 33 28
281 22 35 643 9 34 41 21 35 16 27 34 28
282 22 43 275 22 25 68 21 1 29 32 34 27
283 22 32 385 25 30 1 22 22 31 32 34 27
284 22 35 330 44 18 69 23 24 24 17 33 27
285 22 31 103 30 25 39 22 1 29 30 34 27
286 22 32 243 17 35 14 16 37 21 18 33 27
287 22 37 532 28 32 32 13 14 41 40 34 28
288 22 32 285 47 18 97 19 17 24 27 34 27
289 22 30 284 42 25 16 25 13 22 20 33 28
290 22 32 1074 31 33 18 25 45 23 13 33 28
291 22 33 135 22 27 1 21 23 24 16 33 28
292 22 36 184 30 18 1 16 7 28 32 34 27
293 22 27 184 30 29 1 28 44 25 9 33 28
294 22 32 234 19 42 60 28 45 34 16 33 28
295 22 33 203 32 25 18 22 8 29 29 34 28
296 22 34 439 22 31 25 24 36 26 14 33 28
297 22 32 412 21 40 3 24 44 33 16 33 27
298 22 30 289 29 25 14 20 11 113 36 34 28
299 22 30 126 22 38 1 19 26 26 19 33 27
300 22 28 274 17 28 87 20 32 23 15 33 27
301 22 39 226 11 31 16 21 1 25 42 34 27
302 22 34 184 41 26 20 26 24 25 21 33 28
303 22 37 269 28 23 57 22 9 29 38 34 27
304 22 27 130 11 37 52 22 36 29 21 33 27
305 22 33 264 19 27 8 15 16 35 33 34 27
306 22 29 395 46 24 16 21 39 31 18 33 28
307 22 31 629 38 19 1 15 1 29 33 34 27
308 22 29 256 25 20 26 21 28 25 17 33 27
309 22 28 409 15 37 13 20 48 23 8 33 27
310 22 31 85 17 34 1 21 25 28 28 34 28
311 22 42 107 23 34 114 19 17 25 40 34 28
312 22 31 193 19 30 5 16 28 31 25 33 27
313 22 41 104 29 29 1 22 6 30 36 34 27
314 22 32 416 10 33 25 21 21 28 34 34 27
315 22 37 277 30 28 12 19 18 20 26 34 27
316 22 22 1545 30 18 47 22 42 27 6 33 27
317 22 39 160 31 34 1 20 30 33 15 33 28
318 22 22 210 30 23 1 23 45 33 11 33 27
319 22 26 249 34 26 1 25 26 27 22 33 28
320 22 34 317 44 24 1 19 51 27 11 33 27
321 22 21 198 29 26 1 23 57 33 14 33 27
322 22 31 92 14 25 39 28 30 24 22 33 27
323 22 34 262 13 26 7 14 7 39 38 34 28
324 22 33 264 43 26 1 19 1 17 34 33 27
325 22 32 180 15 22 15 21 15 27 25 33 28
326 22 29 312 25 22 1 17 27 29 24 34 28
327 22 29 125 29 28 75 25 37 30 15 34 28
328 22 27 98 23 27 30 17 25 27 20 33 28
329 22 27 334 16 26 42 24 32 29 16 33 27
330 22 25 109 29 37 59 23 36 27 16 33 27
331 22 21 118 33 14 1 24 36 27 19 33 27
332 22 38 202 25 32 4 20 4 33 29 34 28
333 36 34 2005 56 42 112 49 81 60 10 52 45
334 22 33 266 7 37 1 19 24 31 35 34 28
335 22 35 227 29 31 87 22 26 35 29 34 27
336 22 34 178 36 30 63 21 17 25 24 34 27
337 22 23 232 29 32 62 21 51 24 3 34 27
338 22 26 232 28 25 65 22 36 30 13 33 28
339 22 33 185 33 28 1 18 18 20 28 34 28
340 22 32 413 35 24 52 24 38 21 14 34 28
341 22 33 397 24 36 89 23 40 29 21 34 28
342 22 18 316 29 22 18 20 51 26 8 33 27
343 22 27 122 33 27 74 16 24 21 14 33 28
344 22 24 507 39 24 50 21 29 27 10 33 27
345 22 33 242 41 25 15 17 16 32 26 34 28
346 22 31 113 24 17 40 15 15 24 28 34 28
347 22 32 156 1 47 92 22 23 27 25 34 27
348 22 29 184 1 35 48 23 21 28 22 33 27
349 22 40 236 29 26 52 26 32 36 25 33 28
350 22 25 419 25 27 33 27 41 27 14 33 28
351 22 36 239 30 18 22 25 6 32 34 34 28
352 22 31 110 18 31 1 21 16 27 25 34 27
353 22 39 145 39 24 10 19 29 30 28 34 28
354 22 31 539 31 18 1 26 11 25 38 34 27
355 22 33 96 43 28 25 13 25 20 11 33 27
356 22 30 121 23 26 9 18 30 25 31 34 27
357 22 33 207 14 27 20 21 34 29 25 34 27
358 22 32 193 11 24 20 18 2 28 33 34 27
359 22 27 123 26 33 28 16 29 29 10 33 28
360 22 38 236 23 37 7 20 7 21 40 34 28
361 22 32 98 19 33 36 28 25 24 20 33 28
362 22 31 229 29 27 26 23 11 27 23 33 27
363 22 28 194 12 21 18 22 38 28 20 33 28
364 22 30 86 28 36 73 19 30 19 15 33 27
365 22 27 189 39 27 1 16 8 21 34 34 27
366 22 25 173 18 33 23 19 46 20 9 33 27
367 22 27 116 44 23 1 25 39 34 18 33 28
368 22 33 99 20 28 1 23 20 29 33 34 27
369 22 36 309 26 25 10 21 27 25 28 34 27
370 22 29 265 9 23 15 18 25 25 22 33 27
371 22 29 82 22 31 53 23 43 28 12 33 27
372 22 33 84 34 33 24 18 42 26 16 34 28
373 22 42 459 17 34 40 19 1 40 50 34 27
374 22 35 346 25 30 83 20 37 24 12 33 28
375 22 40 139 37 30 1 18 17 28 30 34 28
376 22 27 130 27 24 45 24 37 30 13 33 28
377 22 29 202 35 27 31 28 43 16 10 33 28
378 22 28 255 45 24 16 23 51 21 17 33 27
379 22 43 105 19 34 5 22 6 23 31 34 27
380 22 28 334 22 26 19 16 22 23 24 33 28
381 22 23 533 17 34 59 22 32 25 24 33 27
382 22 27 149 26 29 24 24 30 22 23 33 28
383 22 35 130 37 19 35 25 16 32 28 34 28
384 22 35 289 21 32 21 23 2 20 28 34 27
385 22 37 92 31 28 63 19 8 23 35 34 28
386 22 32 171 26 37 15 20 20 44 27 34 28
387 22 26 323 16 37 36 26 51 26 7 33 28
388 22 25 165 44 26 23 14 21 34 19 33 28
389 22 27 143 25 30 1 21 18 25 21 33 27
390 22 31 183 22 25 11 19 38 13 9 34 28
391 22 35 148 29 29 16 20 13 34 24 33 28
392 22 30 179 23 32 86 27 28 24 16 33 28
393 22 28 186 23 31 46 24 41 22 11 33 27
394 22 29 603 33 25 1 26 49 31 21 33 28
395 22 34 359 31 30 59 27 19 21 16 33 28
396 22 33 361 43 20 1 15 23 33 19 34 28
397 22 32 134 18 28 18 25 34 27 13 33 28
398 22 30 231 30 37 1 25 28 26 24 33 28
399 22 31 88 14 27 19 21 18 37 23 33 27
400 22 29 284 31 34 5 29 44 32 12 34 28
401 22 27 106 24 38 53 21 40 25 19 33 27
402 22 24 199 16 27 8 21 30 31 13 33 27
403 22 32 188 1 38 1 20 1 30 39 34 28
404 22 43 194 19 25 8 22 22 18 23 33 27
405 22 36 423 35 27 45 23 1 26 39 34 27
406 22 35 111 23 30 2 19 11 18 32 34 27
407 22 28 364 19 31 67 20 47 26 13 33 27
408 22 38 124 22 36 93 26 25 38 33 34 28
409 22 33 114 35 32 33 27 42 34 23 33 28
410 22 18 209 49 14 56 20 53 27 9 33 27
411 22 31 116 22 32 1 22 30 35 19 33 27
412 22 30 170 38 18 1 18 13 23 21 33 27
413 22 27 87 26 29 25 16 34 25 19 33 28
414 22 32 263 33 31 1 20 20 24 27 34 28
415 22 36 455 18 37 12 17 25 32 20 33 27
416 22 30 195 34 19 11 20 20 24 25 34 28
417 22 28 904 27 25 19 18 40 24 8 33 27
418 22 34 232 27 30 24 22 33 26 13 33 28
419 22 37 2006 25 31 31 14 41 34 19 33 28
420 22 29 156 15 25 7 22 28 28 22 33 27
421 22 39 203 13 39 121 21 23 21 29 34 28
422 22 35 179 40 28 14 20 34 28 16 33 28
423 22 28 190 22 31 50 18 30 25 25 33 28
424 22 28 142 36 36 26 21 32 27 16 33 28
425 22 26 137 34 16 22 25 37 27 22 34 28
426 22 27 104 23 22 31 25 29 27 14 33 28
427 22 36 207 18 36 45 21 31 35 26 34 28
428 22 29 168 19 32 50 20 21 20 16 33 27
429 22 35 484 1 39 53 20 24 28 32 34 27
430 22 28 210 25 25 1 23 22 27 22 33 28
431 22 25 177 22 32 38 25 50 28 14 33 28
432 22 28 105 35 26 67 15 34 16 20 33 27
433 22 29 349 45 22 1 14 34 28 21 33 27
434 22 22 147 14 35 29 26 51 30 12 33 27
435 22 30 137 38 28 19 26 28 26 17 33 28
436 22 30 238 46 20 16 23 25 28 14 33 27
437 22 35 185 18 34 1 20 20 25 29 34 28
438 22 34 214 15 31 88 22 35 26 24 34 28
439 22 24 273 36 19 29 25 24 22 16 33 27
440 22 36 199 35 24 55 21 30 36 19 34 27
441 22 33 105 22 33 73 24 44 28 12 33 28
442 22 27 326 29 34 20 17 30 24 21 33 28
443 22 23 295 25 30 1 15 46 26 15 33 28
444 22 35 240 43 33 33 26 46 22 9 34 28
445 22 35 201 30 28 27 22 34 21 27 34 28
446 22 29 309 29 20 53 22 23 26 18 33 27
447 22 31 138 35 36 32 18 44 21 12 34 28
448 22 28 349 34 22 19 17 23 28 20 33 28
449 22 27 166 44 24 44 18 45 27 17 33 28
450 22 44 102 20 29 67 24 16 29 29 34 27
451 22 29 112 24 28 38 22 37 22 15 33 28
452 22 31 149 5 29 17 22 32 23 14 34 28
453 22 34 291 10 37 20 21 25 28 24 34 28
454 22 36 168 27 36 62 22 20 40 32 34 28
455 22 33 345 33 22 1 20 27 26 20 33 27
456 22 33 233 28 35 38 23 31 22 15 33 28
457 22 37 103 20 42 7 22 20 32 31 34 27
458 22 33 90 1 35 1 14 1 26 32 34 28
459 22 29 236 11 30 65 26 44 34 12 33 28
460 22 41 224 16 42 27 18 1 27 38 34 27
461 22 30 211 24 34 1 24 13 19 26 33 27
462 22 32 167 31 32 68 18 27 28 17 33 28
463 22 36 316 15 35 82 27 23 30 26 34 28
464 22 35 138 35 34 70 24 31 22 18 34 28
465 22 40 113 35 30 55 19 26 17 30 34 27
466 22 27 201 28 24 1 18 42 33 15 33 28
467 22 32 84 34 23 1 28 29 24 7 33 27
468 22 28 230 22 32 1 22 24 27 19 33 28
469 22 34 240 29 32 13 23 33 16 24 33 27
470 22 29 223 36 28 18 19 24 27 24 34 27
471 22 42 154 21 29 69 22 11 26 25 34 27
472 22 34 202 20 32 51 29 20 32 33 34 27
473 22 33 183 28 35 1 20 20 25 31 34 27
474 22 35 215 32 38 1 25 47 20 14 33 28
475 22 29 99 48 22 1 26 38 21 11 33 28
476 22 31 308 25 17 22 24 18 29 33 34 27
477 22 41 170 18 35 7 28 4 25 47 34 28
478 22 33 308 9 30 43 27 30 25 24 34 28
479 22 37 139 52 24 15 27 42 26 9 34 28
480 22 36 207 15 47 78 16 22 41 33 34 27
481 22 26 167 38 43 66 16 39 27 19 33 28
482 22 24 97 28 20 1 18 33 24 17 33 28
483 22 33 213 8 38 35 21 16 22 36 34 28
484 22 31 137 28 31 74 23 25 24 29 34 28
485 22 37 398 30 31 51 20 37 26 14 34 28
486 22 29 86 41 24 13 22 42 26 10 33 27
487 22 28 113 14 39 6 21 50 29 15 33 27
488 22 31 83 19 31 48 20 47 27 12 33 28
489 22 36 129 31 31 15 24 46 28 21 33 27
490 22 26 107 37 26 15 20 48 36 15 33 28
491 22 28 152 42 33 5 24 45 21 11 34 28
492 22 31 234 22 31 104 25 44 30 24 34 28
493 22 34 244 37 25 1 19 14 16 31 34 27
494 22 29 81 24 25 18 20 27 25 17 33 28
495 22 27 308 27 22 24 24 23 42 30 34 27
496 22 37 196 42 28 24 23 41 20 19 33 27
497 22 31 107 27 31 69 26 36 32 19 33 27
498 22 29 216 32 27 31 14 33 28 19 33 28
499 22 30 185 30 37 1 24 18 28 19 33 27
500 22 26 136 31 25 1 19 26 26 23 33 28
501 22 32 162 31 30 50 17 38 36 19 33 28
502 22 24 171 20 34 1 16 30 33 17 33 27
503 22 30 222 41 20 8 18 17 23 28 34 27
504 22 40 301 33 25 10 23 15 31 29 34 27
505 22 32 102 27 26 24 22 51 22 8 34 27
506 22 30 141 22 30 1 20 32 27 25 33 27
507 22 27 146 23 31 33 29 28 27 21 33 28
508 22 26 211 35 24 20 28 46 26 20 33 27
509 22 24 90 27 31 36 16 33 24 12 33 28
510 22 25 106 31 26 1 19 44 22 8 33 28
511 22 41 167 24 31 15 21 28 19 25 34 28
512 22 21 107 30 27 2 21 44 32 6 33 27
513 22 36 386 21 40 85 26 46 23 16 33 28
514 22 31 151 29 29 25 26 30 27 24 33 28
515 22 39 97 25 28 53 20 20 22 23 33 28
516 22 33 484 32 25 110 29 35 23 15 33 27
517 22 41 122 17 32 83 18 24 28 30 34 28
518 22 36 556 3 37 65 16 31 34 27 34 28
519 22 28 122 25 19 1 26 21 19 14 33 27
520 22 21 362 30 33 36 24 51 32 8 33 27
521 22 30 451 32 28 1 19 41 24 17 33 28
522 22 42 257 26 29 1 19 1 31 35 34 27
523 22 32 103 36 30 33 17 24 31 23 34 27
524 22 34 248 20 42 16 20 39 32 17 33 27
525 22 41 779 35 30 43 20 16 26 23 33 27
526 22 31 225 19 22 17 21 42 23 17 33 27
527 22 40 209 23 37 50 26 32 29 19 33 27
528 22 28 142 35 25 14 22 19 26 25 33 28
529 22 26 425 18 28 1 26 34 35 25 33 28
530 22 34 331 9 31 13 24 27 35 31 34 27
531 22 33 346 33 23 15 20 19 19 17 33 28
532 22 35 177 30 18 13 24 29 31 11 33 27
533 22 26 193 26 33 36 20 54 28 10 33 28
534 22 35 177 24 26 34 26 21 28 20 33 28
535 22 25 285 35 23 1 20 37 27 16 33 28
536 22 28 137 8 33 47 22 50 24 22 33 28
537 22 37 472 18 40 1 19 18 34 29 34 28
538 22 30 213 24 33 1 18 14 27 29 34 28
539 22 23 174 10 39 43 25 34 28 20 33 28
540 22 35 146 37 28 57 15 8 24 29 34 28
541 22 31 387 30 22 1 29 38 24 16 33 28
542 22 33 291 31 23 49 20 12 27 25 34 28
543 22 29 303 45 20 54 25 21 20 17 33 27
544 22 32 260 42 30 1 26 27 26 16 33 27
545 22 33 178 37 21 1 21 46 31 11 33 28
546 22 35 178 1 42 66 19 17 30 37 34 28
547 22 27 181 30 35 78 24 45 31 15 33 27
548 22 33 402 36 24 28 23 26 31 26 34 27
549 22 31 220 22 32 84 17 22 30 30 34 27
550 22 35 157 30 35 28 20 20 27 21 34 28
551 22 26 143 23 23 1 19 28 26 18 33 28
552 22 29 118 21 28 1 17 26 28 23 33 27
553 22 31 104 40 32 9 17 22 33 21 33 28
554 22 36 178 28 25 1 26 1 28 25 33 28
555 22 35 203 26 28 47 27 35 27 21 33 28
556 22 34 110 22 36 1 18 9 27 31 34 28
557 22 34 163 15 35 65 23 37 19 22 33 27
558 22 27 110 41 19 46 22 45 25 1 33 27
559 22 33 98 1 33 47 25 13 26 33 34 28
560 22 24 140 44 25 34 20 40 29 11 33 27
561 22 35 169 29 31 2 15 7 26 25 34 28
562 22 28 122 30 27 1 20 36 23 15 33 27
563 22 23 159 36 24 4 17 47 27 10 33 27
564 22 38 217 32 31 41 19 24 35 24 34 28
565 22 35 106 28 33 28 17 35 28 15 33 27
566 22 30 209 9 35 30 18 25 27 20 33 27
567 22 30 287 27 28 6 26 20 34 32 34 27
568 22 27 255 39 28 28 28 47 20 7 33 27
569 22 31 381 39 26 1 27 37 30 17 33 28
570 22 37 93 9 27 47 18 29 28 24 33 28
571 22 37 209 43 25 32 20 10 31 21 33 27
572 22 31 236 16 39 15 19 1 34 31 34 27
573 22 37 216 21 28 36 25 26 29 19 33 27
574 22 33 443 21 25 5 20 6 21 34 34 27
575 22 34 271 33 23 34 23 21 28 31 34 28
576 22 21 154 23 18 1 19 49 24 12 33 27
577 22 35 87 22 25 32 21 19 29 23 33 27
578 22 33 158 39 29 49 17 30 28 11 34 28
579 22 31 204 51 18 1 17 18 24 18 33 27
580 22 35 223 35 24 1 18 31 17 9 33 27
581 22 36 463 26 31 27 20 7 23 31 34 27
582 22 29 207 30 24 1 26 37 20 20 33 28
583 22 31 186 47 20 1 24 43 23 12 34 28
584 22 24 235 18 25 1 21 31 32 19 33 27
585 22 32 142 25 37 54 19 38 26 24 33 28
586 22 26 103 35 28 50 26 49 32 14 33 28
587 22 28 229 26 29 1 26 29 24 23 33 27
588 22 32 84 36 19 19 21 1 23 29 34 27
589 22 32 293 19 32 68 21 40 29 13 34 27
590 22 39 199 11 59 51 27 11 22 40 34 28
591 22 31 325 30 31 21 21 35 26 18 33 27
592 22 34 97 26 24 1 18 13 24 28 33 27
593 22 31 282 40 23 8 30 33 13 10 34 28
594 22 32 140 28 36 34 25 50 30 12 33 28
595 22 27 500 43 26 1 24 30 25 6 33 28
596 22 27 336 35 20 1 20 25 27 23 33 27
597 22 39 111 29 26 56 21 24 29 28 34 28
598 22 32 126 29 31 36 21 42 22 18 33 27
599 22 34 224 53 26 1 25 26 29 26 34 28
600 22 33 227 27 26 23 20 19 34 22 33 28
601 22 25 156 46 18 48 17 24 17 10 33 27
602 22 36 218 8 38 85 20 15 20 23 33 28
603 22 29 354 25 19 1 19 17 30 20 33 27
604 22 36 213 23 29 1 17 1 29 32 34 28
605 22 36 155 1 42 18 19 13 23 32 34 27
606 22 37 176 25 26 1 25 19 23 29 34 28
607 22 30 100 38 23 1 22 2 30 19 33 28
608 22 27 178 36 26 66 26 52 24 1 33 28
609 22 33 158 36 25 18 26 21 30 26 34 28
610 22 37 440 1 37 1 24 4 24 32 34 28
611 22 39 98 12 41 78 18 20 25 32 34 27
612 22 29 256 43 26 22 30 22 32 26 34 28
613 22 31 171 32 31 19 24 20 26 29 34 28
614 22 40 1291 29 49 15 22 30 38 24 33 27
615 22 38 187 21 28 12 25 21 23 28 34 28
616 22 35 294 30 19 40 21 1 32 30 34 27
617 22 35 825 22 31 49 17 31 19 17 33 28
618 22 19 1131 33 33 50 24 45 30 10 33 27
619 22 32 294 17 31 39 20 43 27 17 33 28
620 22 43 98 21 27 18 17 1 26 39 34 28
621 22 31 188 31 29 7 23 16 23 23 33 27
622 22 41 88 22 27 67 24 9 26 36 34 28
623 22 41 281 23 40 1 22 9 31 28 34 27
624 22 31 254 32 25 77 18 29 22 22 33 27
625 22 27 95 9 40 91 18 39 32 19 33 28
626 22 26 206 22 34 5 26 24 22 19 33 27
627 22 36 398 21 29 1 13 20 33 23 33 27
628 22 36 299 39 33 71 24 43 27 19 34 28
629 22 39 166 29 15 19 19 18 33 31 34 28
630 22 31 91 18 26 20 22 46 26 13 34 27
631 22 29 541 18 37 1 20 9 32 40 34 28
632 22 32 229 38 28 57 18 25 28 17 33 28
633 22 32 146 23 40 105 21 33 33 25 33 27
634 22 26 106 42 26 1 24 19 36 25 33 27
635 22 23 130 44 20 13 21 47 22 6 33 27
636 22 28 97 27 24 1 20 14 22 23 33 27
637 22 29 159 23 35 67 18 26 28 24 33 28
638 22 24 461 34 29 7 24 40 15 6 33 27
639 22 36 357 25 34 7 19 19 24 26 34 27
640 22 31 89 31 22 7 24 24 22 14 33 28
641 22 27 183 51 18 25 16 26 22 23 33 28
642 22 27 110 18 38 74 23 38 37 12 33 27
643 22 31 286 19 38 46 16 27 24 21 33 27
644 22 34 119 26 27 43 22 15 33 25 34 28
645 22 26 133 29 21 1 26 29 19 15 33 27
646 22 33 358 29 30 23 19 27 21 9 33 28
647 22 41 161 5 42 100 26 17 34 26 34 28
648 22 33 145 19 36 1 26 23 32 24 33 28
649 22 30 182 12 34 23 19 39 21 17 33 27
650 22 28 199 30 28 22 24 42 27 12 33 28
651 22 33 114 39 18 31 18 14 30 33 34 28
652 22 32 185 29 32 4 24 14 36 29 34 28
653 22 25 217 23 27 48 21 24 26 23 33 28
654 22 37 212 40 31 46 23 29 29 29 34 28
655 22 29 248 30 28 1 21 17 25 25 33 27
656 22 26 165 27 22 56 27 50 37 8 33 28
657 22 35 319 26 28 39 20 39 21 19 33 27
658 22 31 240 37 19 23 21 14 29 28 34 28
659 22 33 225 34 26 1 18 16 27 35 34 28
660 22 27 98 21 32 21 27 26 21 18 33 28
661 22 30 93 31 33 9 26 36 33 17 34 28
662 22 21 101 47 19 28 24 58 33 8 33 27
663 22 22 432 21 27 39 23 44 18 4 33 27
664 22 35 194 16 32 9 27 20 25 27 34 28
665 22 25 351 19 25 1 25 17 35 27 33 27
666 22 26 73 23 24 8 19 20 32 21 33 27
667 22 29 257 27 26 37 23 41 35 24 33 28
668 22 29 235 16 26 2 18 21 36 30 34 27
669 22 25 259 14 29 42 19 24 34 25 33 27
670 22 28 158 3 33 15 20 13 30 31 34 28
671 22 30 145 23 22 1 22 25 28 27 34 28
672 22 27 84 19 29 24 15 13 28 32 34 27
673 22 29 102 39 24 38 25 6 29 29 34 27
674 22 35 100 12 32 1 20 1 33 44 34 28
675 22 26 443 39 24 29 24 45 30 11 33 28
676 22 34 197 4 39 39 28 23 25 28 34 27
677 22 31 283 16 37 53 19 24 30 37 34 27
678 22 30 204 24 27 9 16 39 26 17 33 28
679 22 39 302 25 37 1 21 24 31 33 34 27
680 22 25 378 32 24 54 26 30 20 16 33 27
681 22 23 138 11 30 1 19 17 34 25 33 27
682 22 19 368 34 30 1 25 41 17 9 33 27
683 22 28 404 22 33 66 25 47 19 16 33 27
684 22 36 141 18 29 68 23 24 30 25 33 27
685 22 30 97 28 28 34 19 28 31 24 33 28
686 22 35 242 22 42 47 19 48 20 11 33 28
687 22 29 269 32 26 15 22 29 31 14 33 28
688 22 32 169 29 34 20 22 20 33 21 33 27
689 22 31 196 38 21 1 24 30 26 18 33 27
690 22 40 277 21 31 1 22 20 19 24 33 27
691 22 32 345 32 35 17 27 36 20 9 34 28
692 22 32 167 20 35 52 23 15 21 20 34 28
693 22 25 116 35 25 47 18 55 27 2 33 28
694 22 23 125 34 25 62 23 34 30 17 33 28
695 22 29 123 22 31 58 16 19 36 21 33 28
696 22 31 958 55 24 1 20 48 32 11 33 28
697 22 27 219 47 22 7 22 36 27 15 33 27
698 22 28 330 22 18 7 24 22 20 23 33 28
699 22 33 257 25 34 1 22 19 33 21 33 27
700 22 24 140 40 17 1 27 39 35 16 33 28
701 22 31 416 44 16 46 15 18 34 21 33 27
702 22 27 260 18 17 1 17 12 20 27 33 27
703 22 29 263 25 38 23 20 51 23 2 34 28
704 22 29 464 17 31 1 22 26 31 26 33 27
705 22 31 221 16 36 61 22 48 31 6 33 27
706 22 36 160 25 17 47 22 30 21 17 33 27
707 22 31 225 24 25 44 24 43 28 10 34 28
708 22 35 90 12 25 33 21 11 28 39 34 28
709 22 27 201 25 25 20 20 20 30 25 33 28
710 22 33 178 32 25 25 25 26 26 23 33 28
711 22 36 339 41 31 39 19 28 32 24 34 28
712 22 25 582 39 25 53 25 41 31 18 33 27
713 22 35 220 34 23 82 27 26 27 23 33 28
714 22 30 118 24 36 76 22 49 29 15 33 28
715 22 27 212 23 28 35 22 21 30 36 34 28
716 22 40 151 37 31 19 19 20 26 39 34 28
717 22 33 244 46 26 34 21 39 25 14 33 28
718 22 33 255 15 32 60 16 43 28 14 33 27
719 22 27 165 21 13 1 22 20 33 33 34 27
720 22 30 491 50 30 1 15 46 33 2 33 27
721 22 31 99 38 21 10 24 28 31 25 33 28
722 22 29 109 38 31 12 26 48 26 8 33 28
723 22 25 597 47 18 3 25 46 28 21 33 27
724 22 38 245 26 29 42 20 3 22 29 34 28
725 22 27 179 19 28 4 23 28 29 19 33 27
726 22 34 202 6 32 33 19 32 23 32 34 28
727 22 24 89 9 41 38 20 46 22 7 33 28
728 22 25 525 8 34 55 25 36 33 16 33 27
729 22 27 225 21 21 1 14 18 23 25 33 28
730 22 26 84 6 29 27 17 43 28 19 33 28
731 22 33 208 21 33 1 17 18 21 25 33 27
732 22 38 246 22 36 55 22 38 32 18 33 28
733 22 27 160 24 39 1 27 40 21 8 33 28
734 22 31 103 33 29 1 22 42 36 23 34 28
735 22 34 150 12 39 87 29 14 29 36 34 27
736 22 25 243 31 24 1 21 36 28 15 33 27
737 22 38 107 19 34 29 25 43 32 26 34 27
738 22 30 126 4 29 14 20 29 39 29 34 28
739 22 40 109 20 25 23 17 9 26 32 34 27
740 22 29 585 22 36 33 25 48 29 9 34 28
741 22 32 194 16 23 1 16 6 27 36 34 27
742 22 24 223 16 39 46 22 39 19 21 33 28
743 22 25 84 10 36 67 20 40 23 11 33 28
744 22 25 332 32 22 1 21 44 28 8 33 28
745 22 28 146 29 26 18 25 32 26 17 33 28
746 22 32 98 15 34 19 22 27 21 21 33 28
747 22 35 236 32 33 1 23 24 27 23 33 27
748 22 36 255 14 29 17 23 11 37 28 34 27
749 22 36 318 40 20 35 17 13 30 25 34 28
750 22 40 276 24 26 95 23 28 31 22 33 28
751 22 34 148 33 30 29 25 47 23 12 33 28
752 22 31 158 9 39 1 19 15 29 32 34 27
753 22 28 237 40 33 57 19 34 32 16 33 28
754 22 34 173 40 23 31 25 28 32 27 34 28
755 22 28 234 24 25 1 22 26 26 11 33 28
756 22 31 235 11 34 20 25 43 32 14 33 27
757 22 27 282 33 28 1 20 9 25 32 34 28
758 22 36 167 27 28 48 20 13 26 31 34 28
759 22 31 194 31 29 12 22 42 34 10 33 28
760 22 32 95 27 30 13 20 30 23 27 34 28
761 22 32 181 47 29 80 18 34 29 28 34 28
762 22 30 283 31 29 26 21 37 34 21 33 28
763 22 28 151 40 17 6 22 27 23 24 33 28
764 22 37 194 33 19 59 19 20 26 22 33 28
765 22 20 174 46 22 1 27 40 34 10 33 28
766 22 31 177 32 33 52 24 37 36 20 33 28
767 22 34 206 25 35 64 19 16 38 38 34 28
768 22 32 132 29 29 34 14 17 28 29 34 28
769 22 24 264 32 23 1 19 46 27 12 33 27
770 22 30 408 26 26 1 22 24 26 30 34 27
771 22 39 91 19 36 62 27 21 34 35 34 27
772 22 36 254 11 40 79 21 10 17 34 34 27
773 22 31 182 30 35 98 17 41 22 25 33 28
774 22 25 78 23 28 6 22 38 19 11 33 27
775 22 29 94 26 31 70 30 38 35 24 33 28
776 22 36 105 26 36 61 18 26 28 22 34 28
777 22 27 266 20 30 1 27 28 20 17 33 28
778 22 27 204 21 26 1 23 27 22 19 33 28
779 22 38 185 29 30 5 20 1 36 35 34 28
780 22 31 335 29 30 9 16 43 29 17 33 28
781 22 35 212 29 25 14 16 1 27 34 34 28
782 22 34 130 25 26 13 20 10 20 27 34 27
783 22 35 354 16 27 19 25 19 28 23 33 27
784 22 27 86 15 30 32 26 37 20 10 33 27
785 22 35 128 29 29 62 20 20 31 20 34 28
786 22 32 217 44 25 56 24 39 27 13 33 28
787 22 31 150 29 25 12 26 23 28 24 33 27
788 22 39 372 28 32 51 22 10 30 37 34 27
789 22 36 143 31 26 19 23 30 20 20 33 28
790 22 30 172 18 29 1 23 11 36 27 34 28
791 22 39 199 17 22 33 16 9 28 29 34 28
792 22 26 262 53 20 11 19 35 28 24 33 28
793 22 29 235 34 26 16 25 38 21 12 33 28
794 22 28 194 35 31 72 17 43 21 9 33 28
795 22 25 193 18 27 1 22 30 28 25 34 27
796 22 28 133 31 31 61 26 22 32 22 33 27
797 22 26 570 40 29 31 16 43 35 15 33 28
798 22 29 159 33 29 8 24 61 18 2 34 28
799 22 32 164 33 24 1 20 15 23 25 33 28
800 22 31 418 26 25 1 12 16 33 21 33 27
801 22 35 171 13 27 50 16 25 21 15 33 27
802 22 33 281 25 41 38 20 25 27 25 33 28
803 22 27 719 39 34 1 17 35 26 22 33 27
804 22 28 138 46 19 17 21 43 32 12 33 28
805 22 28 76 25 20 22 20 17 24 29 34 27
806 22 33 312 17 28 39 21 22 35 33 34 27
807 22 37 323 11 34 7 16 20 34 29 34 27
808 22 34 829 32 35 60 23 31 26 27 34 27
809 22 32 182 24 33 110 19 43 28 21 33 27
810 22 35 77 14 32 11 22 21 30 27 34 27
811 22 31 226 32 36 1 19 27 26 25 33 27
812 22 41 175 21 22 25 21 5 26 29 34 27
813 22 26 118 33 34 35 23 19 20 25 33 27
814 22 33 245 19 34 50 27 21 31 32 34 27
815 22 36 161 30 33 1 22 19 32 32 34 28
816 22 34 104 32 34 1 22 21 33 17 33 27
817 22 26 163 23 28 1 17 41 29 20 33 28
818 22 29 91 32 19 9 16 31 27 8 33 27
819 22 31 246 25 23 11 23 43 30 20 33 28
820 22 32 164 19 35 57 19 47 32 16 33 28
821 22 32 655 27 37 1 27 11 22 31 34 28
822 22 34 205 35 33 1 24 12 29 35 34 27
823 22 28 239 41 35 13 17 38 29 18 33 28
824 22 34 107 22 38 51 23 38 33 19 33 28
825 22 31 139 38 26 22 21 36 23 19 34 28
826 22 32 96 21 31 9 20 1 26 31 34 27
827 22 35 210 31 27 1 21 15 27 17 33 27
828 22 36 363 33 28 1 20 15 29 24 33 27
829 22 23 152 42 22 39 19 32 27 19 33 28
830 22 35 261 30 31 45 23 35 29 20 33 27
831 22 32 370 29 31 20 16 15 28 27 34 27
832 22 27 142 26 31 1 23 31 22 1 33 28
833 22 29 112 29 29 60 22 38 29 17 33 27
834 22 25 434 34 29 24 15 52 28 6 34 28
835 22 43 371 16 42 40 25 1 25 38 34 27
836 22 30 95 17 19 28 21 34 25 23 33 27
837 22 31 231 25 24 28 27 3 30 36 34 27
838 22 20 293 20 24 14 15 37 25 10 33 27
839 22 35 318 39 29 1 17 8 23 20 33 27
840 22 40 228 36 34 34 17 21 20 20 33 28
841 22 37 365 17 33 27 17 11 22 27 34 27
842 22 32 216 13 27 59 22 49 23 15 33 27
843 22 27 173 15 26 40 16 23 36 25 33 27
844 22 27 174 24 31 82 16 51 25 15 33 27
845 22 39 106 24 32 62 27 24 25 17 34 28
846 22 27 386 14 35 27 17 49 16 9 33 28
847 22 23 154 23 23 66 29 56 33 11 33 28
848 22 30 250 16 29 35 22 42 23 14 34 28
849 22 28 141 34 19 55 25 30 22 16 33 28
850 22 28 464 34 26 46 27 25 27 20 33 28
851 22 26 225 23 30 104 26 42 27 14 33 28
852 22 26 119 19 30 25 16 27 19 18 33 27
853 22 26 227 53 20 34 25 57 33 11 33 27
854 22 29 190 36 22 1 24 1 18 19 33 28
855 22 39 188 33 21 49 20 10 24 32 34 27
856 22 31 282 15 33 1 25 34 33 26 34 27
857 22 25 181 28 35 44 24 32 28 18 33 28
858 22 27 93 33 24 52 20 51 22 1 33 28
859 22 31 131 24 40 56 22 62 29 31 34 28
860 22 36 100 12 30 1 25 11 27 27 34 27
861 22 32 746 10 35 35 25 28 27 31 34 28
862 22 36 230 14 39 22 18 24 32 33 34 28
863 22 26 197 39 33 32 21 48 32 17 33 28
864 22 26 86 30 29 62 27 45 20 16 33 28
865 22 33 305 17 41 69 15 28 26 31 34 28
866 22 27 161 32 38 1 21 35 32 27 34 28
867 22 39 2006 33 29 7 21 31 28 17 34 27
868 22 29 157 32 23 3 25 8 29 26 33 28
869 22 31 476 18 35 88 20 35 24 22 33 27
870 22 31 156 8 34 89 22 24 32 32 34 27
871 22 25 172 34 20 1 24 29 33 18 33 28
872 22 31 152 31 20 69 24 27 32 22 34 28
873 22 29 103 35 35 26 24 33 25 20 33 28
874 22 38 281 25 35 52 18 20 27 23 34 28
875 22 43 243 10 36 1 14 1 27 39 34 28
876 22 30 313 41 30 1 15 12 27 17 33 28
877 22 31 115 21 18 25 21 32 27 17 33 28
878 22 24 219 12 25 22 25 35 28 17 33 27
879 22 36 646 30 33 67 28 32 27 24 34 28
880 22 32 223 9 36 17 16 33 31 29 34 27
881 22 32 169 5 35 79 21 23 27 24 34 28
882 22 24 151 36 24 8 19 48 25 6 33 27
883 22 30 211 43 33 1 15 12 27 22 33 27
884 22 28 169 40 28 21 21 52 27 1 34 28
885 22 35 313 25 29 33 23 10 27 27 34 27
886 22 42 230 24 31 18 20 1 32 31 34 28
887 22 29 203 40 31 1 18 43 21 1 33 27
888 22 35 143 19 39 108 25 31 27 27 34 28
889 22 34 296 27 24 14 20 31 30 20 33 27
890 22 34 301 18 30 94 20 38 34 27 34 28
891 22 33 142 23 34 24 18 21 36 28 34 28
892 22 29 263 38 29 87 19 52 25 11 33 28
893 22 37 201 15 39 1 20 33 26 28 34 28
894 22 29 330 34 23 30 25 8 23 22 33 28
895 22 34 393 31 27 61 23 45 26 13 33 27
896 22 30 125 23 30 84 20 32 25 15 33 27
897 22 39 381 8 41 5 27 1 27 46 34 28
898 22 31 317 18 37 23 21 36 28 28 34 27
899 22 36 243 32 27 1 22 11 28 30 34 28
900 22 32 258 48 33 37 17 25 30 11 33 28
901 22 32 166 38 27 30 25 39 22 14 34 28
902 22 29 760 29 30 22 25 37 23 12 33 28
903 22 30 98 39 22 20 19 29 25 21 33 27
904 22 38 280 23 27 64 24 23 30 25 33 28
905 22 29 129 24 25 50 18 45 31 13 33 27
906 22 24 426 21 27 1 22 11 27 27 33 28
907 22 29 95 21 29 65 22 46 29 25 34 28
908 22 30 289 33 33 23 20 34 29 19 33 27
909 22 35 176 27 36 76 19 24 30 28 34 28
910 22 29 184 37 22 44 20 54 19 7 33 27
911 22 33 511 25 32 68 19 23 25 24 33 28
912 22 34 376 20 33 4 26 30 25 30 34 28
913 22 26 238 43 26 47 21 35 18 10 34 28
914 22 31 177 35 28 85 21 52 32 11 33 28
915 22 20 161 11 33 1 24 32 25 14 33 27
916 22 27 105 35 27 7 23 59 27 3 33 28
917 22 31 96 22 39 19 26 41 20 17 33 28
918 22 34 152 32 25 47 17 18 25 32 34 28
919 22 31 185 36 25 62 21 28 20 13 34 28
920 22 26 179 41 22 1 17 50 23 11 33 28
921 22 39 160 16 28 1 22 1 27 33 34 27
922 22 39 244 37 36 1 18 20 29 34 34 27
923 22 33 279 29 23 4 25 12 23 18 33 27
924 22 30 205 28 27 8 22 27 23 21 33 28
925 22 25 163 17 30 16 15 20 30 30 34 27
926 22 29 201 10 26 41 21 30 22 24 33 28
927 22 25 237 25 29 14 20 27 26 21 33 27
928 22 30 147 27 31 36 22 30 22 15 33 28
929 22 37 117 27 28 32 17 1 33 46 34 28
930 22 34 182 32 25 1 19 36 20 3 33 28
931 22 28 184 16 26 30 16 11 28 26 34 28
932 22 36 275 22 26 31 21 10 18 19 33 27
933 22 29 326 32 26 58 22 52 38 10 33 28
934 22 22 91 31 25 17 20 52 29 4 33 27
935 22 28 382 27 39 59 26 34 21 15 33 28
936 22 30 242 27 37 49 19 36 25 22 33 28
937 22 38 268 17 36 7 18 18 20 30 34 27
938 22 26 153 45 17 60 26 39 23 14 33 28
939 22 41 160 28 46 55 23 25 20 21 33 28
940 22 25 133 18 29 26 24 43 33 9 33 27
941 22 41 304 25 23 40 27 26 59 25 33 28
942 22 37 317 20 25 41 25 1 27 28 34 28
943 22 28 835 32 21 1 21 13 26 32 34 27
944 22 16 198 44 20 1 16 41 38 12 33 27
945 22 31 132 23 23 1 24 27 32 27 34 27
946 22 28 150 30 29 90 24 50 21 10 33 28
947 22 31 232 19 20 5 15 14 21 25 33 28
948 22 46 284 21 38 40 21 1 37 39 34 27
949 22 28 529 27 28 70 24 42 25 15 33 27
950 22 31 95 38 26 32 26 35 36 12 33 28
951 22 30 168 25 32 58 23 41 35 12 33 28
952 22 32 253 22 31 1 24 36 29 17 33 28
953 22 24 132 25 30 1 13 45 28 20 33 28
954 22 30 293 28 26 1 17 5 31 25 33 27
955 22 29 92 47 16 1 21 34 31 19 33 28
956 22 27 227 10 32 17 17 39 26 11 33 28
957 22 25 115 21 30 7 20 15 23 16 33 27
958 22 23 144 32 33 94 26 37 23 10 34 28
959 22 28 355 16 33 1 22 35 37 30 34 27
960 22 39 87 5 34 12 17 7 27 41 34 28
961 22 42 151 19 40 30 27 30 30 27 34 27
962 22 30 104 33 34 83 15 39 26 20 33 27
963 22 77 281 1 37 68 17 1 30 33 34 27
964 22 32 92 6 41 37 28 29 25 24 34 28
965 22 40 284 1 33 60 24 1 28 39 34 28
966 22 31 115 18 31 1 19 15 30 27 34 28
967 22 28 242 12 26 1 21 16 27 26 33 27
968 22 25 352 34 25 55 21 43 17 2 33 27
969 22 27 321 33 19 32 23 63 31 1 33 27
970 22 34 264 31 25 12 19 2 35 33 34 28
971 22 30 130 33 39 34 25 33 21 25 34 27
972 22 31 298 25 32 78 27 32 28 19 33 28
973 22 21 105 40 24 38 22 44 37 11 33 27
974 22 21 104 42 22 25 23 47 27 8 33 27
975 22 33 651 36 31 35 18 23 33 24 34 28
976 22 30 116 10 27 21 21 46 23 20 33 27
977 22 27 168 25 36 30 23 43 31 9 33 28
978 22 33 84 27 28 32 21 16 26 22 33 28
979 22 24 117 16 39 48 18 41 30 7 33 28
980 22 36 271 36 32 32 22 40 18 7 34 28
981 22 34 133 27 38 1 22 9 28 34 34 28
982 22 27 260 26 30 14 21 54 27 10 33 28
983 22 31 499 19 34 69 24 44 25 14 33 28
984 22 26 82 24 26 30 22 37 34 15 33 28
985 22 27 96 33 27 46 21 25 28 17 33 27
986 22 31 417 36 21 1 19 27 26 25 33 27
987 22 38 220 28 24 34 20 10 18 34 34 27
988 22 33 573 24 34 28 27 40 35 9 33 28
989 22 30 93 15 30 34 27 39 29 19 33 28
990 22 30 226 39 18 24 20 22 26 21 33 28
991 22 37 430 27 31 30 24 25 33 27 34 28
992 22 30 107 47 26 5 19 17 25 19 33 28
993 22 28 99 27 39 15 23 36 24 14 33 28
994 22 30 224 12 20 1 19 5 36 38 34 27
995 22 31 437 21 32 74 32 44 26 11 33 28
996 22 36 272 40 26 10 15 9 20 34 34 27
997 22 39 217 46 29 1 17 23 30 25 33 27
998 22 35 104 40 29 70 25 11 25 25 34 27
999 22 24 240 43 24 69 19 50 33 13 33 28
1000 22 30 88 10 39 49 22 17 21 36 34 27
