1 22 66 24 16 40 25 18 37 21 20 33 28
2 22 102 34 30 29 1 25 34 32 26 33 28
3 22 61 15 15 30 46 14 16 26 31 34 27
4 22 93 14 25 32 1 24 39 21 10 33 27
5 22 107 27 15 32 56 19 38 26 11 33 27
6 22 56 20 11 33 2 22 30 32 20 33 28
7 22 50 36 45 32 1 18 43 23 5 34 27
8 22 222 40 23 37 6 15 19 32 33 34 28
9 22 85 28 23 32 1 18 30 28 24 33 27
10 22 83 32 29 22 1 16 11 25 40 34 28
11 22 75 17 9 40 59 18 46 25 10 33 27
12 22 108 43 19 30 58 19 15 26 32 34 28
13 22 143 8 18 21 1 21 34 29 22 33 27
14 22 50 16 37 15 1 25 33 19 17 33 27
15 22 43 20 15 32 46 21 43 30 22 33 27
16 22 56 36 36 26 50 26 35 26 22 34 28
17 22 117 28 30 38 25 22 44 21 18 33 28
18 22 102 33 35 32 26 20 31 32 19 33 28
19 22 61 29 26 39 53 26 47 35 12 33 28
20 22 93 31 32 24 17 24 30 26 22 33 28
21 22 86 20 5 27 51 24 21 39 33 34 28
22 22 97 34 19 39 76 26 44 18 16 34 28
23 22 159 34 35 29 26 18 30 28 25 34 28
24 22 55 30 24 28 10 22 34 28 28 34 28
25 22 144 44 39 26 38 26 36 27 15 34 28
26 22 78 25 25 25 40 16 32 23 19 33 28
27 22 88 35 38 25 1 23 15 25 32 34 28
28 22 80 29 28 26 50 18 20 28 28 34 28
29 22 149 34 18 39 1 25 33 29 12 34 28
30 22 104 41 29 37 13 25 33 26 23 34 28
31 22 154 29 17 28 49 27 25 30 25 33 28
32 22 180 44 30 33 66 24 29 27 33 34 28
33 22 132 19 29 28 4 17 46 25 11 33 28
34 22 58 39 44 25 1 25 27 26 21 34 28
35 22 63 33 32 29 1 16 26 29 20 34 28
36 22 88 33 32 25 28 25 30 29 22 33 28
37 22 73 44 28 28 47 22 27 25 26 34 28
38 22 136 8 12 36 48 22 42 24 13 33 27
39 22 187 40 37 39 85 17 53 20 2 34 28
40 22 67 20 29 17 89 23 42 20 8 33 27
41 22 99 21 1 43 35 24 37 21 20 33 27
42 22 104 35 30 25 39 26 46 33 5 34 28
43 22 78 18 20 15 1 19 25 36 29 34 27
44 22 51 29 29 34 70 27 42 34 20 34 28
45 22 72 36 29 32 61 21 32 20 23 33 28
46 22 88 38 26 32 57 13 15 18 23 33 28
47 22 67 21 36 30 1 19 45 27 4 33 28
48 22 69 45 10 37 76 16 22 30 31 34 28
49 22 124 36 27 30 48 23 48 31 21 34 28
50 22 97 34 24 32 67 19 38 28 22 34 28
51 22 200 34 32 27 59 26 25 30 22 34 28
52 22 106 24 33 31 24 20 41 28 20 33 28
53 22 36 6 23 32 1 23 36 32 14 34 28
54 22 96 11 18 30 1 22 25 20 22 33 28
55 22 63 37 26 34 53 26 52 32 11 34 28
56 22 63 24 7 35 65 19 23 35 25 34 28
57 22 277 37 30 22 70 27 29 31 30 34 28
58 22 369 42 23 36 7 23 16 40 34 34 28
59 22 113 32 27 29 40 23 37 34 24 34 28
60 22 64 16 11 30 50 25 40 25 15 34 28
61 22 55 33 20 34 80 27 47 29 12 34 28
62 22 40 25 33 36 49 19 58 29 11 34 28
63 22 102 32 37 29 32 17 39 22 16 34 28
64 22 93 33 17 38 51 19 41 329 10 34 28
65 22 176 30 34 18 1 24 27 21 26 33 28
66 22 91 38 35 28 46 14 45 34 12 34 28
67 22 53 19 32 28 52 28 56 20 6 33 28
68 22 58 20 25 25 70 25 36 18 22 33 28
69 22 107 32 6 34 1 21 8 24 33 34 28
70 22 93 38 22 32 1 26 2 31 41 34 28
71 22 234 40 34 29 1 20 25 26 20 33 28
72 22 113 21 23 28 13 20 35 32 23 33 28
73 22 121 24 18 24 26 25 31 32 24 33 28
74 22 213 36 39 22 62 21 31 31 24 34 28
75 22 123 36 15 36 37 31 15 34 31 34 28
76 22 113 25 20 21 1 18 13 22 38 34 28
77 22 88 41 31 28 37 22 1 23 33 34 28
78 22 111 23 22 31 1 23 17 35 29 34 28
79 22 62 39 35 28 76 20 17 26 25 33 27
80 22 64 49 35 28 60 21 58 27 21 34 28
81 22 83 30 45 15 20 24 52 35 4 34 28
82 22 317 39 27 39 26 15 31 16 14 33 28
83 22 52 37 26 34 61 25 42 26 18 34 28
84 22 246 27 18 36 75 23 41 22 21 34 28
85 22 113 31 15 29 35 24 31 32 25 34 28
86 22 56 36 35 29 71 22 34 27 24 34 28
87 22 62 37 32 31 16 21 29 22 32 34 28
88 28 88 32 22 36 69 32 64 37 16 41 35
89 22 47 19 38 19 35 16 71 26 1 33 28
90 22 144 27 42 18 1 21 41 22 7 33 28
91 22 201 31 35 37 1 23 47 34 1 34 28
92 22 87 35 29 29 18 24 16 22 27 34 28
93 22 75 26 25 27 25 21 48 26 23 33 28
94 22 105 17 31 25 1 16 26 25 22 33 27
95 22 69 34 25 28 32 23 24 20 26 34 28
96 22 55 16 20 23 37 16 19 26 26 34 27
97 22 73 31 36 26 1 20 36 23 10 34 28
98 22 64 17 24 19 24 22 32 28 21 33 27
99 22 61 32 16 42 47 28 31 27 25 34 28
100 22 82 19 21 27 8 18 11 29 35 34 27
101 22 117 30 20 28 47 19 49 25 17 34 28
102 22 99 35 41 28 1 23 36 34 24 34 28
103 22 138 25 15 38 31 14 44 27 18 33 28
104 22 139 35 39 28 65 17 51 32 17 34 28
105 22 319 35 32 28 66 24 21 29 22 34 28
106 22 86 33 22 35 71 22 23 24 27 34 28
107 22 74 35 36 22 42 24 22 30 21 34 28
108 22 60 36 28 30 45 19 38 36 18 33 28
109 22 83 40 43 21 13 21 19 26 30 34 28
110 22 76 23 21 24 60 20 47 23 10 33 28
111 22 55 21 24 33 1 23 36 25 24 33 28
112 22 76 47 42 26 7 16 42 33 21 33 28
113 22 86 27 36 28 7 24 36 24 12 33 28
114 22 81 27 19 28 32 20 28 25 16 33 28
115 22 83 46 19 36 66 23 20 23 35 34 28
116 22 95 22 8 28 1 23 33 28 24 33 28
117 22 175 22 29 24 1 17 52 42 4 33 28
118 22 115 36 34 35 24 28 49 24 18 33 28
119 22 65 36 25 29 1 14 18 30 33 34 28
120 22 124 21 24 25 52 16 36 30 15 33 28
121 22 174 27 24 31 72 16 35 23 20 33 28
122 22 67 32 18 36 30 19 44 32 26 34 28
123 22 232 29 30 32 62 22 45 18 16 34 28
124 22 92 17 32 21 1 23 36 30 18 33 28
125 22 104 32 34 28 4 19 26 30 24 34 28
126 22 55 31 17 35 56 19 39 34 19 33 28
127 22 61 25 32 26 1 17 31 18 14 33 28
128 22 94 18 19 24 14 16 33 28 17 33 28
129 22 160 10 22 24 1 19 51 35 15 33 28
130 22 182 68 19 29 349 22 44 25 22 34 28
131 22 99 42 33 33 15 27 33 35 22 34 28
132 22 78 35 29 21 41 23 36 35 21 33 28
133 22 209 35 28 34 34 23 46 27 14 34 28
134 22 94 38 26 39 103 26 45 25 16 33 28
135 22 60 18 13 36 1 20 30 18 17 33 28
136 22 126 34 29 23 1 22 26 23 20 33 28
137 22 101 35 23 25 20 18 32 27 31 34 28
138 22 89 30 15 43 8 22 33 34 28 34 28
139 22 64 17 3 34 61 20 20 28 32 34 28
140 22 63 33 38 20 59 26 26 19 13 34 27
141 22 99 32 25 32 31 20 39 37 18 34 28
142 22 68 32 23 35 79 14 22 28 22 34 28
143 22 63 34 36 29 14 15 17 26 25 33 28
144 22 80 35 32 29 21 25 45 31 12 34 28
145 22 75 26 32 25 1 19 51 33 9 33 28
146 22 178 24 30 27 15 21 20 32 25 34 28
147 22 98 39 27 44 72 16 33 27 28 34 28
148 22 73 24 32 26 1 18 48 29 17 33 28
149 22 89 35 41 22 29 20 36 26 12 33 28
150 22 320 23 38 20 1 24 37 24 14 33 28
151 22 55 27 26 29 84 18 50 25 16 33 28
152 22 63 31 27 28 14 28 43 31 14 33 28
153 22 95 43 26 37 21 15 9 28 29 34 28
154 22 165 27 28 31 35 28 37 29 15 34 28
155 22 172 17 1 40 1 16 35 33 30 34 27
156 22 97 26 23 33 1 20 30 30 24 33 28
157 22 99 35 27 25 29 16 23 30 26 34 28
158 22 92 45 23 26 41 17 21 37 34 34 28
159 22 129 46 36 26 1 18 20 17 30 34 28
160 22 58 35 29 32 42 20 40 27 25 34 28
161 22 163 30 26 30 29 18 30 32 26 34 28
162 22 244 34 33 25 4 26 38 26 14 34 28
163 22 87 22 18 33 36 23 60 33 12 33 28
164 22 100 28 34 29 37 25 47 35 14 34 28
165 22 115 16 21 31 1 17 43 21 11 33 27
166 22 141 16 17 23 5 16 32 26 19 33 28
167 22 95 38 26 42 11 19 45 32 17 33 28
168 22 124 30 37 31 61 21 41 25 9 34 28
169 22 53 33 35 24 45 21 46 22 14 34 28
170 22 125 33 26 27 27 17 27 30 25 34 28
171 22 48 9 1 33 1 18 1 30 40 34 28
172 22 75 43 37 29 50 23 32 15 20 34 28
173 22 69 26 23 30 12 23 44 25 23 33 28
174 22 74 40 44 31 10 26 56 24 14 34 28
175 22 134 32 20 25 73 25 22 100 26 34 28
176 22 137 27 42 22 34 19 54 28 5 34 28
177 22 73 43 29 31 68 27 43 31 20 34 28
178 22 146 23 8 44 44 23 28 24 19 34 28
179 22 215 33 39 31 16 20 33 26 22 34 28
180 22 175 25 18 28 80 24 39 28 15 33 28
181 22 84 22 14 24 60 28 39 32 17 33 28
182 22 89 47 29 29 59 19 22 27 28 34 28
183 22 122 38 26 29 32 20 43 26 21 34 28
184 22 88 44 24 39 102 21 44 28 18 34 28
185 22 108 47 22 41 5 16 25 19 27 34 27
186 22 103 22 15 32 48 20 38 17 21 33 28
187 22 71 33 24 26 1 16 26 26 32 34 28
188 22 181 20 22 23 20 24 34 32 24 33 28
189 22 75 29 32 25 13 18 25 15 19 33 28
190 22 49 32 34 31 4 20 23 35 30 34 28
191 22 127 30 37 23 83 26 47 20 12 34 28
192 22 118 29 21 27 44 20 29 30 31 34 28
193 22 140 18 29 31 23 19 37 22 10 33 27
194 22 324 40 40 25 41 22 14 20 28 34 28
195 22 96 27 24 22 1 23 16 32 30 34 28
196 22 57 32 32 28 45 25 25 26 27 34 28
197 22 104 41 31 26 31 23 28 25 27 34 28
198 22 101 23 1 31 49 30 21 27 26 34 28
199 22 125 30 41 22 11 16 23 14 19 33 28
200 22 132 30 1 38 55 29 22 35 29 34 28
201 22 99 36 52 27 21 19 38 28 9 34 28
202 22 67 28 15 35 55 28 28 33 27 34 28
203 22 70 21 19 29 77 22 29 22 22 33 28
204 22 181 32 4 26 30 20 3 38 42 34 28
205 22 93 28 20 33 17 25 44 30 20 33 28
206 22 97 28 12 35 1 23 40 28 25 34 28
207 22 50 25 23 28 48 18 29 22 25 33 27
208 22 141 38 39 29 1 23 17 20 20 33 28
209 22 175 21 31 25 32 19 28 30 18 33 28
210 22 93 20 26 27 24 15 35 16 13 33 28
211 22 151 25 7 36 31 23 24 33 29 34 28
212 22 170 30 38 22 1 25 23 24 23 34 28
213 22 189 20 32 33 1 26 38 24 20 33 28
214 22 70 32 28 32 1 21 22 23 23 33 28
215 22 55 26 28 28 14 17 48 44 14 33 28
216 22 78 38 23 33 49 21 27 26 20 33 28
217 22 219 33 22 21 54 22 23 48 29 34 27
218 22 106 42 49 17 70 25 39 30 11 34 28
219 22 100 23 25 23 1 20 5 33 24 33 28
220 22 108 26 30 17 17 26 14 25 26 34 28
221 22 153 36 15 39 25 15 21 30 36 34 28
222 22 137 30 22 25 11 21 1 26 34 34 28
223 22 92 40 36 27 36 25 45 22 21 34 28
224 22 76 35 27 22 64 17 1 26 38 34 28
225 22 161 16 19 32 70 11 49 12 6 34 28
226 22 60 31 36 25 1 25 23 22 24 33 28
227 22 67 38 18 40 75 23 41 24 23 34 28
228 22 308 32 23 36 35 21 40 26 26 34 28
229 22 225 40 43 18 1 26 18 28 18 33 28
230 22 164 43 40 33 33 22 40 23 9 34 28
231 22 71 15 14 33 39 27 32 25 14 33 28
232 22 166 31 27 27 16 16 24 31 28 34 28
233 22 107 41 43 34 15 27 45 28 16 34 28
234 22 67 26 32 13 1 19 13 27 33 34 28
235 22 140 31 32 35 1 19 43 32 11 34 28
236 22 83 50 24 41 1 20 6 33 31 34 28
237 22 72 31 33 29 48 25 27 27 12 34 28
238 22 203 36 9 37 5 25 26 23 26 34 28
239 22 108 47 42 31 15 23 26 18 23 34 28
240 22 139 26 26 32 56 24 36 27 15 33 28
241 22 91 38 45 22 15 24 47 24 8 34 28
242 22 62 41 33 27 39 18 14 23 31 34 28
243 22 69 27 25 23 45 25 20 29 31 34 28
244 22 205 6 9 32 17 14 28 26 20 33 28
245 22 192 27 21 31 2 16 42 23 13 33 28
246 22 75 28 25 25 76 28 35 18 14 33 28
247 22 105 38 43 25 63 20 43 31 13 34 28
248 22 124 33 21 32 22 24 49 28 20 34 28
249 22 75 45 15 43 102 17 28 34 30 34 28
250 22 138 40 24 41 6 18 14 30 37 34 28
251 22 142 27 20 27 29 23 34 34 25 34 28
252 22 133 46 23 40 27 26 32 31 26 34 28
253 22 79 40 33 31 11 17 16 30 30 34 28
254 22 76 31 25 28 39 20 40 34 19 33 28
255 22 186 22 12 32 1 29 33 35 27 34 27
256 22 165 21 15 38 30 19 21 30 25 33 27
257 22 57 35 49 23 1 18 28 16 18 33 28
258 22 107 16 28 28 1 22 29 35 11 33 27
259 22 75 40 30 36 1 20 13 20 31 34 27
260 22 73 44 24 37 25 17 33 30 25 33 27
261 22 235 34 31 27 72 19 33 21 17 33 27
262 22 185 21 15 33 30 25 26 26 13 33 27
263 22 87 38 47 24 1 19 11 27 27 34 28
264 22 147 32 19 32 75 24 50 27 9 34 28
265 22 83 23 13 33 23 19 29 30 24 33 28
266 22 73 36 40 30 1 25 39 19 6 34 28
267 22 240 22 38 28 1 17 50 23 7 33 27
268 22 82 20 21 32 30 28 31 38 22 34 28
269 22 80 41 34 29 1 22 18 29 27 34 28
270 22 49 24 26 32 54 28 42 31 11 33 28
271 22 105 19 27 24 1 13 38 42 20 33 28
272 22 154 47 32 31 39 20 20 24 25 34 28
273 22 54 24 4 41 27 25 44 29 17 33 28
274 22 95 17 30 24 1 20 55 25 8 33 27
275 22 302 31 26 34 31 19 28 31 29 34 28
276 22 116 18 28 24 13 22 38 32 15 33 27
277 22 158 37 33 34 1 18 18 26 20 33 28
278 22 71 22 9 30 1 13 19 33 34 34 27
279 22 137 29 28 32 43 19 30 19 20 33 28
280 22 89 24 29 21 1 26 21 29 26 33 28
281 22 62 32 28 31 35 19 38 25 8 34 28
282 22 71 27 36 28 19 23 41 25 10 33 28
283 22 110 32 30 29 20 26 33 31 20 33 28
284 22 53 17 17 33 1 25 21 25 27 34 28
285 22 101 46 35 31 1 20 23 29 33 34 28
286 22 117 42 29 36 66 23 20 28 29 34 28
287 22 66 27 36 31 1 25 30 22 8 33 28
288 22 64 34 33 28 46 23 35 24 18 34 28
289 22 52 32 25 31 33 17 22 22 24 33 28
290 22 88 32 27 29 40 17 30 34 26 34 28
291 22 99 32 32 31 65 23 28 19 13 33 27
292 22 65 34 35 28 7 26 45 27 4 33 28
293 22 75 37 9 43 8 16 20 24 27 34 28
294 22 70 9 28 21 1 22 32 24 29 34 28
295 22 55 34 50 11 6 18 44 34 13 33 28
296 22 158 39 22 28 92 19 26 33 26 34 28
297 22 123 22 25 33 44 21 25 27 19 33 28
298 22 60 29 31 28 10 14 20 27 36 34 28
299 22 138 40 36 31 54 26 25 30 29 34 28
300 22 54 34 20 33 16 17 27 24 25 33 28
301 22 72 34 40 27 7 22 39 27 13 34 28
302 22 96 40 25 30 20 26 30 37 22 33 28
303 22 159 24 26 26 31 24 33 29 12 33 28
304 22 73 16 18 26 5 19 40 34 12 33 27
305 22 104 31 29 26 1 19 34 27 20 33 28
306 22 129 38 40 28 55 20 29 19 19 33 28
307 22 142 22 19 26 60 18 17 24 28 34 28
308 22 137 24 11 34 1 24 10 28 32 34 28
309 22 73 37 24 40 96 25 41 29 13 34 28
310 22 59 30 19 25 62 15 29 37 32 34 28
311 22 110 39 41 30 83 25 34 27 21 33 28
312 22 77 32 26 41 35 16 38 26 25 34 28
313 22 72 20 30 26 1 20 32 21 8 33 28
314 22 195 33 17 37 31 21 16 33 27 34 28
315 22 91 23 24 29 56 29 24 32 18 33 28
316 22 98 32 34 32 30 16 37 25 12 34 28
317 22 63 29 22 21 13 24 18 29 26 34 28
318 22 56 37 18 39 104 21 20 30 33 34 28
319 22 116 23 16 38 38 20 43 22 13 34 28
320 22 78 17 39 23 24 23 43 22 15 33 27
321 22 93 25 28 24 46 21 34 26 20 33 28
322 22 99 28 38 34 13 26 61 28 1 34 28
323 22 52 28 31 31 31 18 43 32 14 33 28
324 22 79 23 29 20 1 26 24 25 19 33 28
325 22 72 22 35 27 27 33 47 24 2 33 28
326 22 125 21 32 17 1 29 38 27 15 33 28
327 22 133 31 22 32 1 24 38 38 22 33 28
328 22 53 45 48 30 16 23 44 25 9 34 28
329 22 74 40 36 26 1 19 2 23 34 34 28
330 22 251 35 11 43 1 19 30 40 31 34 28
331 22 93 40 26 24 59 20 18 26 34 34 28
332 22 88 38 39 28 1 18 47 25 10 34 28
333 22 150 28 36 23 12 25 28 24 14 33 28
334 22 76 19 30 25 1 23 38 20 10 33 27
335 22 115 37 29 39 47 17 34 27 20 34 28
336 22 119 25 22 28 6 19 27 34 28 34 28
337 22 81 24 24 22 1 15 5 23 35 34 27
338 22 75 21 16 24 1 15 16 31 38 34 27
339 22 87 29 15 31 22 18 15 33 33 34 28
340 22 116 32 25 37 34 18 38 23 14 34 28
341 22 111 33 34 25 1 25 27 26 22 34 28
342 22 111 23 13 37 60 17 42 24 11 34 27
343 22 64 44 22 34 1 24 16 21 27 34 28
344 22 112 41 13 43 74 30 40 33 20 34 28
345 22 49 24 28 20 1 18 14 18 25 33 28
346 22 122 31 18 25 21 16 15 36 26 34 28
347 22 110 23 19 23 37 23 14 29 29 34 27
348 22 57 36 38 28 10 16 27 41 22 33 28
349 22 51 9 27 25 1 19 45 23 12 33 28
350 22 55 33 29 35 27 16 48 25 12 34 28
351 22 70 18 26 27 1 25 39 20 6 33 28
352 22 74 26 16 28 20 21 39 23 12 33 28
353 22 71 31 21 36 72 27 41 24 11 34 28
354 22 90 41 29 38 9 19 43 30 9 34 28
355 22 57 32 28 32 12 20 31 31 19 34 28
356 22 86 37 21 31 28 21 32 42 32 34 28
357 22 122 29 40 21 63 25 30 26 17 33 28
358 22 321 19 29 31 51 24 48 14 3 33 27
359 22 72 30 17 37 1 23 15 21 35 34 28
360 22 59 21 8 22 1 12 8 28 37 34 27
361 22 142 34 27 34 89 21 41 25 14 34 28
362 22 165 37 34 34 4 14 105 19 23 34 28
363 22 73 34 40 27 1 14 27 24 23 33 28
364 22 91 17 21 19 1 26 23 22 20 34 28
365 22 151 37 21 36 47 24 38 22 10 34 28
366 22 48 27 37 32 29 26 32 23 16 33 28
367 22 66 32 23 31 66 16 32 26 23 34 28
368 22 166 36 32 24 77 16 36 21 11 33 28
369 22 184 37 25 36 31 17 33 31 20 34 28
370 22 71 31 11 31 57 27 31 30 20 33 28
371 22 84 40 38 26 25 17 38 12 10 34 28
372 22 52 15 16 33 39 21 50 23 8 33 28
373 22 57 33 36 28 5 24 30 23 14 34 28
374 22 68 24 32 30 15 20 25 27 19 33 28
375 22 248 34 30 28 1 17 33 25 13 33 28
376 22 104 25 14 30 59 23 30 27 24 33 28
377 22 72 491 31 31 67 18 40 32 19 33 28
378 22 187 21 47 22 1 19 50 26 2 34 27
379 22 82 33 19 35 64 17 22 31 39 34 28
380 22 81 45 43 38 1 20 47 23 11 34 28
381 22 73 29 33 19 30 19 20 28 24 33 28
382 22 207 28 8 34 1 19 8 20 37 34 27
383 22 74 25 34 24 1 24 35 34 25 34 28
384 22 80 34 22 23 1 24 21 23 25 33 28
385 22 73 43 27 35 6 20 13 39 34 34 28
386 22 69 41 31 32 37 16 18 31 33 34 28
387 22 89 42 30 31 46 25 36 32 23 34 28
388 22 92 27 30 14 78 11 22 21 19 33 28
389 22 69 37 11 33 24 23 20 33 29 34 28
390 22 93 14 45 16 1 25 53 29 14 33 28
391 22 135 38 34 27 46 24 37 17 22 33 28
392 22 79 28 6 41 79 21 33 28 16 33 28
393 22 149 42 22 38 87 21 46 25 17 33 28
394 22 59 16 18 34 1 14 22 19 26 34 28
395 22 156 13 19 27 1 19 24 25 25 33 28
396 22 317 20 7 26 2 19 14 25 31 34 27
397 22 133 36 37 27 33 22 41 36 21 33 28
398 22 95 33 22 38 27 25 42 30 10 34 28
399 22 105 21 30 29 1 22 18 28 26 34 28
400 22 135 16 27 24 27 26 41 27 9 34 28
401 22 108 17 31 25 6 21 54 33 1 33 27
402 22 277 50 27 31 50 27 1 30 37 34 28
403 22 113 50 32 30 35 23 22 28 35 34 28
404 22 92 28 40 25 6 23 38 23 10 34 28
405 22 87 40 30 28 1 18 19 27 26 34 28
406 22 77 35 37 20 1 22 14 26 27 34 28
407 22 102 22 23 29 1 23 21 26 24 33 28
408 22 51 37 46 24 1 20 31 24 20 34 28
409 22 162 25 30 21 81 24 28 26 30 34 28
410 22 55 21 27 18 25 23 25 28 32 34 28
411 22 64 38 28 38 46 16 38 25 7 34 28
412 22 60 34 36 30 1 22 13 30 30 34 28
413 22 65 19 27 24 6 20 33 21 17 33 28
414 22 85 21 21 38 37 22 30 24 16 33 28
415 22 104 24 25 31 10 22 18 23 20 33 28
416 22 73 36 35 29 30 17 24 26 17 33 28
417 22 187 37 23 34 52 22 29 32 17 34 28
418 22 52 18 28 24 1 24 43 35 16 33 28
419 22 71 24 32 27 16 20 41 19 13 33 28
420 22 72 25 19 35 41 19 20 23 30 34 27
421 22 91 41 11 34 28 18 19 33 32 34 27
422 22 86 34 34 28 47 29 21 24 22 33 27
423 22 212 34 28 28 44 20 22 32 25 34 28
424 22 115 31 19 35 67 23 32 19 25 33 28
425 22 220 23 34 24 11 22 31 26 16 33 28
426 22 67 40 41 35 18 18 42 30 19 33 28
427 22 245 36 41 21 10 28 23 18 16 33 28
428 22 143 23 26 24 1 20 31 19 14 33 27
429 22 55 25 18 31 1 24 39 20 15 33 28
430 22 55 26 27 31 25 25 40 26 23 33 28
431 22 98 33 16 42 30 18 23 27 34 34 28
432 22 63 38 34 30 38 25 24 34 25 34 28
433 22 87 37 20 28 4 21 16 32 30 34 28
434 22 149 29 24 33 5 15 2 28 40 34 28
435 22 57 26 16 34 59 22 40 34 15 33 28
436 22 95 18 9 30 1 20 51 32 20 33 28
437 22 125 36 39 31 1 25 32 26 20 33 27
438 22 103 32 32 26 6 18 21 23 19 33 28
439 22 103 30 19 35 12 25 31 18 18 33 28
440 22 55 22 22 33 15 24 48 31 15 33 28
441 22 74 32 24 25 13 24 19 24 22 33 28
442 22 75 37 23 30 52 20 15 26 33 34 28
443 22 144 38 28 40 24 21 21 17 23 33 28
444 22 76 36 36 26 4 24 24 28 20 34 28
445 22 73 26 21 28 52 20 21 25 34 34 28
446 22 117 26 18 26 38 19 1 24 32 34 27
447 22 126 25 30 20 72 21 35 21 14 33 28
448 22 100 31 24 26 30 21 19 23 34 34 28
449 22 154 27 21 32 17 19 49 19 12 33 27
450 22 63 36 40 26 7 21 40 33 18 34 28
451 22 81 39 39 22 34 25 38 26 15 34 28
452 22 69 40 28 32 38 25 49 24 17 33 28
453 22 178 30 24 34 35 23 44 24 13 33 28
454 22 82 19 24 28 32 21 42 18 9 33 27
455 22 73 27 28 23 22 19 43 28 15 33 28
456 22 77 24 14 34 54 29 46 32 17 33 28
457 22 100 45 47 32 1 19 30 29 13 34 28
458 22 69 21 1 31 56 25 4 23 30 34 28
459 22 67 28 27 28 1 20 17 30 22 33 28
460 22 136 36 18 27 53 16 25 28 32 34 28
461 22 96 28 14 39 1 16 27 33 28 34 28
462 22 77 47 23 37 16 20 22 23 26 34 28
463 22 80 11 13 31 41 17 34 24 18 34 28
464 22 193 39 32 27 73 25 31 26 19 33 28
465 22 67 33 29 33 1 24 45 32 14 34 28
466 22 103 27 27 18 36 19 30 22 16 33 28
467 22 101 27 27 25 27 24 14 25 23 33 28
468 22 68 3 18 25 4 28 33 24 11 34 27
469 22 206 25 21 35 17 19 45 21 18 33 28
470 22 63 40 31 31 47 21 27 30 27 34 28
471 22 120 23 30 21 53 18 38 35 16 33 28
472 22 193 34 17 33 70 23 30 24 22 34 28
473 22 51 28 21 36 70 23 49 27 17 33 28
474 22 169 22 27 16 5 18 21 26 17 33 28
475 22 104 36 15 29 43 23 25 38 36 34 28
476 22 74 35 25 24 82 23 27 19 22 33 28
477 22 70 13 29 24 15 21 34 33 10 34 27
478 22 121 31 21 31 96 25 28 17 20 33 28
479 22 219 29 43 26 1 18 35 23 13 34 28
480 22 61 31 35 27 80 23 45 19 12 34 28
481 22 199 37 25 33 1 23 26 33 25 34 28
482 22 175 33 22 30 1 24 27 26 29 34 28
483 22 115 29 32 33 1 23 20 25 17 33 28
484 22 53 20 28 30 1 23 28 32 18 33 28
485 22 56 28 22 36 43 20 31 28 26 34 28
486 22 86 40 22 37 1 24 29 33 32 34 28
487 22 104 40 41 30 81 19 41 21 15 34 28
488 22 102 27 39 22 54 20 33 32 14 33 28
489 22 114 19 16 30 24 19 43 31 17 33 28
490 22 112 40 39 27 1 17 51 26 14 33 28
491 22 85 20 15 27 16 24 44 32 15 33 27
492 22 70 12 24 26 1 25 42 26 14 33 28
493 22 108 37 36 32 28 37 36 23 20 34 28
494 22 94 46 16 34 97 17 24 28 26 34 28
495 22 77 34 31 27 44 20 39 21 23 33 28
496 22 106 40 52 23 1 19 16 21 19 33 28
497 22 68 40 26 34 19 25 25 27 24 34 28
498 22 66 32 28 32 5 21 20 34 27 34 28
499 22 76 19 25 28 28 22 5 27 27 34 28
500 22 94 40 24 37 88 17 35 30 21 34 28
501 22 103 41 46 19 33 20 22 27 23 34 28
502 22 81 36 26 30 40 24 11 18 36 34 28
503 22 267 49 19 43 1 22 9 30 38 34 28
504 22 49 26 15 30 1 20 22 34 37 34 27
505 22 75 32 23 32 1 20 14 35 35 34 28
506 22 67 28 11 33 3 27 36 35 22 33 28
507 22 90 26 24 35 1 20 25 26 24 34 28
508 22 93 25 18 26 47 23 42 25 21 33 28
509 22 158 38 37 29 35 17 35 27 20 33 28
510 22 192 40 32 20 1 17 17 21 27 34 27
511 22 51 37 47 22 29 21 39 29 8 33 28
512 22 75 46 32 35 40 25 30 33 35 34 28
513 22 57 39 25 29 101 26 33 34 26 33 28
514 22 67 24 29 25 1 21 39 25 13 33 27
515 22 96 38 27 31 38 30 50 26 20 33 28
516 22 71 28 39 33 1 23 24 30 18 33 28
517 22 112 20 19 26 8 22 31 24 15 33 27
518 22 61 42 23 40 72 26 23 28 22 33 28
519 22 70 41 36 34 36 23 38 18 22 33 28
520 22 135 30 29 26 1 27 23 27 26 33 27
521 22 219 47 27 33 39 19 25 26 22 33 28
522 22 94 23 40 17 14 18 32 18 5 33 27
523 22 309 48 37 26 74 23 27 29 21 33 28
524 22 66 23 29 20 33 17 13 30 23 33 28
525 22 121 23 18 34 41 22 39 26 18 33 27
526 22 102 19 1 40 1 23 20 25 31 34 27
527 22 121 39 36 22 48 18 22 20 29 34 28
528 22 61 38 16 34 75 24 33 36 21 34 28
529 22 49 24 14 32 83 28 46 27 17 34 28
530 22 145 41 24 35 43 20 15 27 31 34 28
531 22 153 23 8 35 33 20 21 25 30 34 28
532 22 85 31 17 37 57 22 30 27 26 34 28
533 22 103 1 14 29 1 19 54 23 4 34 28
534 22 107 32 40 25 16 24 45 23 6 33 28
535 22 56 19 22 33 1 19 37 27 16 33 28
536 22 125 18 25 26 26 18 28 31 21 33 28
537 22 105 28 27 27 1 25 44 32 13 33 28
538 22 90 31 16 34 46 16 24 31 27 34 28
539 22 97 37 32 34 53 25 35 35 13 33 28
540 22 56 32 22 35 63 23 43 34 21 33 28
541 22 99 23 26 27 1 19 2 23 27 34 28
542 22 80 27 40 21 1 20 41 27 7 33 27
543 22 159 31 14 40 1 21 1 23 43 34 28
544 22 187 40 33 32 8 19 42 27 12 34 28
545 22 86 44 15 46 1 17 4 22 44 34 27
546 22 195 39 22 24 56 24 26 20 22 33 28
547 22 310 27 1 46 28 28 25 33 34 34 28
548 22 85 20 25 24 36 18 42 22 11 33 27
549 22 205 37 34 31 30 15 12 24 24 33 28
550 22 99 38 35 34 1 20 31 26 24 33 28
551 22 62 37 44 23 28 24 50 36 20 33 28
552 22 61 35 26 30 49 19 28 26 27 34 28
553 22 96 32 24 28 59 20 36 24 19 33 28
554 22 400 21 35 15 32 17 25 29 20 33 28
555 22 53 26 24 25 1 25 23 31 16 33 28
556 22 179 20 24 25 40 24 26 24 14 33 28
557 22 53 25 34 25 1 17 52 27 11 33 28
558 22 73 28 9 34 38 22 31 20 19 33 28
559 22 96 42 23 38 21 21 22 32 37 34 28
560 22 147 33 38 26 88 21 37 21 19 34 28
561 22 63 32 32 26 60 25 17 26 19 33 28
562 22 151 36 18 34 66 20 28 30 18 33 28
563 22 106 30 40 21 1 28 33 23 13 33 28
564 22 70 17 10 30 1 22 20 24 26 33 27
565 22 79 27 21 31 17 12 30 30 25 34 28
566 22 66 13 14 28 1 24 56 24 10 33 28
567 22 60 36 35 28 68 19 28 18 9 33 28
568 22 74 26 34 36 1 27 47 23 7 34 28
569 22 137 16 22 30 79 25 42 36 11 33 28
570 22 84 29 28 31 23 23 14 24 25 33 28
571 22 54 34 38 25 1 22 28 30 22 34 28
572 22 63 32 19 35 53 22 47 31 21 34 28
573 22 64 17 1 28 1 29 23 30 33 34 28
574 22 65 31 13 29 69 16 13 27 36 34 28
575 22 117 33 29 23 7 14 34 26 21 33 28
576 22 47 32 43 30 1 23 54 33 7 34 28
577 22 236 33 34 27 1 17 16 29 27 34 28
578 22 73 31 33 27 51 18 39 19 16 33 28
579 22 85 25 32 22 1 21 20 26 26 34 28
580 22 77 32 13 37 15 15 27 36 31 34 28
581 22 62 41 33 26 46 22 41 26 13 33 28
582 22 79 40 25 31 89 16 26 34 27 34 28
583 22 61 25 12 31 10 25 36 29 17 33 28
584 22 96 42 27 38 1 25 32 34 19 33 28
585 22 111 41 37 32 72 22 37 25 25 34 28
586 22 57 32 33 25 29 18 23 35 27 34 28
587 22 144 37 16 37 36 22 39 25 31 34 28
588 22 59 43 33 29 48 27 37 32 17 34 28
589 22 60 41 47 28 54 20 45 30 15 33 28
590 22 104 34 4 40 63 25 16 24 40 34 28
591 22 81 36 24 33 47 19 38 35 19 34 28
592 22 82 52 29 39 32 26 23 28 26 34 28
593 22 320 33 36 26 1 22 28 18 11 33 28
594 22 65 38 20 36 85 17 42 24 10 34 28
595 22 66 31 36 33 2 21 33 25 15 34 28
596 22 103 40 29 34 1 19 1 27 33 34 28
597 22 113 31 31 23 1 19 36 29 25 34 28
598 22 106 27 21 33 46 21 35 34 17 33 28
599 22 74 18 28 26 10 24 33 22 23 33 28
600 22 137 43 25 33 70 21 21 27 31 34 28
601 22 77 22 36 21 71 14 39 23 15 33 28
602 22 67 38 23 36 84 22 40 30 27 34 28
603 22 105 41 35 33 30 20 51 14 18 33 28
604 22 63 295 23 30 40 25 48 28 8 34 28
605 22 67 14 13 32 1 24 30 20 17 34 27
606 22 161 22 2 37 58 19 33 28 22 34 28
607 22 69 39 26 39 69 15 21 27 37 34 28
608 22 84 40 29 32 58 20 42 25 17 34 28
609 22 65 35 27 33 48 18 16 29 22 34 28
610 22 167 23 2 40 1 23 13 30 37 34 28
611 22 278 38 14 32 85 19 25 29 29 34 27
612 22 136 43 32 32 38 24 45 25 14 34 28
613 22 64 29 24 34 32 23 28 28 26 34 28
614 22 191 10 22 30 28 16 37 25 8 34 28
615 22 61 20 44 26 1 19 42 29 13 33 28
616 22 61 43 48 26 10 25 23 15 17 34 28
617 22 84 35 36 26 33 27 39 26 13 34 28
618 22 83 32 26 34 24 21 38 33 15 33 28
619 22 94 32 32 23 25 16 20 30 32 34 28
620 22 192 42 39 29 89 20 40 28 14 33 28
621 22 247 22 26 28 62 21 40 19 10 33 28
622 22 314 26 18 36 1 23 27 36 21 33 28
623 22 87 21 17 36 1 18 48 29 18 33 28
624 22 55 36 34 25 13 17 12 29 40 34 28
625 22 111 37 37 21 43 25 7 27 34 34 28
626 22 58 17 13 41 29 24 48 25 5 34 28
627 22 91 35 43 15 1 21 9 28 33 34 28
628 22 277 25 30 28 1 15 4 28 32 34 28
629 22 88 42 23 31 63 16 28 27 19 34 28
630 22 92 21 3 37 27 20 24 39 37 34 28
631 22 54 8 28 27 1 29 37 21 11 33 28
632 22 226 45 34 29 58 23 41 27 9 34 28
633 22 54 29 35 28 1 19 31 36 19 33 28
634 22 81 41 34 25 15 22 32 31 22 33 28
635 22 58 43 32 25 83 21 18 32 33 34 28
636 22 101 22 9 29 14 20 25 27 26 34 28
637 22 105 24 22 29 34 18 19 28 36 34 28
638 22 59 23 1 37 21 22 28 19 24 33 27
639 22 167 39 37 27 71 17 43 15 12 34 28
640 22 82 20 6 31 54 26 13 17 29 34 28
641 22 59 26 10 43 32 21 14 25 22 33 28
642 22 68 17 16 25 14 20 34 29 19 33 28
643 22 115 23 19 29 1 21 17 29 19 34 28
644 22 147 33 29 30 65 21 32 31 17 33 28
645 22 69 43 36 25 1 13 18 31 32 34 28
646 22 44 17 12 30 59 21 46 33 24 33 27
647 22 138 26 23 26 1 19 14 26 32 34 28
648 22 143 36 47 20 83 23 59 19 7 34 27
649 22 46 5 19 30 1 23 46 26 10 33 27
650 22 61 12 24 26 1 29 36 25 1 33 28
651 22 68 43 37 35 1 27 50 35 11 34 28
652 22 41 31 30 36 78 22 42 27 11 34 28
653 22 121 35 33 27 39 18 37 29 29 34 28
654 22 206 39 32 26 5 21 16 26 30 34 28
655 22 77 26 19 37 9 23 17 22 18 33 28
656 22 160 31 15 30 68 22 32 26 24 34 28
657 22 65 25 26 27 43 26 41 43 17 33 27
658 22 181 29 23 27 1 21 20 26 35 34 28
659 22 53 21 15 31 20 26 33 18 13 33 28
660 22 134 48 24 47 28 15 35 26 27 34 28
661 22 84 30 36 24 56 21 28 30 15 34 28
662 22 64 43 35 26 38 20 19 27 20 34 28
663 22 49 8 15 27 4 19 35 25 20 33 28
664 22 112 22 38 23 1 22 31 22 10 33 28
665 22 66 31 38 28 97 24 40 28 14 34 28
666 22 67 24 32 25 1 19 15 22 35 34 28
667 22 93 43 34 38 1 22 32 17 28 34 28
668 22 120 14 26 15 1 18 23 26 33 34 28
669 22 118 35 43 23 1 22 33 19 20 33 28
670 22 57 40 23 40 83 24 52 29 8 34 28
671 22 54 25 12 28 82 17 16 30 34 34 28
672 22 149 35 17 43 58 18 30 25 28 34 28
673 22 112 37 25 36 16 25 35 28 13 34 28
674 22 125 20 18 27 1 23 20 25 33 34 28
675 22 193 16 14 30 25 21 37 27 11 33 27
676 22 97 41 32 39 16 16 47 28 7 34 28
677 22 78 24 18 34 35 12 22 19 18 33 28
678 22 141 27 34 27 1 21 37 22 15 33 28
679 22 71 22 29 20 42 22 25 19 33 34 28
680 22 154 48 39 28 47 21 34 24 25 34 28
681 22 95 20 17 29 40 23 26 33 23 34 27
682 22 58 36 29 37 1 27 35 27 22 34 28
683 22 187 9 2 36 7 16 23 33 29 34 27
684 22 89 34 28 29 1 22 23 26 28 34 28
685 22 60 10 13 34 50 29 41 32 19 33 28
686 22 50 27 26 30 12 20 33 23 20 33 28
687 22 146 25 13 29 10 29 23 33 19 33 28
688 22 104 36 36 28 24 23 31 27 10 34 28
689 22 92 31 15 27 47 23 28 34 24 34 28
690 22 54 30 23 35 1 18 39 32 20 33 28
691 22 79 22 24 25 14 23 39 35 14 33 28
692 22 87 28 37 27 1 25 49 22 10 33 28
693 22 97 36 30 27 1 13 1 28 38 34 28
694 22 77 37 15 36 26 14 37 31 19 33 28
695 22 65 32 27 30 28 23 38 22 21 33 28
696 22 63 42 36 23 1 19 17 22 39 34 28
697 22 79 40 26 39 10 28 40 33 19 34 28
698 22 84 42 37 31 13 19 33 25 19 34 28
699 22 56 28 34 30 28 21 47 25 15 33 28
700 22 126 41 36 30 1 23 38 27 20 33 28
701 22 62 27 21 29 70 28 36 30 17 33 28
702 22 122 35 42 22 37 22 32 28 28 34 28
703 22 132 42 16 34 60 22 39 32 20 34 28
704 22 111 40 35 32 1 17 17 19 35 34 28
705 22 84 37 36 32 1 14 40 27 15 33 28
706 22 116 32 29 30 71 21 52 33 13 34 28
707 22 83 35 44 17 55 20 41 22 11 33 27
708 22 62 32 20 32 34 26 12 24 39 34 28
709 22 75 33 14 36 25 23 38 29 10 34 28
710 22 167 34 37 19 1 23 11 23 34 34 28
711 22 222 23 8 36 20 21 31 30 21 33 28
712 22 158 36 31 26 1 17 28 23 19 33 28
713 22 63 25 30 34 36 17 49 19 10 34 28
714 22 124 43 42 27 43 21 22 32 28 34 28
715 22 113 40 29 34 6 17 36 30 24 33 28
716 22 49 24 30 28 41 16 32 26 18 33 28
717 22 142 41 28 31 74 25 36 25 24 33 28
718 22 78 32 26 27 68 25 35 23 25 34 28
719 22 67 30 40 26 15 23 42 23 11 34 28
720 37 91 47 61 30 24 40 30 30 50 53 46
721 22 81 39 27 41 23 23 40 30 25 34 28
722 22 171 31 28 29 63 18 36 30 21 33 28
723 22 59 37 20 35 18 20 18 33 37 34 28
724 22 103 31 30 28 5 21 30 28 16 34 28
725 22 226 36 26 29 45 27 45 39 10 33 28
726 22 89 23 26 30 1 26 46 35 12 33 28
727 22 67 35 31 25 43 30 43 31 6 33 28
728 22 145 42 33 31 63 25 57 30 6 33 28
729 22 66 27 24 34 17 26 34 28 21 33 28
730 22 98 35 30 33 10 20 34 24 20 34 28
731 22 274 42 31 33 1 18 23 19 28 34 28
732 22 276 34 34 27 1 20 25 30 14 33 28
733 22 92 43 33 28 68 18 18 19 34 34 28
734 22 63 38 34 34 21 21 34 28 14 33 28
735 22 152 14 31 23 31 15 42 23 17 33 27
736 22 45 18 17 31 1 19 32 35 27 34 28
737 22 236 20 31 27 1 24 25 29 14 33 28
738 22 106 43 37 27 1 21 21 30 28 34 28
739 22 98 20 23 30 1 18 27 24 27 34 28
740 22 215 41 18 31 64 22 35 38 25 34 28
741 22 62 29 25 34 35 27 40 41 14 33 28
742 22 198 38 39 33 17 18 30 28 19 34 28
743 22 227 14 10 32 38 22 38 27 17 34 28
744 22 53 28 27 23 4 22 28 26 19 34 28
745 22 72 38 42 19 1 19 31 28 17 34 28
746 22 61 19 29 15 7 19 47 33 16 33 28
747 22 63 21 9 132 1 20 21 28 33 34 27
748 22 142 29 22 27 5 20 10 25 34 34 28
749 22 68 35 22 31 44 30 18 21 24 33 28
750 22 93 34 30 31 82 27 25 33 19 33 28
751 22 71 33 49 22 1 16 52 32 11 33 28
752 22 103 46 26 40 7 26 13 28 33 34 28
753 22 66 20 23 25 1 19 25 25 23 33 28
754 22 915 34 35 16 50 24 34 22 22 34 28
755 22 100 36 47 23 1 24 43 20 8 34 28
756 22 116 50 34 32 40 20 34 23 25 34 28
757 22 50 25 21 31 1 20 32 32 24 33 27
758 22 133 27 27 34 48 28 35 33 20 33 28
759 22 247 18 30 24 17 21 50 25 5 34 28
760 22 89 27 27 23 29 24 48 24 6 34 28
761 22 115 38 33 23 54 24 14 18 25 34 28
762 22 70 29 31 27 39 25 41 23 8 34 28
763 22 140 18 23 34 33 21 44 30 17 33 28
764 22 50 18 26 15 1 17 52 27 4 33 27
765 22 89 32 30 27 30 18 22 30 22 33 28
766 22 153 44 11 35 4 17 20 30 37 34 28
767 22 116 35 40 30 6 24 49 20 7 34 28
768 22 125 22 5 31 4 19 16 31 30 34 28
769 22 259 23 12 38 1 21 26 30 34 34 28
770 22 176 22 6 41 1 24 25 27 24 33 28
771 22 503 39 29 34 31 20 41 20 12 34 28
772 22 86 27 29 26 44 21 28 28 23 33 28
773 22 57 18 25 28 1 22 47 26 7 33 28
774 22 219 33 25 29 32 30 31 20 20 33 28
775 22 45 29 27 33 1 22 14 30 39 34 28
776 22 76 32 23 37 40 25 30 30 32 34 28
777 22 69 15 12 28 10 26 50 28 11 33 28
778 22 185 31 27 32 45 22 32 27 24 33 28
779 22 106 38 30 38 1 25 23 29 24 34 28
780 22 73 24 15 27 1 22 4 29 34 34 28
781 22 112 38 29 40 1 23 52 27 14 34 28
782 22 238 34 24 35 24 24 38 29 18 34 27
783 22 86 33 40 28 1 19 13 24 22 33 28
784 22 55 33 37 30 1 12 18 28 25 34 28
785 22 59 29 12 38 1 31 25 15 23 34 28
786 22 80 34 18 40 28 19 31 31 27 34 28
787 22 131 30 24 28 74 22 35 28 20 33 28
788 22 48 37 38 33 42 16 41 22 12 33 28
789 22 180 39 20 29 17 17 17 32 28 34 28
790 22 76 37 42 35 1 12 31 22 11 33 28
791 22 139 23 24 27 11 23 19 23 22 33 28
792 22 67 34 28 32 69 25 36 25 11 34 28
793 22 284 36 32 26 1 17 21 35 19 34 28
794 22 93 35 21 31 36 20 28 28 24 34 28
795 22 47 12 20 32 9 17 33 19 10 33 28
796 22 90 27 23 26 14 17 34 23 25 33 28
797 22 171 29 34 23 1 17 6 24 28 34 28
798 22 63 42 21 29 39 22 24 28 33 34 28
799 22 152 46 41 24 33 16 20 28 27 34 28
800 22 96 42 38 29 28 22 40 25 24 34 28
801 22 116 32 19 42 76 22 36 35 20 34 28
802 22 80 37 46 23 32 20 22 25 16 34 28
803 22 58 33 29 21 76 19 42 17 15 34 28
804 22 118 38 21 25 27 20 25 34 40 34 28
805 22 140 36 32 33 2 20 25 23 19 34 28
806 22 144 38 43 21 36 13 23 21 25 33 28
807 22 66 40 33 25 33 28 52 42 14 34 28
808 22 73 41 33 35 28 14 21 28 34 34 28
809 22 169 24 28 20 60 25 32 31 15 33 28
810 22 117 19 26 29 26 27 44 23 13 33 28
811 22 118 40 29 25 32 19 29 30 22 33 28
812 22 48 31 44 24 6 17 44 28 9 34 28
813 22 58 36 35 26 38 21 31 29 21 33 28
814 22 137 47 27 31 59 15 12 27 38 34 28
815 22 92 27 20 37 2 18 17 35 32 34 28
816 22 100 28 14 29 84 21 27 36 35 34 28
817 22 64 38 17 42 1 22 19 29 31 34 28
818 22 73 48 43 18 25 21 29 21 27 34 28
819 22 70 37 23 36 52 25 54 26 24 34 28
820 22 89 29 34 24 21 16 33 38 23 34 28
821 22 80 34 25 27 29 18 5 21 30 34 28
822 22 137 33 37 24 1 23 18 22 23 33 28
823 22 61 35 29 34 49 25 32 36 29 34 28
824 22 132 32 31 20 14 24 18 26 27 34 28
825 22 62 36 10 38 48 22 18 30 35 34 28
826 22 74 35 21 38 9 22 14 22 26 34 28
827 22 84 28 19 30 48 18 50 22 25 33 28
828 22 58 25 42 20 1 27 26 34 23 33 28
829 22 50 24 24 28 82 28 41 21 13 33 28
830 22 157 24 17 30 69 18 41 31 22 33 28
831 22 87 42 39 29 70 20 35 24 17 34 28
832 22 217 33 29 31 76 17 37 27 22 34 28
833 22 236 31 32 20 30 22 34 26 17 33 28
834 22 92 32 16 38 77 21 33 21 20 34 28
835 22 182 34 25 32 18 21 28 27 19 33 28
836 22 96 32 33 22 14 24 30 31 25 34 28
837 22 60 38 37 19 69 22 37 33 18 33 28
838 22 93 24 22 23 1 22 25 31 26 34 27
839 22 177 19 16 20 1 24 26 18 23 33 27
840 22 455 25 22 31 34 18 23 19 24 33 28
841 22 100 37 28 33 86 18 47 29 15 34 28
842 22 70 44 34 35 46 26 33 26 22 34 28
843 22 52 41 32 30 1 15 17 23 19 34 28
844 22 255 36 29 26 1 19 1 20 33 34 27
845 22 79 22 36 21 1 25 39 32 16 33 28
846 22 118 26 34 22 10 18 46 23 8 33 28
847 22 156 21 12 32 65 26 40 24 20 33 28
848 22 64 31 23 33 47 18 47 25 13 34 28
849 22 148 9 24 16 13 17 27 25 23 33 28
850 22 68 36 43 25 4 18 40 29 12 34 28
851 22 106 25 14 36 102 27 53 32 23 33 28
852 22 63 46 24 36 44 19 27 29 34 34 28
853 22 516 27 19 27 18 19 9 26 33 34 28
854 22 112 20 12 35 1 23 15 23 21 33 27
855 22 188 29 14 37 65 17 28 24 28 34 28
856 22 133 24 29 23 1 18 26 30 12 33 28
857 22 115 24 9 41 38 20 30 23 28 34 27
858 22 65 39 31 35 93 28 46 63 15 33 28
859 22 167 39 38 27 41 19 30 26 22 33 28
860 22 137 43 16 36 37 16 15 36 40 34 28
861 22 133 37 40 21 1 28 11 25 23 33 27
862 22 96 38 33 31 60 19 52 26 11 33 28
863 22 110 31 1 34 13 15 17 31 42 34 28
864 22 66 27 18 27 1 17 27 29 24 33 28
865 22 100 37 31 33 1 27 26 25 28 34 28
866 22 68 43 39 24 57 23 28 28 27 34 28
867 22 80 32 25 20 20 22 16 31 25 34 28
868 22 107 44 36 37 1 14 29 24 17 34 28
869 22 141 25 34 21 39 24 21 25 22 33 28
870 22 93 18 21 30 26 25 27 29 13 33 28
871 22 90 41 40 28 1 21 7 27 25 33 28
872 22 122 33 20 34 73 21 27 37 28 34 28
873 22 77 23 22 26 1 23 24 31 29 34 28
874 22 138 21 1 43 48 21 23 24 27 34 28
875 22 78 37 30 29 60 21 27 31 28 34 28
876 22 129 42 22 34 32 17 19 33 38 34 28
877 22 124 32 32 31 81 23 45 24 14 34 28
878 22 247 21 19 23 24 20 30 31 19 33 27
879 22 119 37 40 31 1 19 14 26 18 33 28
880 22 74 32 25 34 18 19 38 26 19 33 27
881 22 59 37 19 31 49 16 10 33 32 34 28
882 22 253 31 20 32 55 25 39 33 25 34 28
883 22 230 24 29 18 24 21 6 28 29 34 28
884 22 160 31 31 33 31 23 32 24 15 34 28
885 22 80 30 19 28 32 23 36 28 23 34 27
886 22 214 27 34 16 39 21 29 24 17 33 28
887 22 101 25 29 29 16 20 35 35 16 33 28
888 22 126 29 32 29 24 14 18 26 25 34 28
889 22 62 31 45 17 1 15 39 32 19 34 28
890 22 90 28 34 19 26 26 52 23 7 33 28
891 22 79 40 29 38 32 25 36 33 17 34 28
892 22 67 31 33 22 64 17 20 32 24 34 28
893 22 55 21 10 35 41 19 30 31 22 33 28
894 22 122 31 24 35 54 25 52 34 7 34 28
895 22 120 44 31 32 45 24 37 23 10 33 28
896 22 156 36 27 23 44 22 26 32 29 34 28
897 22 55 23 33 31 77 23 40 30 8 34 28
898 22 80 35 17 40 39 25 22 27 25 34 28
899 22 165 32 22 29 39 23 43 31 21 33 28
900 22 174 37 47 23 1 19 23 21 9 33 28
901 22 75 40 32 30 46 18 28 29 20 34 28
902 22 79 31 42 27 7 21 32 18 15 33 28
903 22 110 41 33 27 1 23 24 31 17 33 28
904 22 214 39 39 28 45 24 31 38 16 34 28
905 22 207 24 16 24 51 22 36 33 16 33 28
906 22 234 32 18 32 7 24 10 23 27 34 27
907 22 58 35 37 28 17 22 41 26 10 34 28
908 22 90 32 30 29 67 22 30 15 12 33 28
909 22 337 45 51 18 1 20 29 37 25 33 28
910 22 126 50 33 34 3 25 20 26 37 34 28
911 22 78 35 42 26 1 18 25 21 25 34 28
912 22 163 45 24 42 39 28 36 31 27 34 28
913 22 69 41 48 26 55 29 31 37 20 33 28
914 22 120 27 34 22 1 19 34 27 17 33 28
915 22 121 27 23 26 1 23 21 26 32 34 28
916 22 93 26 24 20 105 27 42 28 15 34 28
917 22 108 14 2 32 30 24 36 25 18 34 28
918 22 109 31 35 34 39 18 54 28 5 34 28
919 22 59 33 33 29 14 20 29 19 13 34 28
920 22 73 16 12 26 1 13 9 30 33 34 28
921 22 56 35 36 29 105 26 46 20 4 34 28
922 22 63 24 38 20 1 22 23 25 19 33 28
923 22 62 23 29 21 23 16 9 24 33 34 28
924 22 69 37 38 25 1 25 27 30 20 33 27
925 22 113 33 18 33 26 24 30 23 26 34 28
926 22 114 33 23 34 1 24 40 38 21 34 28
927 22 61 35 27 38 5 19 12 29 35 34 28
928 22 245 26 25 37 1 25 36 34 16 33 28
929 22 61 32 28 27 27 22 24 29 31 34 28
930 22 62 38 26 41 44 21 47 30 12 34 28
931 22 57 42 37 35 1 19 13 18 21 33 27
932 22 124 15 23 24 10 28 38 27 6 33 28
933 22 163 44 19 43 54 18 11 25 38 34 28
934 22 72 30 26 29 9 21 25 29 34 34 28
935 22 149 33 39 23 1 16 39 24 14 33 27
936 22 67 11 27 21 1 14 42 28 22 33 27
937 22 81 39 17 44 63 14 43 25 27 34 27
938 22 74 19 37 22 1 24 43 37 9 33 27
939 22 83 32 35 26 26 25 35 33 18 33 28
940 22 173 37 33 29 10 17 35 23 21 34 28
941 22 144 40 41 22 35 22 21 26 28 34 28
942 22 51 35 40 29 46 16 43 28 16 34 28
943 22 114 24 13 36 1 25 24 27 26 33 28
944 22 111 29 18 33 9 16 15 31 28 34 28
945 22 64 32 41 18 23 23 28 22 17 33 28
946 22 112 34 24 29 14 24 32 29 33 34 28
947 22 215 33 25 28 62 24 1 33 39 34 28
948 22 93 42 39 34 1 18 18 37 27 34 28
949 22 89 27 38 23 15 24 51 43 5 33 28
950 22 172 38 42 27 70 22 42 30 11 33 28
951 22 59 27 15 32 1 23 31 33 29 34 28
952 22 124 26 1 34 19 16 4 31 44 34 28
953 22 178 34 29 27 39 25 25 26 27 34 28
954 22 50 22 16 27 33 19 25 32 30 34 28
955 22 85 35 38 28 1 19 37 30 20 33 28
956 22 113 35 43 20 1 21 29 27 17 33 28
957 22 62 30 25 37 42 23 41 23 18 33 28
958 22 67 18 25 31 60 15 32 26 9 33 28
959 22 94 16 22 23 6 19 14 28 31 34 28
960 22 352 40 11 39 70 27 33 32 34 34 28
961 22 77 35 26 42 34 21 50 32 12 34 28
962 22 149 22 8 25 17 28 35 39 26 34 27
963 22 57 29 34 24 70 20 40 34 6 34 28
964 22 142 25 23 28 1 14 28 33 29 34 28
965 22 157 24 16 32 3 19 47 27 16 33 28
966 22 79 39 20 43 39 19 25 30 34 34 28
967 22 155 26 17 29 17 18 17 34 39 34 28
968 22 47 31 34 29 81 16 37 20 8 33 27
969 22 57 24 24 29 33 20 27 31 24 33 28
970 22 68 35 25 30 1 14 11 28 33 34 28
971 22 61 34 23 38 46 19 52 33 13 34 28
972 22 189 30 24 34 62 22 30 28 17 33 28
973 22 70 28 31 26 1 14 14 20 30 34 28
974 22 96 36 28 40 68 28 55 25 17 33 28
975 22 158 17 4 42 63 20 60 18 11 33 27
976 22 69 35 27 38 72 25 42 32 21 33 28
977 22 114 31 27 34 33 13 23 27 16 34 28
978 22 60 24 1 45 19 24 17 25 32 34 28
979 22 54 20 20 34 79 24 31 24 11 33 28
980 22 72 22 21 27 13 26 34 19 15 33 28
981 22 64 3 16 24 1 19 16 30 32 34 28
982 22 73 35 33 34 1 14 11 29 25 34 28
983 22 70 25 15 33 1 18 35 24 7 34 27
984 22 87 30 29 36 28 20 27 29 27 34 28
985 22 270 38 38 21 38 23 25 27 29 34 28
986 22 114 33 35 27 1 18 21 31 25 34 28
987 22 82 36 13 38 14 26 31 31 19 33 28
988 22 95 18 23 25 1 14 23 28 24 34 28
989 22 81 29 23 29 15 32 27 28 31 34 28
990 22 85 36 20 36 21 20 19 31 32 34 27
991 22 67 25 26 28 42 23 13 28 33 34 28
992 22 113 15 24 35 44 20 53 24 7 34 28
993 22 49 33 28 41 56 19 38 31 17 33 28
994 22 174 37 20 34 25 24 8 20 30 34 28
995 22 82 40 30 31 56 24 42 28 10 34 28
996 22 176 31 15 39 7 29 37 26 27 34 28
997 22 112 33 30 26 1 18 30 30 27 34 28
998 22 58 39 20 36 1 22 17 37 42 34 28
999 22 56 20 19 27 22 18 18 25 37 34 28
1000 22 96 18 22 19 1 23 14 25 34 34 28
