1 1683120574 3550 339 3665 3646 3582 3624 3624 3593 4065 4065 4064 4064 4064 4064 4064 4064
2 1683120574 3550 338 3665 3647 3583 3625 3625 3593 4065 4065 4065 4065 4065 4065 4065 4065
3 1683120574 3550 338 3665 3646 3583 3625 3625 3593 4063 4063 4063 4063 4063 4063 4063 4063
4 1683120574 3550 338 3665 3647 3583 3625 3625 3593 4065 4065 4064 4064 4064 4064 4064 4064
5 1683120574 3550 339 3665 3647 3583 3626 3626 3594 4065 4065 4064 4064 4064 4064 4064 4064
6 1683120574 3550 339 3665 3646 3583 3625 3625 3594 4065 4065 4064 4064 4064 4064 4064 4064
7 1683120574 3550 338 3665 3647 3583 3625 3625 3593 4063 4063 4063 4063 4063 4063 4063 4063
8 1683120574 3550 338 3665 3647 3582 3625 3624 3593 4063 4063 4063 4063 4063 4063 4063 4063
9 1683120574 3550 339 3666 3647 3583 3625 3625 3594 4065 4065 4064 4064 4064 4064 4064 4064
10 1683120574 3551 339 3666 3647 3583 3625 3625 3593 4065 4065 4064 4064 4064 4064 4064 4064
11 1683120574 3550 338 3665 3647 3583 3625 3625 3593 4065 4065 4065 4065 4065 4065 4065 4065
12 1683120574 3551 341 3666 3648 3583 3626 3626 3593 4065 4065 4065 4065 4065 4065 4065 4065
13 1683120574 3550 340 3666 3647 3583 3625 3625 3593 4065 4065 4064 4064 4064 4064 4064 4064
14 1683120574 3550 339 3665 3647 3583 3625 3625 3593 4065 4065 4064 4064 4064 4064 4064 4064
15 1683120574 3550 339 3665 3647 3583 3625 3626 3594 4063 4063 4063 4063 4063 4063 4063 4063
16 1683120574 3551 339 3664 3647 3583 3625 3625 3594 4065 4065 4064 4064 4064 4064 4064 4064
17 1683120574 3551 339 3665 3647 3583 3626 3626 3594 4065 4065 4064 4064 4064 4064 4064 4064
18 1683120574 3550 339 3666 3647 3583 3625 3626 3594 4063 4063 4063 4063 4063 4063 4063 4063
19 1683120574 3550 339 3665 3647 3583 3625 3625 3593 4065 4065 4064 4064 4064 4064 4064 4064
20 1683120574 3551 339 3666 3647 3584 3626 3626 3594 4063 4063 4063 4063 4063 4063 4063 4063
21 1683120574 3551 338 3665 3646 3583 3626 3625 3594 4063 4063 4063 4063 4063 4063 4063 4063
22 1683120574 3551 339 3666 3648 3584 3626 3626 3594 4063 4063 4063 4063 4063 4063 4063 4063
23 1683120574 3551 339 3666 3648 3584 3626 3626 3594 4065 4065 4064 4064 4064 4064 4064 4064
24 1683120574 3551 339 3666 3648 3584 3626 3626 3594 4065 4065 4064 4064 4064 4064 4064 4064
25 1683120574 3550 339 3666 3647 3583 3625 3625 3593 4065 4065 4064 4064 4064 4064 4064 4064
26 1683120574 3552 339 3666 3647 3584 3626 3626 3594 4065 4065 4064 4064 4064 4064 4064 4064
27 1683120574 3550 339 3665 3646 3584 3625 3625 3594 4065 4065 4064 4064 4064 4064 4064 4064
28 1683120574 3551 339 3666 3647 3583 3625 3625 3593 4063 4063 4063 4063 4063 4063 4063 4063
29 1683120574 3550 340 3666 3647 3584 3625 3625 3594 4065 4065 4065 4065 4065 4065 4065 4065
30 1683120574 3551 339 3665 3647 3583 3625 3625 3593 4063 4063 4063 4063 4063 4063 4063 4063
31 1683120574 3551 338 3666 3648 3584 3626 3626 3595 4065 4065 4064 4064 4064 4064 4064 4064
32 1683120575 3551 338 3666 3647 3583 3625 3625 3594 4065 4065 4064 4064 4064 4064 4064 4064
33 1683120575 3551 339 3667 3648 3584 3626 3626 3594 4065 4064 4064 4064 4064 4064 4064 4064
34 1683120575 3552 339 3666 3648 3584 3626 3626 3595 4065 4065 4064 4064 4064 4064 4064 4064
35 1683120575 3550 339 3666 3648 3584 3626 3626 3594 4065 4065 4064 4064 4064 4064 4064 4064
36 1683120575 3551 339 3667 3648 3584 3626 3626 3594 4065 4065 4064 4064 4064 4064 4064 4064
37 1683120575 3552 339 3667 3649 3585 3627 3627 3595 4065 4065 4065 4065 4065 4065 4065 4065
38 1683120575 3552 339 3667 3649 3584 3627 3627 3595 4065 4065 4064 4064 4064 4064 4064 4064
39 1683120575 3551 339 3667 3648 3584 3626 3626 3594 4065 4065 4064 4064 4064 4064 4064 4064
40 1683120575 3551 338 3666 3647 3583 3625 3625 3594 4067 4065 4065 4065 4065 4065 4065 4065
41 1683120575 3551 340 3666 3647 3584 3626 3627 3595 4065 4065 4065 4065 4065 4065 4065 4065
42 1683120575 3552 339 3667 3648 3585 3627 3627 3595 4065 4065 4065 4065 4065 4065 4065 4065
43 1683120575 3552 339 3666 3647 3584 3626 3626 3594 4065 4065 4064 4064 4064 4064 4064 4064
44 1683120575 3552 339 3667 3648 3584 3627 3627 3595 4063 4063 4063 4063 4063 4063 4063 4063
45 1683120575 3550 340 3665 3647 3583 3625 3626 3593 4065 4065 4064 4064 4064 4064 4064 4064
46 1683120575 3552 339 3666 3648 3584 3627 3626 3595 4063 4063 4063 4063 4063 4063 4063 4063
47 1683120575 3551 339 3665 3648 3584 3626 3626 3594 4065 4065 4064 4064 4064 4064 4064 4064
48 1683120575 3551 339 3666 3648 3584 3626 3626 3594 4065 4065 4064 4064 4064 4064 4064 4064
49 1683120575 3551 339 3666 3648 3584 3626 3626 3594 4065 4065 4064 4064 4064 4064 4064 4064
50 1683120575 3552 339 3666 3648 3585 3627 3627 3595 4065 4065 4064 4064 4064 4064 4064 4064
51 1683120575 3551 339 3667 3648 3584 3626 3626 3594 4061 4061 4061 4061 4061 4061 4061 4061
52 1683120575 3551 339 3667 3648 3584 3626 3626 3594 4065 4065 4064 4064 4064 4064 4064 4064
53 1683120575 3550 339 3665 3647 3583 3625 3625 3593 4063 4063 4063 4063 4063 4063 4063 4063
54 1683120575 3552 339 3668 3649 3585 3627 3627 3595 4063 4063 4063 4063 4063 4063 4063 4063
55 1683120575 3551 339 3665 3647 3583 3626 3626 3594 4065 4065 4064 4064 4064 4064 4064 4064
56 1683120575 3551 339 3667 3648 3584 3627 3627 3595 4063 4063 4063 4063 4063 4063 4063 4063
57 1683120575 3552 339 3667 3648 3584 3627 3627 3595 4063 4063 4063 4063 4063 4063 4063 4063
58 1683120575 3553 339 3668 3649 3585 3627 3627 3595 4065 4065 4064 4064 4064 4064 4064 4064
59 1683120575 3551 339 3666 3648 3584 3626 3626 3594 4065 4065 4064 4064 4064 4064 4064 4064
60 1683120575 3552 339 3667 3648 3584 3626 3626 3594 4065 4065 4065 4065 4065 4065 4065 4065
61 1683120575 3551 340 3667 3648 3584 3626 3626 3594 4063 4063 4063 4063 4063 4063 4063 4063
62 1683120575 3553 339 3668 3649 3585 3627 3627 3595 4065 4065 4064 4064 4064 4064 4064 4064
63 1683120575 3551 338 3666 3648 3584 3626 3626 3594 4063 4063 4063 4063 4063 4063 4063 4063
64 1683120575 3552 339 3666 3648 3584 3627 3626 3595 4063 4063 4062 4062 4062 4062 4062 4062
65 1683120575 3552 339 3667 3648 3584 3627 3626 3595 4065 4063 4063 4063 4063 4063 4063 4063
66 1683120575 3551 339 3666 3648 3584 3627 3626 3595 4063 4063 4062 4062 4062 4062 4062 4062
67 1683120575 3552 339 3667 3648 3584 3626 3626 3594 4063 4063 4063 4063 4063 4063 4063 4063
68 1683120575 3551 339 3666 3647 3583 3625 3626 3594 4063 4063 4063 4063 4063 4063 4063 4063
69 1683120575 3551 339 3667 3647 3584 3626 3626 3594 4065 4065 4064 4064 4064 4064 4064 4064
70 1683120575 3551 339 3666 3647 3584 3626 3626 3594 4059 4059 4059 4059 4059 4059 4059 4059
71 1683120575 3551 339 3667 3649 3585 3626 3627 3595 4065 4065 4064 4064 4064 4064 4064 4064
72 1683120575 3552 339 3667 3648 3584 3627 3626 3594 4065 4065 4064 4064 4064 4064 4064 4064
73 1683120575 3551 339 3666 3648 3584 3627 3627 3595 4065 4065 4064 4064 4064 4064 4064 4064
74 1683120575 3551 339 3666 3647 3584 3626 3626 3594 4063 4063 4063 4063 4063 4063 4063 4063
75 1683120575 3551 339 3666 3647 3583 3626 3625 3594 4065 4065 4065 4065 4065 4065 4065 4065
76 1683120575 3551 340 3666 3647 3584 3627 3626 3595 4063 4063 4063 4063 4063 4063 4063 4063
77 1683120575 3552 340 3666 3648 3584 3626 3626 3594 4063 4063 4063 4063 4063 4063 4063 4063
78 1683120575 3552 339 3666 3648 3584 3626 3626 3595 4063 4063 4063 4063 4063 4063 4063 4063
79 1683120575 3551 339 3665 3648 3584 3626 3627 3595 4063 4063 4062 4062 4062 4062 4062 4062
80 1683120575 3551 339 3664 3648 3584 3626 3626 3594 4065 4065 4064 4064 4064 4064 4064 4064
81 1683120575 3551 339 3666 3648 3584 3627 3625 3594 4063 4063 4063 4063 4063 4063 4063 4063
82 1683120575 3552 339 3667 3649 3585 3627 3627 3595 4063 4063 4063 4063 4063 4063 4063 4063
83 1683120575 3552 339 3667 3648 3584 3626 3626 3594 4065 4065 4064 4064 4064 4064 4064 4064
84 1683120575 3552 339 3667 3648 3584 3626 3626 3594 4065 4065 4064 4064 4064 4064 4064 4064
85 1683120575 3552 340 3667 3648 3584 3627 3627 3595 4063 4063 4063 4063 4063 4063 4063 4063
86 1683120575 3552 339 3667 3649 3585 3627 3626 3595 4065 4065 4064 4064 4064 4064 4064 4064
87 1683120575 3552 339 3667 3648 3584 3627 3626 3594 4065 4065 4065 4065 4065 4065 4065 4065
88 1683120575 3552 339 3667 3648 3584 3627 3627 3595 4063 4063 4063 4063 4063 4063 4063 4063
89 1683120575 3552 339 3667 3648 3584 3626 3626 3594 4065 4065 4064 4064 4064 4064 4064 4064
90 1683120575 3552 339 3666 3648 3584 3627 3626 3595 4065 4065 4065 4065 4065 4065 4065 4065
91 1683120575 3552 340 3667 3649 3585 3627 3627 3595 4065 4065 4064 4064 4064 4064 4064 4064
92 1683120575 3552 339 3668 3649 3585 3627 3627 3595 4065 4065 4064 4064 4064 4064 4064 4064
93 1683120575 3551 340 3667 3648 3584 3627 3627 3595 4065 4065 4064 4064 4064 4064 4064 4064
94 1683120575 3552 339 3666 3648 3585 3627 3627 3595 4063 4063 4063 4063 4063 4063 4063 4063
95 1683120575 3551 339 3667 3648 3584 3627 3627 3595 4065 4065 4064 4064 4064 4064 4064 4064
96 1683120575 3552 339 3667 3648 3585 3626 3626 3594 4065 4065 4064 4064 4064 4064 4064 4064
97 1683120575 3551 338 3666 3647 3583 3625 3625 3593 4065 4063 4063 4063 4063 4063 4063 4063
98 1683120575 3551 337 3665 3647 3583 3625 3625 3593 4065 4065 4064 4064 4064 4064 4064 4064
99 1683120575 3550 337 3665 3647 3583 3625 3625 3593 4065 4065 4064 4064 4064 4064 4064 4064
100 1683120575 3550 338 3665 3646 3583 3625 3625 3593 4065 4065 4064 4064 4064 4064 4064 4064
101 1683120575 3550 337 3665 3647 3583 3625 3624 3593 4063 4063 4063 4063 4063 4063 4063 4063
102 1683120576 3549 337 3665 3646 3582 3624 3624 3592 4065 4065 4064 4064 4064 4064 4064 4064
103 1683120576 3550 338 3665 3647 3583 3626 3626 3593 4063 4063 4063 4063 4063 4063 4063 4063
104 1683120576 3550 338 3664 3646 3583 3625 3625 3593 4065 4065 4065 4065 4065 4065 4065 4065
105 1683120576 3550 337 3666 3647 3583 3625 3625 3593 4063 4063 4063 4063 4063 4063 4063 4063
106 1683120576 3550 337 3666 3647 3583 3625 3625 3593 4065 4065 4065 4065 4065 4065 4065 4065
107 1683120576 3550 337 3666 3647 3583 3625 3625 3594 4063 4063 4063 4063 4063 4063 4063 4063
108 1683120576 3551 337 3666 3647 3583 3625 3625 3593 4065 4065 4064 4064 4064 4064 4064 4064
109 1683120576 3551 337 3665 3647 3583 3625 3625 3593 4065 4065 4064 4064 4064 4064 4064 4064
110 1683120576 3550 337 3665 3646 3582 3625 3625 3593 4065 4065 4064 4064 4064 4064 4064 4064
111 1683120576 3550 338 3665 3647 3582 3625 3625 3593 4065 4065 4065 4065 4065 4065 4065 4065
112 1683120576 3550 337 3664 3646 3582 3624 3624 3593 4065 4065 4064 4064 4064 4064 4064 4064
113 1683120576 3550 338 3665 3647 3583 3625 3624 3593 4063 4063 4063 4063 4063 4063 4063 4063
114 1683120576 3550 337 3665 3646 3582 3624 3624 3592 4065 4065 4064 4064 4064 4064 4064 4064
115 1683120576 3550 338 3665 3646 3583 3625 3625 3593 4063 4063 4063 4063 4063 4063 4063 4063
116 1683120576 3550 337 3666 3647 3583 3625 3625 3593 4063 4063 4063 4063 4063 4063 4063 4063
117 1683120576 3549 338 3665 3647 3583 3625 3625 3593 4063 4063 4063 4063 4063 4063 4063 4063
118 1683120576 3550 338 3665 3647 3583 3625 3625 3593 4065 4065 4064 4064 4064 4064 4064 4064
119 1683120576 3551 338 3665 3647 3584 3626 3626 3594 4063 4063 4063 4063 4063 4063 4063 4063
120 1683120576 3550 337 3664 3646 3582 3625 3625 3593 4065 4065 4064 4064 4064 4064 4064 4064
121 1683120576 3550 338 3665 3647 3583 3625 3625 3593 4065 4065 4064 4064 4064 4064 4064 4064
122 1683120576 3550 337 3666 3646 3583 3625 3624 3593 4065 4063 4063 4063 4063 4063 4063 4063
123 1683120576 3550 338 3665 3646 3582 3624 3624 3592 4065 4065 4065 4065 4065 4065 4065 4065
124 1683120576 3551 337 3666 3648 3584 3626 3625 3594 4065 4065 4064 4064 4064 4064 4064 4064
125 1683120576 3550 338 3665 3647 3583 3626 3625 3593 4063 4063 4063 4063 4063 4063 4063 4063
126 1683120576 3550 338 3665 3647 3582 3625 3625 3593 4063 4063 4063 4063 4063 4063 4063 4063
127 1683120576 3550 338 3665 3646 3582 3625 3624 3593 4063 4063 4063 4063 4063 4063 4063 4063
128 1683120576 3551 338 3666 3647 3583 3626 3625 3593 4065 4063 4063 4063 4063 4063 4063 4063
129 1683120576 3550 338 3665 3647 3583 3625 3625 3594 4063 4063 4063 4063 4063 4063 4063 4063
130 1683120576 3550 337 3665 3647 3582 3625 3625 3593 4063 4063 4063 4063 4063 4063 4063 4063
131 1683120576 3550 338 3665 3647 3583 3625 3625 3593 4065 4065 4064 4064 4064 4064 4064 4064
132 1683120576 3550 338 3665 3647 3583 3626 3625 3594 4065 4065 4064 4064 4064 4064 4064 4064
133 1683120576 3549 338 3665 3647 3583 3625 3625 3592 4063 4063 4063 4063 4063 4063 4063 4063
134 1683120576 3550 338 3665 3646 3582 3625 3625 3593 4065 4063 4063 4063 4063 4063 4063 4063
135 1683120576 3552 338 3667 3648 3584 3626 3626 3594 4065 4065 4064 4064 4064 4064 4064 4064
136 1683120576 3550 338 3665 3647 3583 3625 3625 3593 4065 4065 4064 4064 4064 4064 4064 4064
137 1683120576 3550 338 3665 3646 3582 3625 3625 3593 4063 4063 4063 4063 4063 4063 4063 4063
138 1683120576 3550 338 3666 3647 3583 3625 3625 3594 4065 4065 4064 4064 4064 4064 4064 4064
139 1683120576 3549 338 3665 3646 3583 3625 3625 3593 4065 4065 4065 4065 4065 4065 4065 4065
140 1683120576 3550 338 3665 3646 3583 3626 3626 3594 4065 4065 4064 4064 4064 4064 4064 4064
141 1683120576 3550 340 3666 3647 3583 3625 3625 3594 4065 4063 4063 4063 4063 4063 4063 4063
142 1683120576 3551 339 3666 3647 3583 3625 3625 3593 4065 4065 4064 4064 4064 4064 4064 4064
143 1683120576 3550 338 3665 3647 3583 3625 3625 3593 4065 4063 4063 4063 4063 4063 4063 4063
144 1683120576 3551 338 3664 3647 3583 3626 3625 3594 4065 4065 4064 4064 4064 4064 4064 4064
145 1683120576 3550 338 3665 3646 3583 3625 3625 3593 4065 4065 4064 4064 4064 4064 4064 4064
146 1683120576 3551 338 3666 3647 3583 3626 3625 3594 4063 4063 4063 4063 4063 4063 4063 4063
147 1683120576 3550 338 3665 3647 3583 3625 3625 3593 4065 4065 4064 4064 4064 4064 4064 4064
148 1683120576 3551 337 3666 3647 3583 3625 3625 3594 4063 4063 4063 4063 4063 4063 4063 4063
149 1683120576 3549 338 3665 3646 3582 3624 3624 3593 4065 4065 4064 4064 4064 4064 4064 4064
150 1683120576 3550 338 3666 3647 3583 3626 3625 3593 4063 4063 4063 4063 4063 4063 4063 4063
151 1683120576 3551 338 3665 3647 3583 3626 3626 3594 4063 4063 4063 4063 4063 4063 4063 4063
152 1683120576 3551 338 3666 3647 3583 3625 3626 3594 4065 4063 4063 4063 4063 4063 4063 4063
153 1683120576 3550 338 3666 3647 3584 3626 3626 3594 4065 4065 4064 4064 4064 4064 4064 4064
154 1683120576 3550 338 3666 3647 3583 3625 3625 3593 4065 4065 4064 4064 4064 4064 4064 4064
155 1683120576 3551 338 3667 3647 3584 3626 3626 3594 4063 4063 4063 4063 4063 4063 4063 4063
156 1683120576 3550 338 3666 3647 3583 3625 3625 3594 4065 4065 4064 4064 4064 4064 4064 4064
157 1683120584 3550 338 3665 3647 3582 3624 3625 3593 4065 4065 4064 4064 4064 4064 4064 4064
158 1683120584 3550 338 3665 3646 3583 3625 3625 3593 4065 4065 4064 4064 4064 4064 4064 4064
159 1683120584 3550 338 3665 3647 3583 3625 3625 3593 4065 4065 4065 4065 4065 4065 4065 4065
160 1683120584 3550 338 3665 3647 3583 3625 3625 3593 4065 4065 4064 4064 4064 4064 4064 4064
161 1683120584 3550 338 3666 3647 3583 3626 3626 3594 4065 4065 4065 4065 4065 4065 4065 4065
162 1683120584 3551 338 3665 3647 3583 3625 3625 3593 4065 4065 4064 4064 4064 4064 4064 4064
163 1683120584 3550 338 3664 3646 3582 3625 3624 3593 4063 4063 4063 4063 4063 4063 4063 4063
164 1683120584 3550 338 3665 3646 3583 3625 3625 3594 4065 4063 4063 4063 4063 4063 4063 4063
165 1683120584 3550 339 3665 3646 3582 3625 3625 3593 4065 4065 4064 4064 4064 4064 4064 4064
166 1683120584 3550 338 3665 3646 3583 3625 3624 3593 4065 4065 4065 4065 4065 4065 4065 4065
167 1683120584 3550 338 3666 3647 3583 3626 3626 3593 4065 4065 4064 4064 4064 4064 4064 4064
168 1683120584 3550 338 3665 3647 3582 3625 3625 3593 4065 4065 4064 4064 4064 4064 4064 4064
169 1683120584 3550 338 3666 3647 3583 3626 3626 3593 4067 4065 4065 4065 4065 4065 4065 4065
170 1683120584 3550 338 3665 3646 3583 3625 3624 3593 4065 4065 4064 4064 4064 4064 4064 4064
171 1683120584 3551 338 3666 3648 3584 3626 3626 3594 4065 4065 4064 4064 4064 4064 4064 4064
172 1683120584 3549 338 3664 3646 3582 3625 3624 3592 4065 4065 4064 4064 4064 4064 4064 4064
173 1683120584 3551 338 3666 3647 3583 3625 3625 3593 4063 4063 4063 4063 4063 4063 4063 4063
174 1683120584 3550 338 3665 3647 3583 3626 3626 3594 4065 4063 4063 4063 4063 4063 4063 4063
175 1683120584 3551 338 3664 3647 3583 3625 3625 3594 4065 4065 4064 4064 4064 4064 4064 4064
176 1683120584 3549 338 3665 3646 3582 3624 3624 3592 4065 4065 4064 4064 4064 4064 4064 4064
177 1683120584 3551 338 3666 3647 3583 3626 3626 3594 4065 4065 4064 4064 4064 4064 4064 4064
178 1683120584 3550 338 3665 3646 3582 3624 3624 3593 4065 4065 4064 4064 4064 4064 4064 4064
179 1683120584 3551 338 3666 3647 3583 3625 3625 3594 4063 4063 4063 4063 4063 4063 4063 4063
180 1683120584 3550 338 3665 3647 3583 3624 3624 3593 4065 4065 4064 4064 4064 4064 4064 4064
181 1683120584 3550 339 3665 3647 3583 3625 3625 3594 4065 4065 4064 4064 4064 4064 4064 4064
182 1683120584 3551 338 3665 3648 3584 3626 3626 3594 4065 4065 4064 4064 4064 4064 4064 4064
183 1683120584 3551 338 3666 3647 3583 3625 3625 3593 4063 4063 4063 4063 4063 4063 4063 4063
184 1683120584 3550 338 3665 3646 3583 3625 3625 3593 4065 4065 4064 4064 4064 4064 4064 4064
185 1683120585 3551 338 3666 3648 3584 3626 3626 3594 4063 4063 4063 4063 4063 4063 4063 4063
186 1683120585 3551 338 3665 3647 3583 3625 3625 3593 4065 4065 4064 4064 4064 4064 4064 4064
187 1683120585 3550 338 3665 3647 3583 3625 3625 3593 4065 4065 4064 4064 4064 4064 4064 4064
188 1683120585 3551 338 3666 3647 3584 3626 3625 3594 4065 4065 4064 4064 4064 4064 4064 4064
189 1683120585 3552 339 3666 3648 3585 3626 3626 3594 4065 4065 4064 4064 4064 4064 4064 4064
190 1683120585 3550 338 3665 3647 3584 3626 3626 3593 4065 4065 4065 4065 4065 4065 4065 4065
191 1683120585 3550 337 3665 3647 3583 3625 3625 3593 4063 4063 4063 4063 4063 4063 4063 4063
192 1683120585 3551 338 3666 3647 3583 3625 3625 3593 4065 4065 4064 4064 4064 4064 4064 4064
193 1683120585 3550 338 3666 3647 3583 3626 3625 3594 4065 4065 4064 4064 4064 4064 4064 4064
194 1683120585 3551 338 3666 3647 3583 3626 3626 3594 4065 4065 4064 4064 4064 4064 4064 4064
195 1683120585 3551 338 3666 3647 3583 3626 3625 3594 4061 4061 4061 4061 4061 4061 4061 4061
196 1683120585 3550 338 3665 3647 3583 3625 3625 3594 4063 4063 4063 4063 4063 4063 4063 4063
197 1683120585 3551 338 3666 3647 3583 3625 3626 3594 4065 4065 4064 4064 4064 4064 4064 4064
198 1683120585 3550 338 3666 3648 3584 3626 3626 3594 4065 4065 4064 4064 4064 4064 4064 4064
199 1683120585 3551 338 3666 3648 3583 3626 3626 3594 4065 4065 4064 4064 4064 4064 4064 4064
200 1683120585 3551 338 3666 3647 3583 3626 3626 3594 4065 4065 4064 4064 4064 4064 4064 4064
201 1683120585 3551 338 3666 3648 3583 3626 3626 3594 4065 4065 4064 4064 4064 4064 4064 4064
202 1683120585 3551 338 3667 3648 3583 3626 3625 3594 4063 4063 4063 4063 4063 4063 4063 4063
203 1683120585 3550 338 3665 3647 3583 3625 3625 3593 4065 4065 4064 4064 4064 4064 4064 4064
204 1683120585 3551 338 3666 3648 3584 3626 3626 3594 4065 4065 4064 4064 4064 4064 4064 4064
205 1683120585 3551 339 3666 3648 3584 3627 3626 3594 4063 4063 4063 4063 4063 4063 4063 4063
206 1683120585 3550 338 3665 3647 3583 3626 3625 3594 4065 4065 4065 4065 4065 4065 4065 4065
207 1683120585 3551 338 3666 3648 3584 3626 3626 3594 4065 4065 4064 4064 4064 4064 4064 4064
208 1683120585 3550 338 3666 3647 3584 3626 3626 3593 4065 4063 4063 4063 4063 4063 4063 4063
209 1683120585 3550 339 3666 3647 3583 3625 3625 3594 4065 4065 4064 4064 4064 4064 4064 4064
210 1683120585 3551 338 3666 3647 3584 3626 3625 3594 4061 4061 4061 4061 4061 4061 4061 4061
211 1683120585 3551 338 3666 3647 3583 3625 3625 3594 4065 4063 4063 4063 4063 4063 4063 4063
212 1683120585 3551 339 3665 3647 3583 3626 3626 3594 4063 4063 4063 4063 4063 4063 4063 4063
213 1683120585 3550 339 3666 3647 3582 3625 3625 3594 4065 4065 4064 4064 4064 4064 4064 4064
214 1683120585 3552 338 3667 3648 3584 3627 3627 3595 4063 4063 4063 4063 4063 4063 4063 4063
215 1683120585 3551 338 3666 3647 3584 3626 3626 3594 4065 4065 4064 4064 4064 4064 4064 4064
216 1683120585 3550 338 3666 3647 3583 3625 3625 3593 4065 4065 4064 4064 4064 4064 4064 4064
217 1683120585 3551 338 3666 3647 3584 3625 3626 3594 4065 4065 4064 4064 4064 4064 4064 4064
218 1683120585 3551 338 3666 3648 3584 3626 3626 3594 4063 4063 4063 4063 4063 4063 4063 4063
219 1683120585 3551 339 3666 3647 3584 3626 3626 3594 4065 4065 4064 4064 4064 4064 4064 4064
220 1683120585 3551 340 3666 3647 3583 3625 3625 3593 4063 4063 4063 4063 4063 4063 4063 4063
221 1683120585 3552 339 3666 3648 3584 3626 3626 3595 4063 4063 4063 4063 4063 4063 4063 4063
222 1683120585 3552 338 3666 648 3582 3626 3626 3595 4065 4065 4064 4064 4064 4064 4064 4064
223 1683120585 3550 338 3666 3647 3584 3626 3626 3594 4065 4065 4065 4065 4065 4065 4065 4065
224 1683120585 3551 339 3667 3648 3584 3627 3627 3595 4065 4065 4064 4064 4064 4064 4064 4064
225 1683120585 3551 339 3666 3648 3584 3627 3626 3595 4063 4063 4063 4063 4063 4063 4063 4063
226 1683120585 3551 338 3666 3648 3583 3626 3626 3594 4063 4063 4062 4062 4062 4062 4062 4062
227 1683120585 3552 338 3666 3648 3584 3627 3626 3595 4065 4065 4064 4064 4064 4064 4064 4064
228 1683120585 3551 338 3666 3648 3583 3626 3625 3593 4065 4065 4064 4064 4064 4064 4064 4064
229 1683120585 3551 339 3665 3647 3583 3625 3625 3593 4065 4065 4064 4064 4064 4064 4064 4064
230 1683120585 3551 338 3666 3648 3584 3626 3626 3594 4065 4065 4064 4064 4064 4064 4064 4064
231 1683120585 3552 338 3668 3649 3585 3627 3627 3595 4063 4063 4063 4063 4063 4063 4063 4063
232 1683120585 3551 339 3667 3648 3584 3626 3626 3594 4063 4063 4063 4063 4063 4063 4063 4063
233 1683120585 3550 338 3666 3647 3583 3625 3625 3593 4063 4063 4063 4063 4063 4063 4063 4063
234 1683120585 3551 338 3666 3648 3584 3626 3626 3594 4065 4065 4064 4064 4064 4064 4064 4064
235 1683120585 3551 339 3666 3648 3584 3625 3625 3594 4065 4065 4064 4064 4064 4064 4064 4064
236 1683120585 3551 338 3665 3647 3583 3625 3625 3593 4065 4065 4064 4064 4064 4064 4064 4064
237 1683120585 3551 339 3666 3648 3584 3626 3626 3594 4065 4065 4064 4064 4064 4064 4064 4064
238 1683120585 3551 339 3665 3647 3584 3626 3626 3594 4063 4063 4063 4063 4063 4063 4063 4063
239 1683120585 3551 339 3666 3648 3584 3626 3626 3595 4065 4065 4064 4064 4064 4064 4064 4064
240 1683120585 3552 338 3667 3648 3584 3626 3626 3594 4065 4063 4063 4063 4063 4063 4063 4063
241 1683120585 3551 338 3666 3647 3584 3626 3626 3594 4065 4065 4064 4064 4064 4064 4064 4064
242 1683120585 3551 338 3667 3648 3584 3626 3626 3594 4063 4063 4062 4062 4062 4062 4062 4062
243 1683120585 3550 339 3666 3647 3583 3626 3625 3594 4063 4063 4063 4063 4063 4063 4063 4063
244 1683120585 3551 338 3666 3647 3583 3626 3626 3594 4065 4063 4063 4063 4063 4063 4063 4063
245 1683120585 3551 339 3666 3648 3584 3626 3626 3594 4065 4065 4064 4064 4064 4064 4064 4064
246 1683120585 3550 338 3665 3647 3583 3626 3626 3594 4065 4065 4064 4064 4064 4064 4064 4064
247 1683120585 3551 338 3666 3647 3584 3626 3626 3594 4063 4063 4063 4063 4063 4063 4063 4063
248 1683120585 3552 338 3667 3649 3585 3627 3627 3595 4065 4065 4064 4064 4064 4064 4064 4064
249 1683120585 3551 339 3666 3648 3584 3626 3627 3595 4063 4063 4062 4062 4062 4062 4062 4062
250 1683120585 3551 338 3666 3648 3584 3626 3626 3594 4063 4063 4063 4063 4063 4063 4063 4063
251 1683120585 3552 339 3667 3648 3585 3627 3627 3595 4065 4065 4064 4064 4064 4064 4064 4064
252 1683120585 3551 338 3667 3648 3584 3626 3626 3594 4065 4065 4064 4064 4064 4064 4064 4064
253 1683120585 3550 339 3666 3648 3583 3626 3626 3594 4065 4065 4064 4064 4064 4064 4064 4064
254 1683120585 3552 338 3667 3648 3584 3627 3626 3594 4065 4065 4065 4065 4065 4065 4065 4065
255 1683120585 3551 339 3666 3648 3584 3626 3626 3594 4065 4065 4065 4065 4065 4065 4065 4065
256 1683120585 3551 338 3667 3648 3584 3626 3626 3595 4065 4065 4065 4065 4065 4065 4065 4065
257 1683120585 3551 339 3666 3648 3584 3626 3626 3594 4063 4063 4063 4063 4063 4063 4063 4063
258 1683120585 3551 339 3667 3647 3584 3627 3626 3594 4065 4063 4063 4063 4063 4063 4063 4063
259 1683120586 3551 339 3667 3648 3584 3627 3626 3595 4065 4065 4065 4065 4065 4065 4065 4065
260 1683120586 3552 338 3667 3648 3584 3627 3626 3594 4065 4065 4064 4064 4064 4064 4064 4064
261 1683120586 3551 339 3666 3648 3584 3626 3626 3594 4065 4065 4064 4064 4064 4064 4064 4064
262 1683120586 3553 338 3668 3649 3585 3627 3627 3595 4065 4065 4064 4064 4064 4064 4064 4064
263 1683120586 3551 338 3667 3649 3584 3627 3626 3594 4065 4065 4064 4064 4064 4064 4064 4064
264 1683120586 3552 339 3667 3649 3585 3627 3628 3596 4067 4065 4065 4065 4065 4065 4065 4065
265 1683120586 3552 339 3667 3648 3585 3627 3626 3594 4064 4065 4064 4064 4064 4064 4064 4064
266 1683120586 3551 342 3667 3648 3584 3627 3626 3594 4065 4063 4063 4063 4063 4063 4063 4063
267 1683120586 3552 341 3667 3649 3584 3627 3627 3595 4065 4065 4064 4064 4064 4064 4064 4064
268 1683120586 3552 340 3667 3648 3585 3627 3627 3595 4065 4065 4064 4064 4064 4064 4064 4064
269 1683120586 3552 339 3666 3648 3585 3627 3627 3595 4067 4065 4065 4065 4065 4065 4065 4065
270 1683120586 3552 339 3667 3649 3585 3627 3627 3596 4063 4063 4063 4063 4063 4063 4063 4063
271 1683120586 3552 339 3667 3649 3585 3627 3627 3595 4065 4065 4064 4064 4064 4064 4064 4064
272 1683120586 3552 338 3667 3648 3584 3627 3627 3595 4065 4065 4064 4064 4064 4064 4064 4064
273 1683120586 3553 339 3668 3650 3586 3628 3627 3596 4065 4065 4064 4064 4064 4064 4064 4064
274 1683120586 3550 339 3665 3647 3583 3626 3625 3594 4065 4065 4064 4064 4064 4064 4064 4064
275 1683120586 3552 339 3666 3648 3584 3626 3627 3595 4065 4065 4064 4064 4064 4064 4064 4064
276 1683120586 3552 338 3667 3648 3585 3627 3627 3595 4065 4065 4064 4064 4064 4064 4064 4064
277 1683120586 3552 339 3667 3649 3585 3627 3627 3595 4065 4065 4064 4064 4064 4064 4064 4064
278 1683120586 3552 338 3666 3648 3584 3626 3626 3594 4063 4063 4063 4063 4063 4063 4063 4063
279 1683120586 3551 339 3666 3648 3584 3626 3626 3594 4063 4063 4063 4063 4063 4063 4063 4063
280 1683120586 3550 339 3666 3647 3584 3626 3626 3594 4063 4063 4063 4063 4063 4063 4063 4063
281 1683120586 3551 339 3667 3648 3584 3627 3627 3595 4065 4065 4064 4064 4064 4064 4064 4064
282 1683120586 3551 338 3667 3648 3585 3626 3626 3594 4065 4065 4064 4064 4064 4064 4064 4064
283 1683120586 3552 339 3666 3648 3584 3627 3627 3595 4065 4064 4064 4064 4064 4064 4064 4064
284 1683120586 3551 338 3667 3648 3584 3626 3626 3595 4065 4065 4064 4064 4064 4064 4064 4064
285 1683120586 3551 339 3666 3647 3583 3626 3626 3594 4063 4063 4063 4063 4063 4063 4063 4063
286 1683120586 3553 339 3667 3649 3585 3627 3628 3596 4063 4063 4063 4063 4063 4063 4063 4063
287 1683120586 3552 339 3668 3649 3585 3627 3627 3595 4065 4065 4064 4064 4064 4064 4064 4064
288 1683120586 3552 338 3667 3648 3585 3627 3627 3595 4065 4065 4064 4064 4064 4064 4064 4064
289 1683120586 3551 339 3666 3648 3583 3626 3626 3595 4063 4063 4063 4063 4063 4063 4063 4063
290 1683120586 3553 339 3668 3649 3586 3628 3628 3596 4065 4065 4064 4064 4064 4064 4064 4064
291 1683120586 3551 338 3666 3648 3584 3626 3626 3594 4065 4065 4064 4064 4064 4064 4064 4064
292 1683120586 3551 339 3667 3648 3584 3627 3627 3595 4065 4065 4064 4064 4064 4064 4064 4064
293 1683120586 3551 339 3666 3648 3584 3627 3627 3595 4065 4063 4063 4063 4063 4063 4063 4063
294 1683120586 3550 339 3665 3647 3584 3626 3626 3594 4063 4063 4063 4063 4063 4063 4063 4063
295 1683120586 3554 339 3669 3650 3586 3628 3628 3596 4067 4065 4065 4065 4065 4065 4065 4065
296 1683120586 3552 339 3667 3649 3585 3627 3627 3595 4065 4063 4063 4063 4063 4063 4063 4063
297 1683120586 3552 339 3668 3649 3584 3627 3627 3595 4065 4065 4064 4064 4064 4064 4064 4064
298 1683120586 3552 338 3667 3648 3584 3627 3626 3595 4065 4065 4064 4064 4064 4064 4064 4064
299 1683120586 3552 339 3668 3648 3585 3627 3627 3595 4065 4065 4064 4064 4064 4064 4064 4064
300 1683120586 3552 340 3667 3649 3585 3628 3628 3596 4065 4065 4064 4064 4064 4064 4064 4064
301 1683120586 3552 339 3666 3648 3584 3627 3627 3595 4063 4063 4063 4063 4063 4063 4063 4063
302 1683120586 3552 339 3667 3648 3584 3627 3627 3595 4063 4063 4063 4063 4063 4063 4063 4063
303 1683120586 3553 339 3668 3650 3586 3628 3628 3596 4063 4063 4063 4063 4063 4063 4063 4063
304 1683120586 3551 339 3667 3648 3584 3627 3627 3595 4063 4063 4062 4062 4062 4062 4062 4062
305 1683120586 3552 339 3667 3648 3585 3627 3627 3595 4065 4065 4064 4064 4064 4064 4064 4064
306 1683120586 3552 338 3667 3649 3585 3627 3627 3595 4063 4063 4063 4063 4063 4063 4063 4063
307 1683120586 3552 339 3667 3649 3584 3627 3627 3595 4065 4065 4064 4064 4064 4064 4064 4064
308 1683120586 3553 339 3667 3649 3585 3628 3627 3595 4063 4063 4063 4063 4063 4063 4063 4063
309 1683120586 3552 339 3666 3648 3584 3627 3627 3595 4065 4065 4064 4064 4064 4064 4064 4064
310 1683120586 3552 339 3668 3649 3585 3627 3627 3595 4065 4065 4064 4064 4064 4064 4064 4064
311 1683120586 3552 339 3667 3649 3585 3627 3627 3595 4065 4065 4064 4064 4064 4064 4064 4064
312 1683120586 3552 339 3667 3648 3584 3626 3626 3594 4065 4065 4064 4064 4064 4064 4064 4064
313 1683120586 3552 339 3667 3648 3585 3627 3627 3595 4065 4065 4065 4065 4065 4065 4065 4065
314 1683120586 3552 339 3667 3649 3585 3627 3626 3595 4065 4065 4064 4064 4064 4064 4064 4064
315 1683120586 3552 339 3668 3649 3585 3627 3627 3596 4065 4065 4065 4065 4065 4065 4065 4065
316 1683120586 3552 340 3667 3649 3585 3627 3627 3595 4065 4065 4064 4064 4064 4064 4064 4064
317 1683120586 3550 339 3666 3647 3583 3625 3626 3593 4063 4063 4063 4063 4063 4063 4063 4063
318 1683120586 3552 339 3667 3649 3585 3627 3627 3596 4063 4063 4063 4063 4063 4063 4063 4063
319 1683120586 3552 339 3666 3648 3584 3626 3626 3594 4063 4063 4063 4063 4063 4063 4063 4063
320 1683120586 3552 339 3667 3649 3584 3627 3627 3595 4065 4065 4065 4065 4065 4065 4065 4065
321 1683120586 3553 339 3668 3650 3586 3628 3627 3596 4063 4063 4063 4063 4063 4063 4063 4063
322 1683120586 3551 339 3666 3648 3584 3626 3627 3594 4065 4065 4064 4064 4064 4064 4064 4064
323 1683120586 3552 339 3667 3648 3584 3627 3627 3595 4063 4063 4063 4063 4063 4063 4063 4063
324 1683120586 3552 338 3667 3649 3585 3627 3627 3595 4063 4063 4063 4063 4063 4063 4063 4063
325 1683120586 3551 339 3666 3648 3584 3626 3626 3594 4063 4063 4063 4063 4063 4063 4063 4063
326 1683120586 3553 339 3668 3649 3585 3628 3627 3596 4063 4063 4063 4063 4063 4063 4063 4063
327 1683120586 3552 339 3667 3649 3585 3627 3627 3595 4065 4065 4064 4064 4064 4064 4064 4064
328 1683120586 3552 339 3667 3648 3585 3627 3627 3595 4063 4063 4063 4063 4063 4063 4063 4063
329 1683120586 3553 339 3668 3649 3585 3627 3627 3595 4065 4065 4064 4064 4064 4064 4064 4064
330 1683120586 3552 339 3668 3649 3585 3627 3627 3595 4065 4063 4063 4063 4063 4063 4063 4063
331 1683120586 3553 339 3668 3649 3585 3628 3627 3596 4063 4063 4063 4063 4063 4063 4063 4063
332 1683120586 3553 340 3667 3649 3585 3627 3627 3596 4063 4063 4063 4063 4063 4063 4063 4063
333 1683120586 3552 339 3666 3648 3584 3626 3626 3595 4063 4063 4063 4063 4063 4063 4063 4063
334 1683120586 3552 338 3667 3649 3585 3627 3627 3595 4065 4063 4063 4063 4063 4063 4063 4063
335 1683120586 3552 340 3668 3649 3585 3627 3627 3596 4065 4065 4064 4064 4064 4064 4064 4064
336 1683120587 3551 340 3667 3648 3584 3627 3627 3594 4065 4065 4064 4064 4064 4064 4064 4064
337 1683120587 3552 339 3667 3648 3584 3626 3626 3595 4063 4063 4063 4063 4063 4063 4063 4063
338 1683120587 3552 339 3667 3649 3585 3628 3627 3595 4065 4065 4064 4064 4064 4064 4064 4064
339 1683120587 3552 339 3667 3649 3585 3627 3627 3595 4065 4065 4064 4064 4064 4064 4064 4064
340 1683120587 3552 339 3667 3648 3584 3626 3626 3595 4063 4063 4062 4062 4062 4062 4062 4062
341 1683120587 3552 339 3666 3649 3585 3627 3627 3595 4063 4063 4063 4063 4063 4063 4063 4063
342 1683120587 3553 339 3668 3649 3586 3628 3628 3596 4065 4065 4064 4064 4064 4064 4064 4064
343 1683120587 3553 339 3668 3649 3585 3627 3627 3595 4065 4063 4063 4063 4063 4063 4063 4063
344 1683120587 3552 339 3667 3649 3585 3627 3627 3595 4063 4063 4063 4063 4063 4063 4063 4063
345 1683120587 3552 339 3667 3648 3585 3627 3627 3595 4063 4063 4063 4063 4063 4063 4063 4063
346 1683120587 3553 339 3668 3649 3585 3628 3627 3596 4063 4063 4063 4063 4063 4063 4063 4063
347 1683120587 3552 339 3668 3649 3584 3627 3627 3595 4065 4065 4064 4064 4064 4064 4064 4064
348 1683120587 3551 340 3667 3648 3585 3627 3626 3594 4063 4063 4063 4063 4063 4063 4063 4063
349 1683120587 3552 339 3666 3649 3585 3627 3626 3595 4065 4065 4064 4064 4064 4064 4064 4064
350 1683120587 3553 339 3668 3649 3586 3628 3628 3596 4063 4063 4063 4063 4063 4063 4063 4063
351 1683120587 3552 339 3668 3649 3585 3627 3627 3595 4063 4063 4063 4063 4063 4063 4063 4063
352 1683120587 3550 337 3666 3647 3583 3625 3626 3593 4065 4065 4064 4064 4064 4064 4064 4064
353 1683120587 3551 338 3666 3648 3583 3625 3625 3594 4065 4065 4064 4064 4064 4064 4064 4064
354 1683120587 3550 337 3665 3647 3583 3625 3625 3593 4065 4065 4064 4064 4064 4064 4064 4064
355 1683120587 3550 338 3665 3647 3583 3625 3625 3593 4063 4063 4062 4062 4062 4062 4062 4062
356 1683120587 3551 337 3665 3647 3583 3625 3625 3593 4065 4065 4064 4064 4064 4064 4064 4064
357 1683120587 3551 337 3666 3647 3583 3625 3625 3594 4065 4065 4064 4064 4064 4064 4064 4064
358 1683120587 3550 338 3665 3646 3583 3625 3625 3593 4063 4063 4063 4063 4063 4063 4063 4063
359 1683120587 3551 337 3666 3647 3584 3626 3626 3594 4063 4063 4063 4063 4063 4063 4063 4063
360 1683120587 3550 337 3665 3646 3583 3624 3625 3593 4065 4065 4064 4064 4064 4064 4064 4064
361 1683120587 3550 337 3666 3647 3582 3625 3625 3593 4063 4063 4063 4063 4063 4063 4063 4063
362 1683120587 3551 338 3666 3647 3583 3626 3626 3594 4063 4063 4063 4063 4063 4063 4063 4063
363 1683120587 3551 337 3666 3647 3584 3626 3626 3594 4063 4063 4063 4063 4063 4063 4063 4063
364 1683120587 3550 338 3665 3647 3583 3625 3624 3593 4065 4063 4063 4063 4063 4063 4063 4063
365 1683120587 3551 338 3666 3647 3583 3625 3626 3594 4063 4063 4063 4063 4063 4063 4063 4063
366 1683120587 3549 338 3665 3646 3582 3624 3624 3592 4063 4063 4063 4063 4063 4063 4063 4063
367 1683120587 3550 337 3664 3647 3583 3625 3625 3593 4063 4063 4062 4062 4062 4062 4062 4062
368 1683120587 3551 338 3666 3647 3583 3625 3625 3593 4063 4063 4063 4063 4063 4063 4063 4063
369 1683120587 3550 338 3665 3646 3583 3625 3625 3593 4063 4063 4062 4062 4062 4062 4062 4062
370 1683120587 3550 338 3665 3646 3583 3625 3625 3594 4065 4065 4064 4064 4064 4064 4064 4064
371 1683120587 3552 337 3666 3648 3584 3626 3626 3595 4063 4063 4063 4063 4063 4063 4063 4063
372 1683120587 3551 337 3667 3648 3584 3627 3626 3595 4065 4065 4064 4064 4064 4064 4064 4064
373 1683120587 3550 338 3666 3647 3583 3626 3625 3593 4065 4065 4064 4064 4064 4064 4064 4064
374 1683120587 3550 338 3665 3646 3582 3625 3624 3593 4063 4063 4063 4063 4063 4063 4063 4063
375 1683120587 3552 337 3667 3649 3584 3627 3627 3595 4063 4063 4063 4063 4063 4063 4063 4063
376 1683120587 3551 338 3666 3648 3583 3626 3626 3594 4065 4065 4064 4064 4064 4064 4064 4064
377 1683120587 3551 337 3666 3647 3583 3625 3625 3593 4065 4063 4063 4063 4063 4063 4063 4063
378 1683120587 3551 338 3666 3648 3583 3625 3625 3593 4065 4065 4064 4064 4064 4064 4064 4064
379 1683120587 3551 337 3666 3647 3583 3626 3625 3593 4065 4065 4064 4064 4064 4064 4064 4064
380 1683120587 3551 337 3666 3647 3583 3625 3624 3593 4065 4065 4065 4065 4065 4065 4065 4065
381 1683120587 3551 338 3666 3647 3583 3625 3625 3593 4065 4065 4064 4064 4064 4064 4064 4064
382 1683120587 3551 338 3665 3647 3583 3625 3625 3594 4065 4065 4065 4065 4065 4065 4065 4065
383 1683120587 3551 338 3666 3647 3583 3625 3626 3594 4065 4065 4064 4064 4064 4064 4064 4064
384 1683120587 3551 338 3666 3648 3583 3626 3626 3593 4065 4065 4064 4064 4064 4064 4064 4064
385 1683120587 3550 338 3666 3647 3583 3626 3625 3594 4063 4063 4063 4063 4063 4063 4063 4063
386 1683120587 3551 338 3666 3648 3585 3627 3626 3594 4065 4065 4064 4064 4064 4064 4064 4064
387 1683120587 3550 338 3666 3647 3583 3625 3625 3594 4065 4065 4064 4064 4064 4064 4064 4064
388 1683120587 3549 338 3665 3647 3583 3625 3625 3593 4065 4065 4064 4064 4064 4064 4064 4064
389 1683120587 3551 338 3666 3647 3583 3625 3626 3594 4065 4065 4064 4064 4064 4064 4064 4064
390 1683120587 3551 338 3665 3648 3584 3626 3626 3594 4065 4065 4064 4064 4064 4064 4064 4064
391 1683120587 3551 338 3666 3648 3583 3626 3626 3594 4065 4065 4064 4064 4064 4064 4064 4064
392 1683120587 3551 338 3667 3647 3583 3626 3625 3594 4065 4065 4064 4064 4064 4064 4064 4064
393 1683120587 3552 339 3666 3648 3584 3627 3627 3595 4065 4065 4064 4064 4064 4064 4064 4064
394 1683120587 3550 338 3665 3647 3583 3626 3626 3594 4065 4065 4064 4064 4064 4064 4064 4064
395 1683120587 3552 337 3667 3648 3584 3626 3626 3594 4063 4063 4063 4063 4063 4063 4063 4063
396 1683120587 3552 338 3667 3648 3584 3626 3626 3595 4063 4063 4062 4062 4062 4062 4062 4062
397 1683120587 3551 339 3666 3647 3583 3626 3625 3593 4065 4065 4064 4064 4064 4064 4064 4064
398 1683120587 3551 338 3665 3647 3583 3625 3625 3594 4063 4063 4063 4063 4063 4063 4063 4063
399 1683120587 3551 337 3666 3648 3584 3626 3626 3594 4065 4065 4064 4064 4064 4064 4064 4064
400 1683120587 3551 337 3666 3648 3584 3627 3626 3594 4065 4065 4064 4064 4064 4064 4064 4064
401 1683120587 3551 339 3666 3648 3584 3626 3626 3594 4065 4065 4064 4064 4064 4064 4064 4064
402 1683120587 3551 338 3666 3648 3584 3626 3626 3594 4063 4063 4063 4063 4063 4063 4063 4063
403 1683120587 3551 337 3666 3648 3584 3625 3626 3594 4065 4065 4064 4064 4064 4064 4064 4064
404 1683120587 3551 338 3666 3647 3583 3626 3625 3593 4065 4065 4064 4064 4064 4064 4064 4064
405 1683120587 3551 338 3666 3647 3584 3625 3625 3594 4065 4065 4065 4065 4065 4065 4065 4065
406 1683120587 3551 338 3667 3648 3584 3626 3626 3594 4063 4063 4063 4063 4063 4063 4063 4063
407 1683120587 3551 337 3666 3648 3584 3626 3626 3595 4063 4063 4063 4063 4063 4063 4063 4063
408 1683120587 3551 338 3667 3648 3584 3626 3626 3594 4065 4065 4064 4064 4064 4064 4064 4064
409 1683120588 3550 338 3666 3647 3584 3626 3626 3594 4065 4065 4064 4064 4064 4064 4064 4064
410 1683120588 3552 338 3667 3648 3584 3627 3626 3595 4063 4063 4063 4063 4063 4063 4063 4063
411 1683120588 3551 337 3666 3647 3583 3626 3626 3595 4065 4065 4064 4064 4064 4064 4064 4064
412 1683120588 3551 338 3667 3648 3584 3626 3626 3594 4065 4063 4063 4063 4063 4063 4063 4063
413 1683120588 3551 339 3666 3648 3583 3626 3626 3594 4065 4065 4064 4064 4064 4064 4064 4064
414 1683120588 3551 338 3666 3648 3583 3626 3626 3594 4065 4065 4064 4064 4064 4064 4064 4064
415 1683120588 3551 337 3667 3648 3584 3626 3626 3594 4065 4065 4064 4064 4064 4064 4064 4064
416 1683120588 3552 338 3667 3648 3584 3626 3626 3594 4065 4065 4064 4064 4064 4064 4064 4064
417 1683120588 3551 337 3666 3647 3583 3626 3626 3594 4065 4065 4064 4064 4064 4064 4064 4064
418 1683120588 3551 338 3666 3648 3584 3626 3626 3594 4065 4065 4064 4064 4064 4064 4064 4064
419 1683120588 3551 338 3666 3647 3584 3626 3626 3594 4065 4065 4064 4064 4064 4064 4064 4064
420 1683120588 3552 338 3667 3648 3584 3626 3627 3595 4065 4065 4064 4064 4064 4064 4064 4064
421 1683120588 3551 338 3666 3647 3583 3625 3625 3594 4065 4065 4065 4065 4065 4065 4065 4065
422 1683120588 3552 338 3667 3649 3584 3627 3627 3595 4065 4065 4064 4064 4064 4064 4064 4064
423 1683120588 3551 338 3667 3648 3584 3626 3627 3595 4063 4063 4062 4062 4062 4062 4062 4062
424 1683120588 3551 338 3666 3648 3584 3627 3627 3595 4065 4065 4064 4064 4064 4064 4064 4064
425 1683120588 3552 338 3668 3649 3585 3627 3627 3595 4065 4065 4065 4065 4065 4065 4065 4065
426 1683120588 3552 338 3667 3648 3584 3626 3626 3594 4065 4065 4064 4064 4064 4064 4064 4064
427 1683120588 3552 338 3667 3649 3584 3626 3626 3595 4065 4065 4064 4064 4064 4064 4064 4064
428 1683120588 3551 338 3666 3648 3584 3626 3626 3595 4065 4063 4063 4063 4063 4063 4063 4063
429 1683120588 3551 339 3666 3648 3583 3627 3626 3594 4065 4065 4064 4064 4064 4064 4064 4064
430 1683120588 3551 338 3665 3648 3584 3626 3626 3594 4065 4065 4064 4064 4064 4064 4064 4064
431 1683120588 3552 338 3667 3648 3585 3627 3627 3595 4065 4065 4064 4064 4064 4064 4064 4064
432 1683120588 3551 338 3667 3648 3584 3626 3626 3594 4061 4061 4061 4061 4061 4061 4061 4061
433 1683120588 3551 339 3667 3648 3584 3627 3627 3595 4065 4065 4064 4064 4064 4064 4064 4064
434 1683120588 3551 338 3667 3648 3584 3626 3626 3594 4063 4063 4063 4063 4063 4063 4063 4063
435 1683120588 3551 338 3666 3648 3584 3626 3625 3594 4065 4065 4064 4064 4064 4064 4064 4064
436 1683120588 3552 338 3667 3648 3584 3626 3626 3594 4065 4065 4064 4064 4064 4064 4064 4064
437 1683120588 3551 338 3666 3648 3584 3626 3626 3595 4063 4063 4063 4063 4063 4063 4063 4063
438 1683120588 3553 338 3667 3649 3585 3627 3627 3595 4063 4063 4063 4063 4063 4063 4063 4063
439 1683120588 3551 338 3666 3648 3584 3627 3626 3594 4065 4065 4064 4064 4064 4064 4064 4064
440 1683120588 3552 338 3667 3648 3584 3627 3627 3595 4065 4065 4064 4064 4064 4064 4064 4064
441 1683120588 3552 339 3666 3648 3584 3626 3626 3595 4065 4065 4064 4064 4064 4064 4064 4064
442 1683120588 3552 338 3668 3649 3585 3627 3627 3595 4065 4065 4064 4064 4064 4064 4064 4064
443 1683120588 3551 338 3666 3647 3584 3626 3626 3594 4065 4065 4064 4064 4064 4064 4064 4064
444 1683120588 3551 338 3666 3647 3584 3626 3626 3594 4065 4065 4064 4064 4064 4064 4064 4064
445 1683120588 3551 338 3666 3648 3584 3626 3626 3594 4065 4065 4065 4065 4065 4065 4065 4065
446 1683120588 3552 338 3667 3648 3584 3626 3626 3594 4065 4065 4065 4065 4065 4065 4065 4065
447 1683120588 3551 338 3666 3647 3584 3626 3626 3594 4065 4063 4063 4063 4063 4063 4063 4063
448 1683120588 3551 338 3666 3647 3584 3626 3626 3594 4065 4065 4064 4064 4064 4064 4064 4064
449 1683120588 3551 338 3666 3648 3584 3626 3626 3594 4063 4063 4063 4063 4063 4063 4063 4063
450 1683120588 3552 338 3667 3648 3584 3627 3627 3594 4063 4063 4063 4063 4063 4063 4063 4063
451 1683120588 3552 338 3667 3648 3584 3626 3626 3595 4065 4065 4064 4064 4064 4064 4064 4064
452 1683120588 3551 338 3666 3648 3584 3626 3626 3594 4065 4065 4064 4064 4064 4064 4064 4064
453 1683120588 3552 338 3667 3648 3585 3627 3627 3595 4065 4065 4064 4064 4064 4064 4064 4064
454 1683120588 3552 338 3667 3648 3585 3627 3626 3594 4063 4063 4063 4063 4063 4063 4063 4063
455 1683120588 3552 338 3667 3649 3585 3627 3627 3596 4065 4065 4064 4064 4064 4064 4064 4064
456 1683120588 3551 338 3667 3648 3584 3626 3626 3594 4059 4059 4058 4058 4058 4058 4058 4058
457 1683120588 3552 338 3667 3648 3584 3627 3627 3594 4063 4063 4063 4063 4063 4063 4063 4063
458 1683120588 3552 338 3667 3649 3584 3626 3626 3594 4065 4065 4064 4064 4064 4064 4064 4064
459 1683120588 3552 338 3667 3649 3585 3627 3627 3595 4063 4063 4063 4063 4063 4063 4063 4063
460 1683120588 3551 338 3667 3648 3584 3626 3626 3595 4065 4065 4064 4064 4064 4064 4064 4064
461 1683120588 3551 339 3666 3647 3583 3626 3626 3594 4063 4063 4063 4063 4063 4063 4063 4063
462 1683120588 3551 338 3665 3647 3584 3626 3626 3594 4065 4065 4064 4064 4064 4064 4064 4064
463 1683120596 3551 338 3666 3647 3584 3626 3625 3593 4065 4065 4064 4064 4064 4064 4064 4064
464 1683120596 3551 338 3666 3648 3584 3626 3627 3594 4065 4065 4065 4065 4065 4065 4065 4065
465 1683120596 3551 338 3666 3647 3584 3626 3626 3594 4063 4063 4063 4063 4063 4063 4063 4063
466 1683120596 3552 339 3667 3648 3584 3627 3627 3595 4065 4065 4064 4064 4064 4064 4064 4064
467 1683120596 3552 338 3667 3649 3585 3627 3627 3595 4065 4065 4064 4064 4064 4064 4064 4064
468 1683120596 3552 339 3667 3648 3585 3627 3627 3595 4063 4063 4063 4063 4063 4063 4063 4063
469 1683120596 3552 338 3667 3648 3584 3626 3626 3595 4063 4063 4063 4063 4063 4063 4063 4063
470 1683120596 3552 338 3667 3648 3584 3626 3626 3594 4065 4065 4064 4064 4064 4064 4064 4064
471 1683120596 3552 338 3667 3649 3585 3627 3626 3595 4065 4065 4064 4064 4064 4064 4064 4064
472 1683120596 3552 339 3667 3648 3584 3627 3627 3595 4063 4063 4063 4063 4063 4063 4063 4063
473 1683120596 3552 338 3667 3648 3584 3626 3626 3595 4065 4065 4064 4064 4064 4064 4064 4064
474 1683120596 3552 339 3667 3648 3584 3627 3626 3595 4065 4065 4064 4064 4064 4064 4064 4064
475 1683120596 3551 339 3666 3647 3584 3626 3626 3594 4065 4065 4064 4064 4064 4064 4064 4064
476 1683120596 3550 339 3666 3648 3584 3626 3626 3594 4063 4063 4062 4062 4062 4062 4062 4062
477 1683120596 3552 338 3666 3648 3584 3626 3626 3595 4067 4065 4065 4065 4065 4065 4065 4065
478 1683120596 3552 338 3667 3649 3585 3627 3627 3595 4063 4063 4063 4063 4063 4063 4063 4063
479 1683120596 3551 339 3666 3648 3584 3626 3626 3594 4063 4063 4063 4063 4063 4063 4063 4063
480 1683120596 3551 339 3666 3648 3584 3626 3626 3595 4063 4063 4063 4063 4063 4063 4063 4063
481 1683120596 3551 338 3667 3648 3584 3626 3626 3595 4065 4065 4065 4065 4065 4065 4065 4065
482 1683120596 3552 339 3667 3648 3584 3627 3627 3595 4063 4063 4063 4063 4063 4063 4063 4063
483 1683120596 3552 338 3667 3648 3584 3627 3627 3595 4063 4063 4063 4063 4063 4063 4063 4063
484 1683120596 3551 339 3666 3648 3584 3626 3626 3594 4065 4063 4063 4063 4063 4063 4063 4063
485 1683120596 3552 338 3667 3649 3584 3627 3627 3595 4065 4065 4064 4064 4064 4064 4064 4064
486 1683120596 3552 338 3667 3649 3584 3626 3626 3594 4065 4065 4064 4064 4064 4064 4064 4064
487 1683120596 3552 338 3667 3649 3584 3627 3627 3595 4065 4065 4065 4065 4065 4065 4065 4065
488 1683120596 3552 339 3667 3649 3585 3627 3627 3595 4065 4065 4064 4064 4064 4064 4064 4064
489 1683120596 3552 338 3667 3648 3584 3626 3626 3594 4065 4065 4064 4064 4064 4064 4064 4064
490 1683120596 3553 339 3668 3649 3585 3627 3628 3596 4063 4063 4063 4063 4063 4063 4063 4063
491 1683120596 3552 338 3667 3649 3585 3628 3627 3595 4065 4065 4065 4065 4065 4065 4065 4065
492 1683120596 3552 339 3668 3649 3585 3627 3627 3596 4065 4065 4064 4064 4064 4064 4064 4064
493 1683120596 3552 338 3667 3648 3584 3626 3626 3595 4063 4063 4063 4063 4063 4063 4063 4063
494 1683120596 3552 338 3668 3649 3585 3627 3627 3595 4065 4065 4065 4065 4065 4065 4065 4065
495 1683120596 3552 338 3667 3648 3584 3626 3626 3595 4065 4065 4064 4064 4064 4064 4064 4064
496 1683120597 3553 338 3668 3649 3584 3627 3626 3595 4065 4065 4064 4064 4064 4064 4064 4064
497 1683120597 3553 338 3668 3649 3585 3628 3627 3596 4065 4065 4065 4065 4065 4065 4065 4065
498 1683120597 3551 339 3667 3648 3585 3626 3626 3595 4065 4065 4064 4064 4064 4064 4064 4064
499 1683120597 3552 338 3667 3649 3586 3628 3628 3596 4065 4065 4064 4064 4064 4064 4064 4064
500 1683120597 3552 339 3668 3649 3586 3628 3627 3596 4063 4061 4061 4061 4061 4061 4061 4061
501 1683120597 3553 338 3668 3650 3586 3628 3628 3595 4065 4065 4064 4064 4064 4064 4064 4064
502 1683120597 3554 339 3668 3650 3586 3628 3628 3596 4065 4065 4064 4064 4064 4064 4064 4064
503 1683120597 3552 338 3668 3649 3585 3627 3627 3595 4065 4065 4064 4064 4064 4064 4064 4064
504 1683120597 3551 338 3667 3648 3585 3627 3626 3595 4065 4065 4064 4064 4064 4064 4064 4064
505 1683120597 3553 338 3668 3649 3585 3628 3628 3596 4065 4065 4064 4064 4064 4064 4064 4064
506 1683120597 3553 338 3668 3649 3586 3628 3628 3596 4065 4065 4064 4064 4064 4064 4064 4064
507 1683120597 3553 338 3667 3649 3585 3627 3627 3595 4063 4063 4063 4063 4063 4063 4063 4063
508 1683120597 3552 339 3666 3648 3585 3627 3627 3595 4065 4065 4065 4065 4065 4065 4065 4065
509 1683120597 3553 338 3669 3650 3586 3628 3628 3597 4065 4065 4064 4064 4064 4064 4064 4064
510 1683120597 3553 338 3668 3649 3585 3628 3628 3596 4065 4065 4065 4065 4065 4065 4065 4065
511 1683120597 3552 339 3667 3649 3585 3628 3627 3596 4063 4063 4063 4063 4063 4063 4063 4063
512 1683120597 3553 339 3668 3650 3585 3627 3627 3595 4065 4065 4064 4064 4064 4064 4064 4064
513 1683120597 3553 338 3668 3650 3585 3628 3628 3596 4063 4063 4063 4063 4063 4063 4063 4063
514 1683120597 3552 338 3668 3649 3585 3627 3627 3596 4063 4063 4063 4063 4063 4063 4063 4063
515 1683120597 3553 339 3667 3649 3585 3628 3627 3596 4065 4063 4063 4063 4063 4063 4063 4063
516 1683120597 3553 339 3668 3650 3586 3628 3628 3596 4065 4065 4065 4065 4065 4065 4065 4065
517 1683120597 3553 338 3667 3649 3585 3628 3628 3596 4065 4063 4063 4063 4063 4063 4063 4063
518 1683120597 3553 339 3668 3649 3585 3628 3627 3596 4065 4065 4064 4064 4064 4064 4064 4064
519 1683120597 3552 339 3668 3649 3586 3628 3628 3596 4063 4063 4063 4063 4063 4063 4063 4063
520 1683120597 3552 339 3668 3650 3586 3627 3627 3595 4065 4065 4064 4064 4064 4064 4064 4064
521 1683120597 3552 338 3668 3649 3585 3628 3627 3596 4065 4065 4064 4064 4064 4064 4064 4064
522 1683120597 3553 341 3668 3649 3585 3628 3628 3596 4065 4065 4064 4064 4064 4064 4064 4064
523 1683120597 3552 340 3667 3648 3585 3627 3627 3595 4063 4063 4063 4063 4063 4063 4063 4063
524 1683120597 3553 339 3666 3649 3585 3628 3628 3596 4065 4065 4065 4065 4065 4065 4065 4065
525 1683120597 3552 339 3665 3649 3585 3627 3627 3595 4065 4065 4064 4064 4064 4064 4064 4064
526 1683120597 3553 339 3668 3649 3585 3628 3627 3596 4065 4065 4064 4064 4064 4064 4064 4064
527 1683120597 3553 338 3668 3650 3585 3628 3628 3596 4063 4063 4063 4063 4063 4063 4063 4063
528 1683120597 3553 339 3668 3649 3585 3628 3628 3596 4063 4063 4063 4063 4063 4063 4063 4063
529 1683120597 3553 339 3668 3649 3585 3627 3627 3596 4065 4065 4064 4064 4064 4064 4064 4064
530 1683120597 3553 339 3668 3649 3585 3628 3628 3596 4063 4063 4063 4063 4063 4063 4063 4063
531 1683120597 3554 339 3669 3650 3587 3628 3628 1708 4063 4063 4063 4063 4063 4063 4063 4063
532 1683120597 3553 339 3668 3650 3585 3627 3627 3595 4065 4065 4064 4064 4064 4064 4064 4064
533 1683120597 3553 339 3668 3649 3586 3628 3628 3596 4063 4063 4063 4063 4063 4063 4063 4063
534 1683120597 3552 339 3667 3649 3585 3627 3628 3595 4065 4065 4064 4064 4064 4064 4064 4064
535 1683120597 3553 339 3668 3649 3585 3627 3627 3595 4065 4065 4064 4064 4064 4064 4064 4064
536 1683120597 3553 339 3668 3649 3585 3628 3627 3596 4065 4065 4064 4064 4064 4064 4064 4064
537 1683120597 3553 338 3668 3649 3586 3628 3627 3596 4065 4065 4064 4064 4064 4064 4064 4064
538 1683120597 3552 339 3667 3648 3584 3627 3627 3595 4065 4065 4064 4064 4064 4064 4064 4064
539 1683120597 3552 339 3667 3649 3585 3627 3628 3596 4063 4063 4062 4062 4062 4062 4062 4062
540 1683120597 3553 339 3669 3650 3586 3628 3628 3596 4063 4063 4063 4063 4063 4063 4063 4063
541 1683120597 3553 339 3668 3649 3585 3628 3627 3596 4063 4063 4063 4063 4063 4063 4063 4063
542 1683120597 3553 339 3668 3649 3586 3628 3628 3596 4065 4065 4064 4064 4064 4064 4064 4064
543 1683120597 3553 338 3669 3650 3585 3628 3628 3596 4065 4065 4065 4065 4065 4065 4065 4065
544 1683120597 3553 339 3668 3650 3586 3628 3628 3596 4063 4063 4063 4063 4063 4063 4063 4063
545 1683120597 3552 339 3667 3649 3585 3628 3628 3596 4063 4063 4063 4063 4063 4063 4063 4063
546 1683120597 3554 339 3668 3650 3586 3629 3628 3596 4065 4065 4064 4064 4064 4064 4064 4064
547 1683120597 3552 339 3667 3649 3585 3627 3627 3595 4063 4063 4062 4062 4062 4062 4062 4062
548 1683120597 3551 339 3666 3648 3584 3626 3626 3594 4065 4065 4064 4064 4064 4064 4064 4064
549 1683120597 3552 339 3667 3649 3585 3627 3627 3596 4065 4065 4064 4064 4064 4064 4064 4064
550 1683120597 3553 339 3668 3650 3586 3628 3628 3596 4065 4065 4064 4064 4064 4064 4064 4064
551 1683120597 3552 339 3667 3648 3584 3626 3626 3595 4065 4065 4065 4065 4065 4065 4065 4065
552 1683120597 3552 339 3667 3649 3585 3628 3628 3596 4063 4063 4063 4063 4063 4063 4063 4063
553 1683120597 3552 339 3667 3649 3585 3627 3627 3595 4065 4065 4064 4064 4064 4064 4064 4064
554 1683120597 3553 339 3668 3649 3585 3628 3628 3596 4063 4063 4063 4063 4063 4063 4063 4063
555 1683120597 3554 340 3669 3650 3586 3629 3629 3597 4063 4063 4063 4063 4063 4063 4063 4063
556 1683120597 3552 339 3668 3649 3585 3627 3627 3595 4065 4065 4064 4064 4064 4064 4064 4064
557 1683120597 3553 339 3669 3650 3586 3628 3628 3597 4063 4063 4063 4063 4063 4063 4063 4063
558 1683120597 3553 339 3668 3649 3586 3628 3628 3596 4063 4063 4063 4063 4063 4063 4063 4063
559 1683120597 3552 339 3667 3649 3585 3627 3627 3595 4065 4065 4064 4064 4064 4064 4064 4064
560 1683120597 3551 339 3666 3648 3584 3626 3626 3594 4063 4063 4063 4063 4063 4063 4063 4063
561 1683120597 3554 339 3669 3650 3586 3628 3629 3597 4065 4063 4063 4063 4063 4063 4063 4063
562 1683120597 3553 339 3668 3650 3586 3628 3628 3596 4063 4063 4062 4062 4062 4062 4062 4062
563 1683120597 3554 339 3668 3649 3586 3628 3628 3596 4065 4065 4064 4064 4064 4064 4064 4064
564 1683120598 3553 339 3668 3649 3586 3628 3628 3596 4063 4063 4063 4063 4063 4063 4063 4063
565 1683120598 3552 339 3668 3650 3586 3628 3627 3595 4065 4065 4064 4064 4064 4064 4064 4064
566 1683120598 3553 339 3668 3650 3586 3628 3628 3596 4065 4065 4064 4064 4064 4064 4064 4064
567 1683120598 3554 339 3669 3651 3587 3628 3629 3596 4065 4065 4065 4065 4065 4065 4065 4065
568 1683120598 3553 339 3668 3650 3586 3628 3628 3596 4065 4063 4063 4063 4063 4063 4063 4063
569 1683120598 3553 339 3669 3650 3586 3628 3629 3597 4065 4065 4064 4064 4064 4064 4064 4064
570 1683120598 3553 339 3668 3650 3586 3628 3628 3596 4063 4063 4063 4063 4063 4063 4063 4063
571 1683120598 3553 339 3668 3650 3585 3628 3627 3596 4065 4065 4064 4064 4064 4064 4064 4064
572 1683120598 3552 339 3668 3649 3585 3627 3627 3595 4065 4065 4064 4064 4064 4064 4064 4064
573 1683120598 3552 339 3667 3649 3585 3627 3628 3595 4067 4065 4065 4065 4065 4065 4065 4065
574 1683120598 3554 339 3668 3650 3586 3628 3628 3596 4063 4063 4063 4063 4063 4063 4063 4063
575 1683120598 3553 339 3669 3650 3586 3628 3628 3596 4063 4063 4063 4063 4063 4063 4063 4063
576 1683120598 3554 339 3669 3650 3586 3629 3629 3597 4063 4063 4063 4063 4063 4063 4063 4063
577 1683120598 3553 340 3668 3649 3586 3629 3629 3597 4065 4065 4064 4064 4064 4064 4064 4064
578 1683120598 3553 339 3668 3649 3586 3628 3628 3596 4063 4063 4063 4063 4063 4063 4063 4063
579 1683120598 3552 340 3667 3649 3585 3627 3628 3595 4065 4065 4064 4064 4064 4064 4064 4064
580 1683120598 3553 339 3668 3650 3586 3628 3628 3596 4063 4063 4063 4063 4063 4063 4063 4063
581 1683120598 3553 339 3669 3650 3586 3628 3628 3596 4063 4063 4063 4063 4063 4063 4063 4063
582 1683120598 3554 339 3668 3650 3587 3629 3629 3597 4065 4065 4064 4064 4064 4064 4064 4064
583 1683120598 3553 339 3667 3649 3585 3628 3627 3596 4067 4065 4065 4065 4065 4065 4065 4065
584 1683120598 3552 339 3668 3650 3585 3628 3628 3596 4065 4065 4064 4064 4064 4064 4064 4064
585 1683120598 3553 339 3669 3650 3586 3628 3628 3596 4063 4063 4063 4063 4063 4063 4063 4063
586 1683120598 3553 339 3668 3649 3585 3627 3627 3596 4065 4065 4064 4064 4064 4064 4064 4064
587 1683120598 3553 340 3667 3650 3586 3628 3628 3596 4065 4065 4064 4064 4064 4064 4064 4064
588 1683120598 3554 339 3668 3650 3586 3628 3628 3596 4065 4065 4065 4065 4065 4065 4065 4065
589 1683120598 3554 339 3668 3650 3586 3628 3628 3596 4063 4063 4063 4063 4063 4063 4063 4063
590 1683120598 3553 339 3668 3649 3585 3628 3628 3596 4065 4065 4064 4064 4064 4064 4064 4064
591 1683120598 3554 339 3669 3650 3586 3628 3628 3596 4063 4063 4063 4063 4063 4063 4063 4063
592 1683120598 3553 339 3668 3650 3586 3628 3628 3596 4065 4065 4064 4064 4064 4064 4064 4064
593 1683120598 3553 340 3668 3650 3586 3628 3628 3597 4065 4065 4065 4065 4065 4065 4065 4065
594 1683120598 3553 339 3668 3649 3586 3628 3627 3596 4063 4063 4063 4063 4063 4063 4063 4063
595 1683120598 3553 340 3669 3650 3587 3629 3629 3597 4065 4065 4064 4064 4064 4064 4064 4064
596 1683120598 268 337 3671 3653 3588 3631 3631 1588 4065 4065 4064 4064 4064 4064 4064 4064
597 1683120598 3553 339 3667 3649 3585 3627 3627 3595 4065 4065 4064 4064 4064 4064 4064 4064
598 1683120598 3553 339 3668 3649 3586 3628 3628 3596 4065 4065 4064 4064 4064 4064 4064 4064
599 1683120598 3553 340 3668 3650 3586 3629 3628 3596 4063 4061 4061 4061 4061 4061 4061 4061
600 1683120598 3553 339 3668 3650 3586 3628 3628 3596 4065 4065 4064 4064 4064 4064 4064 4064
601 1683120598 3553 339 3668 3650 3586 3629 3629 3597 4067 4065 4065 4065 4065 4065 4065 4065
602 1683120598 3553 339 3668 3650 3586 3628 3628 3596 4065 4063 4063 4063 4063 4063 4063 4063
603 1683120598 3553 340 3669 3650 3586 3628 3628 3597 4063 4063 4063 4063 4063 4063 4063 4063
604 1683120598 3553 339 3669 3650 3586 3628 3628 3596 4065 4065 4064 4064 4064 4064 4064 4064
605 1683120598 3554 339 3669 3649 3586 3628 3628 3597 4063 4063 4063 4063 4063 4063 4063 4063
606 1683120598 3554 339 3669 3651 3586 3629 3628 3597 4065 4065 4064 4064 4064 4064 4064 4064
607 1683120598 3551 338 3666 3647 3584 3626 3627 3595 4063 4063 4063 4063 4063 4063 4063 4063
608 1683120598 3550 337 3665 3647 3583 3625 3625 3593 4065 4065 4065 4065 4065 4065 4065 4065
609 1683120598 3552 338 3667 3648 3585 3627 3626 3595 4065 4065 4064 4064 4064 4064 4064 4064
610 1683120598 3551 338 3666 3647 3583 3626 3626 3594 4065 4065 4064 4064 4064 4064 4064 4064
611 1683120598 3551 338 3667 3647 3583 3626 3626 3594 4065 4065 4065 4065 4065 4065 4065 4065
612 1683120598 3552 337 3667 3648 3584 3626 3626 3594 4065 4065 4064 4064 4064 4064 4064 4064
613 1683120598 3551 337 3667 3648 3584 3626 3626 3594 4065 4065 4064 4064 4064 4064 4064 4064
614 1683120598 3551 338 3667 3648 3584 3626 3626 3594 4063 4063 4063 4063 4063 4063 4063 4063
615 1683120598 3551 337 3666 3648 3584 3626 3625 3594 4065 4065 4064 4064 4064 4064 4064 4064
616 1683120598 3553 337 3668 3649 3585 3627 3627 3595 4065 4065 4064 4064 4064 4064 4064 4064
617 1683120598 3551 338 3667 3648 3584 3626 3626 3594 4065 4065 4064 4064 4064 4064 4064 4064
618 1683120598 3552 338 3667 3648 3584 3626 3626 3594 4065 4065 4064 4064 4064 4064 4064 4064
619 1683120598 3551 338 3667 3648 3584 3626 3626 3594 4063 4061 4061 4061 4061 4061 4061 4061
620 1683120598 3553 337 3668 3649 3585 3627 3627 3595 4065 4065 4065 4065 4065 4065 4065 4065
621 1683120598 3552 338 3667 3648 3584 3626 3626 3594 4063 4063 4063 4063 4063 4063 4063 4063
622 1683120598 3552 337 3667 3648 3584 3626 3626 3595 4065 4065 4064 4064 4064 4064 4064 4064
623 1683120598 3552 338 3667 3648 3584 3627 3626 3594 4063 4063 4063 4063 4063 4063 4063 4063
624 1683120598 3551 338 3666 3648 3584 3627 3626 3594 4065 4065 4064 4064 4064 4064 4064 4064
625 1683120598 3552 338 3667 3648 3584 3626 3626 3594 4065 4063 4063 4063 4063 4063 4063 4063
626 1683120598 3551 337 3666 3649 3584 3626 3626 3594 4065 4065 4064 4064 4064 4064 4064 4064
627 1683120598 3550 338 3665 3647 3583 3625 3626 3594 4065 4065 4064 4064 4064 4064 4064 4064
628 1683120598 3552 337 3668 3649 3585 3627 3627 3595 4065 4065 4064 4064 4064 4064 4064 4064
629 1683120598 3551 338 3666 3648 3584 3626 3625 3594 4063 4063 4063 4063 4063 4063 4063 4063
630 1683120598 3552 338 3667 3649 3585 3627 3627 3595 4065 4065 4064 4064 4064 4064 4064 4064
631 1683120598 3552 338 3667 3648 3584 3626 3626 3595 4065 4065 4064 4064 4064 4064 4064 4064
632 1683120598 3552 337 3667 3648 3584 3626 3626 3594 4063 4063 4063 4063 4063 4063 4063 4063
633 1683120598 3552 338 3667 3648 3584 3626 3626 3594 4063 4063 4063 4063 4063 4063 4063 4063
634 1683120598 3551 337 3667 3649 3584 3627 3626 3595 4065 4065 4064 4064 4064 4064 4064 4064
635 1683120598 3551 338 3666 3648 3584 3626 3626 3594 4065 4065 4064 4064 4064 4064 4064 4064
636 1683120598 3552 338 3666 3648 3584 3626 3626 3594 4065 4065 4064 4064 4064 4064 4064 4064
637 1683120598 3552 338 3667 3648 3584 3627 3626 3595 4063 4063 4063 4063 4063 4063 4063 4063
638 1683120598 3551 338 3666 3647 3584 3626 3626 3594 4065 4065 4064 4064 4064 4064 4064 4064
639 1683120598 3551 338 3667 3648 3584 3627 3626 3595 4065 4065 4064 4064 4064 4064 4064 4064
640 1683120598 3552 337 3666 3648 3585 3626 3626 3594 4063 4063 4063 4063 4063 4063 4063 4063
641 1683120598 3552 338 3667 3649 3585 3627 3627 3595 4065 4065 4064 4064 4064 4064 4064 4064
642 1683120598 3552 337 3667 3648 3584 3626 3626 3594 4065 4065 4064 4064 4064 4064 4064 4064
643 1683120598 3552 338 3667 3649 3585 3627 3627 3596 4065 4065 4064 4064 4064 4064 4064 4064
644 1683120599 3552 338 3668 3649 3585 3627 3627 3595 4065 4065 4064 4064 4064 4064 4064 4064
645 1683120599 3553 338 3668 3649 3585 3627 3628 3596 4065 4065 4064 4064 4064 4064 4064 4064
646 1683120599 3552 337 3667 3648 3584 3626 3626 3595 4065 4065 4065 4065 4065 4065 4065 4065
647 1683120599 3552 338 3667 3649 3584 3627 3626 3595 4063 4063 4063 4063 4063 4063 4063 4063
648 1683120599 3552 337 3667 3649 3585 3627 3627 3595 4065 4065 4064 4064 4064 4064 4064 4064
649 1683120599 3552 338 3668 3648 3585 3627 3627 3595 4063 4063 4063 4063 4063 4063 4063 4063
650 1683120599 3552 337 3667 3649 3585 3627 3627 3594 4065 4065 4064 4064 4064 4064 4064 4064
651 1683120599 3551 338 3667 3648 3584 3627 3627 3595 4063 4063 4063 4063 4063 4063 4063 4063
652 1683120599 3551 339 3666 3648 3584 3627 3627 3595 4065 4065 4064 4064 4064 4064 4064 4064
653 1683120599 3552 338 3667 3649 3585 3628 3627 3595 4063 4063 4063 4063 4063 4063 4063 4063
654 1683120599 3552 338 3667 3648 3584 3627 3626 3595 4063 4063 4063 4063 4063 4063 4063 4063
655 1683120599 3551 338 3666 3648 3584 3626 3626 3594 4065 4065 4064 4064 4064 4064 4064 4064
656 1683120599 3552 338 3667 3648 3584 3627 3626 3594 4065 4065 4065 4065 4065 4065 4065 4065
657 1683120599 3552 338 3667 3648 3585 3627 3627 3595 4065 4065 4064 4064 4064 4064 4064 4064
658 1683120599 3552 337 3668 3649 3585 3627 3627 3595 4063 4063 4063 4063 4063 4063 4063 4063
659 1683120599 3551 338 3666 3647 3584 3626 3626 3594 4065 4063 4063 4063 4063 4063 4063 4063
660 1683120599 3552 338 3667 3649 3584 3627 3627 3595 4065 4065 4064 4064 4064 4064 4064 4064
661 1683120599 3552 338 3667 3648 3584 3626 3626 3594 4065 4065 4064 4064 4064 4064 4064 4064
662 1683120599 3551 338 3666 3647 3583 3625 3626 3594 4065 4065 4064 4064 4064 4064 4064 4064
663 1683120599 3552 337 3667 3648 3584 3626 3626 3594 4063 4063 4063 4063 4063 4063 4063 4063
664 1683120599 3552 338 3667 3648 3585 3627 3626 3595 4065 4065 4064 4064 4064 4064 4064 4064
665 1683120599 3552 338 3667 3649 3584 3627 3627 3595 4065 4065 4064 4064 4064 4064 4064 4064
666 1683120599 3552 338 3667 3648 3584 3626 3626 3594 4065 4065 4064 4064 4064 4064 4064 4064
667 1683120599 3552 338 3667 3648 3584 3627 3627 3595 4063 4063 4063 4063 4063 4063 4063 4063
668 1683120599 3551 338 3666 3648 3584 3626 3626 3595 4063 4063 4063 4063 4063 4063 4063 4063
669 1683120599 3552 338 3667 3648 3585 3627 3627 3595 4063 4063 4063 4063 4063 4063 4063 4063
670 1683120599 3552 337 3667 3649 3585 3627 3627 3595 4063 4063 4063 4063 4063 4063 4063 4063
671 1683120599 3552 337 3667 3649 3585 3627 3627 3595 4063 4063 4063 4063 4063 4063 4063 4063
672 1683120599 3551 338 3666 3648 3584 3626 3626 3594 4065 4065 4064 4064 4064 4064 4064 4064
673 1683120599 3553 338 3667 3649 3585 3627 3627 3595 4065 4065 4064 4064 4064 4064 4064 4064
674 1683120599 3551 338 3667 3648 3584 3627 3626 3594 4063 4063 4063 4063 4063 4063 4063 4063
675 1683120599 3552 338 3667 3648 3584 3627 3626 3595 4065 4065 4064 4064 4064 4064 4064 4064
676 1683120599 3551 339 3666 3648 3584 3626 3627 3594 4063 4063 4063 4063 4063 4063 4063 4063
677 1683120599 3552 338 3667 3648 3584 3626 3626 3594 4065 4065 4065 4065 4065 4065 4065 4065
678 1683120599 3552 338 3667 3648 3585 3627 3627 3595 4063 4063 4063 4063 4063 4063 4063 4063
679 1683120599 3552 338 3667 3648 3584 3627 3627 3596 4063 4063 4063 4063 4063 4063 4063 4063
680 1683120599 3551 338 3666 3648 3584 3626 3626 3594 4063 4063 4063 4063 4063 4063 4063 4063
681 1683120599 3551 338 3667 3648 3584 3627 3626 3595 4063 4063 4062 4062 4062 4062 4062 4062
682 1683120599 3552 338 3667 3649 3584 3627 3627 3595 4065 4065 4064 4064 4064 4064 4064 4064
683 1683120599 3552 338 3667 3648 3584 3626 3626 3594 4065 4065 4065 4065 4065 4065 4065 4065
684 1683120599 3552 339 3666 3648 3585 3627 3627 3595 4065 4065 4064 4064 4064 4064 4064 4064
685 1683120599 3551 338 3666 3648 3584 3626 3626 3594 4065 4065 4064 4064 4064 4064 4064 4064
686 1683120599 3552 338 3667 3648 3585 3627 3627 3595 4063 4063 4063 4063 4063 4063 4063 4063
687 1683120599 3552 337 3667 3648 3585 3627 3626 3595 4065 4065 4065 4065 4065 4065 4065 4065
688 1683120599 3552 338 3666 3648 3584 3626 3627 3594 4065 4065 4064 4064 4064 4064 4064 4064
689 1683120599 3553 338 3667 3649 3585 3628 3627 3595 4065 4065 4064 4064 4064 4064 4064 4064
690 1683120599 3552 339 3667 3648 3584 3627 3627 3595 4065 4065 4064 4064 4064 4064 4064 4064
691 1683120599 3553 338 3668 3650 3586 3628 3628 3596 4065 4065 4064 4064 4064 4064 4064 4064
692 1683120599 3551 338 3666 3648 3584 3627 3626 3595 4065 4065 4064 4064 4064 4064 4064 4064
693 1683120599 3553 338 3667 3649 3585 3627 3627 3596 4065 4065 4064 4064 4064 4064 4064 4064
694 1683120599 3552 338 3667 3649 3585 3627 3627 3595 4065 4065 4064 4064 4064 4064 4064 4064
695 1683120599 3552 338 3667 3649 3585 3627 3627 3595 4065 4065 4064 4064 4064 4064 4064 4064
696 1683120599 3552 338 3668 3649 3585 3627 3627 3596 4065 4065 4064 4064 4064 4064 4064 4064
697 1683120599 3552 338 3668 3649 3585 3627 3627 3595 4065 4065 4064 4064 4064 4064 4064 4064
698 1683120599 3552 338 3667 3648 3585 3627 3627 3595 4065 4065 4064 4064 4064 4064 4064 4064
699 1683120599 3553 337 3667 3649 3586 3628 3627 3596 4065 4065 4064 4064 4064 4064 4064 4064
700 1683120599 3551 339 3667 3648 3585 3627 3627 3595 4065 4063 4063 4063 4063 4063 4063 4063
701 1683120599 3552 338 3668 3648 3585 3627 3627 3595 4065 4063 4063 4063 4063 4063 4063 4063
702 1683120599 3552 338 3667 3649 3585 3627 3627 3595 4065 4065 4064 4064 4064 4064 4064 4064
703 1683120599 3553 338 3668 3649 3586 3628 3628 3596 4065 4065 4064 4064 4064 4064 4064 4064
704 1683120599 3553 338 3668 3649 3585 3627 3627 3595 4063 4063 4063 4063 4063 4063 4063 4063
705 1683120599 3552 338 3667 3649 3585 3627 3627 3595 4063 4063 4063 4063 4063 4063 4063 4063
706 1683120599 3553 338 3668 3649 3586 3629 3628 3596 4065 4065 4065 4065 4065 4065 4065 4065
707 1683120599 3552 338 3667 3648 3585 3627 3627 3595 4063 4063 4063 4063 4063 4063 4063 4063
708 1683120599 3553 339 3668 3650 3586 3627 3627 3595 4065 4065 4064 4064 4064 4064 4064 4064
709 1683120607 3551 338 3666 3647 3584 3626 3626 3594 4063 4063 4063 4063 4063 4063 4063 4063
710 1683120607 3550 338 3665 3647 3583 3625 3625 3593 4063 4063 4063 4063 4063 4063 4063 4063
711 1683120607 3550 339 3666 3647 3583 3626 3626 3594 4063 4063 4063 4063 4063 4063 4063 4063
712 1683120607 3551 338 3666 3647 3584 3626 3626 3594 4065 4063 4063 4063 4063 4063 4063 4063
713 1683120607 3551 339 3666 3648 3583 3626 3626 3595 4065 4065 4065 4065 4065 4065 4065 4065
714 1683120607 3552 340 3667 3648 3584 3627 3626 3595 4065 4065 4064 4064 4064 4064 4064 4064
715 1683120607 3552 339 3666 3648 3584 3626 3625 3594 4065 4065 4064 4064 4064 4064 4064 4064
716 1683120607 3551 338 3665 3648 3584 3626 3626 3594 4063 4063 4062 4062 4062 4062 4062 4062
717 1683120607 3552 338 3668 3649 3585 3627 3627 3595 4063 4063 4062 4062 4062 4062 4062 4062
718 1683120607 3552 338 3667 3648 3584 3627 3627 3595 4063 4063 4063 4063 4063 4063 4063 4063
719 1683120607 3551 338 3666 3648 3583 3625 3626 3594 4065 4065 4064 4064 4064 4064 4064 4064
720 1683120607 3551 338 3666 3647 3584 3626 3626 3594 4063 4063 4063 4063 4063 4063 4063 4063
721 1683120607 3551 339 3665 3647 3583 3626 3626 3594 4065 4065 4064 4064 4064 4064 4064 4064
722 1683120615 3552 339 3666 3648 3585 3627 3627 3595 4065 4065 4064 4064 4064 4064 4064 4064
723 1683120615 3551 338 3665 3647 3583 3625 3625 3594 4063 4063 4063 4063 4063 4063 4063 4063
724 1683120615 3552 339 3668 3648 3585 3628 3627 3595 4063 4063 4063 4063 4063 4063 4063 4063
725 1683120615 3553 338 3668 3649 3585 3628 3628 3596 4065 4065 4065 4065 4065 4065 4065 4065
726 1683120615 3553 339 3668 3649 3586 3628 3627 3596 4065 4065 4064 4064 4064 4064 4064 4064
727 1683120615 3552 338 3667 3649 3585 3627 3628 3595 4065 4065 4064 4064 4064 4064 4064 4064
728 1683120615 3553 339 3668 3649 3585 3627 3627 3596 4063 4063 4063 4063 4063 4063 4063 4063
729 1683120615 3553 338 3667 3649 3585 3627 3627 3596 4063 4063 4063 4063 4063 4063 4063 4063
730 1683120615 3552 339 3668 3649 3585 3627 3627 3595 4065 4065 4064 4064 4064 4064 4064 4064
731 1683120615 3552 339 3665 3648 3584 3626 3626 3595 4065 4065 4064 4064 4064 4064 4064 4064
732 1683120615 3552 339 3668 3649 3585 3627 3628 3595 4063 4063 4063 4063 4063 4063 4063 4063
733 1683120615 3553 338 3668 3649 3585 3628 3628 3596 4063 4063 4063 4063 4063 4063 4063 4063
734 1683120615 3553 339 3668 3649 3585 3628 3627 3596 4065 4065 4064 4064 4064 4064 4064 4064
735 1683120615 3553 338 3668 3650 3585 3627 3628 3596 4065 4065 4064 4064 4064 4064 4064 4064
736 1683120615 3553 338 3668 3650 3586 3628 3628 3596 4063 4063 4063 4063 4063 4063 4063 4063
737 1683120615 3553 338 3669 3650 3586 3628 3628 3596 4065 4065 4064 4064 4064 4064 4064 4064
738 1683120615 3553 339 3668 3650 3586 3628 3628 3596 4065 4063 4063 4063 4063 4063 4063 4063
739 1683120615 3552 338 3667 3649 3585 3627 3627 3596 4065 4065 4065 4065 4065 4065 4065 4065
740 1683120615 3553 339 3667 3648 3585 3627 3627 3595 4065 4063 4063 4063 4063 4063 4063 4063
741 1683120615 3553 339 3669 3651 3586 3629 3628 3596 4065 4065 4064 4064 4064 4064 4064 4064
742 1683120615 3553 338 3668 3650 3586 3628 3628 3596 4063 4063 4063 4063 4063 4063 4063 4063
743 1683120615 3552 338 3668 3649 3585 3627 3627 3596 4065 4065 4064 4064 4064 4064 4064 4064
744 1683120616 3553 338 3668 3649 3585 3628 3628 3596 4065 4065 4064 4064 4064 4064 4064 4064
745 1683120616 3553 338 3668 3650 3586 3628 3628 3596 4065 4065 4064 4064 4064 4064 4064 4064
746 1683120616 3554 339 3669 3650 3586 3628 3628 3596 4065 4065 4064 4064 4064 4064 4064 4064
747 1683120616 3553 338 3668 3649 3585 3628 3628 3596 4065 4065 4064 4064 4064 4064 4064 4064
748 1683120616 3553 338 3669 3650 3586 3628 3628 3596 4063 4063 4063 4063 4063 4063 4063 4063
749 1683120616 3553 339 3668 3650 3586 3628 3628 3596 4065 4065 4064 4064 4064 4064 4064 4064
750 1683120616 3552 339 3668 3649 3585 3627 3627 3595 4065 4065 4064 4064 4064 4064 4064 4064
751 1683120616 3553 338 3668 3650 3586 3628 3628 3596 4063 4063 4063 4063 4063 4063 4063 4063
752 1683120616 3553 339 3668 3649 3586 3628 3628 3596 4065 4065 4064 4064 4064 4064 4064 4064
753 1683120616 3552 339 3667 3650 3585 3628 3628 3596 4063 4063 4063 4063 4063 4063 4063 4063
754 1683120616 3553 339 3668 3649 3586 3628 3628 3596 4065 4065 4064 4064 4064 4064 4064 4064
755 1683120616 3554 338 3669 3650 3586 3628 3628 3597 4065 4063 4063 4063 4063 4063 4063 4063
756 1683120616 3552 339 3667 3649 3584 3627 3627 3595 4063 4063 4063 4063 4063 4063 4063 4063
757 1683120616 3553 338 3668 3650 3586 3628 3628 3596 4067 4065 4065 4065 4065 4065 4065 4065
758 1683120616 3552 339 3668 3649 3585 3628 3628 3595 4063 4063 4063 4063 4063 4063 4063 4063
759 1683120616 3553 338 3667 3649 3585 3627 3627 3596 4063 4061 4061 4061 4061 4061 4061 4061
760 1683120616 3553 338 3668 3649 3585 3628 3627 3596 4065 4065 4064 4064 4064 4064 4064 4064
761 1683120616 3552 339 3667 3649 3586 3628 3628 3596 4063 4063 4063 4063 4063 4063 4063 4063
762 1683120616 3553 339 3668 3650 3586 3628 3628 3596 4063 4063 4063 4063 4063 4063 4063 4063
763 1683120616 3553 338 3668 3649 3585 3628 3628 3596 4063 4063 4063 4063 4063 4063 4063 4063
764 1683120616 3554 339 3669 3650 3586 3628 3628 3596 4063 4063 4063 4063 4063 4063 4063 4063
765 1683120616 3553 338 3669 3650 3586 3628 3628 3596 4065 4065 4064 4064 4064 4064 4064 4064
766 1683120616 3553 338 3669 3650 3586 3628 3628 3596 4063 4063 4063 4063 4063 4063 4063 4063
767 1683120616 3553 338 3669 3650 3586 3629 3628 3596 4065 4065 4064 4064 4064 4064 4064 4064
768 1683120616 3553 339 3669 3651 3587 3629 3629 3597 4065 4065 4064 4064 4064 4064 4064 4064
769 1683120616 3553 338 3669 3649 3585 3628 3627 3596 4063 4063 4063 4063 4063 4063 4063 4063
770 1683120616 3554 339 3670 3651 3586 3629 3629 3597 4065 4065 4064 4064 4064 4064 4064 4064
771 1683120616 3553 339 3668 3650 3585 3628 3628 3596 4065 4065 4064 4064 4064 4064 4064 4064
772 1683120616 3554 338 3668 3650 3586 3628 3627 3596 4065 4063 4063 4063 4063 4063 4063 4063
773 1683120616 3553 339 3668 3650 3586 3628 3628 3597 4065 4065 4064 4064 4064 4064 4064 4064
774 1683120616 3554 339 3670 3650 3587 3629 3629 3597 4063 4063 4063 4063 4063 4063 4063 4063
775 1683120616 3553 338 3669 3650 3586 3628 3627 3596 4063 4063 4063 4063 4063 4063 4063 4063
776 1683120616 3554 341 3668 3651 3587 3630 3629 3598 4065 4065 4064 4064 4064 4064 4064 4064
777 1683120616 3553 340 3667 3650 3586 3628 3628 3596 4063 4063 4063 4063 4063 4063 4063 4063
778 1683120616 3552 339 3666 3650 3586 3628 3628 3596 4065 4065 4064 4064 4064 4064 4064 4064
779 1683120616 3553 338 3668 3650 3586 3628 3628 3596 4063 4063 4063 4063 4063 4063 4063 4063
780 1683120616 3553 339 3668 3649 3585 3628 3628 3596 4063 4063 4063 4063 4063 4063 4063 4063
781 1683120624 3554 339 3669 3650 3586 3628 3628 3596 4065 4065 4064 4064 4064 4064 4064 4064
782 1683120624 3554 339 3669 3650 3587 3629 3629 3597 4063 4063 4063 4063 4063 4063 4063 4063
783 1683120624 3554 339 3669 3651 3587 3630 3629 3598 4063 4063 4063 4063 4063 4063 4063 4063
784 1683120624 3555 339 3671 3652 3588 3630 3630 3599 4065 4065 4064 4064 4064 4064 4064 4064
785 1683120624 3555 339 3670 3651 3588 3630 3630 3597 4065 4065 4064 4064 4064 4064 4064 4064
786 1683120624 3555 338 3670 3651 3587 3629 3630 3598 4065 4065 4064 4064 4064 4064 4064 4064
787 1683120624 3554 339 3669 3651 3586 3629 3629 3597 4065 4065 4064 4064 4064 4064 4064 4064
788 1683120624 3555 339 3670 3652 3587 3630 3630 3598 4063 4063 4063 4063 4063 4063 4063 4063
789 1683120624 3555 339 3670 3652 3588 3630 3631 3598 4065 4065 4064 4064 4064 4064 4064 4064
790 1683120624 3556 339 3671 3653 3588 3630 3631 3599 4065 4065 4064 4064 4064 4064 4064 4064
791 1683120624 3556 339 3671 3653 3589 3631 3631 3599 4065 4065 4064 4064 4064 4064 4064 4064
792 1683120624 3554 338 3670 3652 3587 3629 3629 3598 4065 4065 4064 4064 4064 4064 4064 4064
793 1683120624 3555 339 3670 3651 3587 3630 3630 3598 4065 4065 4064 4064 4064 4064 4064 4064
794 1683120624 3555 339 3670 3652 3588 3630 3630 3598 4065 4065 4064 4064 4064 4064 4064 4064
795 1683120624 3555 339 3670 3651 3588 3630 3630 3598 4065 4065 4064 4064 4064 4064 4064 4064
796 1683120624 3555 339 3671 3652 3588 3630 3630 3598 4065 4065 4064 4064 4064 4064 4064 4064
797 1683120624 3555 339 3670 3652 3588 3630 3630 3599 4063 4063 4063 4063 4063 4063 4063 4063
798 1683120624 3555 338 3670 3651 3587 3630 3629 3598 4065 4065 4064 4064 4064 4064 4064 4064
799 1683120624 3556 339 3672 3653 3589 3631 3631 3599 4061 4061 4061 4061 4061 4061 4061 4061
800 1683120624 3555 339 3670 3651 3587 3630 3630 3598 4067 4065 4065 4065 4065 4065 4065 4065
801 1683120624 3555 339 3670 3652 3588 3631 3630 3598 4067 4063 4063 4063 4063 4063 4063 4063
802 1683120624 3554 339 3669 3650 3587 3629 3629 3597 4065 4065 4064 4064 4064 4064 4064 4064
803 1683120624 3554 339 3670 3651 3587 3630 3630 3598 4065 4063 4063 4063 4063 4063 4063 4063
804 1683120624 3553 339 3669 3650 3586 3629 3628 3596 4065 4065 4065 4065 4065 4065 4065 4065
805 1683120624 3556 339 3670 3653 3588 3631 3631 3599 4065 4065 4064 4064 4064 4064 4064 4064
806 1683120624 3555 339 3669 3652 3588 3630 3630 3598 4065 4065 4064 4064 4064 4064 4064 4064
807 1683120624 3555 339 3670 3651 3588 3630 3629 3598 4065 4065 4064 4064 4064 4064 4064 4064
808 1683120624 3554 338 3669 3651 3587 3629 3629 3597 4065 4065 4064 4064 4064 4064 4064 4064
809 1683120624 3555 339 3670 3652 3588 3630 3630 3598 4065 4065 4064 4064 4064 4064 4064 4064
810 1683120624 3554 339 3669 3651 3588 3630 3630 3598 4063 4063 4062 4062 4062 4062 4062 4062
811 1683120624 3555 339 3670 3651 3588 3630 3630 3598 4065 4065 4065 4065 4065 4065 4065 4065
812 1683120624 3555 339 3670 3651 3588 3630 3630 3598 4065 4065 4064 4064 4064 4064 4064 4064
813 1683120624 3555 339 3670 3652 3588 3631 3630 3599 4065 4065 4065 4065 4065 4065 4065 4065
814 1683120624 3555 339 3670 3652 3588 3630 3630 3598 4065 4065 4064 4064 4064 4064 4064 4064
815 1683120624 3555 339 3670 3652 3587 3630 3630 3598 4065 4065 4064 4064 4064 4064 4064 4064
816 1683120624 3557 339 3672 3653 3589 3631 3631 3599 4065 4065 4064 4064 4064 4064 4064 4064
817 1683120624 3556 339 3670 3652 3588 3631 3631 3598 4065 4065 4064 4064 4064 4064 4064 4064
818 1683120624 3555 339 3670 3652 3588 3630 3629 3598 4065 4065 4064 4064 4064 4064 4064 4064
819 1683120624 3557 339 3672 3653 3589 3632 3631 3599 4063 4063 4063 4063 4063 4063 4063 4063
820 1683120624 3556 339 3671 3652 3588 3631 3631 3599 4065 4063 4063 4063 4063 4063 4063 4063
821 1683120624 3555 339 3670 3652 3589 3630 3630 3599 4065 4065 4064 4064 4064 4064 4064 4064
822 1683120624 3554 339 3669 3651 3588 3630 3629 3597 4065 4063 4063 4063 4063 4063 4063 4063
823 1683120624 3556 339 3671 3653 3589 3631 3630 3600 4065 4065 4064 4064 4064 4064 4064 4064
824 1683120624 3556 340 3671 3652 3589 3631 3631 3599 4065 4065 4065 4065 4065 4065 4065 4065
825 1683120624 3555 339 3671 3652 3588 3630 3630 3598 4065 4065 4064 4064 4064 4064 4064 4064
826 1683120624 3555 339 3670 3651 3588 3630 3630 3599 4063 4063 4063 4063 4063 4063 4063 4063
827 1683120625 3557 339 3672 3653 3589 3631 3631 3599 4065 4065 4064 4064 4064 4064 4064 4064
828 1683120625 3555 339 3671 3652 3588 3630 3630 3598 4065 4065 4064 4064 4064 4064 4064 4064
829 1683120625 3555 339 3670 3652 3588 3630 3630 3599 4065 4065 4064 4064 4064 4064 4064 4064
830 1683120625 3556 339 3672 3653 3589 3631 3631 3599 4065 4065 4064 4064 4064 4064 4064 4064
831 1683120625 3555 339 3671 3652 3588 3630 3630 3599 4065 4063 4063 4063 4063 4063 4063 4063
832 1683120625 3555 340 3671 3653 3588 3631 3630 3599 4065 4065 4064 4064 4064 4064 4064 4064
833 1683120625 3555 339 3670 3652 3587 3630 3630 3598 4065 4065 4064 4064 4064 4064 4064 4064
834 1683120625 3556 338 3671 3652 3588 3630 3630 3598 4065 4065 4064 4064 4064 4064 4064 4064
835 1683120625 3556 339 3672 3653 3589 3631 3631 3599 4063 4063 4063 4063 4063 4063 4063 4063
836 1683120625 3556 340 3671 3653 3589 3632 3632 3599 4065 4065 4064 4064 4064 4064 4064 4064
837 1683120625 3556 339 3670 3653 3589 3631 3631 3599 4065 4065 4064 4064 4064 4064 4064 4064
838 1683120625 3555 340 3669 3652 3588 3631 3631 3599 4063 4063 4063 4063 4063 4063 4063 4063
839 1683120625 3557 339 3672 3653 3588 3631 3631 3599 4065 4065 4064 4064 4064 4064 4064 4064
840 1683120625 3556 340 3671 3652 3588 3630 3630 3598 4063 4063 4063 4063 4063 4063 4063 4063
841 1683120625 3557 339 3672 3653 3589 3631 3631 3599 4065 4065 4064 4064 4064 4064 4064 4064
842 1683120625 3556 339 3671 3653 3589 3631 3631 3599 4065 4065 4064 4064 4064 4064 4064 4064
843 1683120625 3556 340 3671 3652 3589 3631 3631 3599 4065 4065 4064 4064 4064 4064 4064 4064
844 1683120625 3556 340 3671 3653 3589 3632 3632 3600 4065 4065 4064 4064 4064 4064 4064 4064
845 1683120625 3555 339 3672 3653 3589 3631 3630 3599 4063 4063 4063 4063 4063 4063 4063 4063
846 1683120625 3556 339 3671 3653 3589 3631 3631 3599 4065 4065 4064 4064 4064 4064 4064 4064
847 1683120625 3557 339 3671 3653 3589 3631 3632 3600 4065 4065 4064 4064 4064 4064 4064 4064
848 1683120625 3556 340 3671 3652 3588 3631 3630 3599 4065 4065 4064 4064 4064 4064 4064 4064
849 1683120625 3556 339 3671 3653 3589 3631 3631 3599 4065 4065 4064 4064 4064 4064 4064 4064
850 1683120625 3556 339 3671 3653 3589 3631 3631 3599 4065 4063 4063 4063 4063 4063 4063 4063
851 1683120625 3557 339 3672 3653 3589 3631 3632 3600 4063 4063 4063 4063 4063 4063 4063 4063
852 1683120625 3556 339 3671 3652 3588 3630 3630 3599 4065 4065 4064 4064 4064 4064 4064 4064
853 1683120625 3555 339 3670 3652 3588 3631 3630 3599 4067 4065 4065 4065 4065 4065 4065 4065
854 1683120625 3556 339 3671 3652 3589 3630 3630 3598 4067 4065 4065 4065 4065 4065 4065 4065
855 1683120625 3556 339 3672 3652 3589 3631 3631 3599 4063 4063 4063 4063 4063 4063 4063 4063
856 1683120625 3557 339 3671 3653 3589 3632 3632 3600 4063 4063 4063 4063 4063 4063 4063 4063
857 1683120625 3556 339 3671 3653 3589 3631 3630 3599 4063 4063 4063 4063 4063 4063 4063 4063
858 1683120625 3555 340 3671 3653 3588 3631 3631 3598 4065 4065 4064 4064 4064 4064 4064 4064
859 1683120625 3556 339 3671 3652 3588 3630 3630 3599 4065 4065 4064 4064 4064 4064 4064 4064
860 1683120625 3554 337 3670 3651 3587 3629 3629 3597 4063 4063 4063 4063 4063 4063 4063 4063
861 1683120625 3554 338 3669 3650 3587 3629 3628 3597 4065 4065 4064 4064 4064 4064 4064 4064
862 1683120633 3555 338 3671 3652 3588 3631 3631 3599 4065 4065 4064 4064 4064 4064 4064 4064
863 1683120633 3556 337 3671 3653 3589 3632 3631 3599 4065 4065 4064 4064 4064 4064 4064 4064
864 1683120633 309 336 3670 3652 3588 3631 3630 3598 4065 4065 4065 4065 4065 4065 4065 4065
865 1683120633 3555 337 3671 3653 3589 3631 3631 3599 4065 4065 4064 4064 4064 4064 4064 4064
866 1683120633 3557 338 3672 3653 3589 3632 3632 3600 4063 4063 4063 4063 4063 4063 4063 4063
867 1683120633 3556 338 3671 3653 3589 3631 3631 3599 4063 4063 4063 4063 4063 4063 4063 4063
868 1683120633 3556 338 3670 3653 3589 3631 3631 3599 4063 4063 4063 4063 4063 4063 4063 4063
869 1683120633 3556 337 3671 3653 3589 3631 3630 3599 4065 4065 4065 4065 4065 4065 4065 4065
870 1683120633 3556 337 3672 3653 3589 3632 3631 3600 4063 4063 4063 4063 4063 4063 4063 4063
871 1683120633 3556 338 3671 3653 3588 3631 3631 3599 4063 4063 4063 4063 4063 4063 4063 4063
872 1683120633 3556 337 3672 3653 3590 3632 3632 3599 4065 4065 4064 4064 4064 4064 4064 4064
873 1683120633 3556 338 3671 3652 3588 3631 3630 3599 4063 4063 4063 4063 4063 4063 4063 4063
874 1683120633 3557 337 3672 3654 3590 3632 3632 3600 4065 4065 4064 4064 4064 4064 4064 4064
875 1683120633 3556 338 3671 3652 3588 3631 3630 3599 4063 4063 4063 4063 4063 4063 4063 4063
876 1683120633 3557 338 3672 3654 3590 3632 3632 3599 4065 4065 4065 4065 4065 4065 4065 4065
877 1683120633 3556 338 3672 3653 3589 3631 3632 3599 4063 4063 4063 4063 4063 4063 4063 4063
878 1683120633 3557 338 3672 3653 3590 3633 3632 3600 4065 4065 4064 4064 4064 4064 4064 4064
879 1683120633 3556 337 3671 3653 3589 3632 3631 3599 4065 4065 4064 4064 4064 4064 4064 4064
880 1683120633 3556 338 3672 3653 3588 3631 3631 3599 4065 4063 4063 4063 4063 4063 4063 4063
881 1683120633 3557 338 3673 3654 3590 3632 3632 3600 4065 4065 4064 4064 4064 4064 4064 4064
882 1683120633 3556 337 3671 3652 3588 3631 3631 3599 4065 4065 4064 4064 4064 4064 4064 4064
883 1683120633 3557 338 3671 3654 3590 3632 3632 3600 4065 4065 4064 4064 4064 4064 4064 4064
884 1683120633 3556 338 3672 3653 3589 3631 3631 3599 4065 4065 4064 4064 4064 4064 4064 4064
885 1683120633 3557 338 3673 3654 3589 3631 3631 3599 4065 4065 4064 4064 4064 4064 4064 4064
886 1683120633 3557 338 3672 3653 3589 3632 3632 3600 4065 4065 4064 4064 4064 4064 4064 4064
887 1683120633 3557 337 3672 3654 3589 3631 3631 3600 4065 4065 4064 4064 4064 4064 4064 4064
888 1683120633 3558 338 3673 3654 3590 3632 3633 3600 4065 4065 4064 4064 4064 4064 4064 4064
889 1683120633 3557 338 3672 3654 3590 3632 3631 3599 4063 4063 4063 4063 4063 4063 4063 4063
890 1683120633 3557 338 3672 3654 3590 3632 3631 3599 4065 4065 4064 4064 4064 4064 4064 4064
891 1683120633 3557 338 3672 3654 3590 3631 3631 3600 4065 4065 4064 4064 4064 4064 4064 4064
892 1683120633 3557 337 3673 3654 3590 3632 3632 3600 4065 4065 4064 4064 4064 4064 4064 4064
893 1683120633 3556 338 3671 3653 3589 3631 3631 3599 4063 4063 4063 4063 4063 4063 4063 4063
894 1683120633 3557 338 3672 3654 3590 3632 3631 3599 4065 4065 4064 4064 4064 4064 4064 4064
895 1683120633 3559 338 3675 3656 3592 3635 3635 3602 4063 4063 4063 4063 4063 4063 4063 4063
896 1683120633 3557 337 3672 3652 3588 3631 3630 3599 4063 4063 4063 4063 4063 4063 4063 4063
897 1683120633 3556 338 3672 3653 3589 3631 3630 3598 4065 4065 4064 4064 4064 4064 4064 4064
898 1683120633 3557 338 3672 3653 3589 3632 3631 3599 4065 4065 4064 4064 4064 4064 4064 4064
899 1683120633 3557 338 3671 3653 3589 3632 3631 3600 4065 4065 4065 4065 4065 4065 4065 4065
900 1683120633 3557 338 3670 3653 3589 3632 3631 3600 4065 4065 4065 4065 4065 4065 4065 4065
901 1683120633 3557 338 3673 3654 3590 3633 3632 3600 4065 4065 4064 4064 4064 4064 4064 4064
902 1683120633 3556 337 3672 3653 3589 3631 3631 3599 4065 4065 4064 4064 4064 4064 4064 4064
903 1683120633 3556 338 3672 3653 3589 3632 3631 3600 4065 4065 4064 4064 4064 4064 4064 4064
904 1683120633 3556 339 3672 3653 3589 3632 3632 3600 4063 4063 4063 4063 4063 4063 4063 4063
905 1683120633 3557 338 3672 3654 3589 3632 3632 3599 4063 4063 4063 4063 4063 4063 4063 4063
906 1683120633 3557 338 3672 3654 3590 3633 3632 3600 4065 4065 4065 4065 4065 4065 4065 4065
907 1683120633 3557 338 3672 3654 3590 3632 3632 3600 4063 4063 4063 4063 4063 4063 4063 4063
908 1683120633 3557 338 3673 3654 3590 3632 3632 3600 4065 4065 4064 4064 4064 4064 4064 4064
909 1683120633 3557 338 3673 3654 3590 3632 3633 3600 4065 4065 4065 4065 4065 4065 4065 4065
910 1683120633 3556 338 3672 3653 3589 3632 3631 3600 4065 4065 4064 4064 4064 4064 4064 4064
911 1683120633 3557 338 3673 3654 3589 3632 3632 3600 4065 4065 4065 4065 4065 4065 4065 4065
912 1683120633 3558 338 3674 3655 3591 3633 3632 3600 4065 4065 4065 4065 4065 4065 4065 4065
913 1683120633 3557 338 3673 3654 3590 3633 3632 3601 4063 4063 4062 4062 4062 4062 4062 4062
914 1683120633 3557 338 3672 3653 3590 3632 3632 3599 4065 4065 4064 4064 4064 4064 4064 4064
915 1683120634 3556 338 3671 3653 3589 3632 3631 3600 4063 4063 4063 4063 4063 4063 4063 4063
916 1683120634 3557 338 3672 3654 3589 3632 3632 3600 4065 4065 4065 4065 4065 4065 4065 4065
917 1683120634 3557 338 3672 3654 3590 3632 3631 3599 4065 4065 4065 4065 4065 4065 4065 4065
918 1683120634 3558 338 3672 3655 3590 3632 3632 3600 4063 4063 4062 4062 4062 4062 4062 4062
919 1683120634 3557 338 3672 3654 3590 3632 3632 3600 4063 4063 4063 4063 4063 4063 4063 4063
920 1683120634 3557 339 3672 3653 3590 3632 3632 3600 4063 4063 4063 4063 4063 4063 4063 4063
921 1683120634 3558 338 3673 3654 3591 3632 3632 3601 4063 4063 4063 4063 4063 4063 4063 4063
922 1683120634 3558 338 3673 3654 3590 3633 3632 3600 4065 4065 4064 4064 4064 4064 4064 4064
923 1683120634 3557 338 3673 3654 3590 3632 3632 3600 4063 4063 4063 4063 4063 4063 4063 4063
924 1683120634 3558 338 3673 3655 3591 3633 3633 3601 4065 4065 4064 4064 4064 4064 4064 4064
925 1683120634 3557 338 3673 3654 3590 3632 3632 3600 4065 4065 4064 4064 4064 4064 4064 4064
926 1683120634 3557 338 3673 3654 3590 3632 3632 3600 4065 4065 4065 4065 4065 4065 4065 4065
927 1683120634 3558 338 3673 3655 3590 3633 3633 3601 4065 4063 4063 4063 4063 4063 4063 4063
928 1683120634 3557 339 3673 3654 3590 3633 3632 3601 4065 4065 4064 4064 4064 4064 4064 4064
929 1683120634 3557 338 3672 3653 3590 3632 3632 3599 4065 4065 4064 4064 4064 4064 4064 4064
930 1683120634 3556 338 3672 3654 3590 3632 3632 3600 4063 4063 4063 4063 4063 4063 4063 4063
931 1683120634 3557 338 3671 3654 3590 3632 3631 3600 4065 4065 4064 4064 4064 4064 4064 4064
932 1683120634 3557 338 3672 3654 3590 3632 3632 3600 4065 4065 4064 4064 4064 4064 4064 4064
933 1683120634 3558 338 3673 3655 3590 3633 3633 3601 4065 4065 4064 4064 4064 4064 4064 4064
934 1683120634 3557 338 3673 3654 3590 3633 3633 3601 4065 4065 4064 4064 4064 4064 4064 4064
935 1683120634 3557 338 3672 3654 3590 3632 3632 3601 4063 4063 4063 4063 4063 4063 4063 4063
936 1683120634 3557 339 3672 3654 3590 3632 3632 3600 4065 4065 4064 4064 4064 4064 4064 4064
937 1683120634 3557 338 3672 3654 3589 3632 3632 3600 4065 4065 4064 4064 4064 4064 4064 4064
938 1683120634 3559 337 3674 3655 3591 3633 3633 3601 4065 4063 4063 4063 4063 4063 4063 4063
939 1683120634 3558 338 3673 3655 3591 3632 3633 3601 4063 4063 4062 4062 4062 4062 4062 4062
940 1683120634 3557 338 3673 3653 3590 3632 3632 3600 4063 4063 4062 4062 4062 4062 4062 4062
941 1683120634 3557 338 3673 3654 3590 3632 3631 3600 4065 4063 4063 4063 4063 4063 4063 4063
942 1683120634 3557 338 3672 3654 3590 3633 3632 3601 4065 4065 4064 4064 4064 4064 4064 4064
943 1683120634 3556 338 3672 3654 3590 3632 3632 3600 4065 4065 4064 4064 4064 4064 4064 4064
944 1683120634 3556 339 3672 3653 3589 3632 3631 3599 4065 4065 4064 4064 4064 4064 4064 4064
945 1683120634 3558 338 3672 3654 3590 3632 3632 3600 4065 4065 4065 4065 4065 4065 4065 4065
946 1683120634 3558 338 3673 3655 3590 3633 3632 3600 4065 4065 4065 4065 4065 4065 4065 4065
947 1683120634 3558 338 3673 3655 3590 3632 3632 3601 4065 4065 4064 4064 4064 4064 4064 4064
948 1683120634 3557 338 3672 3654 3590 3632 3632 3600 4063 4063 4063 4063 4063 4063 4063 4063
949 1683120634 3558 338 3673 3655 3590 3633 3633 3601 4065 4065 4064 4064 4064 4064 4064 4064
950 1683120634 3558 337 3673 3654 3590 3633 3632 3601 4063 4063 4063 4063 4063 4063 4063 4063
951 1683120634 3557 338 3672 3654 3590 3632 3632 3600 4063 4063 4063 4063 4063 4063 4063 4063
952 1683120634 3558 339 3673 3654 3590 3632 3632 3600 4065 4065 4064 4064 4064 4064 4064 4064
953 1683120634 3558 338 3673 3654 3590 3632 3632 3600 4065 4065 4064 4064 4064 4064 4064 4064
954 1683120634 3558 338 3673 3654 3590 3633 3632 3601 4065 4065 4064 4064 4064 4064 4064 4064
955 1683120634 3558 338 3673 3655 3591 3633 3633 3601 4067 4065 4065 4065 4065 4065 4065 4065
956 1683120634 3557 338 3673 3654 3590 3632 3632 3600 4063 4063 4063 4063 4063 4063 4063 4063
957 1683120634 3557 338 3673 3654 3590 3632 3631 3600 4065 4065 4064 4064 4064 4064 4064 4064
958 1683120634 3557 339 3672 3654 3590 3632 3632 3601 4065 4065 4064 4064 4064 4064 4064 4064
959 1683120634 3558 339 3673 3655 3591 3632 3633 3600 4065 4065 4064 4064 4064 4064 4064 4064
960 1683120634 3557 339 3673 3654 3590 3632 3632 3600 4065 4065 4064 4064 4064 4064 4064 4064
961 1683120634 3558 338 3673 3654 3590 3633 3633 3601 4063 4063 4063 4063 4063 4063 4063 4063
962 1683120634 3557 338 3672 3654 3590 3632 3632 3600 4065 4065 4064 4064 4064 4064 4064 4064
963 1683120634 3557 338 3671 3654 3590 3632 3632 3600 4063 4063 4063 4063 4063 4063 4063 4063
964 1683120634 3558 338 3672 3654 3590 3632 3632 3600 4065 4065 4065 4065 4065 4065 4065 4065
965 1683120634 3557 338 3673 3654 3590 3632 3632 3600 4063 4063 4063 4063 4063 4063 4063 4063
966 1683120634 3557 338 3672 3654 3590 3633 3632 3601 4063 4063 4063 4063 4063 4063 4063 4063
967 1683120634 3558 340 3673 3655 3591 3632 3633 3601 4065 4065 4064 4064 4064 4064 4064 4064
968 1683120634 3556 339 3672 3654 3590 3632 3632 3600 4067 4065 4065 4065 4065 4065 4065 4065
969 1683120634 3558 338 3673 3655 3591 3633 3633 3601 4063 4063 4063 4063 4063 4063 4063 4063
970 1683120634 3558 338 3673 3655 3590 3632 3633 3601 4065 4065 4064 4064 4064 4064 4064 4064
971 1683120634 3558 338 3673 3654 3590 3633 3633 3601 4065 4065 4064 4064 4064 4064 4064 4064
972 1683120634 3558 338 3673 3655 3591 3632 3632 3600 4065 4065 4064 4064 4064 4064 4064 4064
973 1683120634 3557 338 3673 3654 3590 3633 3633 3601 4065 4065 4064 4064 4064 4064 4064 4064
974 1683120634 3558 338 3672 3654 3590 3632 3632 3600 4063 4063 4063 4063 4063 4063 4063 4063
975 1683120634 3557 338 3673 3655 3591 3633 3632 3601 4065 4065 4064 4064 4064 4064 4064 4064
976 1683120634 3557 339 3672 3654 3590 3632 3632 3600 4065 4065 4064 4064 4064 4064 4064 4064
977 1683120634 3558 338 3673 3655 3591 3633 3633 3601 4065 4065 4065 4065 4065 4065 4065 4065
978 1683120634 3557 338 3672 3653 3589 3631 3631 3600 4065 4065 4064 4064 4064 4064 4064 4064
979 1683120634 3557 339 3673 3654 3591 3633 3632 3600 4063 4063 4063 4063 4063 4063 4063 4063
980 1683120634 3557 339 3672 3654 3589 3631 3632 3600 4065 4063 4063 4063 4063 4063 4063 4063
981 1683120634 3558 338 3673 3655 3590 3633 3633 3601 4063 4063 4063 4063 4063 4063 4063 4063
982 1683120634 3558 339 3673 3655 3591 3633 3633 3601 4065 4065 4064 4064 4064 4064 4064 4064
983 1683120634 3557 339 3672 3653 3590 3632 3632 3600 4063 4063 4063 4063 4063 4063 4063 4063
984 1683120634 3557 339 3673 3654 3590 3632 3632 3600 4065 4065 4064 4064 4064 4064 4064 4064
985 1683120634 3557 338 3672 3653 3590 3631 3631 3600 4063 4063 4062 4062 4062 4062 4062 4062
986 1683120634 3558 338 3673 3654 3591 3633 3633 3601 4065 4065 4064 4064 4064 4064 4064 4064
987 1683120634 3557 338 3673 3654 3590 3633 3633 3601 4065 4065 4064 4064 4064 4064 4064 4064
988 1683120635 3557 338 3673 3654 3590 3632 3632 3600 4063 4063 4063 4063 4063 4063 4063 4063
989 1683120635 3557 338 3672 3654 3590 3632 3632 3600 4065 4065 4064 4064 4064 4064 4064 4064
990 1683120635 3558 338 3672 3654 3590 3632 3631 3599 4065 4065 4065 4065 4065 4065 4065 4065
991 1683120635 3557 338 3673 3654 3590 3633 3632 3600 4065 4065 4064 4064 4064 4064 4064 4064
992 1683120635 3557 339 3673 3654 3590 3632 3632 3600 4065 4063 4063 4063 4063 4063 4063 4063
993 1683120635 3557 338 3672 3653 3590 3632 3632 3600 4065 4065 4064 4064 4064 4064 4064 4064
994 1683120635 3557 339 3672 3654 3590 3633 3633 3601 4067 4065 4065 4065 4065 4065 4065 4065
995 1683120635 3557 338 3671 3653 3590 3632 3632 3599 4065 4065 4064 4064 4064 4064 4064 4064
996 1683120635 3557 339 3673 3655 3591 3633 3633 3601 4065 4065 4064 4064 4064 4064 4064 4064
997 1683120635 3557 338 3673 3654 3590 3633 3632 3601 4065 4065 4064 4064 4064 4064 4064 4064
998 1683120635 3557 339 3673 3654 3591 3633 3633 3601 4065 4065 4064 4064 4064 4064 4064 4064
999 1683120635 3557 339 3673 3654 3590 3633 3633 3601 4065 4065 4064 4064 4064 4064 4064 4064
1000 1683120635 3558 339 3673 3654 3590 3632 3632 3600 4063 4063 4063 4063 4063 4063 4063 4063
