1 1683121532 3561 465 3676 3658 3594 3636 3636 3605 4065 4063 4063 4063 4063 4063 4063 4063
2 1683121532 3561 464 3677 3658 3594 3637 3637 3604 4063 4063 4063 4063 4063 4063 4063 4063
3 1683121532 3561 464 3677 3658 3595 3637 3637 3606 4065 4063 4063 4063 4063 4063 4063 4063
4 1683121532 3561 464 3677 3658 3594 3637 3637 3605 4065 4065 4064 4064 4064 4064 4064 4064
5 1683121532 3560 464 3676 3657 3594 3636 3635 3604 4063 4063 4063 4063 4063 4063 4063 4063
6 1683121532 3562 464 3677 3659 3595 3638 3637 3605 4065 4063 4063 4063 4063 4063 4063 4063
7 1683121532 3562 464 3677 3659 3594 3637 3636 3605 4063 4063 4063 4063 4063 4063 4063 4063
8 1683121532 3562 464 3677 3659 3594 3637 3637 3606 4065 4065 4064 4064 4064 4064 4064 4064
9 1683121532 3562 465 3677 3658 3594 3637 3637 3605 4065 4065 4064 4064 4064 4064 4064 4064
10 1683121532 3563 464 3678 3659 3595 3638 3637 3606 4065 4065 4064 4064 4064 4064 4064 4064
11 1683121532 3561 465 3677 3658 3595 3637 3637 3605 4065 4065 4064 4064 4064 4064 4064 4064
12 1683121532 3562 464 3677 3658 3594 3637 3637 3605 4065 4065 4064 4064 4064 4064 4064 4064
13 1683121532 3561 464 3676 3658 3595 3637 3637 3605 4063 4063 4063 4063 4063 4063 4063 4063
14 1683121532 3562 465 3677 3659 3594 3637 3637 3605 4065 4065 4064 4064 4064 4064 4064 4064
15 1683121532 3561 465 3677 3658 3594 3637 3637 3605 4065 4065 4064 4064 4064 4064 4064 4064
16 1683121532 3562 464 3678 3659 3595 3638 3638 3606 4063 4063 4063 4063 4063 4063 4063 4063
17 1683121532 3561 465 3676 3657 3594 3636 3636 3605 4065 4065 4064 4064 4064 4064 4064 4064
18 1683121532 3562 464 3677 3658 3594 3636 3637 3605 4065 4065 4064 4064 4064 4064 4064 4064
19 1683121532 3562 464 3677 3659 3595 3637 3637 3605 4065 4065 4064 4064 4064 4064 4064 4064
20 1683121532 3562 464 3677 3660 3596 3638 3638 3606 4065 4065 4064 4064 4064 4064 4064 4064
21 1683121532 3562 464 3678 3659 3595 3637 3637 3605 4063 4063 4063 4063 4063 4063 4063 4063
22 1683121532 3562 464 3677 3659 3595 3637 3637 3605 4065 4065 4064 4064 4064 4064 4064 4064
23 1683121532 3561 465 3677 3658 3595 3637 3637 3605 4065 4065 4065 4065 4065 4065 4065 4065
24 1683121532 3562 465 3677 3659 3595 3638 3637 3606 4065 4065 4064 4064 4064 4064 4064 4064
25 1683121532 3562 465 3678 3659 3595 3638 3638 3606 4063 4063 4063 4063 4063 4063 4063 4063
26 1683121532 3562 464 3678 3660 3595 3638 3638 3606 4065 4065 4064 4064 4064 4064 4064 4064
27 1683121532 3562 465 3677 3658 3594 3637 3637 3605 4063 4063 4063 4063 4063 4063 4063 4063
28 1683121532 3562 465 3677 3659 3595 3637 3637 3605 4065 4064 4064 4064 4064 4064 4064 4064
29 1683121532 3561 464 3676 3658 3594 3637 3637 3605 4065 4063 4063 4063 4063 4063 4063 4063
30 1683121532 3561 464 3677 3659 3595 3637 3637 3605 4065 4065 4064 4064 4064 4064 4064 4064
31 1683121532 3562 464 3678 3660 3595 3638 3638 3606 4065 4063 4063 4063 4063 4063 4063 4063
32 1683121532 3563 464 3678 3659 3595 3638 3637 3606 4065 4065 4064 4064 4064 4064 4064 4064
33 1683121532 3561 464 3677 3659 3594 3637 3637 3605 4065 4065 4064 4064 4064 4064 4064 4064
34 1683121532 3562 464 3678 3659 3595 3638 3638 3606 4065 4063 4063 4063 4063 4063 4063 4063
35 1683121532 3563 464 3678 3659 3595 3638 3637 3605 4065 4065 4064 4064 4064 4064 4064 4064
36 1683121532 3563 464 3677 3660 3595 3637 3637 3606 4065 4065 4064 4064 4064 4064 4064 4064
37 1683121532 3562 465 3678 3659 3595 3638 3637 3606 4065 4065 4064 4064 4064 4064 4064 4064
38 1683121533 3562 465 3677 3659 3595 3637 3638 3606 4065 4064 4064 4064 4064 4064 4064 4064
39 1683121533 3562 465 3678 3659 3594 3637 3637 3605 4065 4065 4064 4064 4064 4064 4064 4064
40 1683121533 3562 464 3678 3659 3595 3637 3638 3606 4065 4065 4065 4065 4065 4065 4065 4065
41 1683121533 3562 465 3678 3658 3594 3637 3637 3605 4065 4065 4065 4065 4065 4065 4065 4065
42 1683121533 3562 464 3678 3659 3595 3638 3638 3606 4065 4065 4064 4064 4064 4064 4064 4064
43 1683121533 3563 465 3678 3659 3595 3637 3638 3606 4065 4065 4065 4065 4065 4065 4065 4065
44 1683121533 3562 464 3677 3659 3595 3638 3637 3606 4065 4065 4064 4064 4064 4064 4064 4064
45 1683121533 3562 464 3676 3659 3595 3638 3637 3605 4065 4065 4064 4064 4064 4064 4064 4064
46 1683121533 3562 464 3677 3659 3595 3637 3637 3605 4065 4065 4064 4064 4064 4064 4064 4064
47 1683121533 3563 464 3678 3659 3595 3638 3638 3606 4065 4065 4065 4065 4065 4065 4065 4065
48 1683121533 3562 464 3678 3659 3595 3638 3638 3606 4065 4065 4064 4064 4064 4064 4064 4064
49 1683121533 3562 465 3678 3659 3595 3637 3638 3606 4067 4065 4065 4065 4065 4065 4065 4065
50 1683121533 3562 464 3678 3659 3595 3638 3638 3606 4065 4063 4063 4063 4063 4063 4063 4063
51 1683121533 3563 464 3678 3661 3596 3639 3639 3607 4063 4063 4063 4063 4063 4063 4063 4063
52 1683121533 3562 465 3678 3659 3595 3638 3638 3606 4065 4065 4064 4064 4064 4064 4064 4064
53 1683121533 3563 465 3678 3660 3596 3638 3638 3606 4065 4065 4065 4065 4065 4065 4065 4065
54 1683121533 3562 464 3678 3660 3595 3638 3638 3605 4065 4065 4064 4064 4064 4064 4064 4064
55 1683121533 3563 465 3678 3660 3596 3638 3638 3606 4063 4061 4061 4061 4061 4061 4061 4061
56 1683121533 3561 466 3677 3658 3594 3637 3636 3605 4065 4065 4064 4064 4064 4064 4064 4064
57 1683121533 3562 465 3678 3659 3595 3638 3637 3605 4065 4065 4065 4065 4065 4065 4065 4065
58 1683121533 3562 464 3677 3659 3595 3637 3637 3605 4065 4065 4064 4064 4064 4064 4064 4064
59 1683121533 3563 465 3679 3661 3597 3639 3639 3607 4065 4065 4065 4065 4065 4065 4065 4065
60 1683121533 3563 464 3677 3659 3596 3638 3638 3606 4065 4065 4065 4065 4065 4065 4065 4065
61 1683121533 3563 464 3678 3659 3595 3637 3637 3605 4065 4065 4064 4064 4064 4064 4064 4064
62 1683121533 3563 464 3679 3660 3596 3638 3638 3607 4065 4064 4064 4064 4064 4064 4064 4064
63 1683121533 3562 465 3678 3659 3595 3638 3637 3606 4065 4065 4064 4064 4064 4064 4064 4064
64 1683121533 3563 464 3678 3659 3596 3638 3638 3606 4063 4063 4063 4063 4063 4063 4063 4063
65 1683121533 3564 465 3678 3660 3596 3639 3639 3607 4063 4063 4063 4063 4063 4063 4063 4063
66 1683121533 3563 465 3678 3660 3596 3638 3638 3606 4065 4065 4065 4065 4065 4065 4065 4065
67 1683121533 3563 465 3679 3660 3596 3639 3639 3607 4065 4065 4064 4064 4064 4064 4064 4064
68 1683121533 3562 465 3677 3660 3596 3638 3638 3606 4065 4065 4064 4064 4064 4064 4064 4064
69 1683121533 3562 465 3677 3659 3595 3637 3637 3605 4063 4063 4063 4063 4063 4063 4063 4063
70 1683121533 3563 464 3679 3660 3596 3638 3638 3607 4065 4065 4064 4064 4064 4064 4064 4064
71 1683121533 3563 465 3679 3661 3596 3639 3639 3607 4065 4065 4064 4064 4064 4064 4064 4064
72 1683121533 3563 465 3678 3659 3595 3638 3637 3606 4065 4065 4064 4064 4064 4064 4064 4064
73 1683121533 3563 465 3678 3660 3595 3638 3637 3606 4065 4064 4064 4064 4064 4064 4064 4064
74 1683121533 3563 464 3679 3660 3596 3639 3639 3607 4065 4065 4064 4064 4064 4064 4064 4064
75 1683121533 3563 465 3678 3660 3595 3638 3638 3607 4065 4065 4065 4065 4065 4065 4065 4065
76 1683121533 3563 465 3677 3660 3595 3638 3639 3607 4065 4064 4064 4064 4064 4064 4064 4064
77 1683121533 3562 465 3676 3659 3595 3637 3637 3605 4065 4065 4064 4064 4064 4064 4064 4064
78 1683121533 3563 465 3678 3660 3596 3638 3638 3607 4065 4065 4064 4064 4064 4064 4064 4064
79 1683121533 3563 465 3678 3660 3596 3639 3639 3607 4063 4063 4063 4063 4063 4063 4063 4063
80 1683121533 3563 466 3678 3660 3596 3639 3639 3607 4063 4063 4063 4063 4063 4063 4063 4063
81 1683121533 3564 465 3679 3660 3596 3639 3639 3607 4065 4065 4064 4064 4064 4064 4064 4064
82 1683121533 3563 464 3679 3659 3595 3638 3638 3606 4063 4063 4063 4063 4063 4063 4063 4063
83 1683121533 3562 465 3678 3659 3595 3638 3638 3606 4065 4065 4065 4065 4065 4065 4065 4065
84 1683121533 3561 465 3677 3658 3594 3637 3637 3605 4065 4065 4064 4064 4064 4064 4064 4064
85 1683121533 3563 465 3678 3661 3596 3639 3639 3607 4065 4065 4065 4065 4065 4065 4065 4065
86 1683121533 3563 464 3679 3660 3596 3639 3639 3607 4067 4065 4065 4065 4065 4065 4065 4065
87 1683121533 3564 464 3679 3660 3596 3639 3639 3607 4065 4065 4064 4064 4064 4064 4064 4064
88 1683121533 3564 464 3679 3660 3596 3638 3638 3606 4067 4065 4065 4065 4065 4065 4065 4065
89 1683121533 3563 465 3678 3659 3596 3638 3638 3606 4063 4063 4062 4062 4062 4062 4062 4062
90 1683121533 3563 465 3679 3660 3596 3638 3638 3606 4063 4063 4063 4063 4063 4063 4063 4063
91 1683121533 3563 465 3678 3660 3596 3638 3638 3606 4067 4065 4065 4065 4065 4065 4065 4065
92 1683121533 3562 465 3677 3659 3595 3637 3637 3605 4065 4065 4064 4064 4064 4064 4064 4064
93 1683121533 3562 465 3678 3659 3596 3638 3638 3606 4065 4065 4065 4065 4065 4065 4065 4065
94 1683121533 3563 465 3679 3661 3597 3639 3639 3607 4065 4065 4064 4064 4064 4064 4064 4064
95 1683121533 3562 465 3678 3659 3595 3637 3637 3606 4065 4065 4064 4064 4064 4064 4064 4064
96 1683121533 3563 465 3679 3659 3595 3638 3638 3606 4065 4065 4064 4064 4064 4064 4064 4064
97 1683121533 3563 465 3678 3660 3596 3638 3638 3606 4065 4065 4064 4064 4064 4064 4064 4064
98 1683121533 3562 465 3678 3660 3596 3638 3638 3607 4063 4063 4063 4063 4063 4063 4063 4063
99 1683121533 3563 465 3679 3660 3596 3638 3638 3607 4065 4065 4064 4064 4064 4064 4064 4064
100 1683121533 3564 465 3679 3661 3596 3639 3639 3606 4063 4063 4063 4063 4063 4063 4063 4063
101 1683121533 3563 465 3678 3660 3596 3639 3638 3607 4065 4065 4064 4064 4064 4064 4064 4064
102 1683121533 3563 465 3678 3659 3595 3638 3638 3606 4065 4065 4064 4064 4064 4064 4064 4064
103 1683121533 3562 465 3678 3659 3595 3637 3638 3606 4065 4065 4064 4064 4064 4064 4064 4064
104 1683121533 3563 466 3679 3660 3596 3638 3638 3606 4065 4065 4064 4064 4064 4064 4064 4064
105 1683121533 3563 465 3679 3661 3596 3638 3638 3606 4065 4065 4064 4064 4064 4064 4064 4064
106 1683121541 3561 465 3677 3658 3594 3637 3636 3605 4065 4065 4064 4064 4064 4064 4064 4064
107 1683121541 3563 464 3677 3660 3596 3639 3639 3607 4065 4065 4064 4064 4064 4064 4064 4064
108 1683121541 3563 465 3678 3659 3596 3638 3638 3606 4065 4065 4065 4065 4065 4065 4065 4065
109 1683121541 3562 465 3677 3659 3594 3637 3637 3605 4067 4065 4065 4065 4065 4065 4065 4065
110 1683121541 3561 465 3677 3659 3594 3637 3637 3605 4063 4063 4063 4063 4063 4063 4063 4063
111 1683121541 3562 464 3677 3659 3595 3637 3637 3605 4063 4063 4063 4063 4063 4063 4063 4063
112 1683121541 3562 465 3677 3659 3595 3637 3637 3605 4065 4064 4064 4064 4064 4064 4064 4064
113 1683121541 3563 464 3678 3660 3596 3638 3638 3606 4065 4065 4064 4064 4064 4064 4064 4064
114 1683121541 3563 465 3679 3660 3596 3639 3639 3607 4065 4065 4065 4065 4065 4065 4065 4065
115 1683121541 3563 465 3679 3660 3596 3638 3638 3606 4065 4065 4064 4064 4064 4064 4064 4064
116 1683121541 3563 465 3678 3659 3595 3637 3638 3606 4063 4063 4063 4063 4063 4063 4063 4063
117 1683121541 3562 465 3678 3659 3596 3638 3638 3606 4065 4065 4064 4064 4064 4064 4064 4064
118 1683121541 3562 465 3678 3659 3596 3638 3638 3606 4065 4065 4064 4064 4064 4064 4064 4064
119 1683121541 3563 466 3679 3660 3596 3638 3638 3606 4063 4063 4063 4063 4063 4063 4063 4063
120 1683121541 3562 465 3678 3659 3595 3637 3637 3606 4065 4065 4064 4064 4064 4064 4064 4064
121 1683121541 3561 465 3677 3659 3594 3637 3637 3606 4065 4065 4064 4064 4064 4064 4064 4064
122 1683121541 3562 465 3678 3659 3595 3638 3638 3606 4063 4063 4063 4063 4063 4063 4063 4063
123 1683121541 3562 465 3677 3659 3595 3637 3637 3605 4065 4065 4064 4064 4064 4064 4064 4064
124 1683121542 3562 465 3678 3659 3595 3637 3637 3605 4065 4065 4064 4064 4064 4064 4064 4064
125 1683121542 3563 465 3679 3660 3596 3639 3639 3607 4063 4063 4063 4063 4063 4063 4063 4063
126 1683121542 3562 465 3678 3659 3595 3638 3637 3606 4065 4065 4065 4065 4065 4065 4065 4065
127 1683121542 3562 466 3678 3659 3596 3638 3638 3606 4065 4065 4064 4064 4064 4064 4064 4064
128 1683121542 3562 465 3676 3659 3595 3637 3637 3605 4063 4063 4063 4063 4063 4063 4063 4063
129 1683121542 3563 465 3679 3660 3596 3638 3638 3607 4063 4063 4063 4063 4063 4063 4063 4063
130 1683121542 3563 465 3678 3659 3595 3639 3638 3606 4065 4064 4064 4064 4064 4064 4064 4064
131 1683121542 3563 465 3678 3660 3596 3638 3638 3606 4065 4065 4065 4065 4065 4065 4065 4065
132 1683121542 3563 465 3679 3660 3596 3638 3638 3606 4065 4065 4064 4064 4064 4064 4064 4064
133 1683121542 3563 465 3678 3659 3595 3638 3637 3606 4065 4065 4064 4064 4064 4064 4064 4064
134 1683121542 3564 465 3680 3661 3597 3639 3639 3607 4065 4065 4064 4064 4064 4064 4064 4064
135 1683121542 3561 466 3677 3659 3594 3637 3637 3605 4065 4065 4064 4064 4064 4064 4064 4064
136 1683121542 3563 465 3678 3660 3596 3638 3638 3606 4063 4063 4063 4063 4063 4063 4063 4063
137 1683121542 3561 464 3677 3657 3594 3636 3636 3604 4063 4063 4063 4063 4063 4063 4063 4063
138 1683121542 3562 463 3677 3659 3594 3637 3637 3605 4065 4064 4064 4064 4064 4064 4064 4064
139 1683121542 3561 463 3676 3658 3594 3636 3636 3605 4065 4065 4064 4064 4064 4064 4064 4064
140 1683121542 3561 463 3676 3657 3594 3636 3637 3605 4065 4065 4064 4064 4064 4064 4064 4064
141 1683121542 3560 464 3675 3657 3593 3636 3636 3604 4063 4063 4063 4063 4063 4063 4063 4063
142 1683121542 3561 463 3676 3657 3594 3636 3636 3604 4065 4065 4064 4064 4064 4064 4064 4064
143 1683121542 3561 463 3677 3657 3594 3636 3636 3603 4061 4061 4061 4061 4061 4061 4061 4061
144 1683121542 3561 465 3676 3658 3594 3636 3636 3604 4063 4063 4063 4063 4063 4063 4063 4063
145 1683121542 3561 464 3677 3658 3594 3637 3636 3604 4065 4065 4064 4064 4064 4064 4064 4064
146 1683121542 3560 464 3676 3657 3594 3636 3636 3604 4065 4065 4064 4064 4064 4064 4064 4064
147 1683121542 3562 463 3677 3659 3594 3637 3637 3605 4065 4065 4064 4064 4064 4064 4064 4064
148 1683121542 3560 463 3676 3657 3593 3635 3635 3604 4065 4065 4064 4064 4064 4064 4064 4064
149 1683121542 3560 464 3676 3657 3593 3636 3635 3604 4065 4065 4065 4065 4065 4065 4065 4065
150 1683121542 3561 464 3676 3657 3593 3635 3636 3604 4065 4065 4064 4064 4064 4064 4064 4064
151 1683121542 3561 464 3676 3658 3594 3636 3636 3604 4065 4065 4064 4064 4064 4064 4064 4064
152 1683121542 3561 464 3677 3658 3594 3637 3637 3605 4065 4065 4065 4065 4065 4065 4065 4065
153 1683121542 3561 464 3677 3658 3594 3636 3636 3604 4065 4065 4064 4064 4064 4064 4064 4064
154 1683121542 3562 463 3678 3659 3595 3637 3637 3605 4065 4065 4064 4064 4064 4064 4064 4064
155 1683121542 3562 463 3677 3659 3594 3638 3637 3606 4063 4063 4063 4063 4063 4063 4063 4063
156 1683121542 3562 464 3677 3659 3595 3637 3637 3606 4065 4065 4065 4065 4065 4065 4065 4065
157 1683121542 3561 464 3677 3658 3594 3636 3636 3604 4063 4063 4063 4063 4063 4063 4063 4063
158 1683121542 3562 463 3678 3659 3595 3637 3637 3605 4065 4065 4065 4065 4065 4065 4065 4065
159 1683121542 3562 464 3677 3659 3594 3637 3637 3605 4065 4065 4064 4064 4064 4064 4064 4064
160 1683121542 3561 463 3676 3658 3594 3636 3636 3604 4063 4063 4063 4063 4063 4063 4063 4063
161 1683121542 3561 464 3677 3658 3594 3637 3637 3605 4063 4063 4063 4063 4063 4063 4063 4063
162 1683121542 3562 463 3678 3659 3595 3637 3637 3606 4065 4063 4063 4063 4063 4063 4063 4063
163 1683121542 3561 463 3677 3658 3594 3637 3636 3605 4065 4065 4064 4064 4064 4064 4064 4064
164 1683121542 3562 463 3677 3659 3595 3637 3637 3606 4065 4065 4065 4065 4065 4065 4065 4065
165 1683121542 3561 464 3677 3658 3594 3637 3636 3605 4063 4063 4063 4063 4063 4063 4063 4063
166 1683121542 3561 464 3677 3658 3594 3637 3637 3605 4065 4065 4064 4064 4064 4064 4064 4064
167 1683121542 3561 464 3676 3658 3594 3637 3636 3605 4063 4063 4063 4063 4063 4063 4063 4063
168 1683121542 3560 463 3676 3657 3593 3635 3635 3603 4063 4063 4063 4063 4063 4063 4063 4063
169 1683121542 3561 464 3677 3658 3594 3637 3637 3605 4065 4065 4065 4065 4065 4065 4065 4065
170 1683121542 3561 463 3677 3658 3595 3637 3637 3605 4065 4065 4064 4064 4064 4064 4064 4064
171 1683121542 3561 464 3677 3658 3594 3637 3637 3605 4065 4065 4064 4064 4064 4064 4064 4064
172 1683121542 3561 464 3676 3657 3593 3636 3636 3604 4065 4065 4065 4065 4065 4065 4065 4065
173 1683121542 3561 463 3675 3658 3594 3636 3636 3604 4065 4065 4064 4064 4064 4064 4064 4064
174 1683121542 3562 463 3678 3658 3595 3637 3637 3605 4065 4065 4064 4064 4064 4064 4064 4064
175 1683121542 3561 464 3677 3658 3594 3637 3636 3605 4063 4063 4063 4063 4063 4063 4063 4063
176 1683121542 3562 463 3677 3659 3594 3637 3637 3605 4065 4065 4064 4064 4064 4064 4064 4064
177 1683121542 3561 464 3677 3658 3594 3637 3636 3605 4065 4065 4065 4065 4065 4065 4065 4065
178 1683121542 3562 464 3678 3659 3595 3637 3637 3605 4065 4065 4064 4064 4064 4064 4064 4064
179 1683121542 3560 464 3676 3657 3593 3636 3635 3604 4065 4064 4064 4064 4064 4064 4064 4064
180 1683121542 3562 463 3678 3659 3595 3637 3637 3605 4065 4065 4064 4064 4064 4064 4064 4064
181 1683121542 3561 464 3677 3658 3595 3637 3637 3605 4065 4065 4064 4064 4064 4064 4064 4064
182 1683121542 3561 463 3677 3659 3594 3637 3636 3604 4065 4065 4064 4064 4064 4064 4064 4064
183 1683121542 3561 466 3676 3658 3593 3636 3636 3604 4065 4065 4065 4065 4065 4065 4065 4065
184 1683121542 3562 465 3677 3659 3595 3637 3637 3605 4063 4063 4063 4063 4063 4063 4063 4063
185 1683121542 3562 464 3677 3659 3595 3637 3637 3605 4065 4065 4064 4064 4064 4064 4064 4064
186 1683121542 3562 463 3677 3658 3594 3637 3637 3605 4063 4063 4063 4063 4063 4063 4063 4063
187 1683121542 3561 464 3677 3658 3594 3637 3637 3604 4065 4065 4064 4064 4064 4064 4064 4064
188 1683121542 3561 464 3676 3659 3594 3637 3637 3605 4065 4065 4064 4064 4064 4064 4064 4064
189 1683121542 3561 464 3677 3658 3595 3637 3637 3605 4065 4065 4064 4064 4064 4064 4064 4064
190 1683121542 3561 463 3677 3658 3594 3636 3636 3604 4063 4063 4063 4063 4063 4063 4063 4063
191 1683121542 3561 464 3677 3658 3594 3637 3637 3605 4065 4065 4065 4065 4065 4065 4065 4065
192 1683121542 3561 464 3676 3658 3594 3637 3636 3605 4063 4063 4063 4063 4063 4063 4063 4063
193 1683121542 3561 464 3677 3658 3594 3637 3637 3605 4065 4065 4064 4064 4064 4064 4064 4064
194 1683121542 3561 464 3676 3658 3594 3636 3636 3604 4065 4063 4063 4063 4063 4063 4063 4063
195 1683121542 3561 463 3677 3658 3594 3637 3637 3605 4065 4065 4064 4064 4064 4064 4064 4064
196 1683121542 3562 464 3677 3658 3594 3637 3637 3605 4065 4065 4065 4065 4065 4065 4065 4065
197 1683121542 3562 464 3677 3659 3595 3637 3637 3605 4065 4065 4064 4064 4064 4064 4064 4064
198 1683121542 3564 464 3680 3662 3597 3640 3640 3608 4065 4065 4064 4064 4064 4064 4064 4064
199 1683121543 3561 464 3676 3658 3594 3636 3636 3604 4065 4065 4064 4064 4064 4064 4064 4064
200 1683121543 3562 465 3678 3659 3595 3637 3637 3605 4063 4063 4063 4063 4063 4063 4063 4063
201 1683121543 3561 464 3677 3658 3594 3637 3636 3604 4065 4065 4064 4064 4064 4064 4064 4064
202 1683121543 3561 464 3677 3658 3594 3637 3637 3605 4065 4065 4064 4064 4064 4064 4064 4064
203 1683121543 3562 464 3677 3658 3594 3637 3637 3605 4065 4065 4064 4064 4064 4064 4064 4064
204 1683121543 3561 464 3676 3657 3594 3636 3636 3605 4065 4065 4065 4065 4065 4065 4065 4065
205 1683121543 3561 464 3676 3658 3594 3636 3636 3604 4065 4065 4064 4064 4064 4064 4064 4064
206 1683121543 3562 463 3678 3659 3595 3637 3636 3605 4063 4063 4063 4063 4063 4063 4063 4063
207 1683121543 3561 464 3677 3659 3595 3637 3637 3605 4065 4065 4065 4065 4065 4065 4065 4065
208 1683121543 3561 464 3676 3657 3594 3637 3637 3605 4063 4063 4063 4063 4063 4063 4063 4063
209 1683121543 3561 464 3677 3658 3595 3637 3637 3605 4065 4065 4065 4065 4065 4065 4065 4065
210 1683121543 3562 464 3678 3659 3595 3638 3638 3606 4065 4065 4064 4064 4064 4064 4064 4064
211 1683121543 3561 464 3677 3658 3595 3637 3637 3605 4063 4063 4063 4063 4063 4063 4063 4063
212 1683121543 3562 464 3677 3659 3595 3637 3638 3605 4065 4065 4064 4064 4064 4064 4064 4064
213 1683121543 3562 464 3678 3659 3595 3638 3638 3606 4063 4063 4063 4063 4063 4063 4063 4063
214 1683121543 3561 464 3677 3659 3595 3637 3637 3605 4065 4065 4064 4064 4064 4064 4064 4064
215 1683121543 3562 463 3677 3659 3594 3637 3637 3605 4065 4065 4064 4064 4064 4064 4064 4064
216 1683121543 3563 463 3678 3659 3594 3637 3637 3605 4065 4065 4064 4064 4064 4064 4064 4064
217 1683121543 3562 464 3677 3659 3595 3637 3637 3605 4065 4065 4065 4065 4065 4065 4065 4065
218 1683121543 3562 463 3677 3659 3595 3637 3637 3605 4065 4065 4064 4064 4064 4064 4064 4064
219 1683121543 3562 464 3677 3659 3595 3637 3637 3606 4063 4063 4063 4063 4063 4063 4063 4063
220 1683121543 3562 464 3678 3659 3595 3637 3638 3605 4065 4065 4064 4064 4064 4064 4064 4064
221 1683121543 3561 464 3677 3658 3594 3636 3636 3605 4063 4063 4063 4063 4063 4063 4063 4063
222 1683121543 3563 464 3678 3660 3596 3638 3639 3607 4065 4065 4064 4064 4064 4064 4064 4064
223 1683121543 3562 464 3677 3659 3595 3637 3637 3605 4065 4065 4064 4064 4064 4064 4064 4064
224 1683121543 3562 464 3678 3659 3595 3637 3637 3605 4063 4063 4063 4063 4063 4063 4063 4063
225 1683121543 3562 464 3678 3659 3595 3637 3637 3605 4065 4063 4063 4063 4063 4063 4063 4063
226 1683121543 3563 464 3678 3660 3595 3638 3638 3606 4065 4065 4064 4064 4064 4064 4064 4064
227 1683121543 3561 464 3677 3658 3594 3637 3637 3606 4065 4063 4063 4063 4063 4063 4063 4063
228 1683121543 3561 464 3676 3658 3594 3636 3637 3605 4063 4063 4063 4063 4063 4063 4063 4063
229 1683121543 3562 464 3678 3659 3595 3638 3637 3605 4065 4065 4065 4065 4065 4065 4065 4065
230 1683121543 3562 464 3678 3660 3595 3638 3638 3606 4065 4065 4064 4064 4064 4064 4064 4064
231 1683121543 3562 464 3677 3659 3595 3638 3637 3605 4065 4063 4063 4063 4063 4063 4063 4063
232 1683121543 3562 464 3677 3659 3594 3637 3637 3605 4065 4065 4064 4064 4064 4064 4064 4064
233 1683121543 3561 464 3677 3658 3595 3637 3637 3605 4063 4063 4063 4063 4063 4063 4063 4063
234 1683121543 3563 464 3678 3659 3594 3637 3636 3605 4065 4065 4064 4064 4064 4064 4064 4064
235 1683121543 3562 464 3677 3658 3594 3637 3637 3605 4065 4065 4064 4064 4064 4064 4064 4064
236 1683121543 3562 464 3676 3658 3594 3637 3637 3605 4065 4065 4064 4064 4064 4064 4064 4064
237 1683121543 3562 464 3677 3659 3594 3637 3637 3605 4065 4065 4065 4065 4065 4065 4065 4065
238 1683121543 3562 464 3678 3659 3595 3638 3638 3606 4065 4065 4065 4065 4065 4065 4065 4065
239 1683121543 3562 464 3678 3660 3595 3638 3638 3606 4065 4065 4064 4064 4064 4064 4064 4064
240 1683121543 3562 464 3678 3659 3595 3637 3637 3605 4063 4063 4063 4063 4063 4063 4063 4063
241 1683121543 3562 464 3677 3659 3595 3637 3637 3605 4065 4065 4064 4064 4064 4064 4064 4064
242 1683121543 3562 464 3677 3658 3594 3637 3637 3605 4065 4065 4065 4065 4065 4065 4065 4065
243 1683121543 3562 464 3678 3659 3596 3638 3638 3606 4065 4065 4064 4064 4064 4064 4064 4064
244 1683121543 3561 465 3677 3659 3595 3637 3637 3605 4065 4065 4064 4064 4064 4064 4064 4064
245 1683121543 3561 464 3677 3658 3594 3636 3637 3604 4065 4065 4065 4065 4065 4065 4065 4065
246 1683121543 3561 464 3677 3658 3594 3637 3637 3605 4063 4063 4063 4063 4063 4063 4063 4063
247 1683121543 3562 466 3677 3658 3595 3638 3637 3606 4063 4063 4063 4063 4063 4063 4063 4063
248 1683121543 3562 465 3678 3659 3595 3638 3637 3606 4067 4065 4065 4065 4065 4065 4065 4065
249 1683121543 3562 464 3678 3659 3595 3637 3637 3605 4063 4063 4063 4063 4063 4063 4063 4063
250 1683121543 3562 464 3678 3659 3595 3637 3637 3606 4065 4065 4065 4065 4065 4065 4065 4065
251 1683121543 3562 464 3677 3659 3596 3638 3638 3606 4065 4065 4064 4064 4064 4064 4064 4064
252 1683121543 3561 464 3676 3659 3595 3637 3637 3605 4063 4063 4063 4063 4063 4063 4063 4063
253 1683121543 3551 464 3667 3649 3585 3627 3626 3595 4065 4065 4064 4064 4064 4064 4064 4064
254 1683121543 3562 465 3678 3659 3595 3637 3637 3606 4065 4065 4064 4064 4064 4064 4064 4064
255 1683121543 3562 464 3677 3659 3595 3638 3638 3606 4063 4063 4063 4063 4063 4063 4063 4063
256 1683121543 3561 465 3676 3658 3594 3637 3637 3605 4063 4063 4063 4063 4063 4063 4063 4063
257 1683121543 3562 464 3678 3659 3596 3638 3638 3606 4065 4065 4064 4064 4064 4064 4064 4064
258 1683121543 3561 464 3677 3658 3593 3636 3636 3603 4065 4065 4064 4064 4064 4064 4064 4064
259 1683121543 3562 465 3677 3658 3594 3637 3637 3605 4065 4065 4064 4064 4064 4064 4064 4064
260 1683121543 3562 465 3678 3659 3595 3637 3637 3605 4065 4065 4064 4064 4064 4064 4064 4064
261 1683121543 3562 464 3677 3659 3594 3637 3637 3605 4065 4065 4065 4065 4065 4065 4065 4065
262 1683121543 3562 464 3677 3659 3595 3637 3637 3605 4063 4063 4063 4063 4063 4063 4063 4063
263 1683121543 3562 464 3677 3659 3595 3637 3637 3606 4065 4065 4064 4064 4064 4064 4064 4064
264 1683121543 3562 464 3677 3659 3594 3637 3636 3605 4065 4065 4064 4064 4064 4064 4064 4064
265 1683121543 3563 464 3678 3659 3596 3638 3638 3606 4065 4065 4064 4064 4064 4064 4064 4064
266 1683121543 3562 464 3678 3659 3595 3638 3638 3605 4065 4065 4064 4064 4064 4064 4064 4064
267 1683121543 3562 465 3677 3659 3595 3638 3637 3606 4065 4065 4064 4064 4064 4064 4064 4064
268 1683121543 3562 464 3678 3659 3595 3638 3638 3605 4063 4063 4063 4063 4063 4063 4063 4063
269 1683121543 3561 464 3677 3658 3594 3636 3637 3605 4065 4065 4064 4064 4064 4064 4064 4064
270 1683121543 3561 464 3677 3658 3594 3637 3636 3605 4065 4065 4065 4065 4065 4065 4065 4065
271 1683121543 3562 464 3677 3659 3595 3637 3637 3605 4065 4065 4064 4064 4064 4064 4064 4064
272 1683121543 3563 465 3678 3659 3595 3638 3638 3606 4065 4065 4064 4064 4064 4064 4064 4064
273 1683121543 3562 464 3678 3659 3595 3637 3638 3605 4067 4065 4065 4065 4065 4065 4065 4065
274 1683121543 3562 464 3677 3659 3594 3637 3637 3605 4063 4063 4062 4062 4062 4062 4062 4062
275 1683121543 3563 464 3679 3660 3596 3639 3639 3607 4065 4065 4064 4064 4064 4064 4064 4064
276 1683121543 3561 464 3676 3658 3594 3637 3637 3605 4063 4063 4063 4063 4063 4063 4063 4063
277 1683121543 3562 464 3678 3659 3595 3637 3637 3606 4061 4061 4061 4061 4061 4061 4061 4061
278 1683121543 3562 464 3677 3659 3595 3638 3637 3605 4065 4065 4064 4064 4064 4064 4064 4064
279 1683121543 3562 464 3677 3658 3594 3637 3637 3605 4063 4063 4063 4063 4063 4063 4063 4063
280 1683121543 3562 465 3678 3660 3596 3638 3637 3606 4065 4065 4064 4064 4064 4064 4064 4064
281 1683121544 3562 464 3677 3659 3595 3637 3637 3605 4065 4065 4064 4064 4064 4064 4064 4064
282 1683121544 3562 464 3677 3659 3594 3637 3637 3606 4065 4063 4063 4063 4063 4063 4063 4063
283 1683121544 3561 464 3677 3658 3594 3637 3636 3604 4065 4065 4064 4064 4064 4064 4064 4064
284 1683121544 3562 465 3678 3659 3596 3638 3638 3606 4065 4065 4064 4064 4064 4064 4064 4064
285 1683121544 3562 464 3677 3658 3595 3637 3636 3605 4063 4063 4063 4063 4063 4063 4063 4063
286 1683121544 3563 464 3678 3660 3596 3638 3638 3606 4065 4065 4064 4064 4064 4064 4064 4064
287 1683121544 3563 464 3678 3659 3595 3638 3638 3605 4065 4063 4063 4063 4063 4063 4063 4063
288 1683121544 3562 465 3677 3659 3595 3638 3638 3606 4065 4065 4065 4065 4065 4065 4065 4065
289 1683121544 3561 464 3677 3659 3595 3637 3637 3606 4063 4063 4063 4063 4063 4063 4063 4063
290 1683121544 3561 464 3677 3659 3595 3637 3637 3605 4065 4065 4064 4064 4064 4064 4064 4064
291 1683121544 3561 465 3677 3658 3594 3637 3637 3605 4063 4063 4062 4062 4062 4062 4062 4062
292 1683121544 3562 464 3677 3659 3594 3637 3637 3605 4065 4063 4063 4063 4063 4063 4063 4063
293 1683121544 3563 464 3678 3660 3595 3638 3638 3606 4063 4063 4062 4062 4062 4062 4062 4062
294 1683121544 3562 465 3678 3659 3595 3637 3637 3605 4065 4065 4064 4064 4064 4064 4064 4064
295 1683121544 3562 465 3677 3659 3595 3638 3638 3606 4065 4065 4064 4064 4064 4064 4064 4064
296 1683121544 3561 465 3677 3658 3594 3637 3637 3606 4065 4065 4065 4065 4065 4065 4065 4065
297 1683121544 3562 464 3677 3659 3595 3637 3637 3605 4063 4063 4063 4063 4063 4063 4063 4063
298 1683121544 3562 465 3677 3659 3595 3637 3637 3605 4065 4065 4064 4064 4064 4064 4064 4064
299 1683121544 3562 465 3677 3659 3595 3638 3638 3606 4067 4065 4065 4065 4065 4065 4065 4065
300 1683121544 3563 464 3678 3659 3595 3638 3638 3606 4063 4063 4063 4063 4063 4063 4063 4063
301 1683121544 3562 465 3678 3659 3595 3638 3638 3606 4065 4065 4064 4064 4064 4064 4064 4064
302 1683121544 3562 465 3677 3659 3594 3637 3637 3605 4065 4065 4065 4065 4065 4065 4065 4065
303 1683121544 3562 464 3677 3659 3595 3637 3638 3606 4065 4065 4065 4065 4065 4065 4065 4065
304 1683121544 3562 464 3678 3659 3595 3638 3637 3606 4063 4063 4063 4063 4063 4063 4063 4063
305 1683121544 3563 464 3678 3659 3595 3638 3638 3606 4065 4065 4065 4065 4065 4065 4065 4065
306 1683121544 3562 464 3678 3659 3595 3637 3638 3606 4065 4065 4064 4064 4064 4064 4064 4064
307 1683121544 3561 464 3677 3658 3594 3637 3637 3605 4065 4065 4065 4065 4065 4065 4065 4065
308 1683121544 3563 465 3678 3660 3596 3638 3638 3606 4063 4063 4063 4063 4063 4063 4063 4063
309 1683121544 3562 465 3678 3659 3596 3638 3638 3606 4065 4065 4064 4064 4064 4064 4064 4064
310 1683121544 3563 464 3678 3660 3595 3638 3638 3606 4063 4063 4063 4063 4063 4063 4063 4063
311 1683121544 3562 466 3677 3658 3595 3638 3638 3606 4065 4065 4064 4064 4064 4064 4064 4064
312 1683121544 3563 465 3678 3660 3596 3638 3638 3606 4065 4065 4064 4064 4064 4064 4064 4064
313 1683121544 3563 464 3678 3659 3596 3638 3638 3606 4065 4065 4064 4064 4064 4064 4064 4064
314 1683121544 3562 465 3677 3659 3595 3638 3637 3606 4065 4065 4064 4064 4064 4064 4064 4064
315 1683121544 3564 465 3679 3660 3596 3639 3638 3607 4063 4063 4063 4063 4063 4063 4063 4063
316 1683121544 3562 465 3678 3659 3595 3638 3638 3607 4067 4065 4065 4065 4065 4065 4065 4065
317 1683121544 3563 464 3679 3661 3596 3639 3638 3607 4063 4063 4063 4063 4063 4063 4063 4063
318 1683121544 3562 464 3678 3659 3595 3638 3637 3605 4063 4063 4063 4063 4063 4063 4063 4063
319 1683121552 3561 464 3676 3658 3594 3636 3636 3604 4063 4063 4063 4063 4063 4063 4063 4063
320 1683121552 3563 465 3678 3660 3596 3639 3638 3607 4065 4065 4065 4065 4065 4065 4065 4065
321 1683121552 3562 465 3678 3659 3595 3638 3638 3606 4065 4065 4064 4064 4064 4064 4064 4064
322 1683121552 3563 465 3679 3660 3596 3638 3638 3607 4063 4063 4063 4063 4063 4063 4063 4063
323 1683121552 3563 465 3678 3660 3595 3638 3638 3606 4065 4065 4064 4064 4064 4064 4064 4064
324 1683121552 3558 465 3673 3655 3591 3634 3634 3602 4065 4065 4065 4065 4065 4065 4065 4065
325 1683121552 3562 465 3678 3660 3596 3638 3638 3606 4065 4063 4063 4063 4063 4063 4063 4063
326 1683121552 3563 465 3679 3660 3596 3639 3639 3606 4065 4065 4064 4064 4064 4064 4064 4064
327 1683121552 3562 465 3679 3660 3595 3638 3638 3606 4065 4065 4065 4065 4065 4065 4065 4065
328 1683121552 3562 464 3679 3660 3596 3638 3638 3606 4063 4063 4063 4063 4063 4063 4063 4063
329 1683121552 3563 464 3678 3660 3596 3638 3638 3606 4063 4063 4063 4063 4063 4063 4063 4063
330 1683121560 3562 465 3676 3658 3594 3637 3637 3605 4063 4063 4063 4063 4063 4063 4063 4063
331 1683121560 3562 464 3678 3659 3595 3637 3637 3605 4065 4065 4064 4064 4064 4064 4064 4064
332 1683121560 3563 465 3678 3660 3595 3638 3638 3605 4065 4065 4064 4064 4064 4064 4064 4064
333 1683121560 3563 464 3678 3660 3596 3638 3638 3606 4065 4065 4064 4064 4064 4064 4064 4064
334 1683121560 3562 465 3678 3659 3594 3637 3637 3605 4065 4065 4064 4064 4064 4064 4064 4064
335 1683121560 3563 465 3678 3659 3596 3638 3638 3606 4065 4065 4064 4064 4064 4064 4064 4064
336 1683121560 3562 465 3678 3659 3595 3637 3637 3605 4065 4065 4064 4064 4064 4064 4064 4064
337 1683121560 3563 464 3677 3660 3595 3638 3638 3606 4065 4065 4064 4064 4064 4064 4064 4064
338 1683121560 3563 465 3679 3661 3596 3638 3638 3607 4067 4065 4065 4065 4065 4065 4065 4065
339 1683121560 3562 464 3677 3659 3595 3637 3637 3605 4065 4065 4064 4064 4064 4064 4064 4064
340 1683121560 3563 465 3678 3660 3596 3638 3638 3606 4065 4065 4065 4065 4065 4065 4065 4065
341 1683121560 3562 466 3678 3659 3595 3638 3638 3606 4067 4065 4065 4065 4065 4065 4065 4065
342 1683121560 3562 465 3677 3659 3595 3638 3638 3606 4065 4065 4064 4064 4064 4064 4064 4064
343 1683121560 3563 464 3678 3660 3596 3638 3638 3606 4063 4063 4063 4063 4063 4063 4063 4063
344 1683121560 3562 465 3678 3659 3595 3637 3637 3606 4063 4063 4063 4063 4063 4063 4063 4063
345 1683121560 3562 465 3677 3659 3595 3637 3637 3605 4065 4065 4064 4064 4064 4064 4064 4064
346 1683121560 3563 465 3678 3659 3595 3637 3637 3605 4061 4061 4061 4061 4061 4061 4061 4061
347 1683121560 3562 465 3678 3659 3595 3638 3638 3606 4063 4063 4063 4063 4063 4063 4063 4063
348 1683121560 3563 465 3678 3660 3595 3638 3638 3606 4063 4063 4063 4063 4063 4063 4063 4063
349 1683121560 3563 465 3678 3660 3595 3638 3638 3607 4065 4065 4064 4064 4064 4064 4064 4064
350 1683121560 3562 465 3678 3659 3595 3638 3638 3606 4065 4065 4064 4064 4064 4064 4064 4064
351 1683121560 3563 464 3679 3660 3596 3639 3638 3606 4065 4065 4064 4064 4064 4064 4064 4064
352 1683121560 3563 465 3678 3659 3595 3638 3638 3606 4065 4065 4064 4064 4064 4064 4064 4064
353 1683121560 3563 465 3678 3660 3596 3638 3638 3606 4063 4063 4063 4063 4063 4063 4063 4063
354 1683121560 3562 465 3678 3659 3595 3637 3637 3605 4065 4065 4064 4064 4064 4064 4064 4064
355 1683121560 3563 465 3678 3660 3595 3638 3638 3607 4065 4064 4064 4064 4064 4064 4064 4064
356 1683121560 3562 465 3678 3659 3595 3637 3637 3605 4065 4065 4064 4064 4064 4064 4064 4064
357 1683121560 3563 466 3679 3659 3595 3638 3638 3606 4063 4063 4063 4063 4063 4063 4063 4063
358 1683121560 3564 465 3679 3660 3596 3639 3638 3607 4065 4065 4064 4064 4064 4064 4064 4064
359 1683121560 3562 465 3678 3659 3595 3637 3637 3605 4065 4065 4064 4064 4064 4064 4064 4064
360 1683121560 3563 465 3678 3660 3595 3638 3638 3606 4065 4063 4063 4063 4063 4063 4063 4063
361 1683121560 3563 465 3677 3660 3596 3638 3638 3606 4065 4065 4064 4064 4064 4064 4064 4064
362 1683121560 3563 465 3679 3660 3596 3638 3639 3606 4065 4065 4065 4065 4065 4065 4065 4065
363 1683121560 3563 465 3679 3660 3596 3638 3638 3606 4063 4063 4063 4063 4063 4063 4063 4063
364 1683121560 3562 465 3678 3660 3596 3638 3637 3606 4065 4065 4064 4064 4064 4064 4064 4064
365 1683121560 3563 464 3679 3660 3596 3638 3638 3607 4065 4065 4065 4065 4065 4065 4065 4065
366 1683121560 3564 465 3679 3661 3597 3640 3639 3607 4065 4065 4064 4064 4064 4064 4064 4064
367 1683121560 3563 465 3679 3660 3597 3639 3639 3607 4063 4063 4063 4063 4063 4063 4063 4063
368 1683121560 3563 465 3678 3660 3596 3638 3638 3607 4065 4065 4065 4065 4065 4065 4065 4065
369 1683121560 3562 465 3678 3660 3596 3638 3638 3606 4065 4065 4064 4064 4064 4064 4064 4064
370 1683121560 3563 465 3678 3660 3596 3639 3639 3607 4063 4063 4063 4063 4063 4063 4063 4063
371 1683121560 3563 465 3678 3660 3596 3638 3638 3606 4065 4065 4065 4065 4065 4065 4065 4065
372 1683121560 3563 465 3679 3660 3597 3639 3638 3607 4065 4065 4065 4065 4065 4065 4065 4065
373 1683121560 3563 466 3679 3660 3596 3639 3638 3607 4063 4063 4063 4063 4063 4063 4063 4063
374 1683121560 3563 465 3678 3660 3596 3639 3639 3607 4065 4065 4065 4065 4065 4065 4065 4065
375 1683121560 3563 466 3679 3661 3597 3639 3639 3607 4065 4065 4064 4064 4064 4064 4064 4064
376 1683121560 3563 465 3678 3660 3596 3639 3639 3607 4065 4065 4065 4065 4065 4065 4065 4065
377 1683121560 3563 465 3679 3660 3596 3639 3639 3607 4063 4063 4063 4063 4063 4063 4063 4063
378 1683121561 3563 465 3678 3659 3595 3638 3638 3606 4065 4065 4064 4064 4064 4064 4064 4064
379 1683121561 3563 465 3678 3660 3596 3638 3639 3607 4065 4065 4065 4065 4065 4065 4065 4065
380 1683121561 3563 465 3679 3660 3596 3639 3639 3607 4063 4063 4063 4063 4063 4063 4063 4063
381 1683121561 3564 466 3679 3661 3596 3639 3639 3607 4065 4065 4065 4065 4065 4065 4065 4065
382 1683121561 3563 465 3679 3660 3596 3639 3639 3606 4065 4065 4064 4064 4064 4064 4064 4064
383 1683121561 3563 465 3678 3660 3596 3638 3638 3606 4065 4065 4064 4064 4064 4064 4064 4064
384 1683121561 3563 465 3679 3660 3596 3638 3638 3606 4065 4065 4064 4064 4064 4064 4064 4064
385 1683121561 3563 465 3680 3661 3597 3640 3639 3607 4065 4065 4064 4064 4064 4064 4064 4064
386 1683121561 3564 465 3679 3660 3596 3639 3639 3607 4065 4064 4064 4064 4064 4064 4064 4064
387 1683121561 3563 466 3679 3660 3596 3638 3639 3607 4065 4065 4064 4064 4064 4064 4064 4064
388 1683121561 3564 465 3679 3660 3595 3638 3638 3607 4065 4065 4064 4064 4064 4064 4064 4064
389 1683121561 3563 466 3679 3661 3596 3639 3638 3606 4065 4063 4063 4063 4063 4063 4063 4063
390 1683121561 3563 465 3679 3660 3596 3639 3638 3607 4063 4063 4063 4063 4063 4063 4063 4063
391 1683121561 3561 464 3677 3658 3594 3636 3636 3605 4065 4065 4065 4065 4065 4065 4065 4065
392 1683121561 3562 463 3678 3659 3594 3637 3637 3605 4063 4063 4063 4063 4063 4063 4063 4063
393 1683121561 3562 463 3677 3659 3594 3637 3637 3605 4063 4063 4063 4063 4063 4063 4063 4063
394 1683121561 3561 463 3676 3658 3594 3637 3637 3605 4065 4065 4064 4064 4064 4064 4064 4064
395 1683121561 3562 463 3677 3659 3595 3637 3636 3605 4065 4065 4064 4064 4064 4064 4064 4064
396 1683121561 3561 463 3677 3659 3594 3637 3637 3605 4065 4065 4064 4064 4064 4064 4064 4064
397 1683121561 3563 463 3678 3659 3595 3637 3637 3606 4065 4065 4064 4064 4064 4064 4064 4064
398 1683121561 3561 463 3676 3658 3594 3636 3636 3604 4063 4062 4062 4062 4062 4062 4062 4062
399 1683121561 3563 464 3678 3660 3595 3638 3638 3606 4063 4063 4063 4063 4063 4063 4063 4063
400 1683121561 3561 463 3678 3658 3594 3637 3637 3605 4065 4065 4064 4064 4064 4064 4064 4064
401 1683121561 3562 463 3677 3659 3594 3637 3637 3605 4065 4065 4064 4064 4064 4064 4064 4064
402 1683121561 3561 463 3677 3658 3595 3637 3637 3605 4065 4065 4064 4064 4064 4064 4064 4064
403 1683121561 3562 464 3677 3659 3595 3637 3636 3605 4063 4063 4063 4063 4063 4063 4063 4063
404 1683121561 3561 463 3678 3659 3595 3637 3637 3605 4065 4065 4064 4064 4064 4064 4064 4064
405 1683121561 3561 464 3677 3659 3595 3637 3637 3605 4065 4065 4064 4064 4064 4064 4064 4064
406 1683121561 3561 464 3677 3658 3594 3636 3636 3604 4065 4065 4064 4064 4064 4064 4064 4064
407 1683121561 3562 464 3677 3659 3595 3638 3637 3605 4063 4063 4063 4063 4063 4063 4063 4063
408 1683121561 3562 464 3678 3659 3595 3638 3637 3606 4065 4065 4064 4064 4064 4064 4064 4064
409 1683121561 3562 463 3677 3658 3594 3637 3637 3605 4065 4065 4065 4065 4065 4065 4065 4065
410 1683121561 3562 464 3677 3659 3595 3638 3637 3605 4065 4065 4064 4064 4064 4064 4064 4064
411 1683121561 3562 464 3677 3659 3595 3637 3637 3605 4065 4065 4064 4064 4064 4064 4064 4064
412 1683121561 3562 463 3678 3659 3595 3637 3637 3605 4065 4065 4064 4064 4064 4064 4064 4064
413 1683121561 3562 463 3677 3658 3594 3637 3637 3605 4065 4065 4064 4064 4064 4064 4064 4064
414 1683121561 3562 463 3678 3659 3596 3638 3637 3605 4065 4065 4064 4064 4064 4064 4064 4064
415 1683121561 3562 464 3678 3659 3594 3637 3637 3605 4063 4063 4063 4063 4063 4063 4063 4063
416 1683121561 3561 463 3677 3658 3594 3636 3636 3604 4063 4063 4063 4063 4063 4063 4063 4063
417 1683121561 3562 463 3677 3658 3594 3637 3637 3605 4063 4063 4063 4063 4063 4063 4063 4063
418 1683121561 3563 464 3677 3659 3595 3637 3638 3605 4063 4063 4063 4063 4063 4063 4063 4063
419 1683121561 3562 464 3677 3659 3595 3637 3637 3605 4065 4065 4064 4064 4064 4064 4064 4064
420 1683121561 3561 463 3678 3659 3595 3637 3637 3605 4065 4065 4065 4065 4065 4065 4065 4065
421 1683121561 3562 463 3677 3658 3594 3637 3637 3605 4065 4065 4064 4064 4064 4064 4064 4064
422 1683121561 3563 463 3679 3660 3595 3638 3638 3606 4063 4063 4063 4063 4063 4063 4063 4063
423 1683121561 3561 464 3677 3658 3595 3637 3637 3605 4065 4065 4065 4065 4065 4065 4065 4065
424 1683121561 3562 464 3678 3659 3595 3637 3637 3605 4063 4063 4063 4063 4063 4063 4063 4063
425 1683121561 3562 463 3677 3659 3595 3638 3638 3606 4065 4065 4064 4064 4064 4064 4064 4064
426 1683121561 3562 463 3676 3659 3595 3637 3637 3606 4063 4063 4063 4063 4063 4063 4063 4063
427 1683121561 3561 464 3675 3658 3594 3637 3636 3605 4065 4065 4065 4065 4065 4065 4065 4065
428 1683121561 3562 464 3678 3659 3596 3638 3638 3607 4065 4065 4064 4064 4064 4064 4064 4064
429 1683121561 3561 463 3677 3658 3594 3637 3636 3605 4063 4063 4063 4063 4063 4063 4063 4063
430 1683121561 3562 463 3678 3659 3595 3637 3637 3605 4065 4065 4064 4064 4064 4064 4064 4064
431 1683121561 3563 464 3677 3659 3595 3637 3637 3605 4065 4065 4064 4064 4064 4064 4064 4064
432 1683121561 3563 464 3678 3659 3595 3638 3638 3606 4065 4065 4064 4064 4064 4064 4064 4064
433 1683121561 3561 464 3677 3658 3594 3637 3637 3605 4065 4065 4064 4064 4064 4064 4064 4064
434 1683121561 3561 463 3677 3659 3595 3637 3637 3605 4067 4065 4065 4065 4065 4065 4065 4065
435 1683121561 3562 464 3677 3659 3595 3637 3637 3605 4065 4065 4064 4064 4064 4064 4064 4064
436 1683121561 3561 467 3677 3659 3595 3637 3636 3605 4065 4065 4065 4065 4065 4065 4065 4065
437 1683121561 3562 466 3677 3658 3594 3636 3637 3605 4065 4065 4064 4064 4064 4064 4064 4064
438 1683121561 3562 465 3678 3659 3596 3638 3638 3606 4065 4065 4065 4065 4065 4065 4065 4065
439 1683121561 3561 464 3677 3658 3594 3637 3637 3605 4065 4065 4064 4064 4064 4064 4064 4064
440 1683121561 3563 463 3678 3659 3595 3638 3637 3606 4065 4065 4065 4065 4065 4065 4065 4065
441 1683121561 3561 464 3677 3658 3595 3637 3637 3605 4065 4065 4064 4064 4064 4064 4064 4064
442 1683121561 3561 463 3676 3658 3594 3637 3637 3604 4063 4063 4063 4063 4063 4063 4063 4063
443 1683121561 3563 464 3678 3659 3595 3637 3637 3606 4065 4065 4064 4064 4064 4064 4064 4064
444 1683121561 3562 463 3678 3659 3595 3637 3638 3606 4065 4065 4064 4064 4064 4064 4064 4064
445 1683121561 3562 464 3678 3659 3595 3638 3638 3606 4067 4065 4065 4065 4065 4065 4065 4065
446 1683121561 3561 464 3677 3658 3594 3637 3636 3605 4065 4065 4064 4064 4064 4064 4064 4064
447 1683121561 3562 464 3678 3659 3595 3637 3637 3606 4065 4063 4063 4063 4063 4063 4063 4063
448 1683121561 3562 463 3677 3658 3594 3637 3637 3606 4065 4065 4064 4064 4064 4064 4064 4064
449 1683121561 3562 464 3678 3659 3596 3638 3638 3606 4065 4065 4065 4065 4065 4065 4065 4065
450 1683121561 3562 464 3677 3659 3595 3637 3637 3606 4065 4065 4064 4064 4064 4064 4064 4064
451 1683121561 3563 464 3678 3659 3595 3637 3638 3606 4065 4065 4064 4064 4064 4064 4064 4064
452 1683121562 3562 464 3677 3659 3594 3637 3637 3605 4065 4065 4064 4064 4064 4064 4064 4064
453 1683121562 3562 464 3678 3659 3596 3638 3638 3606 4065 4065 4064 4064 4064 4064 4064 4064
454 1683121562 3561 464 3677 3659 3594 3637 3637 3605 4065 4065 4064 4064 4064 4064 4064 4064
455 1683121562 3562 464 3678 3659 3595 3637 3638 3606 4065 4065 4065 4065 4065 4065 4065 4065
456 1683121562 3562 464 3677 3658 3594 3637 3637 3605 4063 4063 4063 4063 4063 4063 4063 4063
457 1683121562 3562 464 3677 3660 3596 3638 3638 3606 4063 4063 4063 4063 4063 4063 4063 4063
458 1683121562 3562 464 3676 3659 3595 3637 3637 3605 4065 4065 4064 4064 4064 4064 4064 4064
459 1683121562 3562 464 3678 3659 3595 3638 3637 3606 4065 4065 4064 4064 4064 4064 4064 4064
460 1683121562 3561 463 3677 3659 3594 3637 3637 3605 4065 4065 4064 4064 4064 4064 4064 4064
461 1683121562 3561 464 3677 3658 3594 3637 3637 3605 4065 4065 4064 4064 4064 4064 4064 4064
462 1683121562 3562 464 3677 3659 3594 3636 3636 3605 4065 4065 4064 4064 4064 4064 4064 4064
463 1683121562 3562 464 3678 3659 3595 3637 3638 3605 4065 4065 4065 4065 4065 4065 4065 4065
464 1683121562 3562 464 3678 3659 3595 3638 3637 3605 4063 4063 4062 4062 4062 4062 4062 4062
465 1683121562 3563 464 3679 3660 3596 3638 3638 3606 4063 4063 4063 4063 4063 4063 4063 4063
466 1683121562 3561 464 3676 3658 3594 3637 3636 3605 4065 4065 4064 4064 4064 4064 4064 4064
467 1683121562 3562 464 3678 3659 3595 3637 3637 3606 4063 4063 4062 4062 4062 4062 4062 4062
468 1683121562 3562 463 3678 3659 3595 3638 3638 3605 4065 4065 4064 4064 4064 4064 4064 4064
469 1683121562 3562 464 3677 3659 3595 3637 3637 3606 4063 4063 4063 4063 4063 4063 4063 4063
470 1683121562 3562 464 3678 3659 3595 3637 3637 3604 4063 4063 4063 4063 4063 4063 4063 4063
471 1683121562 3561 464 3677 3658 3594 3636 3636 3604 4063 4063 4063 4063 4063 4063 4063 4063
472 1683121562 3563 464 3678 3660 3595 3638 3638 3606 4063 4063 4063 4063 4063 4063 4063 4063
473 1683121562 3563 464 3679 3660 3595 3638 3638 3606 4063 4063 4063 4063 4063 4063 4063 4063
474 1683121562 3561 464 3676 3658 3594 3636 3636 3604 4065 4065 4064 4064 4064 4064 4064 4064
475 1683121562 3561 464 3677 3658 3595 3637 3637 3605 4065 4065 4064 4064 4064 4064 4064 4064
476 1683121562 3563 464 3678 3659 3595 3638 3638 3606 4065 4065 4064 4064 4064 4064 4064 4064
477 1683121562 3561 464 3677 3659 3595 3637 3637 3606 4065 4065 4065 4065 4065 4065 4065 4065
478 1683121562 3562 464 3678 3659 3595 3638 3638 3606 4065 4065 4064 4064 4064 4064 4064 4064
479 1683121562 3562 464 3679 3660 3596 3639 3638 3607 4065 4064 4064 4064 4064 4064 4064 4064
480 1683121562 3562 464 3678 3660 3595 3638 3638 3606 4063 4063 4063 4063 4063 4063 4063 4063
481 1683121562 3562 464 3678 3659 3595 3638 3637 3606 4067 4065 4065 4065 4065 4065 4065 4065
482 1683121562 3561 464 3676 3658 3594 3636 3636 3605 4065 4065 4064 4064 4064 4064 4064 4064
483 1683121562 3562 464 3678 3659 3595 3638 3638 3606 4063 4063 4063 4063 4063 4063 4063 4063
484 1683121562 3562 464 3678 3659 3595 3638 3638 3606 4061 4061 4061 4061 4061 4061 4061 4061
485 1683121562 3562 464 3678 3659 3595 3638 3637 3605 4065 4065 4065 4065 4065 4065 4065 4065
486 1683121562 3562 464 3678 3659 3595 3637 3637 3605 4067 4065 4065 4065 4065 4065 4065 4065
487 1683121562 3562 464 3678 3659 3595 3638 3638 3606 4065 4065 4064 4064 4064 4064 4064 4064
488 1683121562 3562 464 3678 3660 3596 3638 3638 3607 4065 4065 4064 4064 4064 4064 4064 4064
489 1683121562 3562 464 3677 3659 3595 3638 3638 3605 4065 4064 4064 4064 4064 4064 4064 4064
490 1683121562 3561 464 3676 3658 3594 3637 3637 3605 4065 4065 4064 4064 4064 4064 4064 4064
491 1683121562 3563 464 3679 3660 3596 3638 3638 3606 4065 4063 4063 4063 4063 4063 4063 4063
492 1683121562 3563 464 3678 3660 3596 3638 3638 3606 4065 4065 4064 4064 4064 4064 4064 4064
493 1683121562 3562 464 3678 3659 3595 3638 3638 3605 4063 4063 4062 4062 4062 4062 4062 4062
494 1683121562 3562 464 3678 3659 3595 3638 3637 3606 4061 4061 4061 4061 4061 4061 4061 4061
495 1683121562 3562 464 3677 3659 3595 3637 3637 3605 4065 4065 4064 4064 4064 4064 4064 4064
496 1683121562 3562 464 3678 3660 3596 3638 3638 3606 4065 4065 4064 4064 4064 4064 4064 4064
497 1683121562 3562 464 3677 3659 3594 3637 3637 3605 4065 4065 4064 4064 4064 4064 4064 4064
498 1683121562 3562 465 3677 3659 3595 3637 3638 3605 4065 4063 4063 4063 4063 4063 4063 4063
499 1683121562 3562 464 3678 3659 3595 3637 3637 3605 4065 4065 4064 4064 4064 4064 4064 4064
500 1683121562 3562 464 3678 3659 3595 3637 3637 3605 4065 4065 4064 4064 4064 4064 4064 4064
501 1683121562 3562 464 3678 3658 3595 3637 3637 3605 4065 4065 4064 4064 4064 4064 4064 4064
502 1683121562 3562 465 3679 3660 3595 3638 3638 3606 4065 4065 4064 4064 4064 4064 4064 4064
503 1683121562 3563 464 3679 3660 3596 3638 3638 3607 4065 4065 4065 4065 4065 4065 4065 4065
504 1683121562 3562 464 3678 3659 3595 3637 3637 3605 4063 4063 4063 4063 4063 4063 4063 4063
505 1683121562 3563 464 3677 3659 3595 3637 3638 3606 4065 4065 4064 4064 4064 4064 4064 4064
506 1683121562 3564 464 3679 3660 3596 3638 3638 3606 4061 4061 4061 4061 4061 4061 4061 4061
507 1683121562 3563 464 3679 3660 3596 3639 3638 3607 4065 4065 4064 4064 4064 4064 4064 4064
508 1683121562 3562 464 3678 3659 3595 3638 3637 3606 4065 4065 4064 4064 4064 4064 4064 4064
509 1683121562 3563 464 3678 3659 3595 3638 3638 3606 4065 4065 4064 4064 4064 4064 4064 4064
510 1683121562 3562 464 3677 3659 3594 3637 3637 3605 4065 4065 4065 4065 4065 4065 4065 4065
511 1683121562 3562 464 3678 3659 3595 3637 3637 3606 4065 4065 4064 4064 4064 4064 4064 4064
512 1683121562 3563 463 3679 3660 3596 3638 3638 3606 4065 4065 4064 4064 4064 4064 4064 4064
513 1683121562 3564 464 3679 3660 3596 3638 3639 3607 4065 4065 4065 4065 4065 4065 4065 4065
514 1683121562 3562 464 3678 3659 3595 3638 3638 3606 4067 4065 4065 4065 4065 4065 4065 4065
515 1683121562 3562 464 3678 3659 3595 3638 3638 3606 4067 4065 4065 4065 4065 4065 4065 4065
516 1683121562 3562 465 3678 3659 3595 3638 3638 3606 4065 4065 4065 4065 4065 4065 4065 4065
517 1683121562 3563 464 3679 3660 3596 3639 3639 3607 4065 4065 4064 4064 4064 4064 4064 4064
518 1683121562 3562 465 3678 3660 3596 3638 3639 3607 4065 4065 4064 4064 4064 4064 4064 4064
519 1683121562 3562 464 3678 3659 3596 3638 3638 3605 4065 4065 4064 4064 4064 4064 4064 4064
520 1683121562 3563 464 3678 3660 3596 3638 3638 3606 4064 4065 4064 4064 4064 4064 4064 4064
521 1683121562 3562 464 3677 3659 3594 3637 3637 3605 4065 4065 4064 4064 4064 4064 4064 4064
522 1683121562 3562 465 3678 3660 3596 3638 3638 3606 4063 4063 4063 4063 4063 4063 4063 4063
523 1683121562 3564 464 3679 3661 3597 3639 3639 3607 4063 4063 4063 4063 4063 4063 4063 4063
524 1683121562 3562 465 3678 3659 3595 3638 3638 3606 4063 4063 4063 4063 4063 4063 4063 4063
525 1683121562 3562 465 3678 3659 3595 3638 3638 3606 4067 4065 4065 4065 4065 4065 4065 4065
526 1683121562 3563 465 3678 3660 3596 3638 3638 3606 4065 4065 4064 4064 4064 4064 4064 4064
527 1683121562 3563 465 3678 3660 3596 3639 3638 3607 4063 4063 4063 4063 4063 4063 4063 4063
528 1683121562 3563 464 3678 3659 3594 3637 3637 3605 4065 4065 4064 4064 4064 4064 4064 4064
529 1683121562 3563 464 3679 3660 3596 3638 3638 3606 4061 4061 4061 4061 4061 4061 4061 4061
530 1683121562 3563 464 3678 3660 3596 3638 3638 3606 4065 4065 4064 4064 4064 4064 4064 4064
531 1683121562 3564 464 3680 3661 3597 3639 3639 3607 4065 4065 4064 4064 4064 4064 4064 4064
532 1683121562 3561 464 3677 3659 3594 3637 3637 3605 4065 4065 4065 4065 4065 4065 4065 4065
533 1683121563 3562 464 3678 3659 3595 3638 3637 3605 4063 4063 4063 4063 4063 4063 4063 4063
534 1683121563 3562 465 3677 3658 3594 3636 3637 3605 4065 4065 4064 4064 4064 4064 4064 4064
535 1683121563 3563 464 3679 3660 3596 3638 3638 3606 4065 4065 4064 4064 4064 4064 4064 4064
536 1683121563 3563 464 3678 3660 3596 3639 3638 3606 4065 4065 4065 4065 4065 4065 4065 4065
537 1683121563 3563 464 3678 3660 3596 3638 3638 3606 4065 4065 4065 4065 4065 4065 4065 4065
538 1683121563 3562 465 3677 3659 3595 3637 3638 3606 4065 4065 4065 4065 4065 4065 4065 4065
539 1683121563 3563 465 3679 3660 3596 3639 3638 3607 4063 4063 4063 4063 4063 4063 4063 4063
540 1683121563 3564 465 3680 3661 3597 3639 3639 1809 4063 4063 4063 4063 4063 4063 4063 4063
541 1683121563 3562 464 3678 3659 3595 3637 3637 3605 4065 4065 4064 4064 4064 4064 4064 4064
542 1683121563 3562 464 3678 3659 3595 3637 3638 3605 4065 4064 4064 4064 4064 4064 4064 4064
543 1683121563 3563 464 3679 3660 3596 3639 3638 3606 4067 4065 4065 4065 4065 4065 4065 4065
544 1683121563 3563 464 3678 3660 3595 3638 3638 3606 4063 4063 4063 4063 4063 4063 4063 4063
545 1683121563 3562 465 3678 3660 3596 3638 3638 3606 4063 4063 4063 4063 4063 4063 4063 4063
546 1683121563 3563 465 3678 3660 3596 3638 3638 3606 4065 4065 4064 4064 4064 4064 4064 4064
547 1683121563 3563 464 3679 3660 3596 3638 3639 3607 4065 4065 4064 4064 4064 4064 4064 4064
548 1683121563 3563 465 3678 3659 3596 3638 3638 3606 4065 4065 4065 4065 4065 4065 4065 4065
549 1683121563 3563 464 3679 3660 3596 3638 3638 3606 4065 4065 4065 4065 4065 4065 4065 4065
550 1683121563 3563 465 3678 3660 3595 3637 3637 3605 4063 4063 4063 4063 4063 4063 4063 4063
551 1683121563 3563 464 3679 3661 3597 3639 3639 3606 4063 4063 4063 4063 4063 4063 4063 4063
552 1683121563 3563 465 3678 3660 3596 3639 3639 3607 4065 4065 4064 4064 4064 4064 4064 4064
553 1683121563 3563 464 3677 3660 3595 3638 3638 3607 4065 4063 4063 4063 4063 4063 4063 4063
554 1683121563 3563 465 3676 3660 3596 3638 3638 3606 4063 4063 4063 4063 4063 4063 4063 4063
555 1683121563 3563 464 3678 3659 3595 3637 3638 3606 4065 4065 4064 4064 4064 4064 4064 4064
556 1683121563 3562 465 3678 3660 3595 3638 3638 3606 4063 4063 4062 4062 4062 4062 4062 4062
557 1683121563 3562 464 3678 3660 3595 3638 3638 3606 4063 4063 4063 4063 4063 4063 4063 4063
558 1683121563 3562 465 3678 3659 3595 3638 3637 3605 4065 4065 4065 4065 4065 4065 4065 4065
559 1683121563 3562 464 3677 3659 3595 3637 3637 3605 4065 4065 4064 4064 4064 4064 4064 4064
560 1683121563 3562 465 3678 3660 3595 3638 3638 3607 4065 4065 4064 4064 4064 4064 4064 4064
561 1683121563 3563 464 3679 3661 3596 3639 3638 3607 4063 4063 4063 4063 4063 4063 4063 4063
562 1683121563 3563 464 3678 3659 3595 3638 3637 3606 4065 4065 4064 4064 4064 4064 4064 4064
563 1683121563 3562 464 3679 3660 3596 3638 3638 3606 4065 4065 4064 4064 4064 4064 4064 4064
564 1683121563 3563 465 3678 3660 3596 3638 3638 3606 4065 4065 4064 4064 4064 4064 4064 4064
565 1683121563 3563 466 3679 3660 3596 3638 3638 3606 4067 4065 4065 4065 4065 4065 4065 4065
566 1683121563 3563 465 3678 3659 3595 3638 3638 3607 4065 4065 4064 4064 4064 4064 4064 4064
567 1683121563 3562 464 3678 3659 3595 3637 3637 3606 4065 4065 4064 4064 4064 4064 4064 4064
568 1683121563 3564 464 3678 3660 3596 3639 3639 3607 4063 4063 4063 4063 4063 4063 4063 4063
569 1683121563 3564 464 3680 3662 3597 3639 3639 3607 4065 4065 4065 4065 4065 4065 4065 4065
570 1683121563 3562 465 3678 3660 3596 3638 3638 3606 4067 4065 4065 4065 4065 4065 4065 4065
571 1683121563 3563 464 3679 3660 3596 3639 3638 3606 4067 4065 4065 4065 4065 4065 4065 4065
572 1683121563 3562 464 3678 3659 3595 3638 3638 3606 4063 4063 4063 4063 4063 4063 4063 4063
573 1683121563 3563 464 3679 3660 3596 3639 3638 3607 4065 4065 4064 4064 4064 4064 4064 4064
574 1683121563 3562 465 3678 3660 3596 3638 3638 3607 4065 4065 4064 4064 4064 4064 4064 4064
575 1683121563 3563 464 3679 3660 3595 3638 3638 3606 4065 4065 4065 4065 4065 4065 4065 4065
576 1683121563 3563 465 3678 3660 3596 3638 3638 3607 4065 4065 4064 4064 4064 4064 4064 4064
577 1683121563 3562 465 3678 3659 3595 3638 3638 3606 4067 4065 4065 4065 4065 4065 4065 4065
578 1683121563 3563 465 3679 3660 3596 3639 3638 3607 4065 4065 4064 4064 4064 4064 4064 4064
579 1683121563 3563 465 3678 3659 3596 3638 3638 3607 4065 4065 4064 4064 4064 4064 4064 4064
580 1683121563 3563 465 3678 3660 3596 3638 3638 3606 4065 4065 4065 4065 4065 4065 4065 4065
581 1683121563 3563 465 3678 3660 3596 3638 3638 3606 4063 4063 4063 4063 4063 4063 4063 4063
582 1683121563 3563 465 3679 3660 3596 3638 3638 3607 4065 4065 4064 4064 4064 4064 4064 4064
583 1683121563 3563 464 3679 3660 3596 3638 3638 3606 4065 4065 4064 4064 4064 4064 4064 4064
584 1683121563 3563 465 3678 3660 3595 3638 3638 3606 4065 4065 4064 4064 4064 4064 4064 4064
585 1683121563 3563 465 3679 3660 3596 3638 3638 3606 4065 4065 4064 4064 4064 4064 4064 4064
586 1683121563 3563 464 3678 3659 3596 3638 3638 3606 4065 4065 4064 4064 4064 4064 4064 4064
587 1683121563 3563 464 3679 3660 3596 3638 3639 3607 4065 4065 4064 4064 4064 4064 4064 4064
588 1683121563 3563 465 3678 3660 3596 3638 3638 3606 4065 4065 4064 4064 4064 4064 4064 4064
589 1683121563 3563 465 3679 3660 3596 3639 3639 3607 4063 4063 4063 4063 4063 4063 4063 4063
590 1683121563 3563 465 3678 3660 3596 3638 3638 3607 4063 4063 4063 4063 4063 4063 4063 4063
591 1683121563 3563 464 3678 3660 3596 3639 3638 3606 4065 4065 4064 4064 4064 4064 4064 4064
592 1683121563 3563 465 3678 3660 3596 3639 3638 3607 4065 4065 4064 4064 4064 4064 4064 4064
593 1683121563 3563 464 3679 3661 3596 3639 3639 3607 4065 4065 4065 4065 4065 4065 4065 4065
594 1683121563 3563 465 3679 3661 3596 3638 3638 3606 4063 4063 4063 4063 4063 4063 4063 4063
595 1683121563 3563 465 3679 3660 3596 3639 3638 3607 4065 4065 4064 4064 4064 4064 4064 4064
596 1683121563 3562 465 3678 3659 3595 3638 3638 3606 4065 4065 4064 4064 4064 4064 4064 4064
597 1683121563 3562 466 3678 3660 3596 3639 3639 3607 4065 4065 4064 4064 4064 4064 4064 4064
598 1683121563 3564 465 3679 3661 3596 3639 3638 3607 4063 4063 4063 4063 4063 4063 4063 4063
599 1683121563 3563 465 3678 3659 3595 3638 3638 3606 4065 4063 4063 4063 4063 4063 4063 4063
600 1683121563 3563 465 3678 3660 3595 3638 3638 3606 4065 4065 4065 4065 4065 4065 4065 4065
601 1683121563 3563 465 3679 3660 3597 3639 3639 3607 4065 4065 4064 4064 4064 4064 4064 4064
602 1683121563 3564 465 3680 3661 3597 3640 3639 3607 4065 4065 4064 4064 4064 4064 4064 4064
603 1683121563 3563 465 3679 3660 3596 3639 3639 3606 4063 4063 4063 4063 4063 4063 4063 4063
604 1683121563 3562 465 3678 3660 3596 3639 3638 3607 4065 4065 4064 4064 4064 4064 4064 4064
605 1683121563 3563 465 3679 3660 3596 3639 3638 3606 4065 4065 4064 4064 4064 4064 4064 4064
606 1683121563 3563 465 3679 3660 3595 3638 3638 3606 4065 4065 4065 4065 4065 4065 4065 4065
607 1683121563 3563 465 3679 3660 3596 3639 3638 3607 4065 4065 4064 4064 4064 4064 4064 4064
608 1683121563 3564 464 3679 3661 3597 3639 3639 3607 4065 4063 4063 4063 4063 4063 4063 4063
609 1683121563 3564 465 3679 3660 3596 3638 3638 3607 4065 4063 4063 4063 4063 4063 4063 4063
610 1683121563 3563 465 3679 3660 3596 3638 3638 3607 4067 4065 4065 4065 4065 4065 4065 4065
611 1683121563 3563 464 3679 3661 3597 3639 3639 3607 4065 4065 4064 4064 4064 4064 4064 4064
612 1683121563 3563 465 3679 3660 3595 3638 3637 3606 4065 4065 4064 4064 4064 4064 4064 4064
613 1683121563 3564 466 3680 3662 3597 3640 3640 3608 4065 4065 4064 4064 4064 4064 4064 4064
614 1683121564 3564 465 3679 3660 3596 3639 3638 3606 4065 4065 4064 4064 4064 4064 4064 4064
615 1683121564 3565 465 3679 3662 3598 3640 3640 3608 4063 4063 4063 4063 4063 4063 4063 4063
616 1683121564 3563 465 3678 3661 3597 3639 3638 3607 4065 4065 4065 4065 4065 4065 4065 4065
617 1683121564 3564 465 3679 3661 3596 3639 3638 3607 4065 4063 4063 4063 4063 4063 4063 4063
618 1683121564 3563 465 3680 3661 3597 3640 3639 3608 4065 4065 4064 4064 4064 4064 4064 4064
619 1683121564 3564 465 3679 3661 3596 3639 3639 3607 4065 4063 4063 4063 4063 4063 4063 4063
620 1683121564 3564 465 3680 3661 3597 3640 3639 3607 4065 4065 4064 4064 4064 4064 4064 4064
621 1683121564 3564 465 3679 3661 3597 3639 3639 3607 4065 4065 4064 4064 4064 4064 4064 4064
622 1683121564 3563 465 3679 3661 3596 3639 3639 3607 4065 4065 4064 4064 4064 4064 4064 4064
623 1683121564 3563 465 3679 3660 3596 3639 3639 3607 4065 4063 4063 4063 4063 4063 4063 4063
624 1683121564 3563 465 3678 3660 3596 3638 3638 3606 4065 4065 4064 4064 4064 4064 4064 4064
625 1683121564 3563 465 3678 3660 3596 3638 3638 3606 4065 4065 4064 4064 4064 4064 4064 4064
626 1683121564 3564 465 3679 3661 3597 3639 3639 3607 4063 4063 4063 4063 4063 4063 4063 4063
627 1683121564 3564 465 3679 3661 3596 3639 3639 3607 4065 4065 4064 4064 4064 4064 4064 4064
628 1683121564 3565 465 3680 3661 3598 3640 3640 3608 4065 4065 4064 4064 4064 4064 4064 4064
629 1683121564 3563 466 3679 3661 3597 3639 3639 3607 4063 4063 4063 4063 4063 4063 4063 4063
630 1683121564 3564 465 3679 3661 3597 3640 3639 3607 4065 4065 4064 4064 4064 4064 4064 4064
631 1683121564 3563 465 3679 3660 3596 3638 3638 3607 4065 4065 4065 4065 4065 4065 4065 4065
632 1683121564 3563 465 3679 3660 3596 3639 3639 3607 4065 4065 4064 4064 4064 4064 4064 4064
633 1683121564 3564 465 3679 3661 3597 3639 3639 3607 4065 4065 4064 4064 4064 4064 4064 4064
634 1683121564 3563 465 3678 3660 3596 3638 3638 3606 4063 4063 4063 4063 4063 4063 4063 4063
635 1683121564 3563 465 3679 3661 3596 3639 3638 3607 4065 4065 4064 4064 4064 4064 4064 4064
636 1683121564 3563 465 3680 3661 3597 3639 3638 3606 4065 4065 4065 4065 4065 4065 4065 4065
637 1683121564 3564 465 3680 3661 3597 3640 3640 3607 4065 4063 4063 4063 4063 4063 4063 4063
638 1683121564 3564 465 3680 3661 3597 3640 3639 3608 4065 4065 4064 4064 4064 4064 4064 4064
639 1683121564 3563 465 3679 3660 3596 3638 3638 3607 4063 4063 4063 4063 4063 4063 4063 4063
640 1683121564 3563 465 3679 3661 3596 3639 3639 3607 4065 4065 4064 4064 4064 4064 4064 4064
641 1683121564 3563 465 3678 3660 3596 3638 3638 3606 4065 4064 4064 4064 4064 4064 4064 4064
642 1683121564 3564 465 3679 3660 3596 3639 3639 3607 4065 4065 4064 4064 4064 4064 4064 4064
643 1683121564 3564 465 3679 3661 3597 3639 3639 3607 4065 4065 4064 4064 4064 4064 4064 4064
644 1683121564 3563 465 3678 3660 3596 3638 3638 3606 4065 4065 4064 4064 4064 4064 4064 4064
645 1683121564 3564 466 3679 3661 3597 3640 3640 3608 4063 4063 4063 4063 4063 4063 4063 4063
646 1683121564 3564 465 3680 3661 3597 3639 3640 3608 4065 4065 4064 4064 4064 4064 4064 4064
647 1683121564 3560 464 3677 3658 3594 3636 3635 3604 4063 4063 4063 4063 4063 4063 4063 4063
648 1683121564 3562 463 3677 3659 3595 3638 3637 3605 4065 4065 4064 4064 4064 4064 4064 4064
649 1683121564 3562 464 3677 3659 3595 3637 3637 3606 4065 4065 4065 4065 4065 4065 4065 4065
650 1683121564 3562 463 3678 3659 3595 3637 3637 3606 4065 4065 4064 4064 4064 4064 4064 4064
651 1683121564 3562 463 3678 3659 3596 3638 3638 3606 4065 4065 4064 4064 4064 4064 4064 4064
652 1683121564 3561 463 3677 3659 3594 3637 3637 3604 4065 4065 4065 4065 4065 4065 4065 4065
653 1683121564 3561 463 3677 3658 3594 3637 3636 3605 4065 4065 4064 4064 4064 4064 4064 4064
654 1683121564 3561 463 3677 3658 3595 3637 3637 3605 4065 4065 4064 4064 4064 4064 4064 4064
655 1683121564 3562 464 3677 3658 3594 3637 3637 3605 4063 4063 4063 4063 4063 4063 4063 4063
656 1683121564 3562 463 3678 3659 3594 3637 3637 3605 4065 4065 4064 4064 4064 4064 4064 4064
657 1683121564 3561 464 3677 3658 3594 3637 3636 3604 4065 4065 4064 4064 4064 4064 4064 4064
658 1683121564 3562 463 3677 3659 3595 3637 3637 3605 4065 4065 4064 4064 4064 4064 4064 4064
659 1683121564 3562 464 3678 3659 3595 3638 3637 3606 4065 4065 4064 4064 4064 4064 4064 4064
660 1683121564 3562 463 3678 3659 3595 3637 3637 3605 4065 4065 4064 4064 4064 4064 4064 4064
661 1683121564 3562 464 3677 3658 3595 3637 3637 3605 4065 4065 4064 4064 4064 4064 4064 4064
662 1683121564 3562 465 3677 3658 3594 3637 3636 3605 4065 4065 4064 4064 4064 4064 4064 4064
663 1683121564 3562 464 3678 3659 3595 3638 3637 3606 4065 4065 4064 4064 4064 4064 4064 4064
664 1683121564 3562 463 3678 3659 3595 3637 3637 3605 4065 4065 4064 4064 4064 4064 4064 4064
665 1683121564 3562 464 3677 3658 3594 3637 3637 3605 4065 4065 4064 4064 4064 4064 4064 4064
666 1683121564 3563 464 3678 3660 3596 3638 3638 3606 4063 4063 4063 4063 4063 4063 4063 4063
667 1683121564 3562 464 3678 3659 3595 3637 3637 3605 4065 4065 4064 4064 4064 4064 4064 4064
668 1683121564 3562 463 3678 3659 3595 3637 3637 3605 4065 4065 4064 4064 4064 4064 4064 4064
669 1683121564 3562 464 3678 3659 3595 3638 3638 3606 4063 4063 4063 4063 4063 4063 4063 4063
670 1683121564 3562 463 3678 3659 3595 3637 3637 3605 4065 4065 4064 4064 4064 4064 4064 4064
671 1683121564 3562 464 3677 3659 3594 3637 3637 3605 4065 4064 4064 4064 4064 4064 4064 4064
672 1683121564 3562 463 3677 3658 3594 3637 3637 3605 4065 4063 4063 4063 4063 4063 4063 4063
673 1683121564 3561 463 3677 3658 3594 3637 3637 3605 4065 4065 4064 4064 4064 4064 4064 4064
674 1683121564 3562 464 3678 3659 3595 3637 3637 3605 4065 4065 4064 4064 4064 4064 4064 4064
675 1683121564 3562 464 3677 3659 3595 3637 3637 3605 4065 4065 4064 4064 4064 4064 4064 4064
676 1683121564 3562 463 3677 3658 3594 3637 3637 3605 4063 4063 4063 4063 4063 4063 4063 4063
677 1683121564 3562 464 3678 3659 3595 3637 3638 3606 4065 4065 4064 4064 4064 4064 4064 4064
678 1683121564 3562 463 3678 3659 3594 3637 3637 3606 4063 4063 4063 4063 4063 4063 4063 4063
679 1683121564 3561 464 3677 3659 3594 3637 3637 3604 4065 4063 4063 4063 4063 4063 4063 4063
680 1683121564 3563 463 3678 3659 3595 3638 3637 3606 4065 4065 4064 4064 4064 4064 4064 4064
681 1683121564 3562 463 3677 3659 3595 3637 3637 3605 4065 4065 4064 4064 4064 4064 4064 4064
682 1683121564 3562 463 3676 3659 3595 3637 3637 3605 4065 4065 4064 4064 4064 4064 4064 4064
683 1683121564 3561 464 3675 3658 3594 3637 3637 3605 4065 4065 4065 4065 4065 4065 4065 4065
684 1683121564 3562 463 3678 3659 3595 3637 3637 3605 4061 4059 4059 4059 4059 4059 4059 4059
685 1683121564 3561 463 3677 3659 3594 3637 3637 3605 4063 4063 4062 4062 4062 4062 4062 4062
686 1683121564 3562 463 3678 3659 3595 3637 3637 3606 4065 4065 4065 4065 4065 4065 4065 4065
687 1683121564 3561 464 3677 3659 3595 3637 3637 3605 4065 4065 4064 4064 4064 4064 4064 4064
688 1683121564 3563 463 3678 3659 3595 3638 3638 3606 4065 4065 4064 4064 4064 4064 4064 4064
689 1683121564 3562 463 3677 3659 3595 3638 3638 3606 4065 4065 4064 4064 4064 4064 4064 4064
690 1683121564 3561 464 3677 3659 3594 3637 3637 3606 4063 4063 4063 4063 4063 4063 4063 4063
691 1683121564 3562 464 3677 3659 3595 3638 3638 3606 4063 4063 4063 4063 4063 4063 4063 4063
692 1683121564 3562 463 3678 3659 3595 3637 3637 3605 4065 4065 4064 4064 4064 4064 4064 4064
693 1683121565 3562 466 3678 3659 3595 3638 3638 3606 4065 4065 4064 4064 4064 4064 4064 4064
694 1683121565 3563 465 3678 3660 3596 3638 3637 3606 4065 4065 4064 4064 4064 4064 4064 4064
695 1683121565 3562 464 3677 3659 3595 3638 3638 3606 4065 4065 4064 4064 4064 4064 4064 4064
696 1683121565 3562 463 3678 3659 3595 3637 3637 3605 4065 4065 4064 4064 4064 4064 4064 4064
697 1683121565 3563 463 3678 3660 3595 3638 3638 3605 4065 4063 4063 4063 4063 4063 4063 4063
698 1683121565 3563 463 3678 3660 3596 3638 3638 3606 4065 4064 4064 4064 4064 4064 4064 4064
699 1683121565 3563 464 3679 3660 3596 3638 3638 3606 4065 4065 4064 4064 4064 4064 4064 4064
700 1683121565 3562 463 3678 3659 3595 3637 3637 3606 4065 4065 4064 4064 4064 4064 4064 4064
701 1683121565 3563 463 3679 3660 3596 3638 3638 3606 4065 4063 4063 4063 4063 4063 4063 4063
702 1683121565 3563 464 3678 3660 3596 3639 3639 3607 4065 4065 4065 4065 4065 4065 4065 4065
703 1683121565 3562 463 3678 3659 3595 3638 3637 3606 4065 4065 4064 4064 4064 4064 4064 4064
704 1683121565 3562 463 3677 3659 3594 3637 3637 3605 4065 4065 4064 4064 4064 4064 4064 4064
705 1683121565 3562 464 3678 3660 3596 3638 3638 3606 4063 4063 4063 4063 4063 4063 4063 4063
706 1683121565 3562 464 3678 3660 3595 3638 3638 3606 4065 4065 4064 4064 4064 4064 4064 4064
707 1683121565 3561 464 3677 3659 3595 3637 3637 3606 4065 4065 4065 4065 4065 4065 4065 4065
708 1683121565 3562 463 3678 3659 3595 3637 3637 3606 4065 4065 4064 4064 4064 4064 4064 4064
709 1683121565 3562 464 3677 3659 3595 3638 3637 3606 4065 4065 4065 4065 4065 4065 4065 4065
710 1683121565 3563 464 3679 3661 3596 3639 3639 3606 4065 4064 4064 4064 4064 4064 4064 4064
711 1683121565 3562 464 3678 3659 3595 3638 3638 3606 4063 4063 4063 4063 4063 4063 4063 4063
712 1683121565 3562 464 3677 3659 3595 3637 3636 3605 4064 4065 4064 4064 4064 4064 4064 4064
713 1683121573 3561 464 3676 3657 3594 3636 3635 3604 4065 4065 4064 4064 4064 4064 4064 4064
714 1683121573 3562 463 3677 3658 3594 3637 3637 3605 4065 4065 4065 4065 4065 4065 4065 4065
715 1683121573 3560 464 3676 3658 3594 3636 3636 3604 4063 4063 4063 4063 4063 4063 4063 4063
716 1683121573 3562 464 3678 3659 3594 3638 3637 3606 4063 4063 4063 4063 4063 4063 4063 4063
717 1683121573 3561 464 3677 3659 3594 3637 3636 3605 4063 4063 4063 4063 4063 4063 4063 4063
718 1683121573 3561 464 3677 3658 3594 3636 3637 3605 4065 4065 4064 4064 4064 4064 4064 4064
719 1683121573 3562 464 3678 3659 3595 3637 3637 3606 4063 4063 4063 4063 4063 4063 4063 4063
720 1683121573 3561 465 3676 3658 3594 3637 3637 3605 4063 4063 4063 4063 4063 4063 4063 4063
721 1683121573 3563 463 3678 3659 3595 3637 3637 3606 4065 4065 4064 4064 4064 4064 4064 4064
722 1683121573 3561 464 3677 3658 3594 3636 3636 3604 4065 4065 4064 4064 4064 4064 4064 4064
723 1683121573 3562 464 3677 3658 3594 3636 3636 3605 4065 4065 4064 4064 4064 4064 4064 4064
724 1683121573 3561 463 3677 3659 3594 3636 3636 3604 4061 4061 4061 4061 4061 4061 4061 4061
725 1683121573 3562 463 3677 3658 3594 3637 3636 3604 4065 4065 4064 4064 4064 4064 4064 4064
726 1683121573 3562 464 3678 3659 3595 3638 3637 3605 4063 4063 4063 4063 4063 4063 4063 4063
727 1683121573 3561 464 3676 3658 3593 3636 3635 3604 4065 4064 4064 4064 4064 4064 4064 4064
728 1683121573 3560 464 3676 3657 3593 3636 3636 3604 4063 4063 4063 4063 4063 4063 4063 4063
729 1683121573 3561 465 3676 3659 3594 3637 3637 3605 4065 4065 4064 4064 4064 4064 4064 4064
730 1683121573 3561 464 3676 3658 3593 3636 3637 3605 4065 4065 4064 4064 4064 4064 4064 4064
731 1683121573 3561 464 3676 3658 3594 3637 3636 3604 4065 4065 4064 4064 4064 4064 4064 4064
732 1683121573 3561 464 3677 3658 3594 3637 3637 3605 4065 4065 4064 4064 4064 4064 4064 4064
733 1683121573 3561 464 3678 3658 3595 3637 3637 3605 4065 4065 4065 4065 4065 4065 4065 4065
734 1683121573 3561 464 3677 3658 3594 3637 3636 3605 4067 4065 4065 4065 4065 4065 4065 4065
735 1683121573 3562 464 3677 3659 3594 3637 3637 3605 4065 4065 4064 4064 4064 4064 4064 4064
736 1683121573 3562 464 3677 3659 3595 3638 3637 3605 4065 4065 4065 4065 4065 4065 4065 4065
737 1683121573 3561 465 3677 3659 3595 3638 3638 3606 4063 4063 4063 4063 4063 4063 4063 4063
738 1683121573 3562 464 3677 3659 3595 3637 3637 3606 4065 4065 4064 4064 4064 4064 4064 4064
739 1683121573 3561 463 3678 3658 3594 3637 3636 3604 4063 4063 4063 4063 4063 4063 4063 4063
740 1683121573 3561 464 3676 3658 3594 3636 3636 3604 4065 4064 4064 4064 4064 4064 4064 4064
741 1683121573 3561 465 3677 3658 3594 3637 3637 3605 4065 4065 4064 4064 4064 4064 4064 4064
742 1683121573 3562 464 3677 3659 3595 3637 3637 3605 4063 4063 4063 4063 4063 4063 4063 4063
743 1683121573 3562 464 3678 3659 3595 3638 3638 3606 4063 4063 4063 4063 4063 4063 4063 4063
744 1683121573 3563 464 3677 3659 3595 3638 3638 3606 4065 4065 4065 4065 4065 4065 4065 4065
745 1683121573 3561 464 3676 3658 3594 3637 3637 3605 4065 4065 4064 4064 4064 4064 4064 4064
746 1683121573 3563 464 3678 3660 3595 3637 3637 3605 4065 4065 4064 4064 4064 4064 4064 4064
747 1683121573 3561 464 3677 3659 3595 3637 3637 3605 4063 4063 4063 4063 4063 4063 4063 4063
748 1683121573 3563 464 3678 3659 3595 3638 3637 3606 4065 4065 4065 4065 4065 4065 4065 4065
749 1683121573 3561 464 3677 3658 3595 3637 3636 3605 4065 4065 4064 4064 4064 4064 4064 4064
750 1683121573 3561 464 3677 3658 3594 3637 3636 3605 4065 4065 4064 4064 4064 4064 4064 4064
751 1683121573 3562 464 3678 3659 3595 3638 3638 3606 4063 4063 4063 4063 4063 4063 4063 4063
752 1683121573 3562 464 3677 3659 3596 3638 3637 3606 4065 4065 4065 4065 4065 4065 4065 4065
753 1683121573 3562 464 3678 3659 3595 3638 3637 3606 4063 4063 4063 4063 4063 4063 4063 4063
754 1683121573 3561 464 3677 3658 3595 3637 3636 3605 4065 4065 4064 4064 4064 4064 4064 4064
755 1683121573 3562 464 3678 3659 3595 3638 3638 3606 4065 4065 4064 4064 4064 4064 4064 4064
756 1683121573 3562 464 3677 3659 3595 3638 3637 3605 4063 4063 4063 4063 4063 4063 4063 4063
757 1683121573 3562 465 3677 3658 3595 3637 3637 3606 4065 4065 4064 4064 4064 4064 4064 4064
758 1683121573 3561 464 3677 3659 3594 3637 3637 3605 4065 4065 4064 4064 4064 4064 4064 4064
759 1683121573 3562 464 3678 3660 3596 3638 3638 3606 4065 4065 4064 4064 4064 4064 4064 4064
760 1683121573 3562 464 3677 3658 3594 3637 3637 3605 4065 4065 4064 4064 4064 4064 4064 4064
761 1683121573 3562 464 3678 3660 3595 3638 3638 3606 4061 4061 4061 4061 4061 4061 4061 4061
762 1683121573 3562 464 3677 3659 3595 3637 3638 3605 4063 4063 4062 4062 4062 4062 4062 4062
763 1683121573 3563 464 3678 3659 3595 3638 3638 3606 4063 4063 4063 4063 4063 4063 4063 4063
764 1683121573 3562 464 3677 3659 3595 3638 3638 3606 4065 4065 4064 4064 4064 4064 4064 4064
765 1683121573 3562 465 3678 3660 3595 3638 3638 3606 4064 4065 4064 4064 4064 4064 4064 4064
766 1683121573 3562 464 3679 3659 3595 3638 3637 3606 4063 4063 4063 4063 4063 4063 4063 4063
767 1683121573 3562 464 3678 3659 3595 3638 3638 3606 4065 4065 4064 4064 4064 4064 4064 4064
768 1683121573 3563 464 3679 3660 3596 3638 3638 3607 4065 4065 4064 4064 4064 4064 4064 4064
769 1683121573 3563 464 3678 3660 3595 3638 3637 3606 4063 4063 4063 4063 4063 4063 4063 4063
770 1683121573 3562 464 3678 3659 3595 3638 3638 3606 4065 4065 4064 4064 4064 4064 4064 4064
771 1683121573 3562 464 3678 3659 3595 3637 3637 3606 4065 4065 4064 4064 4064 4064 4064 4064
772 1683121573 3563 464 3678 3660 3596 3638 3638 3606 4065 4065 4064 4064 4064 4064 4064 4064
773 1683121573 3563 465 3679 3660 3596 3638 3638 3606 4063 4063 4063 4063 4063 4063 4063 4063
774 1683121573 3563 464 3679 3660 3596 3639 3638 3606 4065 4065 4064 4064 4064 4064 4064 4064
775 1683121573 3562 465 3678 3659 3595 3638 3638 3606 4065 4065 4064 4064 4064 4064 4064 4064
776 1683121573 3562 464 3677 3659 3595 3638 3638 3606 4065 4063 4063 4063 4063 4063 4063 4063
777 1683121573 3562 464 3678 3659 3595 3637 3637 3606 4063 4063 4062 4062 4062 4062 4062 4062
778 1683121573 3563 464 3679 3660 3596 3638 3638 3607 4065 4064 4064 4064 4064 4064 4064 4064
779 1683121573 3563 464 3678 3660 3596 3638 3638 3606 4063 4063 4062 4062 4062 4062 4062 4062
780 1683121573 3562 464 3678 3659 3595 3638 3638 3606 4065 4065 4064 4064 4064 4064 4064 4064
781 1683121574 3563 465 3679 3660 3596 3638 3638 3606 4065 4065 4064 4064 4064 4064 4064 4064
782 1683121574 3562 464 3678 3660 3595 3638 3638 3606 4063 4063 4063 4063 4063 4063 4063 4063
783 1683121574 3562 465 3678 3659 3595 3638 3638 3606 4063 4063 4063 4063 4063 4063 4063 4063
784 1683121574 3563 464 3678 3659 3596 3638 3638 3606 4065 4065 4065 4065 4065 4065 4065 4065
785 1683121574 3564 464 3679 3660 3596 3638 3638 3606 4065 4065 4064 4064 4064 4064 4064 4064
786 1683121574 3562 464 3678 3659 3595 3637 3637 3605 4063 4063 4063 4063 4063 4063 4063 4063
787 1683121574 3564 465 3679 3660 3596 3639 3639 3607 4065 4065 4065 4065 4065 4065 4065 4065
788 1683121574 3562 464 3678 3659 3595 3638 3638 3606 4065 4065 4064 4064 4064 4064 4064 4064
789 1683121574 3562 465 3678 3658 3594 3637 3637 3606 4065 4065 4065 4065 4065 4065 4065 4065
790 1683121574 3563 464 3678 3660 3596 3638 3638 3606 4063 4063 4063 4063 4063 4063 4063 4063
791 1683121574 3563 464 3678 3660 3596 3639 3639 3607 4065 4065 4064 4064 4064 4064 4064 4064
792 1683121574 3562 465 3679 3660 3596 3639 3638 3607 4065 4065 4064 4064 4064 4064 4064 4064
793 1683121574 3563 465 3679 3660 3596 3639 3639 3607 4063 4063 4063 4063 4063 4063 4063 4063
794 1683121574 3563 465 3679 3660 3596 3638 3638 3607 4065 4065 4065 4065 4065 4065 4065 4065
795 1683121574 3562 465 3678 3660 3595 3638 3638 3607 4063 4063 4063 4063 4063 4063 4063 4063
796 1683121574 3563 464 3678 3659 3596 3638 3638 3606 4059 4059 4059 4059 4059 4059 4059 4059
797 1683121574 3563 465 3678 3660 3595 3638 3638 3606 4061 4061 4061 4061 4061 4061 4061 4061
798 1683121574 3562 465 3677 3659 3595 3638 3637 3606 4065 4065 4064 4064 4064 4064 4064 4064
799 1683121574 3563 465 3678 3660 3596 3639 3639 3607 4065 4065 4064 4064 4064 4064 4064 4064
800 1683121574 3563 465 3679 3661 3596 3639 3638 3607 4063 4063 4063 4063 4063 4063 4063 4063
801 1683121574 3563 465 3678 3659 3595 3637 3637 3606 4063 4063 4063 4063 4063 4063 4063 4063
802 1683121574 3563 465 3678 3660 3595 3638 3638 3606 4065 4065 4064 4064 4064 4064 4064 4064
803 1683121574 3562 464 3678 3660 3595 3638 3638 3606 4065 4065 4064 4064 4064 4064 4064 4064
804 1683121574 3564 464 3680 3661 3597 3639 3639 3607 4065 4065 4065 4065 4065 4065 4065 4065
805 1683121574 3562 465 3678 3659 3595 3638 3638 3605 4063 4063 4063 4063 4063 4063 4063 4063
806 1683121574 3562 464 3678 3659 3595 3638 3638 3606 4065 4065 4064 4064 4064 4064 4064 4064
807 1683121574 3563 465 3678 3660 3596 3638 3638 3607 4063 4063 4063 4063 4063 4063 4063 4063
808 1683121574 3563 464 3677 3660 3597 3639 3638 3606 4065 4065 4064 4064 4064 4064 4064 4064
809 1683121574 3562 464 3678 3660 3596 3638 3638 3606 4065 4065 4065 4065 4065 4065 4065 4065
810 1683121574 3563 464 3679 3660 3596 3638 3638 3607 4065 4065 4064 4064 4064 4064 4064 4064
811 1683121574 3563 465 3679 3660 3596 3639 3639 3607 4061 4061 4061 4061 4061 4061 4061 4061
812 1683121574 3563 464 3679 3660 3596 3638 3638 3607 4065 4065 4064 4064 4064 4064 4064 4064
813 1683121574 3563 465 3679 3661 3596 3639 3639 3607 4065 4065 4064 4064 4064 4064 4064 4064
814 1683121574 3563 465 3678 3659 3595 3638 3638 3606 4063 4063 4063 4063 4063 4063 4063 4063
815 1683121574 3563 464 3679 3660 3596 3639 3639 3607 4065 4065 4064 4064 4064 4064 4064 4064
816 1683121574 3564 465 3679 3661 3597 3639 3638 3607 4065 4065 4065 4065 4065 4065 4065 4065
817 1683121574 3562 465 3678 3659 3595 3638 3638 3606 4063 4063 4063 4063 4063 4063 4063 4063
818 1683121574 3562 464 3678 3660 3596 3638 3638 3606 4063 4063 4063 4063 4063 4063 4063 4063
819 1683121574 3563 464 3678 3659 3595 3638 3638 3606 4065 4065 4064 4064 4064 4064 4064 4064
820 1683121574 3563 466 3679 3660 3597 3639 3639 3607 4065 4065 4064 4064 4064 4064 4064 4064
821 1683121574 3563 465 3679 3660 3596 3638 3638 3606 4065 4065 4064 4064 4064 4064 4064 4064
822 1683121574 3563 464 3678 3659 3595 3638 3638 3606 4063 4063 4063 4063 4063 4063 4063 4063
823 1683121574 3563 464 3678 3660 3595 3638 3638 3606 4065 4065 4065 4065 4065 4065 4065 4065
824 1683121574 3562 465 3678 3660 3596 3638 3638 3606 4063 4063 4063 4063 4063 4063 4063 4063
825 1683121574 3564 465 3679 3661 3596 3639 3639 3607 4065 4065 4064 4064 4064 4064 4064 4064
826 1683121574 3563 464 3679 3660 3596 3638 3639 3607 4063 4063 4063 4063 4063 4063 4063 4063
827 1683121574 3563 465 3679 3660 3596 3639 3638 3607 4065 4065 4064 4064 4064 4064 4064 4064
828 1683121574 3562 464 3678 3659 3595 3638 3638 3606 4063 4063 4063 4063 4063 4063 4063 4063
829 1683121574 3564 465 3679 3661 3597 3639 3639 3607 4065 4065 4064 4064 4064 4064 4064 4064
830 1683121574 3565 464 3680 3661 3597 3640 3640 3608 4065 4065 4064 4064 4064 4064 4064 4064
831 1683121574 3563 464 3679 3660 3597 3639 3639 3607 4063 4063 4063 4063 4063 4063 4063 4063
832 1683121574 3563 464 3679 3660 3596 3638 3638 3606 4065 4065 4064 4064 4064 4064 4064 4064
833 1683121574 3563 465 3679 3660 3596 3639 3639 3607 4065 4065 4064 4064 4064 4064 4064 4064
834 1683121574 3562 465 3678 3659 3596 3638 3638 3606 4065 4065 4064 4064 4064 4064 4064 4064
835 1683121574 3562 465 3678 3659 3596 3638 3638 3606 4061 4061 4061 4061 4061 4061 4061 4061
836 1683121574 3562 466 3677 3659 3596 3639 3638 3607 4065 4065 4064 4064 4064 4064 4064 4064
837 1683121574 3562 465 3678 3659 3595 3638 3638 3606 4065 4065 4064 4064 4064 4064 4064 4064
838 1683121574 3562 465 3678 3660 3595 3638 3638 3606 4065 4065 4065 4065 4065 4065 4065 4065
839 1683121574 3562 465 3677 3659 3595 3637 3637 3606 4065 4065 4064 4064 4064 4064 4064 4064
840 1683121574 3563 464 3679 3660 3596 3639 3639 3607 4065 4065 4064 4064 4064 4064 4064 4064
841 1683121574 3563 465 3678 3660 3596 3638 3638 3606 4065 4065 4064 4064 4064 4064 4064 4064
842 1683121574 3562 465 3678 3659 3595 3638 3637 3606 4065 4065 4064 4064 4064 4064 4064 4064
843 1683121574 3562 465 3678 3660 3596 3638 3638 3607 4065 4065 4064 4064 4064 4064 4064 4064
844 1683121574 3563 464 3678 3659 3596 3638 3638 3606 4065 4065 4064 4064 4064 4064 4064 4064
845 1683121574 3563 465 3678 3660 3595 3638 3638 3606 4065 4065 4064 4064 4064 4064 4064 4064
846 1683121574 3563 465 3679 3660 3596 3640 3640 3607 4065 4065 4064 4064 4064 4064 4064 4064
847 1683121574 3563 465 3678 3660 3595 3638 3638 3607 4063 4063 4063 4063 4063 4063 4063 4063
848 1683121574 3562 465 3677 3659 3595 3638 3638 3606 4065 4065 4065 4065 4065 4065 4065 4065
849 1683121574 3563 465 3679 3661 3596 3638 3638 3607 4063 4063 4063 4063 4063 4063 4063 4063
850 1683121574 3563 465 3678 3660 3596 3638 3637 3606 4065 4065 4064 4064 4064 4064 4064 4064
851 1683121574 3564 465 3679 3661 3597 3639 3639 3607 4065 4065 4064 4064 4064 4064 4064 4064
852 1683121574 3563 466 3679 3660 3596 3638 3638 3607 4065 4065 4064 4064 4064 4064 4064 4064
853 1683121574 3563 465 3679 3660 3596 3639 3639 3607 4065 4065 4064 4064 4064 4064 4064 4064
854 1683121575 3564 465 3679 3661 3596 3639 3638 3607 4063 4063 4063 4063 4063 4063 4063 4063
855 1683121575 3564 465 3680 3661 3597 3639 3639 3608 4065 4065 4064 4064 4064 4064 4064 4064
856 1683121575 3564 464 3679 3661 3597 3639 3639 3607 4065 4065 4065 4065 4065 4065 4065 4065
857 1683121575 3564 465 3679 3661 3597 3640 3639 3607 4065 4065 4064 4064 4064 4064 4064 4064
858 1683121575 3563 464 3679 3661 3596 3639 3639 3607 4065 4065 4064 4064 4064 4064 4064 4064
859 1683121575 3563 465 3678 3660 3595 3638 3638 3606 4065 4064 4064 4064 4064 4064 4064 4064
860 1683121575 3563 464 3679 3661 3596 3639 3639 3607 4065 4065 4064 4064 4064 4064 4064 4064
861 1683121575 3563 465 3679 3660 3597 3639 3639 3607 4065 4065 4064 4064 4064 4064 4064 4064
862 1683121575 3564 465 3679 3661 3597 3640 3639 3607 4065 4065 4064 4064 4064 4064 4064 4064
863 1683121575 3564 465 3680 3661 3597 3639 3639 3607 4065 4065 4064 4064 4064 4064 4064 4064
864 1683121575 3564 465 3679 3660 3596 3638 3638 3606 4065 4063 4063 4063 4063 4063 4063 4063
865 1683121575 3564 465 3679 3660 3597 3639 3639 3607 4065 4065 4064 4064 4064 4064 4064 4064
866 1683121575 3563 465 3679 3660 3596 3639 3638 3607 4063 4063 4063 4063 4063 4063 4063 4063
867 1683121575 3563 465 3679 3660 3596 3639 3639 3607 4065 4065 4064 4064 4064 4064 4064 4064
868 1683121575 3562 466 3678 3660 3595 3638 3638 3606 4065 4065 4064 4064 4064 4064 4064 4064
869 1683121575 3564 465 3680 3661 3597 3640 3639 3607 4065 4065 4064 4064 4064 4064 4064 4064
870 1683121575 3564 465 3679 3661 3596 3639 3639 3607 4065 4065 4064 4064 4064 4064 4064 4064
871 1683121575 3563 465 3678 3661 3597 3639 3639 3607 4063 4063 4063 4063 4063 4063 4063 4063
872 1683121575 3563 465 3677 3660 3596 3638 3638 3606 4065 4065 4064 4064 4064 4064 4064 4064
873 1683121575 3564 465 3680 3661 3598 3641 3640 3609 4065 4065 4065 4065 4065 4065 4065 4065
874 1683121575 3563 465 3679 3661 3598 3640 3640 3608 4065 4065 4064 4064 4064 4064 4064 4064
875 1683121575 3562 465 3678 3659 3595 3638 3638 3606 4063 4063 4063 4063 4063 4063 4063 4063
876 1683121575 3564 466 3679 3661 3596 3639 3639 3607 4065 4065 4063 4063 4063 4063 4063 4063
877 1683121575 3564 465 3679 3660 3596 3639 3639 3607 4065 4065 4065 4065 4065 4065 4065 4065
878 1683121575 3564 465 3679 3661 3597 3639 3638 3607 4065 4063 4063 4063 4063 4063 4063 4063
879 1683121575 3563 465 3678 3660 3597 3639 3639 3607 4063 4063 4063 4063 4063 4063 4063 4063
880 1683121575 3564 465 3679 3661 3597 3639 3638 3607 4065 4065 4064 4064 4064 4064 4064 4064
881 1683121575 3564 465 3680 3661 3597 3640 3639 3607 4067 4065 4065 4065 4065 4065 4065 4065
882 1683121575 3564 465 3680 3661 3597 3640 3640 3608 4065 4065 4064 4064 4064 4064 4064 4064
883 1683121575 3562 465 3678 3660 3596 3638 3639 3606 4063 4063 4063 4063 4063 4063 4063 4063
884 1683121575 3563 466 3679 3660 3596 3639 3638 3607 4063 4063 4063 4063 4063 4063 4063 4063
885 1683121575 3564 465 3680 3661 3598 3640 3640 3608 4063 4063 4062 4062 4062 4062 4062 4062
886 1683121575 3563 465 3679 3660 3596 3638 3638 3606 4065 4065 4064 4064 4064 4064 4064 4064
887 1683121575 3564 465 3680 3661 3597 3639 3639 3607 4065 4065 4064 4064 4064 4064 4064 4064
888 1683121575 3563 466 3679 3660 3597 3639 3639 3607 4065 4065 4065 4065 4065 4065 4065 4065
889 1683121575 3563 465 3679 3660 3597 3639 3639 3607 4065 4065 4065 4065 4065 4065 4065 4065
890 1683121575 3563 465 3679 3661 3597 3639 3639 3607 4065 4063 4063 4063 4063 4063 4063 4063
891 1683121575 3564 465 3679 3661 3597 3639 3639 3608 4065 4065 4064 4064 4064 4064 4064 4064
892 1683121575 3563 466 3679 3661 3596 3639 3638 3607 4065 4065 4064 4064 4064 4064 4064 4064
893 1683121575 3564 465 3680 3661 3597 3640 3640 3608 4065 4065 4064 4064 4064 4064 4064 4064
894 1683121575 3564 466 3680 3661 3597 3640 3639 3608 4065 4065 4064 4064 4064 4064 4064 4064
895 1683121575 3565 465 3680 3661 3597 3640 3640 3608 4065 4065 4065 4065 4065 4065 4065 4065
896 1683121575 3564 465 3679 3660 3597 3639 3638 3607 4065 4064 4064 4064 4064 4064 4064 4064
897 1683121575 3564 465 3680 3661 3597 3639 3639 3607 4065 4065 4064 4064 4064 4064 4064 4064
898 1683121575 3565 465 3681 3662 3597 3640 3640 3608 4065 4065 4065 4065 4065 4065 4065 4065
899 1683121575 3564 465 3679 3661 3596 3639 3639 3607 4061 4061 4060 4060 4060 4060 4060 4060
900 1683121575 3563 465 3679 3661 3597 3639 3639 3607 4063 4063 4063 4063 4063 4063 4063 4063
901 1683121575 3564 465 3679 3661 3596 3639 3639 3607 4065 4065 4064 4064 4064 4064 4064 4064
902 1683121575 3562 464 3678 3659 3595 3638 3637 3605 4065 4065 4065 4065 4065 4065 4065 4065
903 1683121575 3563 463 3678 3660 3595 3638 3638 3606 4065 4065 4064 4064 4064 4064 4064 4064
904 1683121575 3561 463 3677 3658 3594 3637 3637 3605 4065 4065 4064 4064 4064 4064 4064 4064
905 1683121575 3562 463 3677 3659 3595 3637 3637 3605 4063 4063 4063 4063 4063 4063 4063 4063
906 1683121575 3562 464 3678 3659 3596 3638 3637 3606 4065 4065 4064 4064 4064 4064 4064 4064
907 1683121575 3562 463 3678 3659 3595 3638 3637 3605 4065 4065 4064 4064 4064 4064 4064 4064
908 1683121575 3562 464 3677 3659 3595 3637 3637 3606 4065 4065 4064 4064 4064 4064 4064 4064
909 1683121575 3562 463 3678 3659 3595 3637 3637 3605 4065 4065 4064 4064 4064 4064 4064 4064
910 1683121575 3562 464 3677 3659 3595 3637 3637 3606 4063 4063 4063 4063 4063 4063 4063 4063
911 1683121575 3562 464 3678 3659 3594 3637 3637 3605 4063 4063 4063 4063 4063 4063 4063 4063
912 1683121575 3562 463 3677 3659 3595 3637 3637 3605 4065 4065 4064 4064 4064 4064 4064 4064
913 1683121575 3562 463 3678 3659 3595 3638 3637 3606 4065 4065 4064 4064 4064 4064 4064 4064
914 1683121575 3562 464 3678 3659 3595 3637 3637 3605 4065 4065 4065 4065 4065 4065 4065 4065
915 1683121575 3562 463 3678 3659 3595 3638 3637 3606 4065 4065 4064 4064 4064 4064 4064 4064
916 1683121575 3562 463 3677 3658 3594 3637 3637 3605 4065 4065 4064 4064 4064 4064 4064 4064
917 1683121575 3562 463 3678 3659 3595 3637 3637 3605 4065 4065 4064 4064 4064 4064 4064 4064
918 1683121575 3562 464 3678 3659 3595 3638 3638 3606 4065 4065 4064 4064 4064 4064 4064 4064
919 1683121575 3562 464 3678 3659 3595 3638 3638 3606 4063 4063 4063 4063 4063 4063 4063 4063
920 1683121575 3563 463 3677 3660 3595 3638 3638 3606 4065 4065 4064 4064 4064 4064 4064 4064
921 1683121575 3563 463 3678 3659 3595 3637 3637 3605 4063 4063 4063 4063 4063 4063 4063 4063
922 1683121575 3562 464 3678 3659 3595 3637 3637 3605 4065 4065 4064 4064 4064 4064 4064 4064
923 1683121575 3562 463 3678 3659 3595 3637 3637 3605 4065 4065 4065 4065 4065 4065 4065 4065
924 1683121575 3562 464 3678 3659 3595 3638 3638 3606 4065 4065 4065 4065 4065 4065 4065 4065
925 1683121575 3562 463 3677 3659 3594 3637 3637 3605 4065 4065 4064 4064 4064 4064 4064 4064
926 1683121575 3562 464 3678 3659 3595 3637 3638 3606 4065 4065 4064 4064 4064 4064 4064 4064
927 1683121575 3562 463 3678 3659 3595 3638 3637 3606 4065 4065 4064 4064 4064 4064 4064 4064
928 1683121575 3562 464 3677 3659 3595 3637 3637 3606 4063 4063 4063 4063 4063 4063 4063 4063
929 1683121576 3562 464 3678 3658 3595 3637 3637 3606 4065 4065 4064 4064 4064 4064 4064 4064
930 1683121576 3562 464 3678 3660 3595 3638 3638 3606 4065 4065 4064 4064 4064 4064 4064 4064
931 1683121576 3562 464 3678 3659 3595 3638 3637 3605 4065 4063 4063 4063 4063 4063 4063 4063
932 1683121576 3561 464 3677 3658 3594 3637 3637 3605 4065 4065 4065 4065 4065 4065 4065 4065
933 1683121576 3563 464 3679 3660 3596 3639 3639 3607 4065 4065 4064 4064 4064 4064 4064 4064
934 1683121576 3562 464 3677 3659 3595 3638 3638 3606 4065 4065 4065 4065 4065 4065 4065 4065
935 1683121576 3563 463 3678 3659 3595 3637 3637 3605 4063 4063 4063 4063 4063 4063 4063 4063
936 1683121576 3562 463 3677 3659 3594 3637 3636 3605 4063 4063 4063 4063 4063 4063 4063 4063
937 1683121576 3562 464 3676 3658 3594 3637 3637 3606 4065 4064 4064 4064 4064 4064 4064 4064
938 1683121576 3562 463 3678 3659 3595 3638 3637 3605 4065 4065 4064 4064 4064 4064 4064 4064
939 1683121576 3562 463 3677 3659 3595 3637 3638 3605 4063 4063 4063 4063 4063 4063 4063 4063
940 1683121576 3563 463 3679 3660 3596 3639 3638 3607 4065 4065 4064 4064 4064 4064 4064 4064
941 1683121576 3562 464 3677 3659 3595 3637 3637 3606 4065 4065 4064 4064 4064 4064 4064 4064
942 1683121576 3561 464 3676 3658 3594 3637 3637 3605 4065 4065 4064 4064 4064 4064 4064 4064
943 1683121576 3561 463 3678 3658 3594 3637 3637 3605 4065 4065 4064 4064 4064 4064 4064 4064
944 1683121576 3562 464 3677 3660 3595 3638 3638 3606 4065 4065 4064 4064 4064 4064 4064 4064
945 1683121576 3563 464 3678 3660 3596 3638 3638 3606 4065 4065 4064 4064 4064 4064 4064 4064
946 1683121576 3562 464 3678 3659 3595 3637 3637 3605 4063 4063 4063 4063 4063 4063 4063 4063
947 1683121576 3562 464 3678 3659 3595 3638 3638 3606 4063 4063 4063 4063 4063 4063 4063 4063
948 1683121576 3562 466 3677 3659 3595 3638 3637 3605 4065 4065 4065 4065 4065 4065 4065 4065
949 1683121576 3563 465 3678 3660 3596 3639 3638 3606 4065 4065 4065 4065 4065 4065 4065 4065
950 1683121576 3562 464 3677 3659 3595 3637 3637 3606 4065 4065 4064 4064 4064 4064 4064 4064
951 1683121576 3563 464 3678 3660 3596 3638 3638 3606 4065 4065 4064 4064 4064 4064 4064 4064
952 1683121576 3562 463 3677 3659 3595 3638 3637 3606 4065 4065 4064 4064 4064 4064 4064 4064
953 1683121576 3563 463 3678 3659 3595 3638 3637 3606 4065 4065 4064 4064 4064 4064 4064 4064
954 1683121576 3562 464 3678 3659 3595 3638 3638 3607 4063 4063 4063 4063 4063 4063 4063 4063
955 1683121576 3562 464 3678 3659 3595 3638 3638 3606 4065 4065 4064 4064 4064 4064 4064 4064
956 1683121576 3563 464 3679 3660 3596 3638 3638 3606 4065 4065 4064 4064 4064 4064 4064 4064
957 1683121576 3562 464 3678 3659 3596 3638 3638 3606 4063 4062 4062 4062 4062 4062 4062 4062
958 1683121576 3562 464 3678 3660 3596 3638 3639 3607 4065 4065 4064 4064 4064 4064 4064 4064
959 1683121576 3562 464 3678 3659 3595 3638 3638 3606 4065 4065 4064 4064 4064 4064 4064 4064
960 1683121576 3562 464 3678 3659 3595 3638 3638 3606 4065 4065 4064 4064 4064 4064 4064 4064
961 1683121576 3562 464 3678 3659 3595 3637 3637 3606 4065 4065 4065 4065 4065 4065 4065 4065
962 1683121576 3562 464 3678 3659 3596 3638 3638 3606 4063 4063 4062 4062 4062 4062 4062 4062
963 1683121576 3563 464 3678 3660 3596 3638 3638 3606 4065 4065 4064 4064 4064 4064 4064 4064
964 1683121576 3563 463 3678 3659 3595 3637 3637 3605 4063 4063 4063 4063 4063 4063 4063 4063
965 1683121576 3562 464 3678 3659 3595 3637 3637 3605 4065 4065 4064 4064 4064 4064 4064 4064
966 1683121576 3563 464 3679 3660 3596 3638 3639 3606 4065 4065 4064 4064 4064 4064 4064 4064
967 1683121576 3563 464 3678 3660 3595 3638 3638 3606 4063 4063 4063 4063 4063 4063 4063 4063
968 1683121576 3562 464 3677 3659 3595 3638 3638 3606 4065 4065 4064 4064 4064 4064 4064 4064
969 1683121576 3562 463 3678 3659 3595 3638 3637 3605 4065 4063 4063 4063 4063 4063 4063 4063
970 1683121576 3562 464 3677 3659 3595 3637 3637 3605 4063 4063 4063 4063 4063 4063 4063 4063
971 1683121576 3562 464 3678 3659 3595 3638 3638 3606 4065 4065 4064 4064 4064 4064 4064 4064
972 1683121576 3563 464 3677 3659 3595 3637 3638 3605 4063 4063 4062 4062 4062 4062 4062 4062
973 1683121576 3563 464 3679 3660 3596 3638 3638 3606 4063 4063 4063 4063 4063 4063 4063 4063
974 1683121576 3563 464 3679 3660 3596 3638 3638 3606 4065 4063 4063 4063 4063 4063 4063 4063
975 1683121576 3563 464 3679 3660 3596 3639 3639 3607 4063 4063 4063 4063 4063 4063 4063 4063
976 1683121576 3562 464 3678 3660 3596 3639 3638 3606 4065 4065 4064 4064 4064 4064 4064 4064
977 1683121576 3563 464 3678 3660 3596 3638 3638 3607 4065 4065 4064 4064 4064 4064 4064 4064
978 1683121576 3565 464 3681 3662 3598 3640 3641 3609 4065 4065 4065 4065 4065 4065 4065 4065
979 1683121576 3563 464 3679 3660 3596 3638 3638 3607 4065 4065 4064 4064 4064 4064 4064 4064
980 1683121576 3562 464 3678 3659 3595 3637 3637 3606 4065 4065 4065 4065 4065 4065 4065 4065
981 1683121576 3562 465 3678 3659 3595 3637 3638 3605 4065 4065 4064 4064 4064 4064 4064 4064
982 1683121576 3563 464 3679 3660 3596 3638 3639 3606 4067 4065 4065 4065 4065 4065 4065 4065
983 1683121576 3563 464 3678 3660 3595 3638 3638 3606 4061 4061 4061 4061 4061 4061 4061 4061
984 1683121576 3562 464 3677 3659 3595 3638 3638 3606 4065 4065 4065 4065 4065 4065 4065 4065
985 1683121576 3562 464 3678 3659 3595 3638 3637 3606 4065 4063 4063 4063 4063 4063 4063 4063
986 1683121576 3563 464 3679 3660 3596 3639 3639 3607 4063 4063 4063 4063 4063 4063 4063 4063
987 1683121576 3563 464 3678 3659 3595 3638 3638 3607 4063 4063 4063 4063 4063 4063 4063 4063
988 1683121576 3561 464 3677 3658 3594 3637 3637 3605 4065 4065 4064 4064 4064 4064 4064 4064
989 1683121576 3563 463 3679 3660 3596 3638 3638 3606 4065 4065 4064 4064 4064 4064 4064 4064
990 1683121576 3562 464 3678 3659 3595 3637 3637 3606 4063 4063 4063 4063 4063 4063 4063 4063
991 1683121576 3562 464 3678 3660 3595 3638 3637 3606 4065 4063 4063 4063 4063 4063 4063 4063
992 1683121576 3562 464 3677 3659 3595 3638 3638 3606 4065 4065 4064 4064 4064 4064 4064 4064
993 1683121576 3562 464 3678 3660 3596 3639 3638 3606 4065 4065 4064 4064 4064 4064 4064 4064
994 1683121576 3563 464 3679 3660 3596 3639 3639 3607 4065 4065 4064 4064 4064 4064 4064 4064
995 1683121576 3563 464 3679 3660 3595 3638 3638 3606 4063 4063 4063 4063 4063 4063 4063 4063
996 1683121577 3563 464 3678 3659 3595 3638 3638 3606 4065 4065 4065 4065 4065 4065 4065 4065
997 1683121577 3563 464 3679 3660 3596 3638 3638 3606 4065 4065 4064 4064 4064 4064 4064 4064
998 1683121577 3563 464 3678 3660 3595 3638 3638 3606 4065 4065 4064 4064 4064 4064 4064 4064
999 1683121577 3563 464 3678 3660 3596 3638 3638 3607 4059 4059 4058 4058 4058 4058 4058 4058
1000 1683121577 3563 464 3677 3659 3595 3638 3638 3606 4065 4065 4064 4064 4064 4064 4064 4064
