1 1683293426 3562 168 3677 3659 3594 3636 3637 3604 32 4063 4062 4062 4062 4062 4062 4062
2 1683293426 3562 169 3678 3660 3595 3638 3637 3605 32 4063 4063 4063 4063 4063 4063 4063
3 1683293427 3561 191 3677 3659 3595 3637 3637 3605 32 4063 4062 4062 4062 4062 4062 4062
4 1683293427 3562 180 3678 3659 3595 3638 3637 3605 32 4063 4063 4063 4063 4063 4063 4063
5 1683293427 3563 200 3678 3660 3595 3638 3637 3605 32 4063 4063 4063 4063 4063 4063 4063
6 1683293427 3563 181 3678 3660 3595 3638 3638 3606 32 4063 4062 4062 4062 4062 4062 4062
7 1683293427 3562 186 3677 3659 3595 3638 3638 3606 32 4061 4061 4061 4061 4061 4061 4061
8 1683293427 3562 168 3676 3659 3595 3637 3637 3605 32 4063 4062 4062 4062 4062 4062 4062
9 1683293427 3563 179 3679 3660 3596 3639 3639 3606 32 4063 4063 4063 4063 4063 4063 4063
10 1683293427 3564 198 3679 3660 3596 3639 3638 3606 32 4063 4062 4062 4062 4062 4062 4062
11 1683293428 3563 178 3678 3660 3595 3637 3637 3606 32 4063 4063 4063 4063 4063 4063 4063
12 1683293428 3563 167 3678 3660 3595 3638 3638 3606 32 4063 4062 4062 4062 4062 4062 4062
13 1683293428 3562 171 3678 3660 3595 3638 3638 3606 32 4061 4061 4061 4061 4061 4061 4061
14 1683293428 3563 212 3679 3660 3596 3639 3639 3607 32 4063 4063 4063 4063 4063 4063 4063
15 1683293428 3562 178 3677 3658 3594 3636 3636 3605 32 4063 4063 4063 4063 4063 4063 4063
16 1683293428 3563 189 3678 3660 3596 3637 3638 3605 32 4063 4063 4063 4063 4063 4063 4063
17 1683293428 3563 180 3679 3660 3596 3638 3638 3606 32 4063 4062 4062 4062 4062 4062 4062
18 1683293428 3564 181 3679 3661 3596 3639 3639 3607 32 4061 4061 4061 4061 4061 4061 4061
19 1683293428 3564 186 3680 3661 3597 3639 3639 3606 32 4063 4063 4063 4063 4063 4063 4063
20 1683293428 158 171 172 162 3594 3640 3640 3608 32 4063 4062 4062 4062 4062 4062 4062
21 1683293428 3564 174 3678 3660 3596 3638 3639 3607 32 4063 4063 4063 4063 4063 4063 4063
22 1683293428 3564 159 3678 3661 3596 3638 3638 3606 32 4063 4062 4062 4062 4062 4062 4062
23 1683293428 3563 168 3677 3659 3596 3638 3638 3606 32 4061 4061 4061 4061 4061 4061 4061
24 1683293428 3563 167 3679 3660 3595 3638 3638 3606 32 4061 4061 4061 4061 4061 4061 4061
25 1683293428 3564 200 3679 3660 3596 3639 3638 3606 32 4063 4062 4062 4062 4062 4062 4062
26 1683293428 3563 177 3678 3660 3595 3638 3638 3606 32 4063 4063 4063 4063 4063 4063 4063
27 1683293429 3563 170 3678 3660 3595 3638 3638 3606 32 4063 4063 4063 4063 4063 4063 4063
28 1683293429 3564 193 3679 3660 3595 3638 3638 3606 32 4061 4061 4061 4061 4061 4061 4061
29 1683293429 3563 176 3679 3660 3596 3638 3638 3606 32 4063 4063 4063 4063 4063 4063 4063
30 1683293429 3563 175 3678 3660 3596 3638 3638 3606 32 4063 4062 4062 4062 4062 4062 4062
31 1683293429 3564 194 3679 3661 3596 3638 3638 3606 32 4063 4062 4062 4062 4062 4062 4062
32 1683293429 3563 186 3678 3660 3596 3638 3638 3606 32 4063 4062 4062 4062 4062 4062 4062
33 1683293429 3563 192 3678 3660 3595 3638 3637 3606 32 4063 4062 4062 4062 4062 4062 4062
34 1683293429 3564 179 3679 3660 3596 3638 3639 3606 32 4063 4063 4063 4063 4063 4063 4063
35 1683293429 3563 182 3679 3660 3596 3638 3638 3606 32 4063 4062 4062 4062 4062 4062 4062
36 1683293429 3564 164 3679 3660 3596 3639 3639 3607 32 4063 4062 4062 4062 4062 4062 4062
37 1683293430 3561 166 3677 3659 3594 3637 3636 3605 32 4063 4062 4062 4062 4062 4062 4062
38 1683293430 3561 173 3677 3658 3593 3636 3636 3604 32 4061 4061 4061 4061 4061 4061 4061
39 1683293430 3562 182 3677 3659 3595 3638 3638 3605 32 4063 4062 4062 4062 4062 4062 4062
40 1683293430 3561 166 3676 3658 3593 3636 3636 3604 32 4063 4062 4062 4062 4062 4062 4062
41 1683293430 3561 172 3677 3658 3594 3636 3636 3604 32 4061 4060 4060 4060 4060 4060 4060
42 1683293430 3561 167 3677 3658 3594 3636 3636 3604 32 4063 4062 4062 4062 4062 4062 4062
43 1683293430 3562 195 3677 3659 3594 3637 3636 3604 32 4061 4061 4061 4061 4061 4061 4061
44 1683293430 3561 177 3676 3658 3594 3636 3636 3604 32 4063 4063 4063 4063 4063 4063 4063
45 1683293430 3562 184 3677 3659 3594 3637 3636 3605 32 4063 4063 4063 4063 4063 4063 4063
46 1683293430 3562 175 3677 3658 3594 3637 3636 3604 32 4063 4062 4062 4062 4062 4062 4062
47 1683293431 3561 182 3677 3658 3594 3636 3635 3604 32 4063 4062 4062 4062 4062 4062 4062
48 1683293431 3562 179 3677 3659 3595 3637 3637 3605 32 4063 4062 4062 4062 4062 4062 4062
49 1683293431 3562 186 3678 3659 3595 3637 3636 3605 32 4063 4062 4062 4062 4062 4062 4062
50 1683293431 3563 179 3678 3659 3595 3637 3637 3605 32 4063 4062 4062 4062 4062 4062 4062
51 1683293431 3562 174 3677 3658 3594 3637 3637 3605 32 4063 4062 4062 4062 4062 4062 4062
52 1683293431 3562 177 3678 3659 3595 3637 3637 3605 32 4063 4063 4063 4063 4063 4063 4063
53 1683293431 3561 177 3677 3659 3594 3636 3636 3605 32 4063 4063 4063 4063 4063 4063 4063
54 1683293432 3562 193 3677 3659 3595 3637 3637 3605 32 4063 4062 4062 4062 4062 4062 4062
55 1683293432 3561 188 3677 3658 3593 3636 3636 3604 32 4063 4063 4063 4063 4063 4063 4063
56 1683293432 3561 191 3676 3658 3593 3636 3636 3604 32 4063 4062 4062 4062 4062 4062 4062
57 1683293432 3562 187 3677 3658 3594 3636 3636 3604 32 4063 4062 4062 4062 4062 4062 4062
58 1683293432 3561 181 3677 3658 3594 3636 3636 3604 32 4063 4063 4063 4063 4063 4063 4063
59 1683293432 3562 175 3677 3658 3594 3636 3636 3603 32 4063 4062 4062 4062 4062 4062 4062
60 1683293432 3562 169 3677 3659 3595 3637 3636 3605 32 4063 4063 4063 4063 4063 4063 4063
61 1683293432 3562 184 3677 3658 3595 3637 3637 3605 32 4063 4062 4062 4062 4062 4062 4062
62 1683293432 3562 176 3678 3659 3595 3638 3637 3605 32 4063 4062 4062 4062 4062 4062 4062
63 1683293432 3562 190 3677 3658 3593 3637 3636 3605 32 4063 4063 4063 4063 4063 4063 4063
64 1683293433 3560 147 3676 3658 3593 3636 3636 3604 32 4063 4062 4062 4062 4062 4062 4062
65 1683293433 3562 200 3677 3659 3594 3637 3636 3605 32 4063 4062 4062 4062 4062 4062 4062
66 1683293433 3561 175 3677 3658 3594 3636 3636 3604 32 4063 4063 4063 4063 4063 4063 4063
67 1683293433 3561 189 3676 3658 3593 3636 3636 3604 32 4061 4061 4061 4061 4061 4061 4061
68 1683293433 3562 181 3677 3658 3595 3637 3637 3605 32 4063 4063 4063 4063 4063 4063 4063
69 1683293433 3562 174 3677 3658 3594 3637 3636 3605 32 4063 4062 4062 4062 4062 4062 4062
70 1683293433 3562 143 3677 3659 3595 3637 3637 3605 32 4063 4062 4062 4062 4062 4062 4062
71 1683293433 3562 168 3677 3658 3595 3637 3637 3605 32 4063 4062 4062 4062 4062 4062 4062
72 1683293433 3561 190 3676 3659 3594 3636 3636 3604 32 4063 4062 4062 4062 4062 4062 4062
73 1683293433 3562 172 3675 3658 3593 3636 3636 3604 32 4061 4061 4061 4061 4061 4061 4061
74 1683293433 3561 161 3677 3658 3594 3636 3636 3604 32 4063 4062 4062 4062 4062 4062 4062
75 1683293433 3560 180 3676 3657 3593 3635 3635 3604 32 4063 4062 4062 4062 4062 4062 4062
76 1683293433 3561 193 3677 3658 3594 3637 3636 3604 32 4063 4062 4062 4062 4062 4062 4062
77 1683293434 3561 171 3677 3658 3593 3636 3636 3604 32 4063 4063 4063 4063 4063 4063 4063
78 1683293434 3562 177 3677 3659 3594 3637 3636 3605 32 4063 4062 4062 4062 4062 4062 4062
79 1683293434 3561 170 3677 3657 3594 3636 3636 3605 32 4063 4062 4062 4062 4062 4062 4062
80 1683293434 3562 183 3677 3659 3595 3637 3637 3605 32 4063 4063 4063 4063 4063 4063 4063
81 1683293434 3562 170 3677 3658 3595 3637 3636 3605 32 4063 4062 4062 4062 4062 4062 4062
82 1683293434 3562 177 3678 3659 3595 3637 3636 3605 32 4063 4062 4062 4062 4062 4062 4062
83 1683293434 3561 194 3677 3658 3594 3636 3636 3605 32 4063 4062 4062 4062 4062 4062 4062
84 1683293435 3561 193 3676 3658 3594 3637 3636 3604 32 4063 4062 4062 4062 4062 4062 4062
85 1683293435 3563 188 3678 3659 3595 3638 3637 3605 32 4061 4061 4061 4061 4061 4061 4061
86 1683293435 3563 168 3678 3659 3595 3638 3638 3606 32 4063 4062 4062 4062 4062 4062 4062
87 1683293435 3562 170 3677 3659 3595 3637 3637 3605 32 4063 4062 4062 4062 4062 4062 4062
88 1683293435 3562 163 3677 3659 3594 3637 3636 3605 32 4063 4063 4063 4063 4063 4063 4063
89 1683293435 3562 177 3678 3659 3595 3637 3637 3605 32 4061 4061 4061 4061 4061 4061 4061
90 1683293435 3562 196 3678 3659 3594 3637 3636 3605 32 4063 4063 4063 4063 4063 4063 4063
91 1683293435 3563 175 3678 3660 3596 3638 3638 3606 32 4063 4062 4062 4062 4062 4062 4062
92 1683293435 3562 179 3678 3659 3594 3637 3637 3605 32 4063 4062 4062 4062 4062 4062 4062
93 1683293436 3561 174 3676 3659 3593 3636 3636 3604 32 4063 4062 4062 4062 4062 4062 4062
94 1683293436 3562 169 3677 3659 3594 3637 3636 3605 32 4063 4062 4062 4062 4062 4062 4062
95 1683293436 3561 191 3677 3658 3594 3637 3636 3604 32 4063 4062 4062 4062 4062 4062 4062
96 1683293436 3562 182 3676 3658 3594 3636 3636 3604 32 4063 4062 4062 4062 4062 4062 4062
97 1683293436 3562 196 3677 3659 3594 3637 3637 3604 32 4063 4062 4062 4062 4062 4062 4062
98 1683293436 3562 164 3678 3659 3595 3637 3637 3605 32 4063 4062 4062 4062 4062 4062 4062
99 1683293436 3563 206 3677 1304 3593 3637 3637 3605 32 4063 4062 4062 4062 4062 4062 4062
100 1683293436 3562 188 3677 3658 3594 3636 3636 3605 32 4063 4062 4062 4062 4062 4062 4062
101 1683293437 3562 173 3677 3659 3594 3637 3637 3605 32 4061 4061 4061 4061 4061 4061 4061
102 1683293437 3563 185 3678 3659 3595 3637 3637 3605 32 4063 4063 4063 4063 4063 4063 4063
103 1683293437 3562 195 3677 3659 3595 3638 3637 3605 32 4063 4062 4062 4062 4062 4062 4062
104 1683293437 3561 175 3676 3658 3594 3636 3636 3604 31 4063 4062 4062 4062 4062 4062 4062
105 1683293437 3563 195 3678 3659 3595 3637 3637 3606 32 4063 4063 4063 4063 4063 4063 4063
106 1683293438 3560 187 3676 3657 3593 3635 3635 3604 32 4063 4062 4062 4062 4062 4062 4062
107 1683293438 3562 177 3677 3659 3595 3637 3637 3605 32 4063 4062 4062 4062 4062 4062 4062
108 1683293438 3562 177 3677 3659 3594 3637 3637 3605 32 4063 4062 4062 4062 4062 4062 4062
109 1683293438 3561 184 3676 3658 3593 3636 3636 3604 32 4063 4062 4062 4062 4062 4062 4062
110 1683293438 3562 189 3678 3659 3594 3637 3637 3605 32 4063 4062 4062 4062 4062 4062 4062
111 1683293438 3561 186 3676 3658 3593 3636 3636 3604 32 4061 4061 4061 4061 4061 4061 4061
112 1683293438 3562 185 3678 3659 3595 3637 3637 3605 32 4061 4061 4061 4061 4061 4061 4061
113 1683293438 3562 189 3677 3658 3594 3637 3636 3605 32 4061 4061 4061 4061 4061 4061 4061
114 1683293438 3562 183 3677 3659 3595 3637 3637 3605 32 4063 4062 4062 4062 4062 4062 4062
115 1683293438 3562 168 3677 3659 3595 3637 3637 3605 32 4063 4063 4063 4063 4063 4063 4063
116 1683293438 3562 178 3678 3659 3595 3638 3637 3605 32 4063 4063 4063 4063 4063 4063 4063
117 1683293438 3562 180 3677 3659 3595 3637 3636 3605 32 4063 4062 4062 4062 4062 4062 4062
118 1683293438 3562 169 3677 3658 3594 3637 3636 3605 32 4063 4062 4062 4062 4062 4062 4062
119 1683293439 3562 176 3677 3658 3594 3636 3636 3605 32 4061 4061 4061 4061 4061 4061 4061
120 1683293439 3562 188 3678 3659 3595 3637 3637 3605 32 4063 4063 4063 4063 4063 4063 4063
121 1683293439 3562 168 3677 3658 3595 3637 3636 3605 32 4061 4061 4061 4061 4061 4061 4061
122 1683293439 3562 173 3677 3658 3594 3636 3636 3604 32 4061 4061 4061 4061 4061 4061 4061
123 1683293439 3561 189 3677 3659 3595 3638 3637 3605 32 4063 4063 4063 4063 4063 4063 4063
124 1683293439 3562 176 3677 3659 3594 3636 3637 3605 32 4063 4062 4062 4062 4062 4062 4062
125 1683293439 3561 201 3677 3658 3595 3637 3637 3604 32 4063 4062 4062 4062 4062 4062 4062
126 1683293439 3563 186 3678 3659 3595 3637 3637 3605 32 4063 4062 4062 4062 4062 4062 4062
127 1683293439 3561 191 3677 3658 3594 3636 3637 3605 32 4061 4061 4061 4061 4061 4061 4061
128 1683293439 3562 189 3678 3659 3595 3636 3636 3605 32 4063 4062 4062 4062 4062 4062 4062
129 1683293440 3562 192 3677 3659 3594 3637 3637 3605 32 4063 4062 4062 4062 4062 4062 4062
130 1683293440 3562 165 3678 3659 3595 3637 3637 3604 32 4063 4063 4063 4063 4063 4063 4063
131 1683293440 3562 188 3677 3659 3595 3637 3637 3605 32 4063 4062 4062 4062 4062 4062 4062
132 1683293440 3562 177 3678 3659 3595 3637 3637 3606 32 4063 4062 4062 4062 4062 4062 4062
133 1683293440 3562 173 3677 3659 3595 3637 3637 3605 32 4063 4063 4063 4063 4063 4063 4063
134 1683293441 3562 186 3677 3659 3594 3637 3636 3604 32 4063 4062 4062 4062 4062 4062 4062
135 1683293441 3562 192 3677 3659 3595 3637 3637 3605 32 4063 4063 4063 4063 4063 4063 4063
136 1683293441 3563 198 3678 3659 3595 3638 3638 3606 32 4061 4061 4061 4061 4061 4061 4061
137 1683293441 3562 175 3677 3660 3595 3638 3637 3605 32 4061 4061 4061 4061 4061 4061 4061
138 1683293441 3563 182 3678 3659 3595 3638 3638 3606 32 4063 4062 4062 4062 4062 4062 4062
139 1683293441 3562 184 3677 3659 3594 3638 3637 3605 32 4063 4062 4062 4062 4062 4062 4062
140 1683293441 3563 185 3678 3660 3596 3638 3638 3606 32 4063 4063 4063 4063 4063 4063 4063
141 1683293441 3563 200 3679 3660 3595 3638 3638 3606 32 4063 4062 4062 4062 4062 4062 4062
142 1683293441 3562 185 3678 3659 3595 3637 3637 3605 32 4061 4061 4061 4061 4061 4061 4061
143 1683293441 3563 182 3678 3660 3595 3638 3638 3606 32 4063 4062 4062 4062 4062 4062 4062
144 1683293441 3562 185 3678 3659 3595 3638 3638 3605 32 4063 4063 4063 4063 4063 4063 4063
145 1683293441 3562 151 3677 3659 3595 3637 3637 3605 32 4063 4062 4062 4062 4062 4062 4062
146 1683293441 3563 176 3678 3660 3595 3638 3638 3606 32 4063 4063 4063 4063 4063 4063 4063
147 1683293442 3562 180 3677 3659 3594 3637 3637 3605 32 4061 4061 4061 4061 4061 4061 4061
148 1683293442 3563 187 3679 3660 3596 3639 3638 3606 32 4061 4061 4061 4061 4061 4061 4061
149 1683293442 3562 158 3678 3659 3595 3637 3637 3605 32 4061 4061 4061 4061 4061 4061 4061
150 1683293442 3563 207 3678 3660 3595 3638 3637 3606 32 4063 4062 4062 4062 4062 4062 4062
151 1683293442 3563 196 3679 3660 3596 3638 3638 3606 32 4063 4062 4062 4062 4062 4062 4062
152 1683293442 3562 209 3678 3659 3595 3638 3637 3605 32 4063 4062 4062 4062 4062 4062 4062
153 1683293442 3563 175 3679 3660 3596 3638 3638 3606 32 4063 4062 4062 4062 4062 4062 4062
154 1683293442 3561 174 3677 3659 3594 3637 3636 3605 32 4063 4062 4062 4062 4062 4062 4062
155 1683293442 3563 166 3679 3660 3596 3638 3638 3605 32 4063 4063 4063 4063 4063 4063 4063
156 1683293442 3562 177 3678 3659 3595 3638 3637 3606 32 4061 4061 4061 4061 4061 4061 4061
157 1683293442 3563 174 3678 3659 3595 3637 3637 3606 32 4063 4063 4063 4063 4063 4063 4063
158 1683293443 3562 171 3678 3659 3595 3637 3637 3605 32 4063 4062 4062 4062 4062 4062 4062
159 1683293443 3562 190 3677 3659 3595 3638 3638 3606 32 4061 4061 4061 4061 4061 4061 4061
160 1683293443 3563 174 3678 3660 3596 3638 3637 3605 32 4063 4062 4062 4062 4062 4062 4062
161 1683293443 3562 173 3678 3659 3596 3638 3638 3606 32 4063 4062 4062 4062 4062 4062 4062
162 1683293443 3563 199 3678 3660 3596 3638 3638 3606 32 4063 4062 4062 4062 4062 4062 4062
163 1683293443 3563 188 3678 3659 3595 3638 3637 3606 32 4063 4062 4062 4062 4062 4062 4062
164 1683293443 3562 143 3678 3659 3595 3638 3638 3606 32 4063 4063 4063 4063 4063 4063 4063
165 1683293443 3563 180 3678 3660 3595 3637 3637 3605 32 4063 4063 4063 4063 4063 4063 4063
166 1683293443 3563 177 3678 3661 3596 3638 3639 3607 32 4061 4061 4061 4061 4061 4061 4061
167 1683293443 3563 190 3678 3660 3595 3638 3638 3606 32 4063 4063 4063 4063 4063 4063 4063
168 1683293443 3563 182 3678 3660 3595 3638 3638 3605 32 4063 4062 4062 4062 4062 4062 4062
169 1683293443 3562 191 3678 3659 3595 3637 3637 3605 32 4063 4063 4063 4063 4063 4063 4063
170 1683293444 3562 180 3677 3658 3594 3637 3636 3605 32 4063 4063 4063 4063 4063 4063 4063
171 1683293444 3563 160 3679 3660 3596 3638 3638 3606 32 4063 4063 4063 4063 4063 4063 4063
172 1683293444 3563 172 3678 3660 3596 3638 3638 3606 32 4063 4063 4063 4063 4063 4063 4063
173 1683293444 3563 172 3679 3660 3596 3638 3637 3606 32 4063 4062 4062 4062 4062 4062 4062
174 1683293444 3563 160 3678 3660 3596 3638 3638 3606 32 4063 4062 4062 4062 4062 4062 4062
175 1683293444 3562 191 3678 3660 3595 3638 3637 3605 32 4063 4062 4062 4062 4062 4062 4062
176 1683293444 3563 206 3678 3660 3595 3637 3638 3605 32 4063 4062 4062 4062 4062 4062 4062
177 1683293444 3562 180 3678 3660 3596 3638 3637 3606 32 4063 4063 4063 4063 4063 4063 4063
178 1683293444 3563 172 3678 3660 3596 3638 3638 3606 32 4063 4063 4063 4063 4063 4063 4063
179 1683293445 3564 178 3679 3660 3596 3638 3638 3605 32 4063 4062 4062 4062 4062 4062 4062
180 1683293445 3563 203 3678 3659 3595 3638 3637 3605 32 4061 4061 4061 4061 4061 4061 4061
181 1683293445 3563 184 3678 3660 3595 3638 3638 3605 32 4063 4062 4062 4062 4062 4062 4062
182 1683293445 3562 173 3678 3659 3595 3638 3637 3606 32 4063 4063 4063 4063 4063 4063 4063
183 1683293445 3562 181 3677 3660 3595 3638 3637 3606 32 4061 4061 4061 4061 4061 4061 4061
184 1683293445 3563 185 3679 3660 3596 3639 3638 3606 32 4063 4063 4063 4063 4063 4063 4063
185 1683293445 3563 172 3679 3660 3596 3638 3638 3606 32 4063 4062 4062 4062 4062 4062 4062
186 1683293446 3564 178 3678 3660 3596 3638 3638 3606 32 4063 4063 4063 4063 4063 4063 4063
187 1683293446 3563 173 3679 3660 3596 3638 3638 3606 32 4063 4062 4062 4062 4062 4062 4062
188 1683293446 3563 172 3678 3660 3595 3637 3637 3606 32 4063 4062 4062 4062 4062 4062 4062
189 1683293446 3562 148 3677 3659 3595 3638 3637 3606 32 4063 4063 4063 4063 4063 4063 4063
190 1683293446 3562 181 3678 3659 3595 3638 3637 3606 32 4063 4062 4062 4062 4062 4062 4062
191 1683293446 3564 180 3679 3660 3596 3638 3638 3606 32 4063 4062 4062 4062 4062 4062 4062
192 1683293446 3563 171 3679 3660 3596 3638 3637 3606 32 4063 4063 4063 4063 4063 4063 4063
193 1683293446 3564 196 3679 3661 3597 3640 3639 3607 32 4063 4063 4063 4063 4063 4063 4063
194 1683293446 3564 176 3680 3662 3597 3640 3639 3608 32 4063 4062 4062 4062 4062 4062 4062
195 1683293447 3563 192 3679 3660 3596 3638 3638 3606 32 4063 4062 4062 4062 4062 4062 4062
196 1683293447 3564 195 3679 3660 3595 3638 3638 3606 32 4063 4062 4062 4062 4062 4062 4062
197 1683293447 3564 169 3679 3660 3596 3638 3638 3606 32 4063 4062 4062 4062 4062 4062 4062
198 1683293447 3563 181 3678 3659 3595 3637 3637 3605 32 4063 4062 4062 4062 4062 4062 4062
199 1683293447 3563 187 3677 3660 3596 3638 3638 3606 32 4062 4062 4062 4062 4062 4062 4062
200 1683293447 3564 208 3679 3660 3596 3638 3638 3607 32 4063 4062 4062 4062 4062 4062 4062
201 1683293447 3564 185 3679 3661 3597 3639 3639 3607 32 4063 4062 4062 4062 4062 4062 4062
202 1683293447 3563 181 3679 3661 3596 3639 3639 3607 32 4063 4062 4062 4062 4062 4062 4062
203 1683293447 3564 191 3679 3660 3596 3639 3638 3606 32 4063 4062 4062 4062 4062 4062 4062
204 1683293448 3564 178 3679 3660 3596 3639 3639 3606 32 4063 4062 4062 4062 4062 4062 4062
205 1683293448 3563 200 3679 3661 3596 3638 3638 3607 32 4063 4063 4063 4063 4063 4063 4063
206 1683293448 3564 173 3680 3661 3597 3639 3639 3607 32 4061 4061 4061 4061 4061 4061 4061
207 1683293448 3564 174 3679 3661 3597 3639 3639 3607 32 4063 4062 4062 4062 4062 4062 4062
208 1683293448 3563 181 3679 3661 3596 3639 3638 3606 32 4063 4062 4062 4062 4062 4062 4062
209 1683293448 3565 173 3680 3662 3597 3640 3640 3608 32 4063 4063 4063 4063 4063 4063 4063
210 1683293448 3564 183 3680 3661 3597 3639 3639 3607 32 4063 4063 4063 4063 4063 4063 4063
211 1683293449 3564 178 3679 3661 3596 3638 3638 3607 32 4063 4063 4063 4063 4063 4063 4063
212 1683293449 3563 199 3679 3660 3596 3638 3638 3606 32 4063 4063 4063 4063 4063 4063 4063
213 1683293449 3564 180 3679 3660 3596 3639 3639 3607 32 4063 4062 4062 4062 4062 4062 4062
214 1683293449 3564 183 3680 3661 3597 3639 3639 3607 32 4063 4062 4062 4062 4062 4062 4062
215 1683293449 3564 194 3680 3661 3597 3639 3639 3607 32 4063 4063 4063 4063 4063 4063 4063
216 1683293449 3564 190 3679 3661 3596 3639 3639 3607 32 4063 4062 4062 4062 4062 4062 4062
217 1683293449 3564 180 3679 3660 3596 3639 3638 3606 32 4061 4061 4061 4061 4061 4061 4061
218 1683293449 3564 173 3680 3661 3597 3639 3639 3607 32 4063 4062 4062 4062 4062 4062 4062
219 1683293449 3564 182 3680 3661 3597 3639 3639 3607 32 4061 4061 4061 4061 4061 4061 4061
220 1683293450 3564 163 3679 3661 3596 3639 3639 3607 32 4063 4062 4062 4062 4062 4062 4062
221 1683293450 3563 180 3679 3660 3595 3638 3638 3606 32 4063 4063 4063 4063 4063 4063 4063
222 1683293450 3565 173 3680 3661 3597 3640 3639 3607 32 4061 4061 4061 4061 4061 4061 4061
223 1683293450 3564 167 3679 3661 3596 3638 3639 3607 32 4063 4063 4063 4063 4063 4063 4063
224 1683293450 3564 160 3680 3662 3597 3640 3640 3608 32 4063 4062 4062 4062 4062 4062 4062
225 1683293450 3564 177 3679 3660 3596 3639 3639 3607 32 4061 4061 4061 4061 4061 4061 4061
226 1683293450 3563 178 3678 3660 3596 3638 3638 3606 32 4063 4062 4062 4062 4062 4062 4062
227 1683293450 3564 204 3680 3661 3597 3639 3639 3607 32 4063 4063 4063 4063 4063 4063 4063
228 1683293451 3564 173 3679 3661 3597 3639 3639 3607 32 4063 4062 4062 4062 4062 4062 4062
229 1683293451 3565 181 3679 3662 3598 3640 3640 3608 32 4063 4062 4062 4062 4062 4062 4062
230 1683293451 3563 183 3678 3661 3596 3639 3639 3607 32 4063 4063 4063 4063 4063 4063 4063
231 1683293451 3564 174 3680 3661 3597 3639 3639 3607 32 4063 4062 4062 4062 4062 4062 4062
232 1683293451 3563 200 3679 3661 3596 3639 3638 3606 32 4063 4062 4062 4062 4062 4062 4062
233 1683293451 3564 170 3679 3660 3596 3639 3638 3606 32 4063 4063 4063 4063 4063 4063 4063
234 1683293451 3565 182 3680 3662 3598 3639 3639 3608 32 4063 4062 4062 4062 4062 4062 4062
235 1683293451 3564 176 3679 3661 3596 3639 3638 3607 32 4061 4061 4061 4061 4061 4061 4061
236 1683293451 3564 179 3680 3660 3596 3639 3639 3606 32 4063 4062 4062 4062 4062 4062 4062
237 1683293451 3564 188 3679 3661 3596 3640 3639 3607 32 4063 4063 4063 4063 4063 4063 4063
238 1683293451 3564 191 3680 3661 3597 3640 3639 3607 32 4063 4062 4062 4062 4062 4062 4062
239 1683293451 3564 174 3679 3661 3596 3639 3639 3607 32 4063 4062 4062 4062 4062 4062 4062
240 1683293452 3564 166 3680 3661 3597 3639 3639 3607 32 4063 4062 4062 4062 4062 4062 4062
241 1683293452 3564 190 3680 3661 3597 3640 3639 3607 32 4063 4062 4062 4062 4062 4062 4062
242 1683293452 3563 190 3678 3660 3596 3638 3638 3606 32 4061 4061 4061 4061 4061 4061 4061
243 1683293452 3564 184 3680 3661 3597 3639 3639 3606 32 4063 4062 4062 4062 4062 4062 4062
244 1683293452 3564 173 3680 3661 3597 3640 3639 3607 32 4063 4062 4062 4062 4062 4062 4062
245 1683293452 3564 187 3679 3661 3596 3640 3639 3607 32 4063 4062 4062 4062 4062 4062 4062
246 1683293452 3565 187 3680 3662 3597 3639 3639 3607 32 4061 4061 4061 4061 4061 4061 4061
247 1683293452 3564 191 3680 3661 3597 3639 3639 3607 32 4063 4062 4062 4062 4062 4062 4062
248 1683293452 3564 171 3680 3661 3597 3641 3640 3608 32 4063 4062 4062 4062 4062 4062 4062
249 1683293452 3563 188 3679 3660 3596 3639 3638 3607 32 4061 4061 4061 4061 4061 4061 4061
250 1683293453 3566 171 83 3660 3598 3641 3641 3608 32 4063 4062 4062 4062 4062 4062 4062
251 1683293453 3564 208 3679 3661 3597 3640 3639 3607 31 4063 4062 4062 4062 4062 4062 4062
252 1683293453 3565 174 3680 3661 3597 3640 3640 3608 32 4063 4062 4062 4062 4062 4062 4062
253 1683293453 3564 190 3679 3661 3597 3639 3639 3607 32 4063 4063 4063 4063 4063 4063 4063
254 1683293453 3565 167 3680 3662 3597 3640 3640 3608 32 4063 4063 4063 4063 4063 4063 4063
255 1683293453 3564 193 3680 3661 3597 3640 3639 3607 32 4063 4062 4062 4062 4062 4062 4062
256 1683293453 3564 189 3680 3661 3597 3639 3640 3607 32 4063 4063 4063 4063 4063 4063 4063
257 1683293453 3564 175 3679 3661 3596 3639 3639 3607 32 4063 4063 4063 4063 4063 4063 4063
258 1683293453 3564 191 3680 3661 3598 3640 3639 3608 32 4063 4062 4062 4062 4062 4062 4062
259 1683293453 3563 183 3679 3660 3596 3639 3638 3606 32 4063 4062 4062 4062 4062 4062 4062
260 1683293453 3565 180 3680 3662 3598 3641 3640 3609 32 4063 4062 4062 4062 4062 4062 4062
261 1683293453 3564 160 3679 3662 3597 3639 3639 3607 32 4063 4063 4063 4063 4063 4063 4063
262 1683293454 3564 176 3678 3661 3597 3640 3639 3607 32 4063 4062 4062 4062 4062 4062 4062
263 1683293454 3565 180 3680 3661 3597 3639 3639 3607 32 4063 4063 4063 4063 4063 4063 4063
264 1683293454 3565 173 3680 3662 3597 3640 3640 3608 32 4063 4063 4063 4063 4063 4063 4063
265 1683293454 3564 174 3679 3661 3597 3639 3639 3607 32 4063 4062 4062 4062 4062 4062 4062
266 1683293454 3564 180 3679 3661 3596 3639 3638 3606 32 4063 4062 4062 4062 4062 4062 4062
267 1683293454 3564 178 3679 3661 3597 3640 3639 3607 32 4061 4061 4061 4061 4061 4061 4061
268 1683293454 3564 186 3680 3662 3597 3640 3640 3608 32 4063 4063 4063 4063 4063 4063 4063
269 1683293454 3565 194 3679 3662 3597 3640 3639 3608 32 4063 4063 4063 4063 4063 4063 4063
270 1683293454 3564 193 3678 3660 3596 3639 3638 3607 32 4062 4062 4062 4062 4062 4062 4062
271 1683293454 3564 187 3679 3661 3597 3639 3639 3607 32 4063 4063 4063 4063 4063 4063 4063
272 1683293454 3564 183 3680 3661 3597 3639 3639 3607 32 4063 4062 4062 4062 4062 4062 4062
273 1683293454 3564 180 3679 3661 3597 3640 3639 3607 32 4061 4061 4061 4061 4061 4061 4061
274 1683293454 3565 185 3681 3662 3598 3640 3639 3607 32 4061 4061 4061 4061 4061 4061 4061
275 1683293455 3564 182 3679 3661 3596 3639 3639 3607 32 4063 4062 4062 4062 4062 4062 4062
276 1683293455 3565 196 3680 3661 3597 3639 3639 3608 32 4063 4063 4063 4063 4063 4063 4063
277 1683293455 3564 169 3679 3661 3596 3639 3639 3606 32 4063 4062 4062 4062 4062 4062 4062
278 1683293455 3564 175 3678 3661 3597 3639 3639 3607 32 4061 4061 4061 4061 4061 4061 4061
279 1683293455 3565 179 3680 3662 3597 3640 3640 3608 32 4063 4062 4062 4062 4062 4062 4062
280 1683293455 3564 163 3680 3661 3597 3640 3640 3608 32 4063 4063 4063 4063 4063 4063 4063
281 1683293455 3564 183 3680 3661 3597 3640 3639 3608 32 4063 4063 4063 4063 4063 4063 4063
282 1683293455 3565 183 3680 3662 3598 3640 3639 3607 32 4063 4063 4063 4063 4063 4063 4063
283 1683293455 3564 188 3680 3661 3597 3639 3639 3607 32 4063 4062 4062 4062 4062 4062 4062
284 1683293455 3564 197 3680 3661 3597 3639 3639 3607 32 4063 4062 4062 4062 4062 4062 4062
285 1683293455 3564 180 3680 3662 3597 3640 3639 3607 32 4063 4062 4062 4062 4062 4062 4062
286 1683293456 3565 185 3680 3661 3597 3639 3639 3607 32 4063 4063 4063 4063 4063 4063 4063
287 1683293456 3565 191 3681 3662 3598 3640 3640 3608 32 4063 4063 4063 4063 4063 4063 4063
288 1683293456 3564 176 3680 3661 3597 3638 3639 3607 32 4063 4063 4063 4063 4063 4063 4063
289 1683293456 3564 190 3680 3661 3597 3639 3639 3607 32 4063 4063 4063 4063 4063 4063 4063
290 1683293456 3565 189 3680 3662 3598 3640 3640 3607 32 4061 4061 4061 4061 4061 4061 4061
291 1683293456 3565 182 3681 3662 3597 3639 3640 3608 32 4063 4062 4062 4062 4062 4062 4062
292 1683293456 3564 193 3680 3661 3597 3639 3639 3607 32 4063 4062 4062 4062 4062 4062 4062
293 1683293456 3562 177 3678 3659 3594 3637 3636 3605 32 4063 4062 4062 4062 4062 4062 4062
294 1683293456 3563 176 3678 3659 3595 3638 3638 3605 32 4061 4061 4061 4061 4061 4061 4061
295 1683293456 3563 171 3679 3660 3596 3638 3637 3606 32 4063 4062 4062 4062 4062 4062 4062
296 1683293456 3563 185 3679 3660 3595 3637 3637 3605 32 4063 4062 4062 4062 4062 4062 4062
297 1683293457 3562 172 3677 3659 3594 3637 3637 3605 32 4063 4062 4062 4062 4062 4062 4062
298 1683293457 3563 175 3678 3660 3595 3638 3637 3606 32 4063 4063 4063 4063 4063 4063 4063
299 1683293457 3562 188 3677 3658 3594 3637 3636 3605 32 4063 4062 4062 4062 4062 4062 4062
300 1683293457 3563 197 3678 3659 3595 3637 3638 3605 32 4063 4063 4063 4063 4063 4063 4063
301 1683293457 3563 168 3679 3660 3595 3638 3638 3606 32 4063 4062 4062 4062 4062 4062 4062
302 1683293457 3562 203 3677 3659 3594 3637 3637 3605 32 4063 4062 4062 4062 4062 4062 4062
303 1683293457 3563 192 3679 3660 3596 3638 3638 3606 32 4063 4062 4062 4062 4062 4062 4062
304 1683293457 3563 189 3678 3660 3596 3638 3638 3606 32 4063 4062 4062 4062 4062 4062 4062
305 1683293457 3562 183 3678 3659 3595 3637 3637 3605 32 4063 4062 4062 4062 4062 4062 4062
306 1683293457 144 176 207 135 96 1486 1535 1485 32 4063 4063 4063 4063 4063 4063 4063
307 1683293457 3563 186 3678 3659 3596 3637 3638 3606 32 4063 4062 4062 4062 4062 4062 4062
308 1683293458 3563 166 3679 3660 3596 3639 3638 3606 32 4063 4063 4063 4063 4063 4063 4063
309 1683293458 3563 188 3678 3659 3595 3638 3637 3606 32 4063 4063 4063 4063 4063 4063 4063
310 1683293458 3563 162 3678 3659 3595 3638 3638 3606 32 4063 4062 4062 4062 4062 4062 4062
311 1683293458 3562 184 3677 3659 3595 3637 3637 3605 32 4061 4061 4061 4061 4061 4061 4061
312 1683293458 3563 190 3678 3659 3595 3638 3637 3606 32 4061 4061 4061 4061 4061 4061 4061
313 1683293458 211 163 3679 3660 3596 3639 3638 3606 32 4063 4062 4062 4062 4062 4062 4062
314 1683293458 3563 173 3678 3659 3595 3637 3637 3605 32 4061 4061 4061 4061 4061 4061 4061
315 1683293458 3564 194 3679 3660 3596 3638 3638 3606 32 4061 4061 4061 4061 4061 4061 4061
316 1683293459 3563 191 3678 3659 3594 3638 3637 3605 32 4063 4062 4062 4062 4062 4062 4062
317 1683293459 3563 164 3679 3659 3595 3638 3638 3606 32 4063 4062 4062 4062 4062 4062 4062
318 1683293459 3563 182 3678 3660 3596 3638 3639 3607 32 4059 4058 4058 4058 4058 4058 4058
319 1683293459 3562 203 3677 3659 3595 3637 3637 3605 32 4063 4063 4063 4063 4063 4063 4063
320 1683293459 3562 187 3678 3659 3595 3637 3637 3605 32 4063 4063 4063 4063 4063 4063 4063
321 1683293459 3563 160 3679 3659 3596 3638 3638 3606 32 4063 4062 4062 4062 4062 4062 4062
322 1683293459 3563 185 3678 3660 3595 3637 3637 3605 32 4063 4062 4062 4062 4062 4062 4062
323 1683293459 3562 178 3677 3659 3595 3638 3637 3605 32 4063 4062 4062 4062 4062 4062 4062
324 1683293460 3562 181 3678 3659 3594 3637 3637 3605 32 4063 4062 4062 4062 4062 4062 4062
325 1683293460 3563 184 3679 3660 3596 3638 3638 3606 32 4063 4062 4062 4062 4062 4062 4062
326 1683293460 3563 174 3678 3660 3596 3638 3638 3606 32 4063 4062 4062 4062 4062 4062 4062
327 1683293460 3563 192 3677 3660 3596 3638 3638 3606 32 4061 4061 4061 4061 4061 4061 4061
328 1683293460 3563 194 3676 3659 3595 3637 3637 3605 32 4063 4063 4063 4063 4063 4063 4063
329 1683293460 3563 178 3679 3660 3595 3638 3637 3606 32 4063 4063 4063 4063 4063 4063 4063
330 1683293460 3563 180 3678 3660 3595 3638 3637 3606 32 4063 4062 4062 4062 4062 4062 4062
331 1683293460 3563 176 3677 3659 3595 3637 3637 3605 32 4063 4062 4062 4062 4062 4062 4062
332 1683293460 3563 186 3678 3660 3595 3637 3637 3605 32 4061 4061 4061 4061 4061 4061 4061
333 1683293460 3563 168 3678 3659 3595 3638 3638 3606 32 4063 4062 4062 4062 4062 4062 4062
334 1683293460 3563 165 3678 3659 3595 3638 3638 3606 32 4063 4062 4062 4062 4062 4062 4062
335 1683293460 3563 178 3678 3660 3595 3638 3638 3606 32 4063 4062 4062 4062 4062 4062 4062
336 1683293460 3563 174 3678 3660 3595 3637 3637 3606 32 4063 4062 4062 4062 4062 4062 4062
337 1683293460 3562 178 3678 3659 3595 3638 3637 3605 32 4063 4062 4062 4062 4062 4062 4062
338 1683293460 3563 197 3678 3659 3596 3638 3638 3606 32 4063 4063 4063 4063 4063 4063 4063
339 1683293461 3563 180 3678 3660 3595 3638 3637 3606 32 4063 4063 4063 4063 4063 4063 4063
340 1683293461 3563 193 3679 3660 3596 3638 3637 3606 32 4063 4062 4062 4062 4062 4062 4062
341 1683293461 3563 176 3678 3659 3595 3637 3637 3605 32 4063 4062 4062 4062 4062 4062 4062
342 1683293461 3563 170 3678 3659 3595 3637 3638 3605 32 4063 4063 4063 4063 4063 4063 4063
343 1683293461 3563 175 3677 3659 3596 3638 3637 3606 32 4063 4062 4062 4062 4062 4062 4062
344 1683293461 3563 173 3678 3660 3596 3638 3638 3606 32 4063 4062 4062 4062 4062 4062 4062
345 1683293461 3563 186 3679 3660 3595 3638 3638 3606 32 4061 4061 4061 4061 4061 4061 4061
346 1683293461 3564 164 3678 3660 3596 3638 3638 3606 32 4063 4062 4062 4062 4062 4062 4062
347 1683293461 3564 199 3679 3661 3596 3639 3638 3606 32 4063 4062 4062 4062 4062 4062 4062
348 1683293462 3563 189 3679 3660 3596 3639 3638 3606 32 4063 4062 4062 4062 4062 4062 4062
349 1683293462 3563 191 3679 3660 3595 3638 3638 3606 32 4063 4062 4062 4062 4062 4062 4062
350 1683293462 3562 170 3678 3659 3595 3637 3637 3605 32 4063 4062 4062 4062 4062 4062 4062
351 1683293462 3564 193 3679 3661 3596 3639 3639 3607 32 4061 4061 4061 4061 4061 4061 4061
352 1683293462 3563 167 3679 3660 3596 3638 3638 3606 32 4063 4063 4063 4063 4063 4063 4063
353 1683293462 3564 161 3679 3660 3596 3638 3638 3606 32 4062 4062 4062 4062 4062 4062 4062
354 1683293462 3563 184 3678 3660 3596 3638 3638 3606 32 4063 4062 4062 4062 4062 4062 4062
355 1683293462 3563 194 3679 3660 3596 3638 3638 3606 32 4063 4062 4062 4062 4062 4062 4062
356 1683293462 3563 194 3678 3660 3595 3637 3638 3606 32 4063 4062 4062 4062 4062 4062 4062
357 1683293463 3563 168 3679 3660 3597 3639 3638 3607 32 4061 4061 4061 4061 4061 4061 4061
358 1683293463 3564 183 3678 3660 3596 3639 3638 3606 32 4061 4061 4061 4061 4061 4061 4061
359 1683293463 3563 177 3677 3660 3595 3638 3638 3606 32 4063 4062 4062 4062 4062 4062 4062
360 1683293463 3564 174 3679 3660 3596 3638 3638 3607 32 4063 4062 4062 4062 4062 4062 4062
361 1683293463 3564 158 3679 3661 3596 3639 3638 3607 32 4061 4061 4061 4061 4061 4061 4061
362 1683293463 3564 195 3680 3661 3597 3640 3639 3608 32 4063 4062 4062 4062 4062 4062 4062
363 1683293463 3564 165 3680 3661 3596 3639 3639 3607 32 4063 4063 4063 4063 4063 4063 4063
364 1683293463 3563 174 3679 3660 3595 3638 3637 3606 32 4063 4062 4062 4062 4062 4062 4062
365 1683293463 3564 196 3679 3660 3596 3638 3638 3606 32 4063 4063 4063 4063 4063 4063 4063
366 1683293463 3564 183 3678 3660 3596 3639 3639 3607 32 4063 4062 4062 4062 4062 4062 4062
367 1683293464 3563 154 3679 3660 3596 3638 3638 3606 32 4061 4061 4061 4061 4061 4061 4061
368 1683293464 3564 163 3679 3661 3597 3639 3639 3607 32 4063 4063 4063 4063 4063 4063 4063
369 1683293464 3565 167 3681 3662 3597 3640 3640 3608 32 4063 4062 4062 4062 4062 4062 4062
370 1683293464 3563 174 3679 3660 3596 3639 3639 3607 32 4063 4062 4062 4062 4062 4062 4062
371 1683293464 3563 164 3679 3660 3596 3638 3638 3607 32 4063 4062 4062 4062 4062 4062 4062
372 1683293464 3564 171 3680 3661 3597 3639 3639 3607 32 4063 4062 4062 4062 4062 4062 4062
373 1683293464 3564 190 3679 3660 3596 3639 3639 3607 32 4063 4062 4062 4062 4062 4062 4062
374 1683293464 3564 182 3680 3661 3597 3639 3639 3607 32 4063 4063 4063 4063 4063 4063 4063
375 1683293464 3564 192 3679 3661 3596 3639 3638 3607 32 4063 4062 4062 4062 4062 4062 4062
376 1683293464 3564 179 3679 3660 3596 3639 3639 3607 32 4063 4063 4063 4063 4063 4063 4063
377 1683293464 3564 176 3679 3660 3596 3639 3639 3607 32 4063 4063 4063 4063 4063 4063 4063
378 1683293464 3564 193 3679 3660 3596 3639 3639 3607 32 4063 4063 4063 4063 4063 4063 4063
379 1683293464 3563 181 3679 3660 3595 3638 3638 3606 32 4061 4061 4061 4061 4061 4061 4061
380 1683293465 3564 199 3679 3660 3596 3639 3638 3606 32 4063 4063 4063 4063 4063 4063 4063
381 1683293465 3564 168 3679 3662 3597 3640 3639 3608 32 4063 4062 4062 4062 4062 4062 4062
382 1683293465 3564 189 3678 3660 3596 3638 3638 3607 32 4063 4063 4063 4063 4063 4063 4063
383 1683293465 3564 218 3679 3660 3596 3639 3639 3607 32 4061 4061 4061 4061 4061 4061 4061
384 1683293466 3564 182 3679 3660 3596 3639 3639 3606 32 4063 4063 4063 4063 4063 4063 4063
385 1683293466 3564 180 3679 3660 3596 3639 3639 3606 32 4063 4062 4062 4062 4062 4062 4062
386 1683293466 3564 187 3680 3661 3596 3639 3639 3608 32 4063 4063 4063 4063 4063 4063 4063
387 1683293466 3563 178 3679 3660 3596 3638 3638 3607 32 4063 4062 4062 4062 4062 4062 4062
388 1683293466 3563 175 3679 3660 3596 3639 3637 3606 32 4063 4063 4063 4063 4063 4063 4063
389 1683293466 3564 170 3679 3660 3596 3638 3638 3606 32 4063 4062 4062 4062 4062 4062 4062
390 1683293466 3563 187 3678 3660 3595 3638 3638 3606 32 4063 4062 4062 4062 4062 4062 4062
391 1683293466 3564 170 3677 3660 3596 3638 3638 3606 32 4063 4063 4063 4063 4063 4063 4063
392 1683293466 3564 181 3680 3661 3597 3639 3640 3607 32 4061 4061 4061 4061 4061 4061 4061
393 1683293466 3564 175 3679 3661 3597 3639 3639 3607 32 4063 4062 4062 4062 4062 4062 4062
394 1683293466 3563 175 3678 3660 3596 3638 3638 3606 32 4063 4063 4063 4063 4063 4063 4063
395 1683293466 3563 166 3679 3661 3596 3638 3638 3606 32 4063 4062 4062 4062 4062 4062 4062
396 1683293466 3564 155 3680 3661 3597 3639 3639 3607 32 4063 4062 4062 4062 4062 4062 4062
397 1683293467 3564 184 3679 3661 3596 3639 3639 3607 32 4063 4062 4062 4062 4062 4062 4062
398 1683293467 3564 180 3679 3661 3597 3639 3639 3607 32 4061 4061 4061 4061 4061 4061 4061
399 1683293467 3565 188 3680 3661 3597 3639 3639 3607 32 4063 4062 4062 4062 4062 4062 4062
400 1683293467 3564 179 3679 3661 3596 3639 3638 3607 32 4063 4062 4062 4062 4062 4062 4062
401 1683293467 3563 174 3679 3660 3596 3639 3638 3607 32 4063 4062 4062 4062 4062 4062 4062
402 1683293467 3563 175 3678 3660 3596 3639 3639 3607 32 4063 4062 4062 4062 4062 4062 4062
403 1683293467 3564 191 3680 3661 3597 3639 3639 3607 32 4063 4062 4062 4062 4062 4062 4062
404 1683293467 3564 185 3680 3661 3596 3639 3638 3607 32 4063 4062 4062 4062 4062 4062 4062
405 1683293467 3564 188 3679 3659 3595 3638 3638 3606 32 4061 4061 4061 4061 4061 4061 4061
406 1683293468 3564 184 3680 3661 3597 3639 3639 3607 32 4063 4062 4062 4062 4062 4062 4062
407 1683293468 3562 174 3677 3659 3595 3637 3637 3605 32 4063 4063 4063 4063 4063 4063 4063
408 1683293468 3565 197 3680 3662 3597 3640 3640 3607 32 4063 4062 4062 4062 4062 4062 4062
409 1683293468 3564 176 3679 3661 3597 3639 3639 3607 32 4061 4061 4061 4061 4061 4061 4061
410 1683293468 3564 179 3679 3661 3596 3639 3639 3607 32 4063 4062 4062 4062 4062 4062 4062
411 1683293468 3565 200 3680 3662 3598 3640 3640 3608 32 4063 4063 4063 4063 4063 4063 4063
412 1683293468 3563 173 3680 3661 3596 3638 3639 3606 32 4063 4062 4062 4062 4062 4062 4062
413 1683293468 3564 176 3679 3661 3597 3640 3639 3607 32 4063 4062 4062 4062 4062 4062 4062
414 1683293468 3565 173 3681 3662 3598 3641 3640 3608 32 4063 4062 4062 4062 4062 4062 4062
415 1683293468 3564 182 3679 3661 3596 3638 3638 3606 32 4063 4062 4062 4062 4062 4062 4062
416 1683293468 3563 185 3679 3660 3596 3638 3638 3606 32 4063 4062 4062 4062 4062 4062 4062
417 1683293468 3563 190 3679 3661 3596 3639 3638 3606 32 4061 4061 4061 4061 4061 4061 4061
418 1683293469 3564 231 3680 3660 3596 3639 3638 3606 32 4063 4062 4062 4062 4062 4062 4062
419 1683293469 3563 179 3679 3660 3595 3638 3637 3606 32 4063 4062 4062 4062 4062 4062 4062
420 1683293469 3564 191 3680 3660 3596 3639 3639 3607 32 4063 4062 4062 4062 4062 4062 4062
421 1683293469 3564 174 3678 3660 3596 3638 3638 3606 32 4061 4061 4061 4061 4061 4061 4061
422 1683293469 3564 199 3678 3661 3597 3639 3639 3607 32 4063 4062 4062 4062 4062 4062 4062
423 1683293470 3564 180 3679 3660 3597 3639 3638 3606 32 4063 4063 4063 4063 4063 4063 4063
424 1683293470 3565 171 3680 3661 3597 3640 3639 3607 32 4061 4061 4061 4061 4061 4061 4061
425 1683293470 3564 188 3679 3661 3597 3639 3639 3607 32 4063 4062 4062 4062 4062 4062 4062
426 1683293470 3565 171 3681 3662 3597 3640 3640 3608 32 4063 4062 4062 4062 4062 4062 4062
427 1683293470 3563 174 3679 3661 3597 3639 3639 3606 32 4061 4061 4061 4061 4061 4061 4061
428 1683293470 3564 179 3680 3662 3597 3640 3640 3608 32 4063 4063 4063 4063 4063 4063 4063
429 1683293470 3564 182 3680 3661 3597 3640 3640 3608 32 4063 4062 4062 4062 4062 4062 4062
430 1683293470 3564 161 3679 3661 3597 3639 3639 3607 32 4063 4062 4062 4062 4062 4062 4062
431 1683293470 3565 194 3680 3662 3597 3640 3640 3608 32 4063 4062 4062 4062 4062 4062 4062
432 1683293470 3565 179 3680 3662 3598 3640 3640 3608 32 4063 4062 4062 4062 4062 4062 4062
433 1683293470 3564 201 3679 3661 3597 3639 3639 3607 32 4063 4062 4062 4062 4062 4062 4062
434 1683293471 3563 179 3679 3661 3596 3638 3638 3606 32 4063 4062 4062 4062 4062 4062 4062
435 1683293471 3565 170 3680 3662 3597 3640 3639 3608 32 4063 4062 4062 4062 4062 4062 4062
436 1683293471 3564 167 3680 3661 3597 3639 3639 3607 32 4063 4062 4062 4062 4062 4062 4062
437 1683293471 3564 198 3679 3661 3596 3639 3638 3606 32 4063 4063 4063 4063 4063 4063 4063
438 1683293471 3564 189 3680 3661 3597 3639 3639 3607 32 4063 4062 4062 4062 4062 4062 4062
439 1683293471 3564 174 3680 3661 3597 3639 3639 3607 32 4061 4061 4061 4061 4061 4061 4061
440 1683293471 3564 187 3680 3661 3596 3639 3639 3607 32 4063 4062 4062 4062 4062 4062 4062
441 1683293471 3566 172 3681 3663 3598 3640 3640 3608 32 4063 4062 4062 4062 4062 4062 4062
442 1683293471 3564 173 3679 3660 3596 3639 3638 3606 32 4061 4061 4061 4061 4061 4061 4061
443 1683293471 3564 195 3679 3661 3597 3639 3639 3608 32 4063 4062 4062 4062 4062 4062 4062
444 1683293472 3564 184 3679 3661 3596 3638 3639 3606 32 4063 4062 4062 4062 4062 4062 4062
445 1683293472 3564 190 3679 3661 3597 3639 3639 3607 32 4061 4061 4061 4061 4061 4061 4061
446 1683293472 3564 182 3679 3661 3597 3639 3639 3607 32 4063 4063 4063 4063 4063 4063 4063
447 1683293472 3565 166 3681 3662 3598 3641 3641 3608 32 4061 4061 4061 4061 4061 4061 4061
448 1683293472 3564 194 3678 3660 3596 3638 3638 3606 32 4061 4061 4061 4061 4061 4061 4061
449 1683293472 3564 180 3679 3661 3597 3640 3639 3608 32 4063 4062 4062 4062 4062 4062 4062
450 1683293472 3565 184 3681 3662 3598 3640 3639 3607 32 4063 4062 4062 4062 4062 4062 4062
451 1683293472 3565 170 3680 3661 3597 3639 3639 3607 32 4061 4061 4061 4061 4061 4061 4061
452 1683293472 3564 170 3679 3661 3596 3639 3639 3606 32 4063 4062 4062 4062 4062 4062 4062
453 1683293472 3564 188 3679 3661 3596 3640 3640 3607 32 4063 4062 4062 4062 4062 4062 4062
454 1683293472 3564 197 3678 3661 3597 3639 3639 3607 32 4063 4062 4062 4062 4062 4062 4062
455 1683293472 3564 165 3680 3662 3597 3639 3640 3608 32 4063 4062 4062 4062 4062 4062 4062
456 1683293473 3564 189 3680 3661 3597 3639 3639 3607 32 4063 4063 4063 4063 4063 4063 4063
457 1683293473 3564 166 3680 3661 3597 3639 3639 3607 32 4061 4061 4061 4061 4061 4061 4061
458 1683293473 3564 171 3679 3661 3596 3639 3639 3607 32 4063 4062 4062 4062 4062 4062 4062
459 1683293473 3564 190 3679 3661 3596 3639 3638 3607 32 4063 4062 4062 4062 4062 4062 4062
460 1683293473 3564 190 3679 3661 3596 3639 3639 3607 32 4063 4062 4062 4062 4062 4062 4062
461 1683293473 3565 176 3679 3661 3597 3640 3639 3607 32 4063 4063 4063 4063 4063 4063 4063
462 1683293474 3565 189 3680 3662 3597 3639 3639 3607 32 4063 4062 4062 4062 4062 4062 4062
463 1683293474 3564 196 3680 3661 3596 3639 3639 3607 32 4061 4061 4061 4061 4061 4061 4061
464 1683293474 3565 201 3680 3662 3597 3640 3640 3608 32 4063 4063 4063 4063 4063 4063 4063
465 1683293474 3564 189 3680 3661 3597 3639 3639 3607 32 4061 4061 4061 4061 4061 4061 4061
466 1683293474 3564 176 3679 3661 3597 3639 3639 3607 32 4061 4061 4061 4061 4061 4061 4061
467 1683293474 3565 178 3680 3661 3597 3639 3640 3608 32 4063 4062 4062 4062 4062 4062 4062
468 1683293474 3564 178 3680 3661 3597 3639 3639 3607 32 4061 4061 4061 4061 4061 4061 4061
469 1683293474 3565 166 3679 3662 3597 3640 3639 3607 32 4063 4062 4062 4062 4062 4062 4062
470 1683293474 3563 207 3678 3660 3596 3638 3638 3606 32 4063 4063 4063 4063 4063 4063 4063
471 1683293474 3563 185 3679 3661 3596 3639 3639 3607 32 4063 4063 4063 4063 4063 4063 4063
472 1683293475 3564 190 3680 3661 3597 3640 3639 3608 32 4063 4063 4063 4063 4063 4063 4063
473 1683293475 3564 164 3680 3661 3597 3639 3639 3607 32 4063 4062 4062 4062 4062 4062 4062
474 1683293475 3565 180 3680 3661 3597 3640 3640 3608 32 4063 4062 4062 4062 4062 4062 4062
475 1683293475 3564 190 3680 3662 3597 3640 3639 3608 32 4063 4062 4062 4062 4062 4062 4062
476 1683293475 3564 185 3679 3661 3597 3639 3639 3607 32 4063 4063 4063 4063 4063 4063 4063
477 1683293475 3565 190 3681 3662 3597 3640 3640 3608 32 4061 4061 4061 4061 4061 4061 4061
478 1683293475 3565 195 3681 3662 3598 3640 3640 3607 32 4063 4062 4062 4062 4062 4062 4062
479 1683293475 3564 179 3679 3661 3597 3639 3638 3607 32 4063 4062 4062 4062 4062 4062 4062
480 1683293475 3565 163 3680 3661 3597 3639 3639 3607 32 4063 4062 4062 4062 4062 4062 4062
481 1683293475 3564 178 3679 3661 3597 3639 3639 3607 32 4063 4062 4062 4062 4062 4062 4062
482 1683293475 3563 184 3678 3660 3596 3638 3638 3606 32 4063 4062 4062 4062 4062 4062 4062
483 1683293476 3564 176 3679 3661 3597 3639 3639 3607 32 4063 4062 4062 4062 4062 4062 4062
484 1683293476 3564 191 3680 3661 3597 3639 3639 3607 32 4061 4061 4061 4061 4061 4061 4061
485 1683293476 3565 179 3679 3662 3597 3640 3640 3608 32 4061 4061 4061 4061 4061 4061 4061
486 1683293476 3565 179 3680 3662 3597 3639 3639 3608 32 4063 4062 4062 4062 4062 4062 4062
487 1683293476 3564 182 3681 3662 3598 3640 3640 3608 32 4063 4062 4062 4062 4062 4062 4062
488 1683293476 3564 202 3680 3661 3597 3639 3639 3607 32 4063 4062 4062 4062 4062 4062 4062
489 1683293476 3564 194 3679 3661 3597 3640 3639 3607 32 4063 4062 4062 4062 4062 4062 4062
490 1683293476 3565 191 3680 3662 3597 3639 3639 3607 32 4063 4063 4063 4063 4063 4063 4063
491 1683293476 3564 186 3679 3660 3596 3638 3639 3607 32 4063 4062 4062 4062 4062 4062 4062
492 1683293476 3564 188 3680 3661 3597 3639 3639 3607 32 4063 4063 4063 4063 4063 4063 4063
493 1683293477 3564 180 3679 3661 3596 3638 3639 3607 32 4061 4061 4061 4061 4061 4061 4061
494 1683293477 3565 175 3681 3662 3598 3640 3640 3608 32 4063 4063 4063 4063 4063 4063 4063
495 1683293477 3565 178 3681 3662 3598 3640 3640 3608 32 4063 4062 4062 4062 4062 4062 4062
496 1683293477 3565 183 3680 3661 3597 3640 3640 3608 32 4063 4062 4062 4062 4062 4062 4062
497 1683293477 3564 176 3679 3661 3597 3640 3639 3608 32 4063 4062 4062 4062 4062 4062 4062
498 1683293477 3565 172 3681 3663 3598 3640 3640 3607 32 4063 4063 4063 4063 4063 4063 4063
499 1683293477 3565 182 3680 3661 3597 3639 3639 3607 32 4063 4063 4063 4063 4063 4063 4063
500 1683293477 3564 180 3680 3661 3597 3639 3639 3607 32 4063 4063 4063 4063 4063 4063 4063
501 1683293477 3565 193 3681 3662 3597 3640 3640 3608 32 4063 4063 4063 4063 4063 4063 4063
502 1683293477 3565 177 3681 3663 3599 3641 3641 3609 32 4063 4062 4062 4062 4062 4062 4062
503 1683293478 3565 182 3680 3662 3597 3639 3639 3607 32 4063 4062 4062 4062 4062 4062 4062
504 1683293478 3565 187 3680 3662 3597 3640 3640 3608 32 4063 4062 4062 4062 4062 4062 4062
505 1683293478 3564 204 3680 3662 3597 3640 3639 3607 32 4063 4063 4063 4063 4063 4063 4063
506 1683293478 3564 175 3681 3662 3598 3639 3639 3608 32 4063 4062 4062 4062 4062 4062 4062
507 1683293478 3565 196 3680 3662 3598 3640 3640 3608 32 4063 4062 4062 4062 4062 4062 4062
508 1683293478 3565 189 3680 3662 3598 3640 3640 3609 32 4063 4062 4062 4062 4062 4062 4062
509 1683293478 3564 172 3679 3661 3597 3640 3640 3608 32 4063 4063 4063 4063 4063 4063 4063
510 1683293478 3565 182 3680 3662 3597 3640 3639 3608 32 4063 4062 4062 4062 4062 4062 4062
511 1683293479 3564 172 3680 3661 3597 3639 3639 3607 32 4063 4062 4062 4062 4062 4062 4062
512 1683293479 3565 179 3681 3662 3598 3640 3640 3608 32 4063 4062 4062 4062 4062 4062 4062
513 1683293479 3564 166 3679 3661 3597 3639 3639 3607 32 4063 4062 4062 4062 4062 4062 4062
514 1683293479 3565 187 3681 3662 3597 3640 3639 3608 32 4063 4062 4062 4062 4062 4062 4062
515 1683293479 3564 195 3680 3662 3597 3639 3639 3607 32 4063 4063 4063 4063 4063 4063 4063
516 1683293479 3565 194 3680 3662 3598 3640 3640 3608 32 4063 4062 4062 4062 4062 4062 4062
517 1683293479 3566 176 3681 3662 3598 3641 3640 3608 32 4061 4061 4061 4061 4061 4061 4061
518 1683293479 3564 180 3678 3661 3597 3640 3639 3607 32 4061 4061 4061 4061 4061 4061 4061
519 1683293479 3565 190 3680 3662 3598 3640 3639 3607 32 4061 4061 4061 4061 4061 4061 4061
520 1683293479 3566 162 3681 3663 3599 3641 3640 3608 32 4063 4062 4062 4062 4062 4062 4062
521 1683293479 3565 175 3681 3662 3598 3640 3641 3608 32 4061 4061 4061 4061 4061 4061 4061
522 1683293479 3565 195 3681 3662 3598 3641 3641 3609 32 4063 4063 4063 4063 4063 4063 4063
523 1683293480 3565 199 3681 3662 3598 3641 3640 3609 32 4063 4063 4063 4063 4063 4063 4063
524 1683293480 3565 169 3680 3662 3597 3639 3639 3607 32 4063 4063 4063 4063 4063 4063 4063
525 1683293480 3565 190 3679 3661 3597 3639 3639 3607 32 4063 4062 4062 4062 4062 4062 4062
526 1683293480 3566 186 3680 3662 3597 3640 3640 3609 32 4063 4063 4063 4063 4063 4063 4063
527 1683293480 3566 162 3681 3663 3598 3640 3640 3608 32 4063 4063 4063 4063 4063 4063 4063
528 1683293480 3565 158 3680 3662 3597 3639 3640 3608 32 4063 4062 4062 4062 4062 4062 4062
529 1683293480 3565 207 3681 3662 3597 3640 3639 3608 32 4061 4061 4061 4061 4061 4061 4061
530 1683293480 3565 185 3680 3661 3597 3639 3639 3607 32 4063 4063 4063 4063 4063 4063 4063
531 1683293481 3565 181 3680 3661 3597 3640 3639 3607 32 4063 4062 4062 4062 4062 4062 4062
532 1683293481 3566 178 3680 3663 3598 3641 3640 3609 32 4063 4062 4062 4062 4062 4062 4062
533 1683293481 3564 186 3679 3661 3597 3640 3639 3608 32 4063 4063 4063 4063 4063 4063 4063
534 1683293481 3565 191 3680 3661 3597 3639 3639 3607 32 4063 4062 4062 4062 4062 4062 4062
535 1683293481 3566 183 3681 3662 3598 3640 3640 3608 32 4063 4062 4062 4062 4062 4062 4062
536 1683293481 3566 166 3680 3662 3598 3641 3641 3609 32 4063 4063 4063 4063 4063 4063 4063
537 1683293481 3565 188 3679 3661 3597 3640 3639 3607 32 4063 4063 4063 4063 4063 4063 4063
538 1683293481 3565 177 3681 3662 3598 3641 3640 3608 32 4063 4062 4062 4062 4062 4062 4062
539 1683293481 3565 176 3680 3662 3597 3640 3640 3608 32 4063 4063 4063 4063 4063 4063 4063
540 1683293482 3566 181 3681 3662 3598 3641 3640 3608 32 4063 4063 4063 4063 4063 4063 4063
541 1683293482 3565 197 3681 3662 3598 3640 3640 3608 32 4063 4062 4062 4062 4062 4062 4062
542 1683293482 3565 183 3681 3663 3598 3640 3640 3608 32 4063 4063 4063 4063 4063 4063 4063
543 1683293482 3565 178 3681 3662 3598 3640 3640 3608 32 4063 4063 4063 4063 4063 4063 4063
544 1683293482 3564 181 3680 3661 3597 3640 3640 3607 32 4063 4062 4062 4062 4062 4062 4062
545 1683293482 3564 167 3680 3661 3597 3639 3639 3607 32 4063 4062 4062 4062 4062 4062 4062
546 1683293482 3565 143 3680 3662 3597 3640 3640 3608 32 4063 4063 4063 4063 4063 4063 4063
547 1683293482 3565 190 3680 3662 3597 3640 3640 3607 32 4063 4063 4063 4063 4063 4063 4063
548 1683293482 3566 174 3680 3662 3598 3640 3640 3609 32 4063 4062 4062 4062 4062 4062 4062
549 1683293482 3563 177 3679 3660 3596 3638 3638 3606 32 4061 4061 4061 4061 4061 4061 4061
550 1683293482 3563 162 3678 3659 3595 3638 3637 3605 32 4063 4062 4062 4062 4062 4062 4062
551 1683293482 3562 181 3677 3659 3595 3637 3637 3606 32 4063 4063 4063 4063 4063 4063 4063
552 1683293482 3563 149 3678 3660 3596 3638 3638 3606 32 4063 4063 4063 4063 4063 4063 4063
553 1683293483 3564 200 3679 3660 3596 3638 3638 3606 32 4063 4062 4062 4062 4062 4062 4062
554 1683293483 3563 187 3678 3660 3596 3638 3638 3606 32 4063 4062 4062 4062 4062 4062 4062
555 1683293483 3562 182 3677 3660 3595 3637 3637 3605 32 4063 4063 4063 4063 4063 4063 4063
556 1683293483 3563 189 3679 3660 3596 3639 3638 3606 32 4061 4061 4061 4061 4061 4061 4061
557 1683293483 447 172 3679 3662 3597 3640 3639 3607 32 4063 4062 4062 4062 4062 4062 4062
558 1683293483 3563 177 3678 3660 3596 3638 3638 3606 32 4063 4062 4062 4062 4062 4062 4062
559 1683293483 3563 196 3679 3660 3596 3638 3638 3606 32 4063 4063 4063 4063 4063 4063 4063
560 1683293483 3564 227 3679 3660 3596 3638 3638 3606 32 4061 4061 4061 4061 4061 4061 4061
561 1683293483 3563 194 3678 3659 3595 3638 3637 3605 32 4063 4062 4062 4062 4062 4062 4062
562 1683293483 3563 188 3679 3660 3596 3638 3639 3607 32 4063 4063 4063 4063 4063 4063 4063
563 1683293483 3563 174 3679 3660 3596 3638 3638 3606 32 4063 4063 4063 4063 4063 4063 4063
564 1683293483 3564 186 3679 3660 3596 3638 3638 3606 32 4063 4062 4062 4062 4062 4062 4062
565 1683293484 3564 195 3679 3660 3596 3639 3638 3606 32 4062 4062 4062 4062 4062 4062 4062
566 1683293484 3564 185 3678 3660 3595 3638 3638 3606 32 4061 4061 4061 4061 4061 4061 4061
567 1683293484 3564 181 3679 3660 3596 3638 3638 3606 32 4063 4062 4062 4062 4062 4062 4062
568 1683293484 3563 171 3678 3660 3596 3637 3638 3605 32 4063 4063 4063 4063 4063 4063 4063
569 1683293484 3563 176 3678 3660 3595 3638 3638 3606 32 4063 4062 4062 4062 4062 4062 4062
570 1683293484 3563 179 3679 3660 3596 3639 3639 3607 32 4063 4062 4062 4062 4062 4062 4062
571 1683293484 3563 188 3679 3660 3596 3638 3638 3606 32 4063 4062 4062 4062 4062 4062 4062
572 1683293485 3563 169 3679 3660 3596 3638 3638 3606 32 4063 4062 4062 4062 4062 4062 4062
573 1683293485 3563 169 3679 3661 3596 3639 3639 3607 32 4061 4061 4061 4061 4061 4061 4061
574 1683293485 3563 175 3678 3660 3595 3638 3638 3606 32 4063 4063 4063 4063 4063 4063 4063
575 1683293485 3563 172 3679 3660 3596 3638 3638 3606 32 4061 4061 4061 4061 4061 4061 4061
576 1683293485 3563 182 3678 3659 3595 3637 3637 3606 32 4063 4063 4063 4063 4063 4063 4063
577 1683293485 3564 177 3679 3661 3597 3639 3638 3607 32 4063 4062 4062 4062 4062 4062 4062
578 1683293485 3563 181 3679 3660 3596 3638 3638 3606 32 4063 4062 4062 4062 4062 4062 4062
579 1683293485 3563 188 3679 3660 3596 3638 3638 3606 32 4063 4062 4062 4062 4062 4062 4062
580 1683293485 3563 169 3679 3660 3596 3638 3638 3607 32 4061 4061 4061 4061 4061 4061 4061
581 1683293485 3564 216 3679 3660 3597 3639 3638 3607 32 4063 4063 4063 4063 4063 4063 4063
582 1683293485 3563 172 3678 3660 3595 3638 3638 3607 32 4063 4062 4062 4062 4062 4062 4062
583 1683293485 3563 207 3677 3660 3596 3639 3638 3606 32 4061 4061 4061 4061 4061 4061 4061
584 1683293485 3563 206 3679 3660 3596 3638 3638 3607 32 4063 4063 4063 4063 4063 4063 4063
585 1683293485 3565 195 3679 3662 3597 3639 3639 3607 32 4063 4063 4063 4063 4063 4063 4063
586 1683293485 3564 180 3680 3662 3597 3639 3639 3608 32 4063 4062 4062 4062 4062 4062 4062
587 1683293486 3564 166 3679 3661 3596 3639 3639 3607 32 4063 4062 4062 4062 4062 4062 4062
588 1683293486 3564 159 3680 3661 3597 3639 3639 3607 32 4063 4063 4063 4063 4063 4063 4063
589 1683293486 3563 174 3679 3660 3596 3638 3638 3607 32 4061 4061 4061 4061 4061 4061 4061
590 1683293486 3564 163 3680 3661 3596 3639 3638 3606 32 4063 4063 4063 4063 4063 4063 4063
591 1683293486 3564 170 3678 3660 3596 3638 3638 3607 32 4063 4062 4062 4062 4062 4062 4062
592 1683293486 3563 183 3679 3661 3596 3638 3638 3606 32 4063 4062 4062 4062 4062 4062 4062
593 1683293486 3563 200 3679 3660 3596 3638 3638 3606 32 4061 4061 4061 4061 4061 4061 4061
594 1683293486 3563 168 3679 3660 3596 3638 3638 3606 32 4063 4063 4063 4063 4063 4063 4063
595 1683293486 3563 195 3679 3661 3597 3639 3639 3607 32 4061 4061 4061 4061 4061 4061 4061
596 1683293486 3564 167 3679 3661 3596 3639 3639 3607 32 4063 4062 4062 4062 4062 4062 4062
597 1683293486 3563 172 3679 3660 3596 3638 3638 3606 32 4063 4062 4062 4062 4062 4062 4062
598 1683293486 176 177 3680 3661 3596 3639 3639 3607 32 4063 4062 4062 4062 4062 4062 4062
599 1683293486 3564 188 3679 3661 3596 3639 3639 3607 32 4061 4061 4061 4061 4061 4061 4061
600 1683293486 3563 184 3678 3660 3596 3638 3638 3606 32 4063 4062 4062 4062 4062 4062 4062
601 1683293486 3563 172 3679 3661 3597 3639 3638 3607 32 4063 4063 4063 4063 4063 4063 4063
602 1683293486 3563 190 3678 3660 3596 3638 3638 3606 32 4061 4061 4061 4061 4061 4061 4061
603 1683293487 3563 179 3679 3660 3596 3638 3638 3606 32 4063 4062 4062 4062 4062 4062 4062
604 1683293487 3564 205 3679 3660 3596 3638 3638 3606 32 4063 4062 4062 4062 4062 4062 4062
605 1683293487 3564 178 3679 3661 3596 3639 3639 3607 32 4063 4063 4063 4063 4063 4063 4063
606 1683293487 3563 175 3678 3659 3595 3638 3637 3606 32 4061 4061 4061 4061 4061 4061 4061
607 1683293487 3564 202 3679 3660 3596 3639 3638 3606 32 4063 4063 4063 4063 4063 4063 4063
608 1683293487 3564 193 3680 3661 3597 3639 3639 3607 32 4063 4063 4063 4063 4063 4063 4063
609 1683293487 3563 185 3679 3661 3597 3639 3638 3607 32 4063 4063 4063 4063 4063 4063 4063
610 1683293487 3564 183 3679 3661 3596 3638 3638 3606 32 4063 4062 4062 4062 4062 4062 4062
611 1683293487 3564 178 3679 3661 3596 3639 3638 3607 32 4063 4062 4062 4062 4062 4062 4062
612 1683293487 3564 182 3679 3661 3597 3639 3639 3607 32 4063 4062 4062 4062 4062 4062 4062
613 1683293487 3563 186 3679 3660 3596 3638 3638 3607 32 4063 4063 4063 4063 4063 4063 4063
614 1683293487 3564 172 3678 3661 3596 3639 3639 3607 32 4063 4062 4062 4062 4062 4062 4062
615 1683293487 3564 179 3679 3661 3596 3639 3639 3606 32 4061 4061 4061 4061 4061 4061 4061
616 1683293487 3565 205 3680 3661 3597 3639 3639 3607 32 4063 4062 4062 4062 4062 4062 4062
617 1683293488 3564 169 3679 3661 3596 3639 3639 3607 32 4061 4061 4061 4061 4061 4061 4061
618 1683293488 3563 203 3679 3660 3596 3638 3638 3606 32 4061 4061 4061 4061 4061 4061 4061
619 1683293488 3563 182 3679 3660 3596 3638 3638 3606 32 4063 4062 4062 4062 4062 4062 4062
620 1683293488 165 171 3679 3661 3597 3639 3639 3607 32 4063 4062 4062 4062 4062 4062 4062
621 1683293488 3563 185 3678 3659 3595 3638 3638 3606 32 4063 4063 4063 4063 4063 4063 4063
622 1683293488 3563 179 3678 3660 3595 3638 3638 3606 32 4061 4061 4061 4061 4061 4061 4061
623 1683293488 3564 175 3679 3660 3596 3639 3639 3606 32 4063 4062 4062 4062 4062 4062 4062
624 1683293488 3564 156 3679 3661 3597 3639 3638 3606 32 4063 4062 4062 4062 4062 4062 4062
625 1683293488 3563 181 3679 3660 3595 3638 3638 3606 32 4063 4062 4062 4062 4062 4062 4062
626 1683293489 3563 172 3678 3660 3596 3638 3638 3606 32 4061 4061 4061 4061 4061 4061 4061
627 1683293489 3564 185 3679 3660 3596 3639 3638 3606 32 4063 4063 4063 4063 4063 4063 4063
628 1683293489 3565 149 3680 3662 3597 3640 3640 3608 32 4063 4062 4062 4062 4062 4062 4062
629 1683293489 3563 178 3679 3659 3596 3638 3638 3606 32 4061 4061 4061 4061 4061 4061 4061
630 1683293489 3564 170 3679 3661 3597 3639 3639 3607 32 4063 4062 4062 4062 4062 4062 4062
631 1683293489 3563 174 3678 3660 3596 3639 3638 3606 32 4063 4062 4062 4062 4062 4062 4062
632 1683293489 3563 176 3678 3659 3595 3637 3637 3605 32 4063 4062 4062 4062 4062 4062 4062
633 1683293489 3564 172 3679 3661 3597 3639 3639 3607 32 4063 4062 4062 4062 4062 4062 4062
634 1683293489 3564 179 3680 3661 3597 3639 3639 3607 31 4063 4062 4062 4062 4062 4062 4062
635 1683293490 3564 186 3680 3661 3597 3639 3639 3607 32 4063 4062 4062 4062 4062 4062 4062
636 1683293490 3564 185 3679 3661 3596 3639 3638 3606 32 4063 4063 4063 4063 4063 4063 4063
637 1683293490 3563 170 3679 3660 3596 3638 3638 3607 32 4063 4063 4063 4063 4063 4063 4063
638 1683293490 3564 179 3678 3660 3596 3638 3638 3606 32 4063 4062 4062 4062 4062 4062 4062
639 1683293490 3564 192 3679 3661 3596 3639 3639 3607 32 4063 4063 4063 4063 4063 4063 4063
640 1683293490 3564 173 3679 3660 3596 3638 3638 3606 32 4063 4063 4063 4063 4063 4063 4063
641 1683293490 3563 177 3679 3661 3596 3639 3639 3607 32 4063 4062 4062 4062 4062 4062 4062
642 1683293490 3564 198 3680 3662 3597 3639 3639 3607 32 4063 4062 4062 4062 4062 4062 4062
643 1683293490 3565 162 3680 3662 3597 3639 3639 3607 32 4063 4062 4062 4062 4062 4062 4062
644 1683293490 3565 175 3680 3661 3597 3639 3639 3607 32 4063 4062 4062 4062 4062 4062 4062
645 1683293491 3563 180 3679 3660 3596 3639 3638 3606 32 4063 4062 4062 4062 4062 4062 4062
646 1683293491 3564 191 3678 3661 3597 3639 3639 3607 32 4063 4062 4062 4062 4062 4062 4062
647 1683293491 3565 162 3681 3662 3599 3641 3641 3609 32 4063 4062 4062 4062 4062 4062 4062
648 1683293491 3564 175 3680 3661 3597 3639 3639 3607 32 4063 4063 4063 4063 4063 4063 4063
649 1683293491 3564 174 3679 3661 3597 3639 3639 3607 32 4061 4061 4061 4061 4061 4061 4061
650 1683293491 3564 191 3680 3662 3597 3640 3640 3608 32 4063 4062 4062 4062 4062 4062 4062
651 1683293491 3564 186 3679 3661 3597 3639 3639 3607 32 4061 4061 4061 4061 4061 4061 4061
652 1683293491 3564 182 3680 3661 3597 3639 3639 3607 32 4061 4061 4061 4061 4061 4061 4061
653 1683293491 3564 173 3679 3662 3597 3639 3640 3608 32 4061 4061 4061 4061 4061 4061 4061
654 1683293491 3564 187 3680 3661 3597 3640 3639 3607 32 4063 4062 4062 4062 4062 4062 4062
655 1683293491 3563 180 3679 3660 3596 3638 3638 3606 32 4063 4062 4062 4062 4062 4062 4062
656 1683293491 3565 183 3680 3661 3597 3639 3640 3607 32 4061 4061 4061 4061 4061 4061 4061
657 1683293492 3564 181 3679 3661 3596 3639 3638 3606 32 4061 4061 4061 4061 4061 4061 4061
658 1683293492 3565 191 3681 3663 3599 3641 3641 1543 32 4063 4062 4062 4062 4062 4062 4062
659 1683293492 3564 198 3680 3661 3596 3639 3638 3606 32 4063 4063 4063 4063 4063 4063 4063
660 1683293492 3564 188 3680 3661 3597 3640 3640 3608 32 4063 4062 4062 4062 4062 4062 4062
661 1683293492 3564 212 3679 3661 3597 3639 3639 3607 32 4061 4061 4061 4061 4061 4061 4061
662 1683293492 3565 170 3680 3661 3597 3640 3640 3608 32 4063 4062 4062 4062 4062 4062 4062
663 1683293492 3564 178 3680 3661 3597 3640 3639 3607 32 4061 4061 4061 4061 4061 4061 4061
664 1683293492 3564 171 3679 3661 3597 3639 3639 3607 32 4063 4062 4062 4062 4062 4062 4062
665 1683293493 3565 168 3680 3661 3597 3640 3640 3608 32 4063 4062 4062 4062 4062 4062 4062
666 1683293493 3564 182 3680 3662 3597 3640 3639 3607 32 4061 4061 4061 4061 4061 4061 4061
667 1683293493 116 169 112 101 142 1370 1430 1426 32 4063 4063 4063 4063 4063 4063 4063
668 1683293493 3564 193 3679 3660 3596 3638 3638 3606 32 4063 4062 4062 4062 4062 4062 4062
669 1683293493 3565 196 3680 3662 3597 3640 3639 3607 32 4063 4062 4062 4062 4062 4062 4062
670 1683293493 3564 202 3679 3661 3596 3639 3639 3607 32 4063 4062 4062 4062 4062 4062 4062
671 1683293493 3565 209 3681 3662 3597 3640 3639 3608 32 4063 4062 4062 4062 4062 4062 4062
672 1683293493 3564 162 3680 3662 3598 3640 3639 3608 32 4061 4061 4061 4061 4061 4061 4061
673 1683293493 3565 164 3680 3662 3597 3640 3639 3607 32 4063 4063 4063 4063 4063 4063 4063
674 1683293493 3564 195 3679 3662 3597 3639 3639 3607 32 4063 4062 4062 4062 4062 4062 4062
675 1683293493 3565 179 3680 3662 3597 3640 3640 3607 32 4063 4062 4062 4062 4062 4062 4062
676 1683293493 3565 190 3680 3663 3598 3641 3641 3609 32 4063 4062 4062 4062 4062 4062 4062
677 1683293493 3564 171 3679 3661 3596 3639 3638 3607 32 4063 4063 4063 4063 4063 4063 4063
678 1683293494 3563 191 3678 3660 3596 3638 3638 3606 32 4063 4062 4062 4062 4062 4062 4062
679 1683293494 3565 178 3680 3661 3597 3639 3639 3608 32 4063 4063 4063 4063 4063 4063 4063
680 1683293494 3565 174 3680 3662 3597 3640 3639 3608 32 4061 4061 4061 4061 4061 4061 4061
681 1683293494 3565 181 3679 3661 3597 3639 3640 3608 32 4063 4062 4062 4062 4062 4062 4062
682 1683293494 3564 197 3680 3661 3597 3640 3640 3608 32 4061 4061 4061 4061 4061 4061 4061
683 1683293494 3565 172 3680 3662 3598 3640 3640 3608 32 4063 4063 4063 4063 4063 4063 4063
684 1683293494 3564 185 3680 3661 3597 3639 3639 3607 32 4063 4063 4063 4063 4063 4063 4063
685 1683293494 3564 169 3680 3662 3597 3640 3639 3607 32 4061 4061 4061 4061 4061 4061 4061
686 1683293494 3565 199 3681 3662 3598 3640 3640 3608 32 4063 4062 4062 4062 4062 4062 4062
687 1683293494 3565 167 3680 3662 3597 3640 3640 3608 32 4063 4062 4062 4062 4062 4062 4062
688 1683293494 3565 168 3680 3662 3598 3640 3640 3608 32 4063 4062 4062 4062 4062 4062 4062
689 1683293494 3565 184 3680 3661 3597 3640 3639 3607 32 4063 4063 4063 4063 4063 4063 4063
690 1683293494 3564 195 3680 3661 3597 3639 3639 3607 32 4063 4062 4062 4062 4062 4062 4062
691 1683293495 3565 158 3681 3662 3598 3640 3640 3609 32 4063 4062 4062 4062 4062 4062 4062
692 1683293495 3564 173 3679 3661 3597 3639 3639 3607 32 4063 4062 4062 4062 4062 4062 4062
693 1683293495 3565 188 3681 3662 3598 3640 3640 3608 32 4063 4063 4063 4063 4063 4063 4063
694 1683293495 3564 187 3680 3661 3596 3639 3639 3607 32 4063 4062 4062 4062 4062 4062 4062
695 1683293495 3563 179 3679 3661 3597 3638 3638 3607 32 4063 4062 4062 4062 4062 4062 4062
696 1683293495 3565 185 3680 3662 3598 3640 3640 3608 32 4063 4063 4063 4063 4063 4063 4063
697 1683293495 3565 172 3680 3662 3597 3639 3639 3608 32 4063 4063 4063 4063 4063 4063 4063
698 1683293495 3565 177 3680 3661 3597 3640 3640 3608 32 4063 4063 4063 4063 4063 4063 4063
699 1683293495 3565 190 3681 3662 3597 3640 3640 3608 32 4063 4062 4062 4062 4062 4062 4062
700 1683293495 3565 188 3680 3662 3597 3640 3640 3608 32 4061 4061 4061 4061 4061 4061 4061
701 1683293496 3564 162 3679 3661 3597 3639 3639 3608 32 4063 4062 4062 4062 4062 4062 4062
702 1683293496 3564 178 3680 3661 3597 3639 3639 3607 32 4063 4063 4063 4063 4063 4063 4063
703 1683293496 3566 192 3681 3662 3598 3641 3640 3608 32 4063 4062 4062 4062 4062 4062 4062
704 1683293496 3564 171 3680 3661 3597 3639 3639 3607 32 4063 4063 4063 4063 4063 4063 4063
705 1683293496 3564 203 3679 3661 3596 3639 3639 3607 32 4061 4061 4061 4061 4061 4061 4061
706 1683293496 3564 195 3679 3661 3596 3638 3638 3607 32 4063 4063 4063 4063 4063 4063 4063
707 1683293496 3564 174 3680 3661 3598 3639 3639 3607 32 4063 4062 4062 4062 4062 4062 4062
708 1683293496 3564 172 3680 3661 3597 3640 3640 3608 32 4063 4062 4062 4062 4062 4062 4062
709 1683293496 3565 192 3679 3663 3598 3641 3640 3609 32 4063 4063 4063 4063 4063 4063 4063
710 1683293496 3564 183 3678 3661 3597 3640 3639 3607 32 4063 4062 4062 4062 4062 4062 4062
711 1683293504 3565 177 3680 3662 3598 3640 3640 1487 32 4063 4063 4063 4063 4063 4063 4063
712 1683293504 3563 188 3679 3660 3596 3638 3638 3606 32 4061 4061 4061 4061 4061 4061 4061
713 1683293505 3563 170 3678 3660 3596 3639 3638 3607 32 4063 4062 4062 4062 4062 4062 4062
714 1683293505 3564 208 3679 3661 3596 3639 3638 3607 32 4063 4062 4062 4062 4062 4062 4062
715 1683293505 3564 178 3679 3661 3596 3639 3639 3607 32 4061 4061 4061 4061 4061 4061 4061
716 1683293505 3564 184 3679 3661 3596 3639 3639 3607 32 4063 4062 4062 4062 4062 4062 4062
717 1683293505 3563 179 3679 3661 3596 3639 3638 3607 32 4063 4063 4063 4063 4063 4063 4063
718 1683293505 3564 170 3679 3661 3597 3640 3640 3608 32 4063 4062 4062 4062 4062 4062 4062
719 1683293505 3564 181 3679 3661 3596 3639 3638 3607 32 4063 4063 4063 4063 4063 4063 4063
720 1683293505 3564 191 3680 3661 3597 3639 3640 3608 32 4063 4062 4062 4062 4062 4062 4062
721 1683293505 3564 179 3680 3661 3597 3639 3639 3607 32 4063 4063 4063 4063 4063 4063 4063
722 1683293505 3564 187 3679 3660 3596 3639 3639 3606 32 4063 4063 4063 4063 4063 4063 4063
723 1683293505 3564 187 3680 3661 3597 3639 3639 3607 32 4063 4062 4062 4062 4062 4062 4062
724 1683293505 3564 188 3679 3661 3596 3639 3639 3607 32 4063 4062 4062 4062 4062 4062 4062
725 1683293505 3564 183 3680 3661 3597 3640 3639 3607 32 4063 4062 4062 4062 4062 4062 4062
726 1683293505 3564 182 3679 3661 3596 3638 3638 3607 32 4063 4063 4063 4063 4063 4063 4063
727 1683293506 3565 191 3680 3661 3597 3640 3640 3608 32 4063 4063 4063 4063 4063 4063 4063
728 1683293506 3565 156 3680 3662 3598 3640 3639 3608 32 4061 4061 4061 4061 4061 4061 4061
729 1683293506 3564 179 3680 3661 3597 3640 3639 3607 32 4063 4063 4063 4063 4063 4063 4063
730 1683293506 3564 196 3679 3661 3597 3639 3638 3607 32 4063 4063 4063 4063 4063 4063 4063
731 1683293506 3565 197 3680 3661 3597 3640 3639 3608 32 4063 4063 4063 4063 4063 4063 4063
732 1683293506 3564 210 3679 3660 3596 3638 3638 3607 32 4063 4062 4062 4062 4062 4062 4062
733 1683293506 3564 190 3679 3661 3596 3639 3639 3606 32 4061 4061 4061 4061 4061 4061 4061
734 1683293506 3564 182 3680 3662 3598 3640 3639 3607 32 4063 4062 4062 4062 4062 4062 4062
735 1683293507 3564 178 3679 3660 3596 3639 3639 3607 32 4063 4063 4063 4063 4063 4063 4063
736 1683293507 3564 176 3680 3662 3598 3640 3640 3608 32 4063 4062 4062 4062 4062 4062 4062
737 1683293507 3564 177 3680 3662 3597 3640 3639 3607 32 4063 4062 4062 4062 4062 4062 4062
738 1683293507 3565 200 3680 3662 3598 3640 3640 3608 32 4063 4062 4062 4062 4062 4062 4062
739 1683293507 3564 179 3679 3661 3596 3639 3638 3607 32 4063 4062 4062 4062 4062 4062 4062
740 1683293507 3565 205 3679 3661 3597 3639 3639 3607 32 4063 4062 4062 4062 4062 4062 4062
741 1683293507 3564 191 3678 3661 3597 3639 3639 3607 32 4061 4061 4061 4061 4061 4061 4061
742 1683293507 3565 174 3681 3662 3598 3640 3639 3608 32 4063 4062 4062 4062 4062 4062 4062
743 1683293507 3565 191 3680 3662 3598 3640 3640 3608 32 4063 4063 4063 4063 4063 4063 4063
744 1683293507 3564 176 3679 3661 3597 3639 3639 3608 32 4063 4062 4062 4062 4062 4062 4062
745 1683293507 3565 187 3680 3661 3597 3639 3639 3607 32 4063 4062 4062 4062 4062 4062 4062
746 1683293507 3565 173 3680 3662 3597 3639 3639 3607 32 4061 4061 4061 4061 4061 4061 4061
747 1683293508 3565 171 3680 3661 3597 3640 3639 3608 32 4063 4062 4062 4062 4062 4062 4062
748 1683293508 3564 193 3679 3661 3597 3640 3640 3607 32 4063 4062 4062 4062 4062 4062 4062
749 1683293508 3565 179 3680 3661 3597 3639 3639 3607 32 4063 4063 4063 4063 4063 4063 4063
750 1683293508 3565 179 3680 3662 3597 3640 3640 3607 32 4063 4062 4062 4062 4062 4062 4062
751 1683293508 3564 195 3680 3661 3597 3640 3639 3607 32 4063 4062 4062 4062 4062 4062 4062
752 1683293508 3564 185 3679 3661 3597 3640 3640 3608 32 4061 4061 4061 4061 4061 4061 4061
753 1683293508 3564 183 3680 3662 3597 3640 3639 3607 32 4063 4062 4062 4062 4062 4062 4062
754 1683293508 3563 182 3679 3661 3596 3639 3638 3606 32 4063 4062 4062 4062 4062 4062 4062
755 1683293508 3564 174 3680 3661 3597 3639 3639 3607 32 4063 4062 4062 4062 4062 4062 4062
756 1683293508 3565 188 3681 3662 3597 3640 3639 3607 32 4063 4062 4062 4062 4062 4062 4062
757 1683293508 3565 186 3680 3661 3597 3639 3639 3607 32 4063 4062 4062 4062 4062 4062 4062
758 1683293508 3564 210 3679 3661 3597 3640 3639 3608 32 4063 4062 4062 4062 4062 4062 4062
759 1683293508 3563 196 3680 3662 3597 3640 3639 3607 32 4063 4063 4063 4063 4063 4063 4063
760 1683293509 3565 204 3680 3662 3598 3640 3640 3608 32 4062 4062 4062 4062 4062 4062 4062
761 1683293509 3565 190 3681 3662 3598 3640 3640 3608 32 4063 4062 4062 4062 4062 4062 4062
762 1683293509 3565 158 3680 3662 3597 3639 3639 3607 32 4063 4063 4063 4063 4063 4063 4063
763 1683293509 3565 177 3680 3662 3598 3640 3639 3607 32 4063 4063 4063 4063 4063 4063 4063
764 1683293509 3564 180 3679 3660 3596 3638 3638 3606 32 4063 4062 4062 4062 4062 4062 4062
765 1683293509 3565 199 3679 3661 3597 3639 3639 3607 32 4063 4062 4062 4062 4062 4062 4062
766 1683293510 3565 199 3681 3662 3598 3640 3639 3608 32 4063 4062 4062 4062 4062 4062 4062
767 1683293510 3564 172 3680 3661 3597 3639 3639 3607 32 4063 4062 4062 4062 4062 4062 4062
768 1683293510 3565 200 3680 3662 3597 3639 3639 3608 32 4063 4062 4062 4062 4062 4062 4062
769 1683293510 3565 182 3680 3661 3597 3639 3639 3607 32 4061 4061 4061 4061 4061 4061 4061
770 1683293510 3565 170 3680 3661 3597 3640 3640 3608 32 4061 4061 4061 4061 4061 4061 4061
771 1683293510 3564 191 3680 3661 3597 3640 3639 3607 32 4063 4062 4062 4062 4062 4062 4062
772 1683293510 3564 192 3679 3661 3596 3639 3639 3607 32 4063 4063 4063 4063 4063 4063 4063
773 1683293510 3565 179 3680 3662 3598 3640 3640 3608 32 4063 4062 4062 4062 4062 4062 4062
774 1683293510 3565 184 3680 3661 3598 3639 3639 3607 32 4063 4062 4062 4062 4062 4062 4062
775 1683293510 3564 194 3680 3662 3597 3640 3640 3608 32 4063 4062 4062 4062 4062 4062 4062
776 1683293510 3564 173 3679 3661 3597 3639 3639 3607 32 4063 4062 4062 4062 4062 4062 4062
777 1683293511 3564 190 3680 3661 3597 3639 3639 3607 32 4063 4063 4063 4063 4063 4063 4063
778 1683293511 3565 198 3681 3662 3598 3640 3640 3608 32 4063 4062 4062 4062 4062 4062 4062
779 1683293511 3564 179 3680 3662 3598 3640 3640 3608 32 4061 4061 4061 4061 4061 4061 4061
780 1683293511 3565 186 3681 3662 3598 3641 3640 3608 32 4061 4061 4061 4061 4061 4061 4061
781 1683293511 3566 188 3681 3662 3599 3641 3640 3608 32 4063 4063 4063 4063 4063 4063 4063
782 1683293511 3565 188 3680 3662 3597 3640 3640 3608 32 4063 4063 4063 4063 4063 4063 4063
783 1683293511 3565 184 3680 3662 3598 3641 3640 3608 32 4063 4063 4063 4063 4063 4063 4063
784 1683293511 3565 201 3680 3661 3597 3640 3639 3608 32 4063 4063 4063 4063 4063 4063 4063
785 1683293511 3564 184 3680 3661 3597 3639 3639 3607 32 4063 4062 4062 4062 4062 4062 4062
786 1683293511 3565 186 3680 3661 3597 3639 3639 3607 32 4063 4062 4062 4062 4062 4062 4062
787 1683293511 3565 169 3680 3662 3598 3640 3640 3608 32 4063 4062 4062 4062 4062 4062 4062
788 1683293512 3565 188 3681 3662 3598 3641 3640 3608 32 4063 4062 4062 4062 4062 4062 4062
789 1683293512 3565 175 3680 3662 3598 3640 3640 3608 32 4063 4062 4062 4062 4062 4062 4062
790 1683293512 3565 184 3681 3662 3598 3641 3640 3608 32 4063 4062 4062 4062 4062 4062 4062
791 1683293512 3565 178 3681 3662 3598 3641 3640 3608 32 4063 4062 4062 4062 4062 4062 4062
792 1683293512 3565 184 3680 3661 3597 3640 3640 3608 32 4063 4062 4062 4062 4062 4062 4062
793 1683293512 3566 179 3681 3662 3598 3640 3640 3608 32 4063 4062 4062 4062 4062 4062 4062
794 1683293512 3566 202 3681 3663 3598 3641 3641 3609 32 4063 4062 4062 4062 4062 4062 4062
795 1683293512 3564 169 3680 3661 3597 3639 3639 3607 32 4061 4061 4061 4061 4061 4061 4061
796 1683293512 3565 160 3681 3662 3597 3640 3640 3608 32 4063 4062 4062 4062 4062 4062 4062
797 1683293512 3564 175 3680 3661 3597 3640 3640 3608 32 4061 4061 4061 4061 4061 4061 4061
798 1683293512 3564 182 3680 3662 3597 3640 3640 3608 32 4063 4062 4062 4062 4062 4062 4062
799 1683293512 3565 186 3681 3662 3598 3640 3641 3608 32 4063 4062 4062 4062 4062 4062 4062
800 1683293513 3565 174 3679 3661 3597 3639 3640 3608 32 4063 4062 4062 4062 4062 4062 4062
801 1683293513 3564 211 3680 3661 3598 3640 3640 3608 32 4063 4063 4063 4063 4063 4063 4063
802 1683293513 3565 163 3681 3662 3598 3640 3640 3608 32 4063 4063 4063 4063 4063 4063 4063
803 1683293513 3566 189 3680 3663 3598 3641 3640 3609 32 4061 4061 4061 4061 4061 4061 4061
804 1683293513 3563 196 3679 3660 3595 3638 3638 3606 32 4061 4061 4061 4061 4061 4061 4061
805 1683293513 3564 169 3678 3660 3596 3638 3638 3607 32 4063 4062 4062 4062 4062 4062 4062
806 1683293513 3563 165 3677 3659 3596 3638 3638 3606 32 4063 4062 4062 4062 4062 4062 4062
807 1683293513 3563 165 3679 3660 3596 3638 3638 3606 32 4063 4062 4062 4062 4062 4062 4062
808 1683293514 3563 148 3679 3661 3596 3638 3637 3606 32 4063 4062 4062 4062 4062 4062 4062
809 1683293514 3563 196 3678 3659 3595 3638 3638 3606 32 4063 4062 4062 4062 4062 4062 4062
810 1683293514 3565 193 3680 3661 3597 3639 3639 3608 32 4063 4062 4062 4062 4062 4062 4062
811 1683293514 3563 185 3679 3660 3596 3639 3639 3606 32 4063 4062 4062 4062 4062 4062 4062
812 1683293514 3562 184 3678 3659 3595 3637 3638 3605 32 4061 4061 4061 4061 4061 4061 4061
813 1683293514 3563 191 3678 3660 3596 3638 3638 3606 32 4063 4062 4062 4062 4062 4062 4062
814 1683293515 3563 196 3679 3660 3596 3638 3638 3606 32 4063 4063 4063 4063 4063 4063 4063
815 1683293515 3563 185 3679 3660 3596 3639 3639 3607 32 4063 4062 4062 4062 4062 4062 4062
816 1683293515 3565 186 3679 3661 3597 3639 3639 3607 32 4063 4062 4062 4062 4062 4062 4062
817 1683293515 3564 184 3679 3661 3596 3639 3638 3606 32 4063 4062 4062 4062 4062 4062 4062
818 1683293515 3563 179 3679 3660 3596 3638 3638 3606 32 4063 4062 4062 4062 4062 4062 4062
819 1683293515 3564 181 3680 3661 3597 3639 3639 3607 32 4063 4063 4063 4063 4063 4063 4063
820 1683293515 3563 176 3679 3660 3596 3639 3638 3607 32 4063 4063 4063 4063 4063 4063 4063
821 1683293515 3563 159 3678 3660 3596 3639 3639 3607 32 4063 4062 4062 4062 4062 4062 4062
822 1683293515 3564 190 3679 3660 3596 3639 3639 3607 32 4063 4062 4062 4062 4062 4062 4062
823 1683293515 3563 187 3679 3660 3596 3638 3638 3606 32 4061 4061 4061 4061 4061 4061 4061
824 1683293515 3564 186 3679 3660 3596 3639 3639 3607 32 4061 4061 4061 4061 4061 4061 4061
825 1683293515 3563 181 3678 3660 3596 3638 3638 3606 32 4063 4062 4062 4062 4062 4062 4062
826 1683293515 3563 159 3678 3659 3595 3638 3638 3606 32 4063 4062 4062 4062 4062 4062 4062
827 1683293515 3564 167 3679 3661 3596 3638 3638 3607 32 4063 4062 4062 4062 4062 4062 4062
828 1683293516 3564 182 3679 3660 3596 3638 3638 3607 32 4063 4063 4063 4063 4063 4063 4063
829 1683293516 3564 167 3679 3660 3596 3638 3638 3607 32 4061 4061 4061 4061 4061 4061 4061
830 1683293516 3564 188 3679 3661 3597 3639 3639 3606 32 4063 4062 4062 4062 4062 4062 4062
831 1683293516 3564 185 3679 3660 3596 3639 3639 3606 32 4063 4062 4062 4062 4062 4062 4062
832 1683293516 3564 184 3680 3660 3596 3639 3638 3606 32 4063 4062 4062 4062 4062 4062 4062
833 1683293516 3564 178 3679 3661 3596 3638 3638 3606 32 4063 4062 4062 4062 4062 4062 4062
834 1683293516 3564 186 3679 3661 3597 3639 3638 3607 32 4061 4061 4061 4061 4061 4061 4061
835 1683293516 3564 185 3680 3661 3597 3639 3639 3607 32 4063 4062 4062 4062 4062 4062 4062
836 1683293516 3563 156 3678 3660 3596 3638 3638 3606 32 4063 4062 4062 4062 4062 4062 4062
837 1683293516 3564 179 3678 3661 3596 3639 3639 3607 32 4063 4062 4062 4062 4062 4062 4062
838 1683293517 3564 171 3679 3661 3596 3639 3639 3607 32 4063 4062 4062 4062 4062 4062 4062
839 1683293517 3564 187 3680 3661 3597 3640 3640 3608 32 4063 4062 4062 4062 4062 4062 4062
840 1683293517 3563 183 3679 3660 3595 3638 3638 3606 32 4063 4062 4062 4062 4062 4062 4062
841 1683293517 3564 176 3679 3661 3597 3639 3639 3607 32 4063 4062 4062 4062 4062 4062 4062
842 1683293517 3565 186 3681 3662 3598 3640 3640 3608 32 4063 4062 4062 4062 4062 4062 4062
843 1683293517 3565 169 3680 3661 3597 3640 3639 3607 32 4063 4063 4063 4063 4063 4063 4063
844 1683293517 3564 165 3680 3662 3597 3640 3639 3607 32 4063 4062 4062 4062 4062 4062 4062
845 1683293517 3565 206 3680 3661 3597 3639 3639 3608 32 4063 4062 4062 4062 4062 4062 4062
846 1683293517 3563 188 3679 3661 3596 3639 3639 3607 32 4063 4062 4062 4062 4062 4062 4062
847 1683293517 3565 190 3680 3661 3597 3639 3639 3607 32 4063 4062 4062 4062 4062 4062 4062
848 1683293518 3564 176 3679 3660 3596 3639 3638 3606 32 4063 4063 4063 4063 4063 4063 4063
849 1683293518 3564 170 3679 3661 3596 3639 3639 3607 32 4063 4063 4063 4063 4063 4063 4063
850 1683293518 3564 197 3679 3661 3596 3639 3639 3607 32 4063 4062 4062 4062 4062 4062 4062
851 1683293518 3564 165 3679 3661 3596 3639 3639 3606 32 4061 4061 4061 4061 4061 4061 4061
852 1683293518 3565 193 3679 3662 3597 3640 3640 3608 32 4061 4061 4061 4061 4061 4061 4061
853 1683293518 3564 197 3680 3661 3597 3639 3639 3607 32 4061 4061 4061 4061 4061 4061 4061
854 1683293518 3563 165 3679 3660 3596 3639 3639 3607 32 4063 4063 4063 4063 4063 4063 4063
855 1683293519 3564 169 3679 3661 3596 3639 3639 3607 32 4063 4062 4062 4062 4062 4062 4062
856 1683293519 3564 184 3679 3661 3596 3639 3639 3607 32 4063 4062 4062 4062 4062 4062 4062
857 1683293519 3563 188 3679 3660 3596 3639 3639 3606 32 4061 4061 4061 4061 4061 4061 4061
858 1683293519 3564 174 3679 3660 3596 3638 3638 3606 32 4063 4062 4062 4062 4062 4062 4062
859 1683293519 3565 172 3680 3661 3597 3639 3639 3608 32 4063 4063 4063 4063 4063 4063 4063
860 1683293519 3564 175 3679 3661 3596 3639 3638 3606 32 4061 4061 4061 4061 4061 4061 4061
861 1683293519 3563 191 3680 3661 3596 3639 3638 3606 32 4061 4061 4061 4061 4061 4061 4061
862 1683293519 3564 188 3679 3660 3596 3639 3638 3607 32 4063 4062 4062 4062 4062 4062 4062
863 1683293520 3564 176 3680 3661 3597 3639 3639 3607 32 4063 4063 4063 4063 4063 4063 4063
864 1683293520 3564 180 3679 3660 3597 3639 3638 3607 32 4063 4062 4062 4062 4062 4062 4062
865 1683293520 3564 166 3679 3661 3596 3639 3639 3607 32 4063 4062 4062 4062 4062 4062 4062
866 1683293520 3564 194 3679 3661 3597 3639 3639 3607 32 4063 4063 4063 4063 4063 4063 4063
867 1683293520 3564 177 3679 3660 3596 3639 3639 3607 32 4063 4063 4063 4063 4063 4063 4063
868 1683293520 3564 172 3679 3661 3597 3639 3638 3607 32 4063 4062 4062 4062 4062 4062 4062
869 1683293520 3564 179 3680 3661 3597 3640 3639 3607 32 4063 4062 4062 4062 4062 4062 4062
870 1683293520 3564 168 3679 3660 3596 3639 3639 3606 32 4063 4062 4062 4062 4062 4062 4062
871 1683293520 3564 185 3680 3662 3597 3640 3639 3607 32 4063 4062 4062 4062 4062 4062 4062
872 1683293520 3564 178 3680 3661 3597 3639 3639 3607 32 4063 4063 4063 4063 4063 4063 4063
873 1683293520 3564 174 3679 3661 3596 3638 3638 3607 32 4061 4061 4061 4061 4061 4061 4061
874 1683293521 3564 207 3680 3661 3597 3640 3639 3607 32 4063 4063 4063 4063 4063 4063 4063
875 1683293521 3564 175 3680 3661 3597 3640 3639 3607 32 4063 4062 4062 4062 4062 4062 4062
876 1683293521 3564 170 3680 3661 3597 3640 3640 3608 32 4063 4062 4062 4062 4062 4062 4062
877 1683293521 3564 175 3680 3662 3598 3640 3640 3607 32 4063 4062 4062 4062 4062 4062 4062
878 1683293521 3564 182 3679 3661 3596 3639 3639 3607 32 4063 4062 4062 4062 4062 4062 4062
879 1683293521 3565 163 3680 3662 3598 3640 3640 3608 32 4061 4061 4061 4061 4061 4061 4061
880 1683293521 3565 194 3680 3661 3597 3640 3640 3608 32 4063 4062 4062 4062 4062 4062 4062
881 1683293521 3563 159 3679 3661 3598 3639 3639 3607 32 4063 4062 4062 4062 4062 4062 4062
882 1683293521 3563 194 3679 3661 3596 3639 3638 3606 32 4063 4062 4062 4062 4062 4062 4062
883 1683293521 3565 201 3680 3661 3597 3639 3639 3607 32 4063 4062 4062 4062 4062 4062 4062
884 1683293521 3564 184 3679 3661 3597 3639 3639 3607 32 4063 4062 4062 4062 4062 4062 4062
885 1683293521 3564 164 3678 3660 3597 3639 3639 3607 32 4061 4061 4061 4061 4061 4061 4061
886 1683293522 3564 176 3679 3660 3596 3638 3638 3606 32 4063 4062 4062 4062 4062 4062 4062
887 1683293522 3564 175 3680 3661 3597 3639 3640 3608 32 4063 4062 4062 4062 4062 4062 4062
888 1683293522 3564 188 3679 3661 3596 3639 3639 3607 32 4063 4062 4062 4062 4062 4062 4062
889 1683293522 3563 196 3679 3661 3596 3638 3639 3607 32 4061 4061 4061 4061 4061 4061 4061
890 1683293522 3563 174 3680 3660 3597 3639 3638 3606 32 4063 4063 4063 4063 4063 4063 4063
891 1683293522 3564 189 3680 3661 3597 3640 3640 3608 32 4063 4063 4063 4063 4063 4063 4063
892 1683293522 3565 172 3681 3663 178 3638 3640 3608 32 4063 4063 4063 4063 4063 4063 4063
893 1683293522 3564 193 3679 3661 3596 3639 3638 3607 32 4063 4063 4063 4063 4063 4063 4063
894 1683293522 3564 175 3680 3661 3596 3639 3639 3607 32 4063 4063 4063 4063 4063 4063 4063
895 1683293522 3564 168 3680 3661 3597 3639 3639 3607 32 4063 4062 4062 4062 4062 4062 4062
896 1683293522 3565 148 3681 3662 3598 3640 3640 3608 32 4063 4062 4062 4062 4062 4062 4062
897 1683293522 3564 198 3680 3661 3597 3639 3639 3607 32 4063 4062 4062 4062 4062 4062 4062
898 1683293522 3564 188 3680 3661 3596 3639 3639 3606 32 4063 4062 4062 4062 4062 4062 4062
899 1683293523 3563 177 3679 3660 3596 3639 3638 3607 32 4063 4062 4062 4062 4062 4062 4062
900 1683293523 3564 178 3679 3660 3596 3638 3638 3606 32 4063 4063 4063 4063 4063 4063 4063
901 1683293523 3565 151 3678 3661 3597 3639 3639 3607 32 4063 4063 4063 4063 4063 4063 4063
902 1683293523 3565 179 3680 3661 3597 3639 3639 3607 32 4063 4062 4062 4062 4062 4062 4062
903 1683293523 3564 179 3680 3661 3597 3639 3639 3607 32 4063 4062 4062 4062 4062 4062 4062
904 1683293523 3564 163 3679 3661 3596 3639 3639 3607 32 4063 4063 4063 4063 4063 4063 4063
905 1683293523 3563 220 3678 3660 3596 3639 3639 3607 32 4061 4061 4061 4061 4061 4061 4061
906 1683293523 3563 144 3679 3661 3596 3639 3638 3606 32 4063 4063 4063 4063 4063 4063 4063
907 1683293523 3564 175 3680 3661 3596 3639 3639 3607 32 4063 4062 4062 4062 4062 4062 4062
908 1683293524 3564 185 3679 3661 3596 3639 3639 3606 32 4063 4062 4062 4062 4062 4062 4062
909 1683293524 3565 177 3680 3661 3597 3639 3639 3607 32 4063 4062 4062 4062 4062 4062 4062
910 1683293524 3565 173 3681 3662 3597 3640 3640 3608 32 4063 4062 4062 4062 4062 4062 4062
911 1683293524 3565 154 3680 3662 3597 3639 3640 3608 32 4063 4062 4062 4062 4062 4062 4062
912 1683293524 3564 153 3679 3660 3596 3639 3639 3607 32 4063 4062 4062 4062 4062 4062 4062
913 1683293524 3564 169 3680 3662 3597 3640 3641 3608 32 4063 4062 4062 4062 4062 4062 4062
914 1683293524 3564 181 3680 3661 3597 3639 3640 3608 32 4063 4062 4062 4062 4062 4062 4062
915 1683293524 3565 185 3680 3661 3596 3639 3638 3607 32 4063 4063 4063 4063 4063 4063 4063
916 1683293524 3564 192 3679 3662 3597 3639 3639 3607 32 4063 4062 4062 4062 4062 4062 4062
917 1683293524 3564 195 3680 3661 3597 3639 3639 3607 32 4063 4062 4062 4062 4062 4062 4062
918 1683293524 3565 174 3680 3662 3598 3639 3639 3607 32 4061 4061 4061 4061 4061 4061 4061
919 1683293525 3563 174 3679 3661 3596 3639 3638 3607 32 4063 4062 4062 4062 4062 4062 4062
920 1683293525 3565 172 3680 3661 3597 3640 3639 3607 32 4063 4062 4062 4062 4062 4062 4062
921 1683293525 3565 195 3680 3661 3597 3639 3639 3607 32 4063 4062 4062 4062 4062 4062 4062
922 1683293525 3564 178 3680 3661 3597 3639 3639 3607 32 4063 4063 4063 4063 4063 4063 4063
923 1683293525 3565 178 3680 3661 3597 3639 3638 3607 32 4063 4062 4062 4062 4062 4062 4062
924 1683293525 3564 177 3679 3660 3597 3639 3639 3606 32 4063 4062 4062 4062 4062 4062 4062
925 1683293526 3564 201 3679 3660 3596 3639 3639 3607 32 4063 4063 4063 4063 4063 4063 4063
926 1683293526 3565 176 3680 3662 3597 3640 3639 3608 32 4061 4061 4061 4061 4061 4061 4061
927 1683293526 3564 181 3680 3661 3596 3639 3638 3607 32 4063 4062 4062 4062 4062 4062 4062
928 1683293526 3564 183 3679 3661 3596 3639 3639 3607 32 4063 4063 4063 4063 4063 4063 4063
929 1683293526 3564 126 3679 3661 3596 3639 3639 3607 32 4063 4062 4062 4062 4062 4062 4062
930 1683293526 3565 158 3681 3662 3598 3641 3640 3608 32 4063 4062 4062 4062 4062 4062 4062
931 1683293526 3565 172 3680 3662 3597 3640 3639 3607 32 4063 4062 4062 4062 4062 4062 4062
932 1683293526 3565 180 3680 3662 3598 3639 3640 3607 32 4063 4062 4062 4062 4062 4062 4062
933 1683293527 3564 185 3678 3661 3597 3639 3639 3608 32 4063 4063 4063 4063 4063 4063 4063
934 1683293527 3565 180 3680 3661 3597 3639 3639 3607 32 4061 4061 4061 4061 4061 4061 4061
935 1683293527 3565 196 3680 3661 3597 3639 3639 3608 32 4063 4062 4062 4062 4062 4062 4062
936 1683293527 3563 179 3679 3660 3596 3638 3639 3607 32 4063 4062 4062 4062 4062 4062 4062
937 1683293527 3564 190 3680 3661 3597 3640 3639 3608 32 4061 4061 4061 4061 4061 4061 4061
938 1683293527 3565 198 3680 3661 3597 3640 3640 3608 32 4063 4062 4062 4062 4062 4062 4062
939 1683293527 3564 179 3680 3661 3596 3638 3639 3607 32 4063 4062 4062 4062 4062 4062 4062
940 1683293527 3563 188 3679 3661 3596 3639 3638 3607 32 4063 4063 4063 4063 4063 4063 4063
941 1683293527 3565 169 3680 3662 3598 3640 3641 3609 32 4061 4061 4061 4061 4061 4061 4061
942 1683293528 3565 195 3680 3662 3597 3640 3640 3607 32 4063 4062 4062 4062 4062 4062 4062
943 1683293528 3566 206 3682 3663 3598 3641 3640 3608 32 4063 4063 4063 4063 4063 4063 4063
944 1683293528 3564 186 3679 3661 3597 3640 3639 3607 32 4063 4062 4062 4062 4062 4062 4062
945 1683293528 3564 187 3680 3662 3597 3639 3639 3607 32 4063 4063 4063 4063 4063 4063 4063
946 1683293528 3564 185 3681 3662 3598 3640 3640 3608 32 4061 4061 4061 4061 4061 4061 4061
947 1683293528 3565 196 3680 3661 3597 3640 3639 3608 32 4063 4063 4063 4063 4063 4063 4063
948 1683293528 3564 193 3679 3661 3597 3639 3639 3608 32 4063 4062 4062 4062 4062 4062 4062
949 1683293528 3565 184 3680 3662 3597 3640 3640 3608 32 4063 4062 4062 4062 4062 4062 4062
950 1683293528 3564 199 3680 3661 3597 3639 3639 3607 32 4063 4062 4062 4062 4062 4062 4062
951 1683293528 3564 181 3680 3661 3597 3640 3639 3608 32 4063 4063 4063 4063 4063 4063 4063
952 1683293528 3565 191 3680 3662 3597 3640 3640 3608 32 4063 4062 4062 4062 4062 4062 4062
953 1683293528 3565 177 3680 3661 3597 3640 3639 3607 32 4063 4062 4062 4062 4062 4062 4062
954 1683293529 3565 182 3681 3662 3597 3640 3640 3607 32 4061 4061 4061 4061 4061 4061 4061
955 1683293529 3565 173 3680 3662 3597 3640 3640 3608 32 4063 4062 4062 4062 4062 4062 4062
956 1683293529 3563 176 3679 3660 3596 3638 3638 3606 32 4063 4062 4062 4062 4062 4062 4062
957 1683293529 3564 187 3679 3661 3596 3639 3638 3607 32 4061 4061 4061 4061 4061 4061 4061
958 1683293529 3564 187 3680 3661 3597 3640 3639 3608 32 4063 4062 4062 4062 4062 4062 4062
959 1683293529 3564 179 3680 3661 3596 3639 3639 3607 32 4061 4061 4061 4061 4061 4061 4061
960 1683293529 3566 165 3681 3662 3597 3640 3639 3608 32 4063 4062 4062 4062 4062 4062 4062
961 1683293530 3564 164 3680 3661 3596 3639 3639 3608 32 4063 4062 4062 4062 4062 4062 4062
962 1683293530 3565 166 3681 3662 3597 3639 3639 3608 32 4061 4061 4061 4061 4061 4061 4061
963 1683293530 3564 194 3680 3661 3597 3639 3639 3607 32 4063 4062 4062 4062 4062 4062 4062
964 1683293530 3566 198 3679 3663 3598 3640 3640 3608 32 4061 4061 4061 4061 4061 4061 4061
965 1683293530 3565 191 3678 3661 3597 3640 3639 3608 32 4061 4061 4061 4061 4061 4061 4061
966 1683293530 3565 176 3681 3662 3598 3640 3640 3608 32 4063 4062 4062 4062 4062 4062 4062
967 1683293530 3565 201 3680 3662 3598 3640 3640 3608 32 4063 4063 4063 4063 4063 4063 4063
968 1683293530 3564 182 3680 3661 3597 3639 3640 3608 32 4061 4061 4061 4061 4061 4061 4061
969 1683293530 3565 185 3680 3661 3597 3640 3639 3608 32 4063 4062 4062 4062 4062 4062 4062
970 1683293531 3564 198 3680 3661 3596 3639 3638 3607 32 4063 4062 4062 4062 4062 4062 4062
971 1683293531 3564 191 3680 3662 3597 3640 3640 3608 32 4063 4063 4063 4063 4063 4063 4063
972 1683293531 3565 178 3679 3662 3597 3640 3639 3608 32 4061 4061 4061 4061 4061 4061 4061
973 1683293531 3565 191 3680 3662 3597 3639 3639 3607 32 4063 4062 4062 4062 4062 4062 4062
974 1683293531 3565 187 3681 3662 3598 3640 3640 3608 32 4063 4062 4062 4062 4062 4062 4062
975 1683293531 3565 179 3680 3661 3597 3639 3639 3607 32 4063 4062 4062 4062 4062 4062 4062
976 1683293531 3565 190 3680 3662 3598 3639 3640 3608 32 4061 4061 4061 4061 4061 4061 4061
977 1683293531 3564 195 3680 3661 3597 3639 3639 3607 32 4063 4063 4063 4063 4063 4063 4063
978 1683293531 3565 210 3680 3661 3597 3639 3639 3607 32 4063 4062 4062 4062 4062 4062 4062
979 1683293531 3564 174 3680 3661 3597 3639 3639 3607 32 4061 4061 4061 4061 4061 4061 4061
980 1683293531 3564 173 3679 3661 3597 3640 3639 3608 32 4063 4063 4063 4063 4063 4063 4063
981 1683293531 3564 181 3680 3662 3598 3640 3640 3608 32 4063 4062 4062 4062 4062 4062 4062
982 1683293532 3564 184 3679 3661 3596 3639 3639 3607 32 4063 4063 4063 4063 4063 4063 4063
983 1683293532 3565 173 3680 3662 3597 3640 3640 3608 32 4063 4062 4062 4062 4062 4062 4062
984 1683293532 3564 190 3681 3662 3597 3640 3640 3608 32 4061 4061 4061 4061 4061 4061 4061
985 1683293532 3564 174 3680 3662 3597 3640 3639 3607 32 4063 4063 4063 4063 4063 4063 4063
986 1683293532 3565 202 3680 3661 3597 3639 3639 3607 32 4063 4062 4062 4062 4062 4062 4062
987 1683293532 3566 171 3681 3663 3599 3641 3640 3608 32 4063 4062 4062 4062 4062 4062 4062
988 1683293532 1984 172 3680 3662 3598 3640 3639 3607 32 4061 4061 4061 4061 4061 4061 4061
989 1683293532 3564 176 3680 3661 3597 3639 3639 3607 32 4061 4061 4061 4061 4061 4061 4061
990 1683293532 3565 190 3681 3662 3597 3640 3640 3608 32 4063 4062 4062 4062 4062 4062 4062
991 1683293532 3566 191 3681 3663 3598 3641 3640 3608 32 4061 4061 4061 4061 4061 4061 4061
992 1683293533 3564 201 3680 3662 3597 3639 3639 3607 32 4063 4063 4063 4063 4063 4063 4063
993 1683293533 3566 181 3681 3662 3598 3640 3640 3608 32 4063 4063 4063 4063 4063 4063 4063
994 1683293533 197 166 3681 3663 3598 3641 3641 3609 32 4063 4062 4062 4062 4062 4062 4062
995 1683293533 3564 189 3680 3661 3597 3639 3639 3607 32 4063 4062 4062 4062 4062 4062 4062
996 1683293533 3565 197 3679 3662 3597 3640 3639 3608 32 4061 4061 4061 4061 4061 4061 4061
997 1683293533 3565 172 3681 3662 3598 3640 3640 3609 32 4063 4062 4062 4062 4062 4062 4062
998 1683293533 3566 174 3681 3662 3598 3641 3640 3609 32 4063 4062 4062 4062 4062 4062 4062
999 1683293533 3566 173 3682 3663 3598 3641 3640 3608 32 4063 4063 4063 4063 4063 4063 4063
1000 1683293533 3566 176 3681 3663 3598 3642 3641 3609 32 4063 4062 4062 4062 4062 4062 4062
