1 1683221076 322 394 376 300 309 1606 3650 3620 62 4065 4065 4065 4065 4065 4065 4065
2 1683221081 338 383 354 364 349 1623 1686 1677 69 4065 4065 4065 4065 4065 4065 4065
3 1683221091 316 407 349 279 329 3648 3650 3619 4069 4067 4067 4067 4067 4067 4067 4067
4 1683221113 308 401 322 286 359 1575 1608 3618 58 4065 4065 4065 4065 4065 4065 4065
5 1683221119 334 362 306 354 382 1590 1630 1649 64 4065 4065 4065 4065 4065 4065 4065
6 1683221138 320 367 394 332 307 3647 3649 3617 67 4065 4065 4065 4065 4065 4065 4065
7 1683221171 342 382 339 342 373 1606 1673 1657 70 4067 4066 4066 4066 4066 4066 4066
8 1683221207 323 365 393 345 271 3646 3649 3617 60 4067 4066 4066 4066 4066 4066 4066
9 1683221254 340 369 342 380 329 1612 3650 3620 4067 4067 4066 4066 4066 4066 4066 4066
10 1683221302 326 339 308 354 388 1603 1655 1648 61 4067 4066 4066 4066 4066 4066 4066
11 1683221390 337 388 335 340 369 1602 1664 1644 66 4067 4066 4066 4066 4066 4066 4066
12 1683221456 339 381 360 353 362 1621 1681 1674 78 4065 4065 4065 4065 4065 4065 4065
13 1683221510 340 358 341 379 353 3648 1697 1682 4067 4067 4066 4066 4066 4066 4066 4066
14 1683221548 307 324 379 377 284 3647 3651 3619 61 4067 4066 4066 4066 4066 4066 4066
15 1683221590 319 374 291 319 386 1575 3650 3619 61 4067 4066 4066 4066 4066 4066 4066
16 1683221627 340 363 386 357 315 1644 1704 1718 65 4067 4066 4066 4066 4066 4066 4066
17 1683221649 345 387 363 342 355 3648 1682 3619 4065 4065 4065 4065 4065 4065 4065 4065
18 1683221655 334 323 334 381 361 3649 1668 3619 4067 4067 4066 4066 4066 4066 4066 4066
19 1683221670 328 348 382 358 358 1785 1849 3620 4067 4067 4066 4066 4066 4066 4066 4066
20 1683221679 278 402 336 355 308 3649 3652 3620 4065 4065 4064 4064 4064 4064 4064 4064
21 1683221722 349 363 358 368 358 3649 3652 3620 69 4065 4065 4065 4065 4065 4065 4065
22 1683221795 316 385 382 339 304 1636 3651 3620 4065 4065 4064 4064 4064 4064 4064 4064
23 1683221807 342 392 342 320 364 1626 3650 3620 69 4065 4065 4065 4065 4065 4065 4065
24 1683221814 325 377 368 372 319 3649 3652 3620 4065 4065 4065 4065 4065 4065 4065 4065
25 1683221831 323 397 372 294 311 1649 3650 3620 62 4065 4065 4065 4065 4065 4065 4065
26 1683221904 343 363 365 376 330 1635 1696 1674 69 4065 4065 4065 4065 4065 4065 4065
27 1683221912 328 401 328 316 357 1564 1635 1619 64 4065 4065 4065 4065 4065 4065 4065
28 1683221920 335 375 343 347 377 1600 1664 1638 4065 4065 4064 4064 4064 4064 4064 4064
29 1683221947 331 324 338 386 348 3648 3651 3619 4067 4067 4066 4066 4066 4066 4066 4066
30 1683222089 342 382 382 337 324 674 1694 1706 66 4065 4064 4064 4064 4064 4064 4064
31 1683222137 339 382 316 332 376 1581 1635 1617 68 4065 4065 4065 4065 4065 4065 4065
32 1683222164 345 349 353 378 353 1629 1697 3619 73 4065 4065 4065 4065 4065 4065 4065
33 1683222204 314 302 309 372 379 1602 1637 1633 59 4065 4065 4065 4065 4065 4065 4065
34 1683222267 335 391 375 327 310 3646 3649 3618 66 4065 4064 4064 4064 4064 4064 4064
35 1683222351 334 386 381 338 316 3648 1704 1698 92 4065 4064 4064 4064 4064 4064 4064
36 1683222381 338 371 385 352 329 1642 1703 1700 62 4064 4064 4064 4064 4064 4064 4064
37 1683222424 325 383 384 335 306 1783 1687 1674 59 4065 4065 4065 4065 4065 4065 4065
38 1683222433 344 377 362 351 366 3646 1712 3616 72 4065 4065 4065 4065 4065 4065 4065
39 1683222526 306 365 243 283 393 3648 1559 3617 4065 4065 4065 4065 4065 4065 4065 4065
40 1683222546 347 382 334 351 369 1625 1664 1658 69 4063 4063 4063 4063 4063 4063 4063
41 1683222620 345 346 326 363 378 3648 1659 1721 67 4065 4065 4065 4065 4065 4065 4065
42 1683222642 353 310 339 384 330 3646 3649 3617 4065 4065 4065 4065 4065 4065 4065 4065
43 1683222652 333 364 391 352 270 3646 1722 3616 65 4065 4065 4065 4065 4065 4065 4065
44 1683222656 335 385 312 323 378 1575 1635 1621 65 4065 4065 4065 4065 4065 4065 4065
45 1683222697 313 377 297 315 387 3646 3648 3617 4065 4065 4065 4065 4065 4065 4065 4065
46 1683222747 337 392 344 316 367 1612 3649 1660 75 4065 4064 4064 4064 4064 4064 4064
47 1683222834 362 297 327 381 288 1590 1641 1617 4065 4065 4064 4064 4064 4064 4064 4064
48 1683222846 345 390 374 324 327 3645 3648 3616 4065 4065 4064 4064 4064 4064 4064 4064
49 1683222888 338 345 349 384 349 1123 3647 3617 69 4065 4064 4064 4064 4064 4064 4064
50 1683222894 341 354 362 378 349 1631 1699 1699 66 4065 4064 4064 4064 4064 4064 4064
51 1683222918 340 358 361 369 365 1630 1686 3616 73 4065 4064 4064 4064 4064 4064 4064
52 1683223092 347 337 362 383 315 3646 1704 1682 4067 4065 4065 4065 4065 4065 4065 4065
53 1683223154 347 341 363 381 328 3646 3648 3617 67 4063 4063 4063 4063 4063 4063 4063
54 1683223206 356 392 347 340 340 3645 3648 3616 4065 4065 4064 4064 4064 4064 4064 4064
55 1683223367 328 323 301 380 368 1616 3646 3616 65 4065 4064 4064 4064 4064 4064 4064
56 1683223383 299 347 276 289 399 1537 1607 1582 55 4065 4064 4064 4064 4064 4064 4064
57 1683223407 291 359 402 292 248 1602 1663 1643 4065 4065 4064 4064 4064 4064 4064 4064
58 1683223421 342 376 331 354 375 1614 1661 1644 82 4065 4064 4064 4064 4064 4064 4064
59 1683223446 345 392 356 342 357 3646 1683 1665 4065 4065 4064 4064 4064 4064 4064 4064
60 1683223574 337 391 372 336 343 3645 3648 3616 4063 4063 4063 4063 4063 4063 4063 4063
61 1683223622 312 332 400 349 268 1630 1687 1699 4065 4065 4064 4064 4064 4064 4064 4064
62 1683223670 335 385 332 361 364 3646 3648 3617 4063 4063 4063 4063 4063 4063 4063 4063
63 1683223790 310 323 266 335 398 3646 3648 3616 4063 4063 4063 4063 4063 4063 4063 4063
64 1683223806 351 370 352 364 363 1632 1694 3617 77 4063 4063 4063 4063 4063 4063 4063
65 1683223843 339 395 363 339 346 1623 1684 1666 63 4065 4065 4065 4065 4065 4065 4065
66 1683223947 338 360 391 354 294 1646 3647 3617 65 4065 4065 4065 4065 4065 4065 4065
67 1683224035 341 369 374 369 336 1633 1709 3614 69 4065 4065 4065 4065 4065 4065 4065
68 1683224045 339 372 328 361 376 1601 1671 3615 4065 4065 4064 4064 4064 4064 4064 4064
69 1683224198 398 255 249 251 241 1504 1558 1539 43 4064 4064 4064 4064 4064 4064 4064
70 1683224209 340 365 386 356 340 3647 1720 1705 68 4065 4064 4064 4064 4064 4064 4064
71 1683224236 337 320 352 387 340 1646 1693 1666 65 4065 4064 4064 4064 4064 4064 4064
72 1683224257 321 362 308 357 385 1583 1672 1631 4065 4065 4064 4064 4064 4064 4064 4064
73 1683224316 188 190 414 187 137 3644 3647 3616 35 4065 4064 4064 4064 4064 4064 4064
74 1683224367 270 253 313 331 400 3645 3647 3616 61 4065 4064 4064 4064 4064 4064 4064
75 1683224378 348 407 253 280 300 3644 3647 3615 4065 4065 4064 4064 4064 4064 4064 4064
76 1683224418 337 349 401 316 270 3645 3648 3616 4065 4065 4064 4064 4064 4064 4064 4064
77 1683224545 345 395 362 335 346 741 1674 1653 66 4065 4064 4064 4064 4064 4064 4064
78 1683224596 345 381 370 352 343 1629 1692 1678 68 4065 4064 4064 4064 4064 4064 4064
79 1683224671 332 329 340 380 362 3643 3646 3614 68 4065 4064 4064 4064 4064 4064 4064
80 1683224699 348 319 329 382 352 1577 1645 1633 66 4065 4064 4064 4064 4064 4064 4064
81 1683224704 337 341 377 374 296 3643 3646 3614 4063 4063 4063 4063 4063 4063 4063 4063
82 1683224722 341 377 325 337 376 1591 1656 1643 4063 4063 4063 4063 4063 4063 4063 4063
83 1683224763 317 362 398 314 255 639 1734 1657 65 4065 4064 4064 4064 4064 4064 4064
84 1683224764 319 370 385 355 331 1643 1692 3614 62 4065 4064 4064 4064 4064 4064 4064
85 1683224764 366 378 284 303 361 1553 3646 1605 4065 4063 4063 4063 4063 4063 4063 4063
86 1683224773 334 386 349 348 364 3644 3646 1645 4063 4063 4063 4063 4063 4063 4063 4063
87 1683224776 351 345 371 366 348 3644 3647 1676 96 4065 4064 4064 4064 4064 4064 4064
88 1683224852 353 367 375 353 332 1637 1704 1699 67 4065 4064 4064 4064 4064 4064 4064
89 1683224860 336 362 301 329 387 3642 3644 3612 4063 4063 4063 4063 4063 4063 4063 4063
90 1683224890 230 347 396 351 250 3645 1548 1530 4063 4063 4063 4063 4063 4063 4063 4063
91 1683224979 338 375 299 334 381 1585 1639 1626 4063 4063 4063 4063 4063 4063 4063 4063
92 1683225002 329 336 325 381 361 3644 3646 1669 67 4063 4063 4063 4063 4063 4063 4063
93 1683225031 347 356 345 360 373 3644 1681 1690 69 4065 4064 4064 4064 4064 4064 4064
94 1683225042 372 349 373 333 297 3642 3645 3613 63 4065 4064 4064 4064 4064 4064 4064
95 1683225049 303 310 363 384 344 1631 3646 1644 52 4063 4063 4063 4063 4063 4063 4063
96 1683225105 360 373 374 341 316 1618 1671 1656 4063 4063 4063 4063 4063 4063 4063 4063
97 1683225106 332 402 359 284 309 3643 3646 1669 69 4063 4063 4063 4063 4063 4063 4063
98 1683225127 314 326 291 336 394 3643 3645 3613 57 4063 4063 4063 4063 4063 4063 4063
99 1683225151 333 350 383 364 339 1640 1700 1729 62 4063 4063 4063 4063 4063 4063 4063
100 1683225191 316 406 338 285 340 1594 1648 3613 102 4065 4064 4064 4064 4064 4064 4064
101 1683225226 331 401 337 329 349 3642 1681 3612 4063 4063 4063 4063 4063 4063 4063 4063
102 1683225237 192 144 413 164 198 3643 3646 3614 68 4063 4063 4063 4063 4063 4063 4063
103 1683225262 334 307 316 385 355 1613 3644 3614 63 4063 4063 4063 4063 4063 4063 4063
104 1683225303 321 397 319 307 366 3644 3646 1690 69 4063 4063 4063 4063 4063 4063 4063
105 1683225353 330 400 351 310 346 1614 1654 3613 67 4063 4063 4063 4063 4063 4063 4063
106 1683225439 333 387 325 327 372 750 1647 1630 65 4063 4063 4063 4063 4063 4063 4063
107 1683225478 333 400 357 318 337 3644 1691 1673 4065 4065 4064 4064 4064 4064 4064 4064
108 1683225505 323 346 397 341 303 1625 1676 1686 64 4065 4064 4064 4064 4064 4064 4064
109 1683225516 320 401 367 261 299 3642 3645 3613 59 4065 4064 4064 4064 4064 4064 4064
110 1683225540 325 308 341 391 331 1623 1656 1655 61 4063 4063 4063 4063 4063 4063 4063
111 1683225632 361 377 373 323 310 1644 1698 1665 83 4065 4064 4064 4064 4064 4064 4064
112 1683225682 338 391 361 354 327 3642 3645 3613 4065 4065 4064 4064 4064 4064 4064 4064
113 1683225687 309 297 322 396 311 3643 1667 3612 61 4065 4064 4064 4064 4064 4064 4064
114 1683225732 329 379 373 321 364 3641 3644 3612 57 4063 4063 4063 4063 4063 4063 4063
115 1683225784 332 356 386 363 310 1644 1700 1694 65 4063 4063 4063 4063 4063 4063 4063
116 1683225805 295 290 277 337 396 3641 3645 3613 64 4065 4064 4064 4064 4064 4064 4064
117 1683225827 345 362 332 334 383 3643 1633 3613 63 4063 4063 4063 4063 4063 4063 4063
118 1683225900 345 367 336 362 372 3643 1681 1681 68 4065 4064 4064 4064 4064 4064 4064
119 1683225924 332 337 394 354 286 3644 1728 1736 65 4063 4063 4063 4063 4063 4063 4063
120 1683225955 348 349 351 374 357 1621 3645 3615 4065 4065 4064 4064 4064 4064 4064 4064
121 1683225994 333 392 373 314 316 1615 1673 1655 65 4063 4063 4063 4063 4063 4063 4063
122 1683226014 329 358 313 344 387 1659 3647 1717 69 4063 4063 4063 4063 4063 4063 4063
123 1683226019 338 384 372 353 333 3642 3646 3614 4065 4065 4064 4064 4064 4064 4064 4064
124 1683226080 339 372 346 379 329 3642 3645 3613 66 4065 4064 4064 4064 4064 4064 4064
125 1683226103 346 371 351 333 378 3642 3644 3613 68 4065 4064 4064 4064 4064 4064 4064
126 1683226192 334 377 384 334 335 1637 1735 3614 67 4065 4064 4064 4064 4064 4064 4064
127 1683226204 285 413 336 242 263 3643 3646 3614 4065 4065 4064 4064 4064 4064 4064 4064
128 1683226205 317 311 369 384 298 1616 1678 1650 69 4065 4064 4064 4064 4064 4064 4064
129 1683226208 322 407 341 301 331 3643 3645 3614 60 4063 4063 4063 4063 4063 4063 4063
130 1683226281 344 358 348 359 374 1626 1681 1656 4065 4065 4064 4064 4064 4064 4064 4064
131 1683226313 362 344 321 324 378 3643 3646 3614 4065 4065 4064 4064 4064 4064 4064 4064
132 1683226395 328 408 334 288 329 3641 3645 3613 4065 4065 4064 4064 4064 4064 4064 4064
133 1683226447 335 370 367 371 341 3645 1694 1674 4065 4065 4064 4064 4064 4064 4064 4064
134 1683226468 333 342 312 363 380 1612 3645 3615 66 4065 4064 4064 4064 4064 4064 4064
135 1683226469 283 412 273 274 335 3644 3647 3616 4065 4065 4064 4064 4064 4064 4064 4064
136 1683226528 335 404 348 316 315 3643 1711 3613 4065 4065 4064 4064 4064 4064 4064 4064
137 1683226571 335 396 361 332 344 1606 1672 1680 65 4065 4064 4064 4064 4064 4064 4064
138 1683226761 330 319 368 382 310 751 1701 1674 64 4065 4064 4064 4064 4064 4064 4064
139 1683226781 292 345 247 312 397 3642 1622 3612 57 4065 4064 4064 4064 4064 4064 4064
140 1683226789 327 336 354 388 323 3645 3647 1674 4065 4065 4064 4064 4064 4064 4064 4064
141 1683226792 324 375 383 356 294 1654 3645 3614 66 4065 4064 4064 4064 4064 4064 4064
142 1683226817 336 342 379 373 309 1633 1702 1705 70 4065 4064 4064 4064 4064 4064 4064
143 1683226828 322 311 326 384 361 1600 1656 1655 61 4065 4064 4064 4064 4064 4064 4064
144 1683226955 319 379 262 307 383 3641 3645 3613 4063 4063 4063 4063 4063 4063 4063 4063
145 1683226977 329 379 389 320 280 3643 3646 1691 62 4063 4063 4063 4063 4063 4063 4063
146 1683227031 304 370 396 304 265 1627 1673 1647 56 4063 4063 4063 4063 4063 4063 4063
147 1683227056 320 401 367 294 303 1601 1659 3614 62 4063 4063 4063 4063 4063 4063 4063
148 1683227087 347 330 377 369 325 1665 3645 3614 4063 4063 4063 4063 4063 4063 4063 4063
149 1683227173 316 361 393 348 293 3642 3645 3613 4063 4063 4063 4063 4063 4063 4063 4063
150 1683227195 314 407 350 292 319 3643 3646 3614 68 4063 4063 4063 4063 4063 4063 4063
151 1683227255 334 347 388 361 303 3645 1704 1706 66 4063 4063 4063 4063 4063 4063 4063
152 1683227260 333 386 371 356 326 3643 3645 3613 4063 4063 4062 4062 4062 4062 4062 4062
153 1683227306 331 389 334 328 371 1570 1636 1627 4065 4065 4064 4064 4064 4064 4064 4064
154 1683227308 378 364 343 324 335 3643 3646 3614 70 4063 4063 4063 4063 4063 4063 4063
155 1683227318 348 375 363 367 338 1630 1686 1696 71 4065 4064 4064 4064 4064 4064 4064
156 1683227334 330 318 367 383 307 1625 1691 1697 63 4065 4064 4064 4064 4064 4064 4064
157 1683227344 334 347 314 343 389 3644 3647 1627 4065 4065 4064 4064 4064 4064 4064 4064
158 1683227399 343 380 366 340 364 3643 3646 3614 79 4065 4064 4064 4064 4064 4064 4064
159 1683227406 353 354 384 355 315 1648 3645 3614 4065 4065 4064 4064 4064 4064 4064 4064
160 1683227447 342 373 385 342 303 3642 2177 3612 71 4065 4064 4064 4064 4064 4064 4064
161 1683227456 341 369 384 356 318 1663 3646 1689 66 4065 4064 4064 4064 4064 4064 4064
162 1683227469 363 284 335 377 319 3642 3645 3613 4065 4065 4064 4064 4064 4064 4064 4064
163 1683227540 330 350 384 366 317 1657 3645 3614 64 4065 4064 4064 4064 4064 4064 4064
164 1683227554 295 276 317 297 401 3641 3645 3613 49 4065 4064 4064 4064 4064 4064 4064
165 1683227598 338 382 338 339 375 3643 1703 3613 4063 4063 4063 4063 4063 4063 4063 4063
166 1683227624 331 386 329 348 371 3642 3644 3613 67 4065 4064 4064 4064 4064 4064 4064
167 1683227647 344 379 315 316 379 1731 3645 3614 70 4065 4064 4064 4064 4064 4064 4064
168 1683227657 345 381 343 344 372 3643 3645 3613 72 4065 4064 4064 4064 4064 4064 4064
169 1683227787 326 376 324 359 374 3644 3647 1649 69 4065 4064 4064 4064 4064 4064 4064
170 1683227798 319 349 283 344 391 1564 1637 1654 59 4065 4064 4064 4064 4064 4064 4064
171 1683227830 343 376 365 364 346 1651 1695 1674 71 4063 4063 4063 4063 4063 4063 4063
172 1683227871 341 390 345 344 361 789 1667 1655 67 4063 4063 4063 4063 4063 4063 4063
173 1683227955 336 376 380 357 320 3645 1693 1677 66 4063 4063 4063 4063 4063 4063 4063
174 1683227984 324 365 278 321 390 1567 1616 1603 67 4063 4063 4063 4063 4063 4063 4063
175 1683227987 329 364 379 366 332 1647 3646 1746 67 4065 4064 4064 4064 4064 4064 4064
176 1683228009 341 372 358 365 360 1631 1685 1695 70 4065 4064 4064 4064 4064 4064 4064
177 1683228037 341 383 343 365 354 1661 1691 1873 4063 4063 4063 4063 4063 4063 4063 4063
178 1683228058 339 384 363 346 361 1613 1666 1693 70 4063 4063 4063 4063 4063 4063 4063
179 1683228136 339 330 338 380 361 678 3642 3613 67 4063 4063 4063 4063 4063 4063 4063
180 1683228164 362 389 354 320 303 1617 1674 3612 67 4063 4063 4063 4063 4063 4063 4063
181 1683228202 346 367 335 364 370 1618 1673 1671 67 4065 4064 4064 4064 4064 4064 4064
182 1683228206 320 334 350 389 338 3642 3645 3613 66 4063 4063 4063 4063 4063 4063 4063
183 1683228334 343 356 336 375 364 1624 1680 1666 69 4065 4064 4064 4064 4064 4064 4064
184 1683228379 321 289 336 395 305 675 1678 1663 61 4065 4064 4064 4064 4064 4064 4064
185 1683228473 347 389 341 348 359 1621 1671 3614 70 4063 4063 4063 4063 4063 4063 4063
186 1683228500 334 402 354 307 336 1608 1676 1646 67 4063 4063 4063 4063 4063 4063 4063
187 1683228506 327 390 374 342 328 686 1684 3612 62 4063 4063 4063 4063 4063 4063 4063
188 1683228534 325 354 394 351 307 3643 1680 3612 59 4063 4063 4063 4063 4063 4063 4063
189 1683228536 306 397 306 266 368 1531 3643 3613 4063 4063 4063 4063 4063 4063 4063 4063
190 1683228561 351 361 340 378 345 3645 1719 1688 73 4063 4063 4063 4063 4063 4063 4063
191 1683228585 334 389 333 360 355 1627 3645 3614 4065 4063 4063 4063 4063 4063 4063 4063
192 1683228627 345 348 337 376 362 1625 1682 1664 68 4063 4063 4063 4063 4063 4063 4063
193 1683228639 339 357 377 368 347 3644 1738 1685 4063 4063 4063 4063 4063 4063 4063 4063
194 1683228695 326 301 333 392 338 1623 1679 3614 70 4063 4063 4063 4063 4063 4063 4063
195 1683228726 345 351 344 369 372 3644 1684 1662 4063 4063 4063 4063 4063 4063 4063 4063
196 1683228760 328 390 380 303 311 1613 1674 1678 65 4063 4063 4063 4063 4063 4063 4063
197 1683228764 313 283 368 387 301 3643 3646 1703 4063 4063 4063 4063 4063 4063 4063 4063
198 1683228842 335 343 305 351 388 1567 1632 3613 4063 4063 4063 4063 4063 4063 4063 4063
199 1683228844 332 346 366 352 379 3645 1671 1688 64 4063 4063 4063 4063 4063 4063 4063
200 1683228850 327 380 386 334 315 3643 3646 3614 4063 4063 4063 4063 4063 4063 4063 4063
201 1683228942 339 391 371 340 336 1614 1675 1652 68 4063 4063 4063 4063 4063 4063 4063
202 1683228980 310 394 371 345 274 1623 3646 1675 59 4063 4063 4063 4063 4063 4063 4063
203 1683228988 344 369 354 363 366 1642 1691 1667 4063 4063 4063 4063 4063 4063 4063 4063
204 1683228999 338 362 346 359 377 3645 1686 1666 4063 4063 4063 4063 4063 4063 4063 4063
205 1683229004 330 407 344 305 330 3643 3645 3614 62 4063 4063 4063 4063 4063 4063 4063
206 1683229099 336 363 387 357 314 1662 1728 3613 4065 4063 4063 4063 4063 4063 4063 4063
207 1683229109 334 301 343 391 325 1635 1692 3614 65 4063 4063 4063 4063 4063 4063 4063
208 1683229115 338 360 327 361 378 3644 3646 3614 73 4063 4063 4063 4063 4063 4063 4063
209 1683229180 329 381 386 335 296 1615 1674 1651 63 4063 4063 4063 4063 4063 4063 4063
210 1683229256 308 315 272 394 343 3643 3647 3615 4063 4063 4063 4063 4063 4063 4063 4063
211 1683229350 329 325 345 387 346 1635 1691 1654 62 4063 4063 4063 4063 4063 4063 4063
212 1683229409 345 381 346 349 368 1622 1681 1662 69 4063 4063 4063 4063 4063 4063 4063
213 1683229488 299 354 400 334 246 3643 3645 3613 60 4063 4063 4063 4063 4063 4063 4063
214 1683229499 306 407 324 273 349 1585 1611 1624 62 4063 4063 4063 4063 4063 4063 4063
215 1683229539 329 400 342 301 355 1598 1673 1642 64 4063 4063 4063 4063 4063 4063 4063
216 1683229591 329 357 334 349 386 3643 3646 3614 4065 4065 4064 4064 4064 4064 4064 4064
217 1683229596 301 316 405 328 239 3643 1673 3614 56 4065 4064 4064 4064 4064 4064 4064
218 1683229621 364 384 364 301 331 3643 3646 3614 4063 4063 4062 4062 4062 4062 4062 4062
219 1683229627 340 371 378 360 335 1700 3644 3614 4063 4063 4062 4062 4062 4062 4062 4062
220 1683229633 342 359 386 357 328 1727 3647 1690 74 4065 4064 4064 4064 4064 4064 4064
221 1683229732 347 383 345 357 361 1606 1675 1656 73 4065 4064 4064 4064 4064 4064 4064
222 1683229810 359 371 336 363 358 1599 1662 1634 69 4063 4062 4062 4062 4062 4062 4062
223 1683229852 350 394 347 335 348 1608 3645 1655 4065 4063 4063 4063 4063 4063 4063 4063
224 1683229876 332 387 358 337 366 1584 1646 1634 4065 4065 4064 4064 4064 4064 4064 4064
225 1683229912 338 348 325 374 371 3643 1683 3613 65 4063 4063 4063 4063 4063 4063 4063
226 1683229926 306 399 347 304 360 1552 1620 3613 63 4065 4064 4064 4064 4064 4064 4064
227 1683229952 353 343 298 370 370 3644 1690 1633 63 4065 4064 4064 4064 4064 4064 4064
228 1683229981 336 332 365 381 340 1652 3644 3614 4065 4063 4063 4063 4063 4063 4063 4063
229 1683229996 348 298 385 358 348 3642 3645 3613 4063 4063 4063 4063 4063 4063 4063 4063
230 1683230017 341 362 350 370 367 1620 1702 1667 66 4065 4064 4064 4064 4064 4064 4064
231 1683230214 338 385 350 358 362 1615 1674 1654 65 4065 4064 4064 4064 4064 4064 4064
232 1683230284 225 265 303 225 405 3643 3645 3614 4063 4063 4063 4063 4063 4063 4063 4063
233 1683230384 323 358 311 384 357 3643 3645 3613 4063 4063 4063 4063 4063 4063 4063 4063
234 1683230411 300 326 333 397 282 1621 3645 3615 4063 4063 4063 4063 4063 4063 4063 4063
235 1683230469 338 371 371 371 335 3644 1709 3614 4063 4063 4063 4063 4063 4063 4063 4063
236 1683230539 344 376 383 331 345 3643 3646 3614 4065 4063 4063 4063 4063 4063 4063 4063
237 1683230568 334 307 340 391 329 1620 1681 1660 64 4063 4063 4063 4063 4063 4063 4063
238 1683230659 308 327 278 343 394 3643 3645 1632 4063 4063 4062 4062 4062 4062 4062 4062
239 1683230707 352 331 291 388 286 3642 3645 3614 4065 4063 4063 4063 4063 4063 4063 4063
240 1683230707 328 394 354 357 337 3643 3646 3615 4063 4063 4063 4063 4063 4063 4063 4063
241 1683230711 272 413 338 230 311 3644 3648 1529 4065 4065 4065 4065 4065 4065 4065 4065
242 1683230768 241 257 273 286 405 1516 1562 1582 4063 4063 4063 4063 4063 4063 4063 4063
243 1683230773 352 364 381 355 333 3642 1704 3612 4063 4063 4062 4062 4062 4062 4062 4062
244 1683230782 338 353 387 344 357 3642 3645 3614 4063 4063 4062 4062 4062 4062 4062 4062
245 1683230858 291 261 254 308 403 3644 3647 1550 4065 4063 4063 4063 4063 4063 4063 4063
246 1683230880 344 404 340 296 313 3644 3647 1648 4063 4063 4062 4062 4062 4062 4062 4062
247 1683230898 325 297 397 353 313 3643 1747 3613 4063 4063 4062 4062 4062 4062 4062 4062
248 1683230928 333 354 338 372 373 3643 3645 3615 4063 4063 4063 4063 4063 4063 4063 4063
249 1683230958 323 396 361 314 356 1596 3646 3615 4063 4063 4062 4062 4062 4062 4062 4062
250 1683231009 324 365 305 331 391 1586 3646 1622 4063 4063 4062 4062 4062 4062 4062 4062
251 1683231026 330 370 319 334 387 1594 1653 1635 4065 4063 4063 4063 4063 4063 4063 4063
252 1683231045 339 386 355 338 370 3643 3645 3614 4065 4065 4065 4065 4065 4065 4065 4065
253 1683231072 391 332 248 277 333 1503 3646 3616 4063 4063 4062 4062 4062 4062 4062 4062
254 1683231156 339 335 339 384 354 1622 1713 1680 65 4063 4063 4063 4063 4063 4063 4063
255 1683231172 343 381 331 353 370 1605 3645 3614 4065 4065 4064 4064 4064 4064 4064 4064
256 1683231230 346 378 346 364 361 1624 1729 3613 67 4063 4063 4063 4063 4063 4063 4063
257 1683231262 347 371 348 367 363 3643 3646 3614 70 4063 4063 4063 4063 4063 4063 4063
258 1683231364 336 360 391 354 305 1634 1696 3614 66 4063 4063 4063 4063 4063 4063 4063
259 1683231367 322 345 273 357 388 3642 3644 3613 4063 4063 4063 4063 4063 4063 4063 4063
260 1683231441 223 255 414 212 222 1596 1661 3614 4063 4063 4062 4062 4062 4062 4062 4062
261 1683231459 313 410 338 279 324 1578 1633 1637 61 4063 4063 4063 4063 4063 4063 4063
262 1683231500 338 369 339 359 376 1617 1664 1659 69 4063 4063 4063 4063 4063 4063 4063
263 1683231540 338 350 354 384 345 3641 3643 3612 4063 4063 4062 4062 4062 4062 4062 4062
264 1683231544 340 352 337 376 366 1634 1680 3614 62 4063 4062 4062 4062 4062 4062 4062
265 1683231585 337 384 300 329 378 3643 3646 3614 4063 4063 4062 4062 4062 4062 4062 4062
266 1683231588 332 397 371 316 315 3642 3644 3612 4065 4065 4064 4064 4064 4064 4064 4064
267 1683231606 350 391 374 303 312 1610 1671 1684 66 4063 4062 4062 4062 4062 4062 4062
268 1683231633 320 309 299 386 362 1585 1638 1619 62 4063 4062 4062 4062 4062 4062 4062
269 1683231723 297 413 300 237 332 1529 1624 1576 57 4063 4062 4062 4062 4062 4062 4062
270 1683231804 317 357 326 341 391 1642 1701 1655 65 4065 4064 4064 4064 4064 4064 4064
271 1683231906 329 382 305 319 382 1570 1624 1608 67 4065 4064 4064 4064 4064 4064 4064
272 1683231920 341 324 309 373 374 1600 3645 3614 63 4065 4064 4064 4064 4064 4064 4064
273 1683231999 338 396 346 335 357 3644 1676 1682 69 4065 4064 4064 4064 4064 4064 4064
274 1683232013 355 340 331 373 362 3642 3645 3613 4063 4063 4063 4063 4063 4063 4063 4063
275 1683232102 331 391 373 336 339 1650 1697 1706 69 4063 4063 4063 4063 4063 4063 4063
276 1683232184 330 356 397 342 285 3641 3646 3614 62 4065 4064 4064 4064 4064 4064 4064
277 1683232195 340 307 375 379 293 1637 3645 3614 4063 4063 4063 4063 4063 4063 4063 4063
278 1683232211 339 387 376 338 342 1632 1693 1734 67 4063 4063 4063 4063 4063 4063 4063
279 1683232218 326 382 304 346 378 3642 3646 3614 64 4065 4064 4064 4064 4064 4064 4064
280 1683232328 295 414 300 285 324 3643 1632 3613 58 4063 4063 4063 4063 4063 4063 4063
281 1683232334 328 332 360 388 308 3643 1686 3613 63 4063 4063 4063 4063 4063 4063 4063
282 1683232342 343 356 318 352 385 3644 3647 1633 4063 4063 4063 4063 4063 4063 4063 4063
283 1683232381 323 330 329 372 377 3644 1733 3613 59 4063 4063 4063 4063 4063 4063 4063
284 1683232406 332 377 388 344 304 1622 1678 1657 64 4063 4063 4063 4063 4063 4063 4063
285 1683232416 336 341 366 381 345 3644 3646 3614 67 4065 4064 4064 4064 4064 4064 4064
286 1683232464 335 321 350 389 332 1647 1686 3613 64 4065 4064 4064 4064 4064 4064 4064
287 1683232580 332 380 350 333 379 3642 3645 3614 4065 4063 4063 4063 4063 4063 4063 4063
288 1683232591 331 381 389 322 291 3642 3645 3613 61 4063 4063 4063 4063 4063 4063 4063
289 1683232609 285 265 281 355 393 3642 1636 3612 51 4063 4063 4063 4063 4063 4063 4063
290 1683232704 323 398 165 367 85 3643 1819 1833 88 4063 4063 4063 4063 4063 4063 4063
291 1683232710 315 380 390 311 318 1607 1662 1653 59 4063 4063 4063 4063 4063 4063 4063
292 1683232735 343 386 334 349 369 1651 3645 1685 67 4063 4063 4063 4063 4063 4063 4063
293 1683232780 320 350 276 346 391 1550 1618 1608 61 4063 4063 4063 4063 4063 4063 4063
294 1683232798 331 393 375 320 326 3643 1716 3613 67 4063 4063 4063 4063 4063 4063 4063
295 1683232863 329 332 364 387 312 3642 3645 3613 4065 4063 4063 4063 4063 4063 4063 4063
296 1683232913 349 361 368 374 329 3645 3647 1747 68 4063 4063 4063 4063 4063 4063 4063
297 1683232921 347 383 359 363 347 3642 3645 3614 72 4063 4063 4063 4063 4063 4063 4063
298 1683232946 312 394 291 342 370 3644 3646 1650 4063 4063 4063 4063 4063 4063 4063 4063
299 1683232953 346 355 358 377 354 1630 1688 1671 70 4063 4063 4063 4063 4063 4063 4063
300 1683232954 311 409 335 279 340 1597 1727 3613 59 4063 4063 4063 4063 4063 4063 4063
301 1683232961 288 290 399 354 249 1624 1685 1708 56 4063 4063 4063 4063 4063 4063 4063
302 1683233098 344 375 389 329 291 3644 3647 3616 4063 4063 4063 4063 4063 4063 4063 4063
303 1683233108 335 397 360 347 331 1639 3645 1690 4063 4063 4063 4063 4063 4063 4063 4063
304 1683233181 337 389 348 339 369 3643 3646 3614 66 4063 4063 4063 4063 4063 4063 4063
305 1683233219 339 392 359 348 356 3646 1709 1667 68 4063 4063 4063 4063 4063 4063 4063
306 1683233337 350 356 362 355 372 3643 3646 3614 65 4063 4063 4063 4063 4063 4063 4063
307 1683233362 332 400 318 290 362 1594 3645 3615 67 4063 4063 4063 4063 4063 4063 4063
308 1683233461 327 347 337 385 355 1631 1676 3613 65 4063 4063 4063 4063 4063 4063 4063
309 1683233478 326 303 316 386 361 1599 1660 1652 65 4063 4063 4063 4063 4063 4063 4063
310 1683233599 358 393 338 342 333 3643 3645 3614 4063 4063 4063 4063 4063 4063 4063 4063
311 1683233615 317 393 335 304 373 1575 1621 1603 4062 4063 4062 4062 4062 4062 4062 4062
312 1683233672 352 337 346 383 344 3642 3645 3614 61 4063 4063 4063 4063 4063 4063 4063
313 1683233793 323 406 355 296 325 1600 1684 1680 62 4063 4063 4063 4063 4063 4063 4063
314 1683233858 354 374 357 354 365 3643 3645 3614 68 4063 4062 4062 4062 4062 4062 4062
315 1683233980 331 355 386 367 299 1638 1695 1686 66 4065 4064 4064 4064 4064 4064 4064
316 1683233996 341 341 391 360 307 1647 3643 3613 63 4063 4063 4063 4063 4063 4063 4063
317 1683234084 297 255 307 400 322 1579 1632 1642 4063 4063 4063 4063 4063 4063 4063 4063
318 1683234091 328 383 316 320 381 1590 1643 3614 66 4063 4063 4063 4063 4063 4063 4063
319 1683234115 343 382 340 358 368 2001 1663 1654 4063 4063 4063 4063 4063 4063 4063 4063
320 1683234205 321 404 338 307 354 3642 3645 3613 4065 4063 4063 4063 4063 4063 4063 4063
321 1683234260 342 357 323 367 376 1620 1666 3612 66 4065 4064 4064 4064 4064 4064 4064
322 1683234352 330 328 307 375 375 1582 1645 1669 64 4063 4063 4063 4063 4063 4063 4063
323 1683234354 353 341 352 368 369 3642 3644 3613 4063 4063 4063 4063 4063 4063 4063 4063
324 1683234378 357 342 299 299 388 3643 3646 3614 85 4065 4064 4064 4064 4064 4064 4064
325 1683234428 350 352 370 369 355 1620 1696 1684 66 4063 4063 4063 4063 4063 4063 4063
326 1683234466 358 340 364 369 352 1661 1735 3614 66 4065 4064 4064 4064 4064 4064 4064
327 1683234484 301 393 269 292 375 1520 1582 1564 65 4065 4064 4064 4064 4064 4064 4064
328 1683234546 326 384 321 337 378 1587 1651 1638 4063 4063 4063 4063 4063 4063 4063 4063
329 1683234549 332 372 342 331 385 1612 1675 3614 63 4063 4063 4063 4063 4063 4063 4063
330 1683234559 351 348 370 367 360 3643 1692 3613 69 4063 4063 4063 4063 4063 4063 4063
331 1683234643 299 396 380 282 275 1599 1655 1633 4063 4063 4063 4063 4063 4063 4063 4063
332 1683234814 393 342 238 272 254 3643 3646 3614 219 4065 4064 4064 4064 4064 4064 4064
333 1683234821 289 339 312 398 312 3644 3647 3615 4063 4063 4063 4063 4063 4063 4063 4063
334 1683234931 343 385 347 366 340 1614 1668 1647 4063 4063 4063 4063 4063 4063 4063 4063
335 1683234934 354 354 337 375 347 1627 1672 1667 75 4063 4063 4063 4063 4063 4063 4063
336 1683234942 327 398 369 301 290 3642 3645 1675 79 4065 4064 4064 4064 4064 4064 4064
337 1683235030 376 362 341 348 297 1627 1661 1637 104 4065 4064 4064 4064 4064 4064 4064
338 1683235038 337 359 385 359 310 671 1691 1684 65 4063 4063 4063 4063 4063 4063 4063
339 1683235055 352 357 371 368 332 1648 3645 1691 65 4063 4063 4063 4063 4063 4063 4063
340 1683235104 332 372 376 363 338 1656 1739 3612 65 4065 4064 4064 4064 4064 4064 4064
341 1683235119 335 330 354 386 325 3640 3644 3612 4063 4063 4063 4063 4063 4063 4063 4063
342 1683235162 337 382 332 356 367 3639 3643 3612 64 4063 4063 4063 4063 4063 4063 4063
343 1683235191 323 316 362 386 319 3644 1705 1691 4065 4063 4063 4063 4063 4063 4063 4063
344 1683235243 338 363 370 371 339 1639 1692 1672 68 4063 4063 4063 4063 4063 4063 4063
345 1683235300 340 397 360 307 339 1630 1704 3612 65 4063 4063 4063 4063 4063 4063 4063
346 1683235378 330 393 360 294 360 3641 3644 3612 62 4065 4064 4064 4064 4064 4064 4064
347 1683235392 328 365 386 357 328 1632 1696 1675 4063 4063 4063 4063 4063 4063 4063 4063
348 1683235432 332 302 346 384 351 1617 3644 3613 64 4065 4064 4064 4064 4064 4064 4064
349 1683235504 338 382 318 341 374 726 3642 3612 65 4065 4064 4064 4064 4064 4064 4064
350 1683235613 337 354 311 356 382 3641 3644 3611 66 4063 4063 4063 4063 4063 4063 4063
351 1683235648 339 386 321 331 372 3643 1647 1650 67 4063 4063 4063 4063 4063 4063 4063
352 1683235657 313 378 266 288 385 3641 3644 3612 4063 4063 4063 4063 4063 4063 4063 4063
353 1683235683 388 320 338 319 255 1619 1653 3612 62 4063 4063 4063 4063 4063 4063 4063
354 1683235697 339 374 378 358 318 1621 1684 1681 4063 4063 4063 4063 4063 4063 4063 4063
355 1683235756 327 351 386 354 352 3642 3645 3613 4063 4063 4063 4063 4063 4063 4063 4063
356 1683235828 339 353 337 374 367 3641 3643 3612 67 4065 4064 4064 4064 4064 4064 4064
357 1683235895 348 369 376 360 323 3640 3644 3612 4063 4063 4063 4063 4063 4063 4063 4063
358 1683235907 330 328 382 372 300 1686 1704 1689 69 4063 4063 4063 4063 4063 4063 4063
359 1683235935 284 274 277 276 403 1539 1620 3612 49 4063 4063 4063 4063 4063 4063 4063
360 1683235944 332 372 371 371 316 1811 3643 3613 74 4063 4063 4063 4063 4063 4063 4063
361 1683235956 348 367 386 341 325 3642 3644 3612 4063 4063 4063 4063 4063 4063 4063 4063
362 1683236006 321 313 295 375 374 1581 1633 3611 163 4063 4062 4062 4062 4062 4062 4062
363 1683236090 308 285 377 378 300 3640 3643 3611 4063 4063 4063 4063 4063 4063 4063 4063
364 1683236180 321 354 272 295 394 3644 1602 1598 57 4063 4063 4063 4063 4063 4063 4063
365 1683236191 327 384 385 316 310 1614 1690 1682 70 4063 4063 4063 4063 4063 4063 4063
366 1683236193 318 291 384 371 302 3642 3644 3612 59 4065 4064 4064 4064 4064 4064 4064
367 1683236246 351 310 382 363 312 3642 1693 3611 4063 4063 4063 4063 4063 4063 4063 4063
368 1683236274 344 383 369 355 340 1629 1689 1667 70 4063 4063 4063 4063 4063 4063 4063
369 1683236295 318 304 328 389 351 3643 1675 1684 4063 4063 4063 4063 4063 4063 4063 4063
370 1683236308 321 400 312 330 358 1583 1644 1627 58 4063 4063 4063 4063 4063 4063 4063
371 1683236362 325 385 280 320 378 3640 3643 3611 63 4065 4064 4064 4064 4064 4064 4064
372 1683236411 336 387 351 339 368 1684 1843 1841 77 4063 4063 4063 4063 4063 4063 4063
373 1683236424 376 334 369 320 312 3640 3643 3611 4065 4063 4063 4063 4063 4063 4063 4063
374 1683236441 339 338 308 370 374 3641 3644 3612 65 4063 4063 4063 4063 4063 4063 4063
375 1683236492 328 381 336 329 379 3644 3646 1662 65 4063 4063 4063 4063 4063 4063 4063
376 1683236509 357 307 359 376 318 3644 3647 1700 4063 4063 4063 4063 4063 4063 4063 4063
377 1683236553 351 338 389 350 305 3641 3644 3612 4063 4063 4063 4063 4063 4063 4063 4063
378 1683236607 342 363 317 335 385 1707 1592 1587 60 4063 4063 4063 4063 4063 4063 4063
379 1683236633 321 337 391 361 284 3642 2183 3612 4063 4063 4063 4063 4063 4063 4063 4063
380 1683236752 345 387 310 324 369 1601 1646 1647 69 4063 4063 4063 4063 4063 4063 4063
381 1683236823 298 409 346 294 309 3642 3644 3612 4065 4063 4063 4063 4063 4063 4063 4063
382 1683236837 308 299 398 352 271 1615 3643 3613 4063 4063 4063 4063 4063 4063 4063 4063
383 1683236904 314 326 296 386 359 3642 3644 3612 60 4065 4064 4064 4064 4064 4064 4064
384 1683236946 333 335 339 379 365 3644 1703 1702 68 4065 4064 4064 4064 4064 4064 4064
385 1683236994 328 329 371 381 297 3644 1672 1665 72 4065 4064 4064 4064 4064 4064 4064
386 1683237071 303 394 280 323 371 1560 3643 2869 4063 4063 4063 4063 4063 4063 4063 4063
387 1683237109 338 374 323 353 376 1601 1667 1668 66 4065 4064 4064 4064 4064 4064 4064
388 1683237157 325 289 355 390 313 1669 1712 1666 78 4065 4064 4064 4064 4064 4064 4064
389 1683237164 324 348 301 366 379 1586 1639 1622 4063 4063 4063 4063 4063 4063 4063 4063
390 1683237203 338 335 363 383 330 3641 3644 3613 65 4065 4064 4064 4064 4064 4064 4064
391 1683237207 321 368 395 321 269 3641 3644 3613 4063 4063 4063 4063 4063 4063 4063 4063
392 1683237219 322 369 396 324 284 3641 1907 3612 62 4063 4063 4063 4063 4063 4063 4063
393 1683237238 326 291 379 376 281 3642 3644 3613 4063 4063 4063 4063 4063 4063 4063 4063
394 1683237267 324 331 298 363 383 1577 1638 1616 67 4065 4064 4064 4064 4064 4064 4064
395 1683237312 333 357 382 367 295 3642 3645 1684 4063 4063 4063 4063 4063 4063 4063 4063
396 1683237330 324 332 391 361 286 1629 1700 1701 4063 4063 4063 4063 4063 4063 4063 4063
397 1683237344 333 319 337 386 351 1628 1689 1660 65 4063 4063 4063 4063 4063 4063 4063
398 1683237362 338 340 328 370 374 3643 1659 1643 67 4063 4063 4063 4063 4063 4063 4063
399 1683237363 328 392 344 307 367 3640 3643 3611 65 4063 4063 4063 4063 4063 4063 4063
400 1683237393 333 369 345 369 366 699 1678 1667 68 4063 4063 4063 4063 4063 4063 4063
401 1683237525 326 346 372 378 328 1645 1720 3612 62 4063 4063 4063 4063 4063 4063 4063
402 1683237531 336 332 372 380 309 1678 1705 1690 4063 4063 4063 4063 4063 4063 4063 4063
403 1683237639 331 372 342 379 342 1675 3644 3613 70 4063 4063 4063 4063 4063 4063 4063
404 1683237683 317 361 282 318 393 3641 1637 3613 63 4063 4063 4063 4063 4063 4063 4063
405 1683237720 316 395 376 304 299 3640 3644 3612 4063 4063 4063 4063 4063 4063 4063 4063
406 1683237751 190 250 413 221 84 3639 3644 3613 4063 4063 4063 4063 4063 4063 4063 4063
407 1683237788 343 343 354 378 355 730 1702 3612 66 4063 4063 4063 4063 4063 4063 4063
408 1683237851 341 369 340 351 378 3644 1667 3613 69 4063 4063 4063 4063 4063 4063 4063
409 1683237869 333 397 339 320 361 1596 1655 1698 67 4063 4063 4063 4063 4063 4063 4063
410 1683237870 345 360 333 371 366 3641 3644 3612 81 4063 4063 4063 4063 4063 4063 4063
411 1683237921 330 376 380 354 339 1650 1711 1704 68 4063 4063 4063 4063 4063 4063 4063
412 1683237932 356 344 326 360 373 3643 1666 1636 4063 4063 4063 4063 4063 4063 4063 4063
413 1683238039 341 349 343 375 365 702 3644 1683 66 4065 4064 4064 4064 4064 4064 4064
414 1683238040 329 375 391 327 273 3641 3644 3612 4063 4063 4063 4063 4063 4063 4063 4063
415 1683238061 339 374 379 356 334 1654 1698 1685 67 4063 4063 4063 4063 4063 4063 4063
416 1683238072 326 375 392 319 276 1636 3643 3613 65 4063 4063 4063 4063 4063 4063 4063
417 1683238083 323 314 355 389 328 3642 1683 3612 65 4063 4063 4063 4063 4063 4063 4063
418 1683238112 334 372 353 375 350 3642 3644 3612 4063 4063 4063 4063 4063 4063 4063 4063
419 1683238131 325 320 332 389 346 3642 3645 3613 63 4063 4063 4063 4063 4063 4063 4063
420 1683238195 316 406 342 334 322 636 3645 1643 60 4063 4063 4063 4063 4063 4063 4063
421 1683238254 325 384 385 322 293 1645 3644 3613 4063 4063 4063 4063 4063 4063 4063 4063
422 1683238316 330 351 370 379 319 3643 3645 1715 66 4065 4064 4064 4064 4064 4064 4064
423 1683238378 364 370 374 341 286 1668 3644 3613 91 4065 4064 4064 4064 4064 4064 4064
424 1683238381 332 393 373 322 307 3641 3645 3613 4063 4063 4063 4063 4063 4063 4063 4063
425 1683238427 342 347 316 372 372 3641 3644 3613 4063 4063 4063 4063 4063 4063 4063 4063
426 1683238448 344 379 308 327 379 3643 3645 1604 4063 4063 4063 4063 4063 4063 4063 4063
427 1683238505 336 398 364 324 323 686 1671 1688 66 4063 4063 4063 4063 4063 4063 4063
428 1683238506 318 379 277 291 384 3642 1621 3612 4063 4063 4063 4063 4063 4063 4063 4063
429 1683238592 300 310 408 294 274 3644 3646 1659 54 4063 4063 4063 4063 4063 4063 4063
430 1683238658 316 383 323 317 380 3642 3644 3613 62 4063 4063 4063 4063 4063 4063 4063
431 1683238746 314 361 398 331 264 1637 3644 1690 4063 4063 4063 4063 4063 4063 4063 4063
432 1683238783 329 368 391 348 302 1627 1691 1689 4063 4063 4063 4063 4063 4063 4063 4063
433 1683238912 326 393 325 315 371 3644 1651 1626 63 4065 4064 4064 4064 4064 4064 4064
434 1683238935 324 308 331 389 347 1611 1675 1653 69 4065 4064 4064 4064 4064 4064 4064
435 1683238939 352 321 333 384 338 3642 3645 3613 68 4063 4063 4063 4063 4063 4063 4063
436 1683238976 322 318 345 388 349 3641 3645 3613 60 4065 4064 4064 4064 4064 4064 4064
437 1683238985 335 400 357 328 336 1621 1679 1662 68 4063 4063 4063 4063 4063 4063 4063
438 1683239005 314 391 381 293 281 3641 3644 3612 64 4063 4063 4063 4063 4063 4063 4063
439 1683239026 338 374 372 366 343 705 1693 1675 68 4063 4063 4063 4063 4063 4063 4063
440 1683239044 333 386 366 355 347 1668 1699 1693 66 4065 4064 4064 4064 4064 4064 4064
441 1683239049 345 363 336 366 370 1618 1659 3612 67 4063 4063 4063 4063 4063 4063 4063
442 1683239055 335 388 376 349 314 1628 1686 1679 65 4065 4064 4064 4064 4064 4064 4064
443 1683239058 310 405 360 281 322 3642 1655 3612 82 4065 4064 4064 4064 4064 4064 4064
444 1683239096 324 395 341 352 355 1626 3644 3613 64 4063 4063 4063 4063 4063 4063 4063
445 1683239142 313 280 288 387 360 1595 3644 1644 4063 4063 4063 4063 4063 4063 4063 4063
446 1683239146 361 353 331 370 355 3643 3644 3614 4063 4063 4063 4063 4063 4063 4063 4063
447 1683239161 359 364 320 358 367 1604 3643 3613 4063 4063 4063 4063 4063 4063 4063 4063
448 1683239162 332 324 313 387 353 3645 1639 1618 4063 4063 4063 4063 4063 4063 4063 4063
449 1683239173 340 356 345 360 377 3642 3644 3613 66 4063 4063 4063 4063 4063 4063 4063
450 1683239183 320 404 358 283 332 3642 3644 3613 4063 4063 4063 4063 4063 4063 4063 4063
451 1683239201 329 362 395 335 274 3642 3645 3613 66 4063 4063 4063 4063 4063 4063 4063
452 1683239227 308 330 353 359 385 1616 1678 1679 4063 4063 4063 4063 4063 4063 4063 4063
453 1683239335 313 350 275 333 394 1564 3643 3613 62 4063 4063 4063 4063 4063 4063 4063
454 1683239378 336 381 316 330 379 1579 1642 1626 4063 4063 4063 4063 4063 4063 4063 4063
455 1683239580 322 366 391 352 293 3642 3646 3613 4063 4063 4063 4063 4063 4063 4063 4063
456 1683239582 325 350 260 341 391 1530 1587 1579 62 4063 4063 4063 4063 4063 4063 4063
457 1683239620 334 349 299 346 388 1579 1637 1619 63 4063 4063 4063 4063 4063 4063 4063
458 1683239820 338 362 338 383 344 1617 1726 1666 67 4063 4063 4063 4063 4063 4063 4063
459 1683239822 363 357 374 354 318 1625 1713 3613 4063 4063 4063 4063 4063 4063 4063 4063
460 1683239986 345 381 370 357 336 1641 1741 1710 72 4063 4063 4063 4063 4063 4063 4063
461 1683240087 326 378 359 364 363 3643 1809 3613 66 4063 4063 4063 4063 4063 4063 4063
462 1683240101 335 403 300 278 354 3643 3646 3614 61 4063 4063 4063 4063 4063 4063 4063
463 1683240103 335 352 364 383 309 3645 3647 1689 66 4063 4063 4063 4063 4063 4063 4063
464 1683240149 353 365 368 345 366 3642 1666 3612 79 4063 4063 4063 4063 4063 4063 4063
465 1683240153 344 363 340 363 373 1638 3646 1662 71 4063 4063 4063 4063 4063 4063 4063
466 1683240242 271 308 278 275 404 1523 1583 1546 4063 4063 4063 4063 4063 4063 4063 4063
467 1683240269 339 336 354 385 333 1646 1697 3613 4063 4063 4063 4063 4063 4063 4063 4063
468 1683240355 330 368 353 370 365 1650 3644 3614 64 4063 4063 4063 4063 4063 4063 4063
469 1683240379 294 368 359 274 386 3644 3646 1659 56 4063 4063 4063 4063 4063 4063 4063
470 1683240396 303 342 315 305 398 1579 3643 3613 59 4063 4063 4063 4063 4063 4063 4063
471 1683240400 338 346 293 356 385 3642 3644 3612 69 4063 4063 4063 4063 4063 4063 4063
472 1683240434 317 403 309 347 344 1577 3647 1626 61 4063 4063 4063 4063 4063 4063 4063
473 1683240445 345 361 368 370 350 1660 1697 1688 70 4063 4063 4063 4063 4063 4063 4063
474 1683240462 341 379 317 343 377 1584 1683 3613 4063 4063 4063 4063 4063 4063 4063 4063
475 1683240515 332 372 317 348 382 1604 1657 1641 65 4063 4063 4063 4063 4063 4063 4063
476 1683240521 323 351 306 340 391 3643 1670 3613 63 4063 4063 4063 4063 4063 4063 4063
477 1683240528 344 372 364 368 350 1622 1681 1688 65 4063 4063 4063 4063 4063 4063 4063
478 1683240542 340 363 348 367 371 1624 1696 1668 69 4063 4063 4063 4063 4063 4063 4063
479 1683240585 337 387 383 281 275 3642 3645 3613 63 4063 4063 4063 4063 4063 4063 4063
480 1683240727 325 321 396 357 300 3641 3644 3613 4063 4063 4063 4063 4063 4063 4063 4063
481 1683240769 341 349 339 375 367 1610 1670 1656 68 4063 4063 4063 4063 4063 4063 4063
482 1683240849 329 368 304 347 385 3642 3645 3613 4063 4063 4063 4063 4063 4063 4063 4063
483 1683240937 331 363 387 354 343 1656 1693 3612 63 4063 4063 4063 4063 4063 4063 4063
484 1683240941 327 329 352 370 376 1632 1714 1674 65 4063 4063 4063 4063 4063 4063 4063
485 1683240943 354 379 327 320 374 1586 1641 3613 4063 4063 4063 4063 4063 4063 4063 4063
486 1683240948 339 354 333 384 350 3643 1702 3613 4063 4063 4063 4063 4063 4063 4063 4063
487 1683240957 329 332 336 380 366 1606 1685 3614 66 4063 4063 4063 4063 4063 4063 4063
488 1683240958 300 304 246 323 401 1601 1589 3614 4063 4063 4063 4063 4063 4063 4063 4063
489 1683240998 340 374 340 356 375 1601 1665 1644 66 4063 4063 4063 4063 4063 4063 4063
490 1683241012 333 400 343 327 353 1612 3643 3613 4063 4063 4063 4063 4063 4063 4063 4063
491 1683241064 322 402 365 320 294 1596 1680 1680 68 4063 4063 4063 4063 4063 4063 4063
492 1683241155 303 272 263 381 371 1593 1612 3612 4063 4063 4063 4063 4063 4063 4063 4063
493 1683241183 337 348 391 355 299 3641 3645 3612 65 4063 4063 4063 4063 4063 4063 4063
494 1683241198 315 392 303 311 374 1572 1632 1635 61 4063 4063 4063 4063 4063 4063 4063
495 1683241238 333 328 344 387 345 1618 1682 1676 76 4063 4063 4063 4063 4063 4063 4063
496 1683241280 318 399 292 275 365 3642 3645 3613 4063 4063 4063 4063 4063 4063 4063 4063
497 1683241320 302 267 383 378 247 3641 3644 3613 4065 4063 4063 4063 4063 4063 4063 4063
498 1683241321 344 324 352 380 356 1646 1688 3611 67 4063 4063 4063 4063 4063 4063 4063
499 1683241419 329 383 303 329 379 3642 3645 3612 66 4063 4063 4063 4063 4063 4063 4063
500 1683241440 342 341 341 375 368 1617 1688 1672 67 4063 4063 4063 4063 4063 4063 4063
501 1683241447 343 364 379 363 337 1644 1717 1703 67 4063 4063 4063 4063 4063 4063 4063
502 1683241462 345 388 339 342 365 3642 1669 3612 69 4063 4063 4063 4063 4063 4063 4063
503 1683241556 336 347 324 382 361 3642 3645 3612 4063 4063 4063 4063 4063 4063 4063 4063
504 1683241644 317 322 324 365 384 3643 3645 3614 4063 4063 4063 4063 4063 4063 4063 4063
505 1683241660 341 347 361 315 386 3644 3646 1629 61 4063 4063 4063 4063 4063 4063 4063
506 1683241701 340 374 375 358 353 716 1707 1705 67 4063 4063 4063 4063 4063 4063 4063
507 1683241721 341 356 361 377 353 1630 1687 1665 68 4063 4063 4063 4063 4063 4063 4063
508 1683241827 324 339 330 377 371 1581 1649 1638 61 4063 4063 4063 4063 4063 4063 4063
509 1683241949 341 327 332 384 356 1610 1670 1650 66 4063 4063 4063 4063 4063 4063 4063
510 1683241954 362 389 346 321 348 3641 3644 3612 4065 4063 4063 4063 4063 4063 4063 4063
511 1683241974 311 336 396 354 323 3642 3644 3612 58 4063 4063 4063 4063 4063 4063 4063
512 1683241983 314 410 334 290 329 1574 3644 3614 4063 4063 4063 4063 4063 4063 4063 4063
513 1683241994 327 392 346 308 370 1606 3643 3613 67 4063 4063 4063 4063 4063 4063 4063
514 1683242006 328 363 337 384 351 3641 3644 3613 4065 4063 4063 4063 4063 4063 4063 4063
515 1683242100 346 371 367 365 352 1631 1683 1667 70 4063 4063 4063 4063 4063 4063 4063
516 1683242102 340 380 328 345 377 703 3644 3614 60 4063 4063 4063 4063 4063 4063 4063
517 1683242115 321 373 396 322 297 3642 3645 3613 4063 4063 4063 4063 4063 4063 4063 4063
518 1683242176 333 334 383 372 307 1636 1703 1691 68 4063 4063 4063 4063 4063 4063 4063
519 1683242187 355 368 355 359 363 1623 1677 1663 4063 4063 4063 4063 4063 4063 4063 4063
520 1683242248 335 393 364 334 351 3641 3644 3612 69 4063 4063 4063 4063 4063 4063 4063
521 1683242314 306 323 307 400 248 1515 1570 3613 199 4065 4064 4064 4064 4064 4064 4064
522 1683242409 316 380 389 324 286 3643 3645 3614 66 4063 4063 4063 4063 4063 4063 4063
523 1683242456 390 340 256 287 332 3642 3645 3613 66 4063 4063 4063 4063 4063 4063 4063
524 1683242492 320 333 330 394 327 1636 3646 1679 67 4063 4063 4063 4063 4063 4063 4063
525 1683242502 330 340 379 365 359 3643 3645 3613 61 4063 4063 4063 4063 4063 4063 4063
526 1683242503 293 338 316 393 343 3642 3644 3613 4065 4063 4063 4063 4063 4063 4063 4063
527 1683242532 359 351 367 366 348 1643 3645 3614 67 4063 4063 4063 4063 4063 4063 4063
528 1683242548 297 344 343 322 395 3641 3644 3613 60 4063 4063 4063 4063 4063 4063 4063
529 1683242567 338 369 372 368 345 661 1689 1675 69 4063 4063 4063 4063 4063 4063 4063
530 1683242606 266 320 286 281 403 1566 1628 1594 47 4063 4063 4063 4063 4063 4063 4063
531 1683242610 379 362 249 340 345 3642 3647 1588 4063 4063 4063 4063 4063 4063 4063 4063
532 1683242612 314 407 286 273 352 3641 3645 3613 4063 4063 4063 4063 4063 4063 4063 4063
533 1683242657 338 317 387 367 311 3643 3645 1709 4063 4063 4063 4063 4063 4063 4063 4063
534 1683242684 345 392 363 334 352 1610 3646 1652 64 4063 4063 4063 4063 4063 4063 4063
535 1683242688 338 358 384 363 340 1675 1703 1698 4065 4063 4063 4063 4063 4063 4063 4063
536 1683242719 316 377 393 317 284 1616 1690 1682 65 4063 4063 4063 4063 4063 4063 4063
537 1683242762 324 387 305 324 377 1590 1638 1625 4065 4063 4063 4063 4063 4063 4063 4063
538 1683242790 319 371 382 365 295 3643 3646 3614 4063 4063 4063 4063 4063 4063 4063 4063
539 1683242846 328 302 384 373 301 3642 3644 3613 4063 4063 4063 4063 4063 4063 4063 4063
540 1683242903 348 392 365 320 348 1608 1684 1653 67 4065 4064 4064 4064 4064 4064 4064
541 1683242977 321 348 314 356 388 1596 1649 3613 61 4063 4063 4063 4063 4063 4063 4063
542 1683243014 339 388 370 332 356 3642 3644 3612 70 4063 4063 4063 4063 4063 4063 4063
543 1683243044 344 398 361 338 327 1606 3646 1683 67 4063 4063 4063 4063 4063 4063 4063
544 1683243049 325 374 306 361 377 3644 3646 1620 59 4063 4063 4063 4063 4063 4063 4063
545 1683243052 306 350 318 352 390 3643 3645 3613 282 4065 4064 4064 4064 4064 4064 4064
546 1683243173 333 393 351 363 332 3643 3645 3613 4063 4063 4063 4063 4063 4063 4063 4063
547 1683243190 336 387 373 350 344 1618 1681 1666 4063 4063 4063 4063 4063 4063 4063 4063
548 1683243210 313 276 335 396 324 1609 3644 3613 60 4063 4063 4063 4063 4063 4063 4063
549 1683243251 340 339 395 349 296 3644 3647 1695 68 4065 4064 4064 4064 4064 4064 4064
550 1683243401 316 381 289 317 384 1561 3645 3614 63 4063 4063 4063 4063 4063 4063 4063
551 1683243413 336 381 385 344 317 1646 1711 3613 88 4063 4063 4063 4063 4063 4063 4063
552 1683243448 342 388 373 332 352 3644 1698 1660 71 4063 4063 4063 4063 4063 4063 4063
553 1683243504 353 364 365 372 337 1641 1692 1689 4063 4063 4063 4063 4063 4063 4063 4063
554 1683243550 318 375 281 316 388 3643 3646 3614 64 4063 4063 4063 4063 4063 4063 4063
555 1683243621 340 361 320 361 379 1607 1671 1652 73 4063 4063 4063 4063 4063 4063 4063
556 1683243664 299 324 348 372 378 3643 3645 3614 57 4063 4063 4063 4063 4063 4063 4063
557 1683243783 347 335 363 382 317 1635 1694 1682 4065 4063 4063 4063 4063 4063 4063 4063
558 1683243793 344 382 363 362 351 1630 1691 3613 68 4063 4063 4063 4063 4063 4063 4063
559 1683243811 317 388 284 323 379 3642 3645 3613 4063 4063 4063 4063 4063 4063 4063 4063
560 1683243881 319 386 364 287 372 1609 3645 3614 60 4063 4063 4063 4063 4063 4063 4063
561 1683243907 345 383 368 353 353 1631 1693 3614 4063 4063 4063 4063 4063 4063 4063 4063
562 1683243914 338 398 364 333 326 3643 3646 3614 4063 4063 4063 4063 4063 4063 4063 4063
563 1683244036 350 373 355 359 366 1631 1693 1679 69 4063 4063 4063 4063 4063 4063 4063
564 1683244092 321 328 391 364 314 3642 3645 3613 62 4063 4063 4063 4063 4063 4063 4063
565 1683244147 325 379 390 316 303 1624 3644 3613 4063 4063 4063 4063 4063 4063 4063 4063
566 1683244203 346 365 347 372 364 3644 3647 1710 66 4063 4063 4063 4063 4063 4063 4063
567 1683244220 331 375 392 325 289 3645 1694 1695 68 4063 4063 4063 4063 4063 4063 4063
568 1683244294 311 332 265 347 394 779 1623 1581 60 4063 4063 4063 4063 4063 4063 4063
569 1683244325 322 346 334 373 376 3641 3644 3612 4063 4063 4063 4063 4063 4063 4063 4063
570 1683244343 327 307 315 387 358 1620 3646 1640 64 4063 4063 4063 4063 4063 4063 4063
571 1683244438 325 338 330 390 346 1628 3644 3614 63 4063 4063 4063 4063 4063 4063 4063
572 1683244457 333 331 370 383 310 3643 1695 1681 62 4063 4063 4063 4063 4063 4063 4063
573 1683244486 333 386 379 351 316 1642 3644 3613 64 4063 4063 4063 4063 4063 4063 4063
574 1683244562 337 384 355 371 337 1622 1696 3613 66 4063 4063 4063 4063 4063 4063 4063
575 1683244567 328 327 320 378 373 1602 1663 3613 62 4065 4064 4064 4064 4064 4064 4064
576 1683244576 332 378 297 321 385 3643 3646 3614 4063 4063 4063 4063 4063 4063 4063 4063
577 1683244613 118 134 414 174 77 1384 1487 3613 0 4063 4063 4063 4063 4063 4063 4063
578 1683244722 323 319 378 380 293 1653 3644 3614 4063 4063 4063 4063 4063 4063 4063 4063
579 1683244868 326 371 334 349 384 1589 1647 1638 4063 4063 4063 4063 4063 4063 4063 4063
580 1683244993 332 401 367 307 297 3643 3645 3614 4063 4063 4063 4063 4063 4063 4063 4063
581 1683245003 334 362 315 360 383 3644 3646 1634 65 4063 4063 4063 4063 4063 4063 4063
582 1683245097 323 398 355 333 358 820 1673 1667 65 4063 4063 4063 4063 4063 4063 4063
583 1683245119 335 397 342 323 361 3644 3646 3615 65 4063 4063 4063 4063 4063 4063 4063
584 1683245176 332 314 321 386 359 682 1657 1643 63 4063 4063 4063 4063 4063 4063 4063
585 1683245215 342 388 359 352 360 1622 1684 1671 74 4063 4063 4063 4063 4063 4063 4063
586 1683245250 335 342 348 382 359 3645 1693 1678 4063 4063 4063 4063 4063 4063 4063 4063
587 1683245258 344 395 341 337 361 1605 1666 1656 67 4065 4064 4064 4064 4064 4064 4064
588 1683245259 351 357 342 355 379 1616 1679 1672 72 4063 4063 4063 4063 4063 4063 4063
589 1683245272 327 369 320 336 388 1600 1658 1624 4063 4063 4063 4063 4063 4063 4063 4063
590 1683245274 348 353 359 374 347 3641 3644 3612 4063 4063 4063 4063 4063 4063 4063 4063
591 1683245419 338 381 348 355 367 3640 3642 3611 84 4063 4063 4063 4063 4063 4063 4063
592 1683245452 331 374 384 342 343 1629 1674 1672 65 4065 4064 4064 4064 4064 4064 4064
593 1683245600 325 315 276 364 382 1556 1645 1632 77 4063 4063 4063 4063 4063 4063 4063
594 1683245605 328 404 334 303 344 1595 1669 3612 4063 4063 4063 4063 4063 4063 4063 4063
595 1683245614 339 343 385 363 307 3640 3642 3611 4063 4063 4063 4063 4063 4063 4063 4063
596 1683245621 328 374 387 346 302 1657 1691 1679 68 4063 4063 4063 4063 4063 4063 4063
597 1683245645 335 374 386 337 324 1644 3642 3612 72 4063 4063 4063 4063 4063 4063 4063
598 1683245712 338 365 378 363 330 647 1685 1665 69 4063 4063 4063 4063 4063 4063 4063
599 1683245782 321 396 365 304 347 3640 3643 3611 4063 4063 4063 4063 4063 4063 4063 4063
600 1683245897 343 353 317 364 376 3641 3644 3612 60 4063 4063 4063 4063 4063 4063 4063
