1 1683121740 3562 533 3678 3659 3595 3637 3637 3606 4065 4065 4064 4064 4064 4064 4064 4064
2 1683121740 3564 532 3679 3661 3596 3639 3639 3607 4065 4065 4064 4064 4064 4064 4064 4064
3 1683121740 3565 533 3681 3662 3598 3640 3640 3608 4065 4065 4064 4064 4064 4064 4064 4064
4 1683121740 3564 532 3679 3661 3597 3639 3640 3608 4065 4065 4064 4064 4064 4064 4064 4064
5 1683121740 3565 532 3680 3662 3597 3640 3639 3608 4065 4065 4064 4064 4064 4064 4064 4064
6 1683121740 3564 534 3679 3661 3596 3639 3639 3607 4065 4065 4064 4064 4064 4064 4064 4064
7 1683121740 3564 533 3680 3661 3597 3639 3639 3607 4065 4065 4065 4065 4065 4065 4065 4065
8 1683121740 3563 532 3679 3661 3597 3639 3639 3608 4065 4065 4064 4064 4064 4064 4064 4064
9 1683121740 3565 532 3680 3661 3597 3640 3639 3608 4065 4064 4064 4064 4064 4064 4064 4064
10 1683121740 3565 532 3680 3662 3597 3640 3640 3608 4065 4065 4065 4065 4065 4065 4065 4065
11 1683121740 3564 532 3680 3661 3597 3640 3639 3607 4065 4065 4064 4064 4064 4064 4064 4064
12 1683121740 3564 532 3679 3661 3597 3639 3639 3608 4063 4063 4063 4063 4063 4063 4063 4063
13 1683121740 3565 532 3681 3662 3598 3641 3641 3609 4061 4061 4060 4060 4060 4060 4060 4060
14 1683121740 3564 532 3679 3661 3597 3639 3639 3607 4065 4065 4064 4064 4064 4064 4064 4064
15 1683121740 3565 533 3680 3662 3598 3640 3640 3608 4065 4065 4064 4064 4064 4064 4064 4064
16 1683121740 3564 532 3679 3661 3597 3639 3639 3607 4065 4065 4064 4064 4064 4064 4064 4064
17 1683121740 3564 533 3679 3661 3597 3639 3639 3607 4065 4065 4064 4064 4064 4064 4064 4064
18 1683121740 3564 532 3680 3661 3597 3640 3639 3608 4065 4065 4064 4064 4064 4064 4064 4064
19 1683121740 3565 532 3680 3661 3597 3640 3640 3608 4065 4063 4063 4063 4063 4063 4063 4063
20 1683121740 3565 532 3681 3661 3598 3640 3640 3609 4063 4063 4063 4063 4063 4063 4063 4063
21 1683121740 3563 533 3679 3661 3597 3639 3639 3607 4063 4063 4063 4063 4063 4063 4063 4063
22 1683121740 3564 532 3681 3662 3597 3640 3639 3607 4063 4063 4063 4063 4063 4063 4063 4063
23 1683121740 3564 533 3680 3661 3597 3640 3639 3607 4065 4065 4064 4064 4064 4064 4064 4064
24 1683121740 3565 533 3681 3662 3598 3640 3640 3609 4065 4065 4064 4064 4064 4064 4064 4064
25 1683121740 3565 532 3680 3662 3597 3640 3640 3608 4065 4063 4063 4063 4063 4063 4063 4063
26 1683121740 3564 532 3679 3661 3597 3639 3639 3607 4063 4063 4062 4062 4062 4062 4062 4062
27 1683121740 3564 533 3680 3661 3597 3640 3640 3608 4063 4063 4062 4062 4062 4062 4062 4062
28 1683121740 3565 532 3681 3662 3598 3640 3640 3608 4063 4063 4063 4063 4063 4063 4063 4063
29 1683121740 3566 532 3682 3663 3598 3640 3640 3609 4063 4063 4063 4063 4063 4063 4063 4063
30 1683121740 3565 532 3681 3662 3598 3640 3640 3608 4063 4063 4063 4063 4063 4063 4063 4063
31 1683121740 3564 532 3680 3661 3597 3640 3640 3608 4065 4065 4064 4064 4064 4064 4064 4064
32 1683121740 3565 532 3682 3662 3598 3641 3640 3608 4065 4065 4064 4064 4064 4064 4064 4064
33 1683121740 3565 532 3680 3662 3597 3640 3640 3608 4063 4063 4063 4063 4063 4063 4063 4063
34 1683121740 3565 532 3680 3661 3597 3640 3640 3608 4065 4065 4064 4064 4064 4064 4064 4064
35 1683121740 3564 533 3680 3661 3597 3640 3640 3608 4063 4063 4063 4063 4063 4063 4063 4063
36 1683121740 3565 533 3680 3662 3598 3640 3641 3609 4065 4065 4064 4064 4064 4064 4064 4064
37 1683121740 3564 532 3680 3661 3597 3639 3639 3607 4063 4063 4063 4063 4063 4063 4063 4063
38 1683121740 3565 532 3681 3663 3598 3641 3641 3609 4065 4065 4065 4065 4065 4065 4065 4065
39 1683121740 3565 533 3680 3661 3598 3640 3640 3609 4065 4063 4063 4063 4063 4063 4063 4063
40 1683121740 3564 532 3679 3661 3597 3640 3639 3607 4065 4065 4064 4064 4064 4064 4064 4064
41 1683121740 3565 533 3680 3662 3598 3640 3640 3609 4065 4065 4064 4064 4064 4064 4064 4064
42 1683121740 3564 533 3680 3662 3597 3640 3640 3608 4065 4064 4064 4064 4064 4064 4064 4064
43 1683121740 3565 533 3680 3662 3598 3641 3641 3609 4065 4065 4064 4064 4064 4064 4064 4064
44 1683121740 3566 532 3681 3662 3598 3640 3640 3608 4063 4063 4063 4063 4063 4063 4063 4063
45 1683121740 3565 533 3680 3662 3598 3640 3640 3608 4065 4065 4064 4064 4064 4064 4064 4064
46 1683121740 3564 532 3680 3662 3597 3639 3639 3608 4063 4063 4063 4063 4063 4063 4063 4063
47 1683121740 3565 533 3681 3662 3598 3641 3641 3609 4065 4065 4064 4064 4064 4064 4064 4064
48 1683121740 3566 532 3682 3663 3599 3641 3641 3609 4065 4065 4064 4064 4064 4064 4064 4064
49 1683121740 3566 532 3682 3663 3598 3641 3640 3609 4065 4065 4064 4064 4064 4064 4064 4064
50 1683121740 3565 533 3681 3662 3598 3642 3641 3609 4065 4065 4064 4064 4064 4064 4064 4064
51 1683121741 3564 533 3680 3661 3597 3640 3640 3608 4065 4065 4064 4064 4064 4064 4064 4064
52 1683121741 3565 533 3681 3662 3597 3640 3640 3608 4065 4065 4064 4064 4064 4064 4064 4064
53 1683121741 3565 533 3680 3662 3598 3640 3640 3609 4065 4065 4064 4064 4064 4064 4064 4064
54 1683121741 3566 532 3681 3663 3599 3642 3641 3610 4063 4063 4063 4063 4063 4063 4063 4063
55 1683121741 3566 533 3681 3663 3598 3641 3640 3609 4065 4063 4063 4063 4063 4063 4063 4063
56 1683121741 3566 532 3681 3662 3598 3640 3640 3608 4063 4063 4063 4063 4063 4063 4063 4063
57 1683121741 3565 533 3681 3663 3599 3641 3641 3609 4063 4063 4063 4063 4063 4063 4063 4063
58 1683121741 3565 533 3680 3662 3598 3640 3641 3608 4063 4063 4063 4063 4063 4063 4063 4063
59 1683121741 3565 533 3680 3662 3598 3641 3641 3608 4065 4065 4064 4064 4064 4064 4064 4064
60 1683121741 3565 532 3679 3663 3598 3641 3641 3609 4065 4065 4064 4064 4064 4064 4064 4064
61 1683121741 3566 532 3682 3663 3598 3641 3640 3609 4065 4065 4064 4064 4064 4064 4064 4064
62 1683121741 3565 532 3681 3662 3598 3641 3641 3609 4065 4065 4064 4064 4064 4064 4064 4064
63 1683121741 3566 533 3681 3663 3598 3641 3641 3609 4063 4063 4063 4063 4063 4063 4063 4063
64 1683121741 3565 533 3681 3662 3598 3641 3640 3609 4065 4065 4064 4064 4064 4064 4064 4064
65 1683121741 3566 533 3681 3663 3598 3641 3642 3610 4065 4065 4064 4064 4064 4064 4064 4064
66 1683121741 3565 532 3681 3663 3599 3641 3641 3609 4065 4065 4064 4064 4064 4064 4064 4064
67 1683121741 3565 533 3680 3662 3598 3641 3640 3609 4065 4065 4064 4064 4064 4064 4064 4064
68 1683121741 3566 533 3681 3662 3598 3641 3641 3609 4063 4063 4063 4063 4063 4063 4063 4063
69 1683121741 3565 533 3681 3662 3598 3640 3640 3609 4063 4063 4063 4063 4063 4063 4063 4063
70 1683121741 3565 534 3681 3663 3598 3641 3641 3609 4065 4063 4063 4063 4063 4063 4063 4063
71 1683121741 3566 533 3682 3663 3598 3641 3641 3609 4063 4063 4063 4063 4063 4063 4063 4063
72 1683121741 3565 532 3681 3663 3598 3641 3641 3609 4065 4065 4065 4065 4065 4065 4065 4065
73 1683121741 3566 532 3682 3663 3599 3641 3641 3609 4065 4065 4064 4064 4064 4064 4064 4064
74 1683121741 3565 533 3681 3662 3598 3641 3640 3608 4063 4063 4063 4063 4063 4063 4063 4063
75 1683121741 3565 533 3680 3662 3598 3641 3641 3609 4065 4065 4064 4064 4064 4064 4064 4064
76 1683121741 3566 532 3682 3664 3599 3642 3641 3609 4065 4063 4063 4063 4063 4063 4063 4063
77 1683121741 3565 533 3681 3663 3598 3640 3640 3609 4065 4065 4064 4064 4064 4064 4064 4064
78 1683121741 3565 533 3681 3662 3598 3641 3641 3609 4065 4065 4064 4064 4064 4064 4064 4064
79 1683121741 3565 533 3680 3662 3598 3640 3640 3608 4063 4063 4063 4063 4063 4063 4063 4063
80 1683121741 3566 533 3681 3663 3598 3641 3641 3609 4065 4063 4063 4063 4063 4063 4063 4063
81 1683121741 3565 533 3681 3662 3598 3641 3641 3609 4065 4065 4065 4065 4065 4065 4065 4065
82 1683121741 3566 533 3681 3663 3599 3642 3642 3609 4065 4065 4064 4064 4064 4064 4064 4064
83 1683121741 3566 533 3681 3663 3599 3641 3641 3610 4065 4065 4064 4064 4064 4064 4064 4064
84 1683121741 3566 532 3681 3662 3598 3641 3640 3609 4065 4065 4065 4065 4065 4065 4065 4065
85 1683121741 3566 533 3682 3662 3598 3641 3641 3609 4065 4065 4065 4065 4065 4065 4065 4065
86 1683121741 3564 534 3681 3662 3598 3641 3641 3609 4065 4065 4064 4064 4064 4064 4064 4064
87 1683121741 3566 533 3682 3664 3599 3641 3641 3609 4065 4065 4064 4064 4064 4064 4064 4064
88 1683121741 3566 533 3682 3664 3599 3642 3642 3610 4065 4065 4064 4064 4064 4064 4064 4064
89 1683121741 3566 532 3682 3663 3599 3642 3642 3610 4065 4065 4064 4064 4064 4064 4064 4064
90 1683121741 3566 533 3681 3663 3599 3642 3641 3610 4065 4065 4064 4064 4064 4064 4064 4064
91 1683121741 3566 533 3682 3663 3599 3642 3641 3610 4065 4065 4064 4064 4064 4064 4064 4064
92 1683121741 3566 533 3682 3663 3599 3642 3641 3609 4065 4065 4065 4065 4065 4065 4065 4065
93 1683121741 3565 533 3681 3661 3598 3640 3640 3608 4065 4065 4064 4064 4064 4064 4064 4064
94 1683121741 3565 533 3681 3663 3599 3642 3641 3609 4065 4065 4064 4064 4064 4064 4064 4064
95 1683121741 3565 533 3680 3663 3598 3641 3641 3609 4065 4065 4064 4064 4064 4064 4064 4064
96 1683121741 3565 533 3681 3662 3598 3640 3641 3609 4065 4065 4065 4065 4065 4065 4065 4065
97 1683121741 3566 533 3682 3663 3599 3641 3642 3610 4065 4065 4064 4064 4064 4064 4064 4064
98 1683121741 3565 533 3681 3661 3598 3640 3641 3609 4063 4063 4063 4063 4063 4063 4063 4063
99 1683121741 3565 533 3680 3662 3598 3641 3641 3609 4065 4065 4064 4064 4064 4064 4064 4064
100 1683121741 3566 533 3681 3662 3598 3641 3641 3609 4065 4065 4064 4064 4064 4064 4064 4064
101 1683121741 3566 533 3682 3663 3599 3642 3642 3610 4063 4063 4062 4062 4062 4062 4062 4062
102 1683121741 3566 533 3681 3663 3598 3641 3641 3609 4065 4065 4064 4064 4064 4064 4064 4064
103 1683121741 3565 533 3681 3662 3598 3640 3640 3609 4063 4063 4063 4063 4063 4063 4063 4063
104 1683121741 3566 533 3682 3663 3599 3642 3641 3609 4065 4065 4064 4064 4064 4064 4064 4064
105 1683121741 3566 533 3681 3662 3598 3641 3640 3609 4065 4065 4064 4064 4064 4064 4064 4064
106 1683121741 3566 534 3681 3663 3599 3641 3641 3609 4065 4065 4064 4064 4064 4064 4064 4064
107 1683121741 3566 533 3682 3663 3599 3641 3642 3609 4063 4063 4063 4063 4063 4063 4063 4063
108 1683121741 3565 533 3681 3662 3598 3641 3640 3609 4065 4065 4064 4064 4064 4064 4064 4064
109 1683121741 3566 533 3682 3663 3599 3642 3642 3610 4063 4063 4063 4063 4063 4063 4063 4063
110 1683121741 3566 534 3682 3663 3599 3642 3641 3610 4065 4065 4064 4064 4064 4064 4064 4064
111 1683121741 3565 533 3682 3663 3599 3641 3641 3609 4063 4063 4063 4063 4063 4063 4063 4063
112 1683121741 3566 532 3682 3663 3599 3641 3641 3609 4065 4065 4064 4064 4064 4064 4064 4064
113 1683121741 3565 533 3681 3662 3598 3641 3641 3609 4065 4065 4064 4064 4064 4064 4064 4064
114 1683121741 3566 533 3681 3663 3598 3641 3641 3609 4065 4065 4064 4064 4064 4064 4064 4064
115 1683121741 3566 533 3682 3663 3599 3641 3642 3610 4065 4065 4065 4065 4065 4065 4065 4065
116 1683121741 3566 533 3683 3663 3600 3643 3642 3610 4065 4065 4064 4064 4064 4064 4064 4064
117 1683121741 3566 533 3681 3663 3598 3641 3640 3609 4065 4065 4064 4064 4064 4064 4064 4064
118 1683121741 3565 534 3682 3663 3598 3642 3641 3610 4065 4065 4064 4064 4064 4064 4064 4064
119 1683121741 3565 533 3681 3662 3599 3641 3641 3609 4065 4065 4064 4064 4064 4064 4064 4064
120 1683121741 3567 532 3682 3663 3599 3642 3641 3609 4065 4065 4064 4064 4064 4064 4064 4064
121 1683121741 3565 533 3682 3663 3599 3641 3641 3609 4065 4065 4065 4065 4065 4065 4065 4065
122 1683121741 3566 533 3681 3663 3599 3641 3641 3609 4063 4063 4063 4063 4063 4063 4063 4063
123 1683121742 3566 533 3680 3663 3598 3641 3641 3609 4065 4065 4064 4064 4064 4064 4064 4064
124 1683121742 3566 533 3683 3663 3599 3641 3642 3609 4065 4065 4064 4064 4064 4064 4064 4064
125 1683121742 3566 533 3682 3663 3599 3642 3642 3610 4065 4065 4064 4064 4064 4064 4064 4064
126 1683121742 3567 534 3683 3664 3600 3643 3643 3611 4065 4065 4064 4064 4064 4064 4064 4064
127 1683121742 3566 533 3682 3664 3599 3642 3641 3610 4065 4065 4064 4064 4064 4064 4064 4064
128 1683121742 3566 533 3682 3663 3599 3642 3642 3609 4065 4065 4064 4064 4064 4064 4064 4064
129 1683121742 3565 533 3681 3663 3599 3641 3640 3609 4063 4063 4063 4063 4063 4063 4063 4063
130 1683121742 3566 534 3682 3663 3599 3642 3641 3610 4065 4065 4064 4064 4064 4064 4064 4064
131 1683121742 3564 533 3680 3662 3598 3640 3641 3609 4065 4065 4064 4064 4064 4064 4064 4064
132 1683121742 3565 533 3681 3663 3599 3640 3640 3609 4065 4065 4064 4064 4064 4064 4064 4064
133 1683121742 3566 535 3682 3663 3599 3641 3641 3609 4065 4063 4063 4063 4063 4063 4063 4063
134 1683121742 3566 534 3682 3663 3599 3642 3642 3610 4065 4065 4064 4064 4064 4064 4064 4064
135 1683121742 3566 533 3682 3663 3598 3641 3641 3609 4065 4065 4064 4064 4064 4064 4064 4064
136 1683121742 3566 533 3682 3663 3599 3642 3641 3610 4063 4063 4063 4063 4063 4063 4063 4063
137 1683121742 3566 533 3682 3663 3599 3642 3642 3610 4065 4063 4063 4063 4063 4063 4063 4063
138 1683121742 3566 534 3681 3663 3599 3641 3641 3609 4065 4065 4065 4065 4065 4065 4065 4065
139 1683121742 3567 533 3682 3663 3599 3642 3642 3610 4065 4063 4063 4063 4063 4063 4063 4063
140 1683121742 3566 534 3682 3663 3600 3641 3641 3609 4065 4063 4063 4063 4063 4063 4063 4063
141 1683121742 3565 533 3681 3662 3598 3640 3640 3608 4065 4065 4064 4064 4064 4064 4064 4064
142 1683121742 3566 533 3681 3663 3599 3641 3641 3609 4065 4063 4063 4063 4063 4063 4063 4063
143 1683121742 3566 533 3681 3663 3598 3641 3641 3609 4065 4065 4064 4064 4064 4064 4064 4064
144 1683121742 3565 533 3681 3662 3598 3640 3640 3608 4065 4065 4064 4064 4064 4064 4064 4064
145 1683121742 3565 533 3681 3662 3598 3641 3641 3609 4065 4065 4064 4064 4064 4064 4064 4064
146 1683121742 3567 532 3681 3663 3599 3642 3641 3610 4063 4063 4063 4063 4063 4063 4063 4063
147 1683121742 3568 533 3684 3665 3600 3643 3643 3611 4065 4065 4065 4065 4065 4065 4065 4065
148 1683121742 3565 534 3681 3662 3599 3641 3641 3609 4065 4065 4064 4064 4064 4064 4064 4064
149 1683121742 3566 533 3682 3663 3599 3642 3642 3610 4065 4065 4064 4064 4064 4064 4064 4064
150 1683121742 3566 534 3682 3663 3599 3641 3641 3609 4063 4063 4063 4063 4063 4063 4063 4063
151 1683121742 3565 533 3681 3663 3599 3641 3641 3609 4065 4065 4064 4064 4064 4064 4064 4064
152 1683121742 3566 534 3682 3663 3599 3642 3641 3609 4065 4065 4064 4064 4064 4064 4064 4064
153 1683121742 3566 534 3682 3663 3599 3642 3642 3610 4065 4065 4064 4064 4064 4064 4064 4064
154 1683121742 3566 534 3681 3663 3599 3642 3642 3610 4063 4063 4063 4063 4063 4063 4063 4063
155 1683121742 3567 533 3682 3663 3599 3641 3641 3610 4065 4065 4064 4064 4064 4064 4064 4064
156 1683121742 3565 532 3679 3662 3597 3640 3640 3608 4065 4065 4064 4064 4064 4064 4064 4064
157 1683121742 3565 532 3680 3661 3597 3640 3639 3607 4063 4063 4063 4063 4063 4063 4063 4063
158 1683121742 3564 532 3680 3661 3597 3639 3639 3608 4061 4061 4060 4060 4060 4060 4060 4060
159 1683121742 3564 532 3679 3661 3597 3640 3639 3608 4065 4065 4064 4064 4064 4064 4064 4064
160 1683121742 3563 532 3679 3660 3596 3639 3639 3607 4063 4063 4063 4063 4063 4063 4063 4063
161 1683121742 3565 532 3680 3662 3597 3640 3640 3608 4065 4065 4064 4064 4064 4064 4064 4064
162 1683121742 3564 531 3680 3660 3597 3639 3638 3607 4063 4063 4063 4063 4063 4063 4063 4063
163 1683121742 3564 532 3680 3661 3597 3640 3640 3607 4065 4065 4064 4064 4064 4064 4064 4064
164 1683121742 3564 532 3679 3661 3597 3640 3640 3608 4065 4065 4064 4064 4064 4064 4064 4064
165 1683121742 3564 532 3680 3662 3597 3640 3640 3608 4065 4065 4064 4064 4064 4064 4064 4064
166 1683121742 3564 531 3679 3660 3596 3639 3639 3607 4065 4065 4065 4065 4065 4065 4065 4065
167 1683121742 3564 533 3679 3661 3597 3640 3639 3607 4063 4063 4063 4063 4063 4063 4063 4063
168 1683121742 3564 532 3680 3661 3597 3640 3639 3608 4063 4063 4063 4063 4063 4063 4063 4063
169 1683121742 3564 531 3680 3661 3597 3639 3639 3607 4063 4061 4061 4061 4061 4061 4061 4061
170 1683121742 3564 531 3681 3661 3597 3640 3640 3608 4065 4065 4064 4064 4064 4064 4064 4064
171 1683121742 3565 531 3682 3663 3598 3641 3641 3608 4063 4063 4063 4063 4063 4063 4063 4063
172 1683121742 3565 532 3681 3662 3598 3640 3640 3608 4065 4065 4064 4064 4064 4064 4064 4064
173 1683121742 3564 532 3680 3661 3597 3639 3639 3608 4065 4065 4064 4064 4064 4064 4064 4064
174 1683121742 3564 532 3680 3662 3597 3640 3640 3608 4065 4065 4064 4064 4064 4064 4064 4064
175 1683121742 3565 531 3680 3662 3597 3640 3640 3608 4065 4065 4064 4064 4064 4064 4064 4064
176 1683121742 3564 532 3680 3661 3597 3640 3640 3608 4065 4065 4064 4064 4064 4064 4064 4064
177 1683121742 3565 531 3680 3661 3598 3640 3640 3609 4065 4065 4064 4064 4064 4064 4064 4064
178 1683121742 3565 531 3681 3662 3598 3640 3640 3608 4065 4065 4064 4064 4064 4064 4064 4064
179 1683121742 3565 532 3681 3662 3598 3641 3641 3608 4063 4063 4063 4063 4063 4063 4063 4063
180 1683121742 3564 532 3679 3661 3597 3640 3640 3608 4065 4065 4065 4065 4065 4065 4065 4065
181 1683121742 3564 531 3680 3661 3597 3639 3639 3607 4065 4065 4064 4064 4064 4064 4064 4064
182 1683121742 3565 532 3681 3662 3599 3640 3640 3608 4063 4063 4063 4063 4063 4063 4063 4063
183 1683121742 3564 533 3680 3661 3597 3639 3639 3608 4061 4061 4060 4060 4060 4060 4060 4060
184 1683121742 3564 532 3680 3661 3597 3640 3640 3608 4063 4063 4063 4063 4063 4063 4063 4063
185 1683121742 3564 531 3680 3661 3597 3639 3639 3607 4063 4063 4063 4063 4063 4063 4063 4063
186 1683121742 3565 531 3680 3661 3597 3640 3639 3608 4065 4065 4065 4065 4065 4065 4065 4065
187 1683121742 3565 532 3680 3662 3598 3641 3640 3609 4063 4063 4063 4063 4063 4063 4063 4063
188 1683121742 3565 532 3679 3661 3597 3640 3640 3608 4061 4061 4060 4060 4060 4060 4060 4060
189 1683121742 3564 531 3678 3661 3598 3640 3639 3608 4065 4065 4065 4065 4065 4065 4065 4065
190 1683121742 3564 531 3680 3661 3597 3639 3640 3608 4065 4065 4065 4065 4065 4065 4065 4065
191 1683121742 3564 532 3679 3661 3596 3639 3638 3607 4063 4063 4063 4063 4063 4063 4063 4063
192 1683121742 3564 532 3680 3662 3598 3640 3640 3608 4065 4065 4064 4064 4064 4064 4064 4064
193 1683121742 3564 532 3680 3661 3597 3640 3640 3608 4065 4065 4064 4064 4064 4064 4064 4064
194 1683121742 3566 532 3681 3663 3599 3641 3641 3609 4065 4065 4064 4064 4064 4064 4064 4064
195 1683121742 3564 532 3680 3662 3597 3640 3640 3608 4065 4065 4064 4064 4064 4064 4064 4064
196 1683121742 3565 532 3680 3662 3597 3640 3640 3608 4065 4065 4064 4064 4064 4064 4064 4064
197 1683121742 3565 532 3681 3662 3598 3640 3640 3608 4063 4063 4063 4063 4063 4063 4063 4063
198 1683121742 3565 532 3680 3662 3598 3640 3640 3608 4063 4063 4063 4063 4063 4063 4063 4063
199 1683121742 3565 532 3681 3662 3598 3640 3639 3608 4065 4065 4064 4064 4064 4064 4064 4064
200 1683121742 3563 532 3679 3660 3596 3639 3639 3607 4065 4065 4064 4064 4064 4064 4064 4064
201 1683121743 3564 532 3681 3662 3598 3641 3641 3608 4065 4065 4064 4064 4064 4064 4064 4064
202 1683121743 3564 532 3680 3661 3597 3640 3640 3607 4065 4065 4064 4064 4064 4064 4064 4064
203 1683121743 3565 532 3680 3662 3597 3640 3640 3608 4063 4063 4063 4063 4063 4063 4063 4063
204 1683121743 3564 532 3680 3662 3598 3641 3641 3608 4065 4065 4064 4064 4064 4064 4064 4064
205 1683121743 3565 532 3681 3662 3598 3641 3640 3608 4063 4063 4062 4062 4062 4062 4062 4062
206 1683121743 3564 532 3681 3662 3598 3640 3640 3608 4065 4065 4064 4064 4064 4064 4064 4064
207 1683121743 3564 532 3680 3661 3597 3640 3640 3608 4065 4065 4064 4064 4064 4064 4064 4064
208 1683121743 3565 532 3681 3662 3598 3641 3640 3608 4065 4065 4065 4065 4065 4065 4065 4065
209 1683121743 3565 532 3680 3662 3597 3640 3640 3608 4065 4065 4064 4064 4064 4064 4064 4064
210 1683121743 3565 532 3681 3662 3598 3641 3640 3609 4063 4063 4063 4063 4063 4063 4063 4063
211 1683121743 3564 532 3680 3661 3598 3640 3640 3608 4063 4063 4063 4063 4063 4063 4063 4063
212 1683121750 3563 532 3678 3660 3595 3637 3638 3606 4065 4065 4064 4064 4064 4064 4064 4064
213 1683121751 3564 532 3680 3660 3597 3639 3639 3607 4065 4065 4064 4064 4064 4064 4064 4064
214 1683121751 3563 532 3678 3660 3596 3638 3639 3606 4063 4063 4063 4063 4063 4063 4063 4063
215 1683121751 3563 532 3679 3660 3597 3639 3639 3607 4063 4063 4063 4063 4063 4063 4063 4063
216 1683121751 3564 531 3679 3660 3596 3639 3638 3607 4063 4063 4063 4063 4063 4063 4063 4063
217 1683121751 3564 532 3679 3661 3597 3639 3639 3608 4065 4065 4064 4064 4064 4064 4064 4064
218 1683121751 3563 532 3679 3660 3597 3639 3639 3607 4063 4063 4063 4063 4063 4063 4063 4063
219 1683121751 3563 532 3679 3660 3596 3640 3639 3607 4065 4065 4064 4064 4064 4064 4064 4064
220 1683121751 3564 532 3678 3660 3596 3639 3639 3607 4063 4063 4063 4063 4063 4063 4063 4063
221 1683121751 3564 532 3679 3661 3597 3639 3639 3607 4065 4065 4064 4064 4064 4064 4064 4064
222 1683121751 3563 533 3679 3660 3596 3638 3638 3607 4065 4065 4064 4064 4064 4064 4064 4064
223 1683121751 3564 532 3679 3660 3596 3639 3638 3607 4065 4065 4064 4064 4064 4064 4064 4064
224 1683121751 3563 532 3678 3661 3596 3639 3639 3607 4063 4063 4063 4063 4063 4063 4063 4063
225 1683121751 3564 532 3680 3661 3597 3640 3639 3608 4065 4065 4065 4065 4065 4065 4065 4065
226 1683121751 3564 532 3680 3661 3597 3639 3639 3608 4063 4063 4063 4063 4063 4063 4063 4063
227 1683121751 3563 532 3679 3661 3596 3639 3639 3607 4063 4063 4063 4063 4063 4063 4063 4063
228 1683121751 3564 532 3680 3661 3597 3640 3639 3607 4065 4065 4064 4064 4064 4064 4064 4064
229 1683121751 3564 532 3679 3661 3597 3639 3639 3607 4065 4065 4064 4064 4064 4064 4064 4064
230 1683121751 3565 532 3681 3662 3598 3641 3641 3609 4065 4065 4064 4064 4064 4064 4064 4064
231 1683121751 3564 532 3680 3661 3597 3640 3639 3607 4065 4065 4064 4064 4064 4064 4064 4064
232 1683121751 3564 532 3680 3662 3597 3640 3639 3607 4063 4063 4063 4063 4063 4063 4063 4063
233 1683121751 3564 532 3680 3661 3597 3640 3640 3608 4065 4065 4064 4064 4064 4064 4064 4064
234 1683121751 3564 532 3680 3661 3597 3639 3639 3608 4065 4065 4064 4064 4064 4064 4064 4064
235 1683121751 3565 532 3680 3662 3598 3640 3640 3608 4063 4063 4063 4063 4063 4063 4063 4063
236 1683121751 3564 532 3680 3661 3597 3639 3640 3608 4065 4065 4064 4064 4064 4064 4064 4064
237 1683121751 3564 532 3681 3662 3597 3640 3639 3608 4063 4063 4063 4063 4063 4063 4063 4063
238 1683121751 3564 532 3680 3661 3597 3639 3639 3607 4063 4063 4063 4063 4063 4063 4063 4063
239 1683121751 3565 532 3681 3662 3598 3640 3640 3608 4065 4065 4064 4064 4064 4064 4064 4064
240 1683121751 3565 532 3681 3662 3598 3641 3640 3608 4065 4065 4065 4065 4065 4065 4065 4065
241 1683121751 3564 533 3680 3661 3597 3640 3639 3608 4065 4065 4065 4065 4065 4065 4065 4065
242 1683121751 3565 532 3680 3661 3597 3640 3639 3608 4065 4065 4064 4064 4064 4064 4064 4064
243 1683121751 3564 532 3680 3662 3597 3640 3640 3608 4065 4063 4063 4063 4063 4063 4063 4063
244 1683121751 3565 532 3681 3662 3598 3640 3640 3608 4065 4065 4065 4065 4065 4065 4065 4065
245 1683121751 3565 532 3681 3661 3597 3640 3640 3608 4065 4065 4064 4064 4064 4064 4064 4064
246 1683121751 3564 533 3680 3661 3597 3639 3640 3607 4065 4065 4064 4064 4064 4064 4064 4064
247 1683121751 3565 532 3681 3662 3598 3640 3640 3608 4063 4063 4062 4062 4062 4062 4062 4062
248 1683121751 3564 533 3680 3661 3597 3640 3640 3608 4063 4063 4063 4063 4063 4063 4063 4063
249 1683121751 3564 532 3680 3662 3598 3640 3640 3608 4065 4065 4064 4064 4064 4064 4064 4064
250 1683121751 3565 532 3680 3661 3598 3640 3640 3608 4065 4065 4064 4064 4064 4064 4064 4064
251 1683121751 3564 532 3679 3662 3597 3640 3640 3608 4063 4063 4063 4063 4063 4063 4063 4063
252 1683121751 3565 532 3681 3662 3597 3640 3640 3608 4063 4063 4063 4063 4063 4063 4063 4063
253 1683121751 3564 532 3680 3661 3598 3640 3640 3608 4065 4065 4064 4064 4064 4064 4064 4064
254 1683121751 3565 533 3681 3662 3598 3641 3640 3609 4063 4063 4063 4063 4063 4063 4063 4063
255 1683121751 3565 532 3680 3662 3598 3640 3640 3608 4064 4065 4064 4064 4064 4064 4064 4064
256 1683121751 3565 532 3681 3662 3598 3641 3640 3608 4063 4063 4063 4063 4063 4063 4063 4063
257 1683121751 3565 532 3681 3662 3598 3640 3640 3609 4063 4063 4063 4063 4063 4063 4063 4063
258 1683121751 3564 533 3680 3662 3598 3640 3640 3608 4063 4063 4063 4063 4063 4063 4063 4063
259 1683121751 3565 532 3681 3661 3598 3640 3640 3608 4065 4065 4064 4064 4064 4064 4064 4064
260 1683121751 3564 532 3680 3661 3597 3639 3639 3608 4065 4065 4064 4064 4064 4064 4064 4064
261 1683121751 3565 534 3680 3661 3597 3640 3639 3608 4063 4063 4063 4063 4063 4063 4063 4063
262 1683121751 3565 533 3680 3662 3598 3640 3640 3608 4065 4065 4065 4065 4065 4065 4065 4065
263 1683121751 3565 532 3680 3662 3597 3640 3640 3608 4065 4065 4064 4064 4064 4064 4064 4064
264 1683121751 3564 533 3680 3661 3598 3640 3640 3608 4065 4063 4063 4063 4063 4063 4063 4063
265 1683121751 3564 532 3680 3661 3597 3640 3639 3608 4065 4065 4064 4064 4064 4064 4064 4064
266 1683121751 3564 533 3680 3661 3596 3639 3639 3607 4065 4065 4064 4064 4064 4064 4064 4064
267 1683121751 3565 532 3680 3661 3598 3640 3640 3608 4065 4065 4064 4064 4064 4064 4064 4064
268 1683121751 3565 532 3681 3662 3598 3640 3640 3608 4063 4063 4063 4063 4063 4063 4063 4063
269 1683121751 3564 533 3679 3661 3597 3639 3639 3607 4063 4063 4063 4063 4063 4063 4063 4063
270 1683121751 3564 533 3680 3661 3597 3640 3640 3608 4065 4065 4065 4065 4065 4065 4065 4065
271 1683121751 3565 532 3681 3662 3598 3640 3640 3609 4065 4065 4064 4064 4064 4064 4064 4064
272 1683121751 3565 532 3682 3662 3598 3641 3641 3609 4065 4065 4064 4064 4064 4064 4064 4064
273 1683121751 3566 532 3681 3662 3598 3641 3641 3609 4065 4065 4064 4064 4064 4064 4064 4064
274 1683121751 3564 533 3680 3662 3597 3641 3641 3609 4065 4065 4064 4064 4064 4064 4064 4064
275 1683121751 3565 532 3681 3662 3597 3640 3640 3609 4063 4063 4063 4063 4063 4063 4063 4063
276 1683121751 3565 533 3681 3662 3598 3641 3641 3609 4065 4065 4064 4064 4064 4064 4064 4064
277 1683121751 3565 532 3681 3662 3598 3640 3640 3608 4065 4065 4064 4064 4064 4064 4064 4064
278 1683121751 3565 533 3680 3661 3597 3640 3640 3608 4063 4063 4063 4063 4063 4063 4063 4063
279 1683121751 3565 532 3681 3662 3598 3640 3640 3608 4063 4063 4063 4063 4063 4063 4063 4063
280 1683121751 3566 532 3682 3663 3599 3641 3641 3609 4065 4065 4064 4064 4064 4064 4064 4064
281 1683121752 3565 532 3681 3662 3598 3640 3640 3609 4065 4065 4064 4064 4064 4064 4064 4064
282 1683121752 3565 533 3680 3662 3598 3641 3640 3609 4065 4063 4063 4063 4063 4063 4063 4063
283 1683121752 3565 532 3679 3662 3598 3640 3640 3608 4065 4065 4064 4064 4064 4064 4064 4064
284 1683121752 3565 532 3681 3662 3598 3641 3640 3609 4065 4065 4065 4065 4065 4065 4065 4065
285 1683121752 3565 533 3681 3663 3598 3642 3641 3609 4065 4065 4064 4064 4064 4064 4064 4064
286 1683121752 3564 533 3680 3662 3597 3640 3640 3608 4065 4065 4064 4064 4064 4064 4064 4064
287 1683121752 3565 533 3681 3662 3598 3641 3641 3609 4063 4063 4063 4063 4063 4063 4063 4063
288 1683121752 3565 532 3681 3662 3597 3639 3640 3607 4061 4061 4060 4060 4060 4060 4060 4060
289 1683121752 3565 533 3681 3662 3598 3641 3640 3609 4065 4063 4063 4063 4063 4063 4063 4063
290 1683121752 3566 532 3681 3663 3598 3641 3641 3609 4065 4063 4063 4063 4063 4063 4063 4063
291 1683121752 3564 533 3679 3662 3598 3640 3640 3607 4063 4063 4063 4063 4063 4063 4063 4063
292 1683121752 3565 533 3681 3663 3598 3640 3640 3609 4063 4063 4063 4063 4063 4063 4063 4063
293 1683121752 3565 532 3680 3661 3597 3640 3639 3608 4067 4065 4065 4065 4065 4065 4065 4065
294 1683121752 3566 533 3681 3662 3598 3640 3640 3609 4065 4065 4064 4064 4064 4064 4064 4064
295 1683121752 3566 532 3681 3663 3599 3642 3641 3609 4065 4065 4064 4064 4064 4064 4064 4064
296 1683121752 3565 532 3680 3662 3598 3640 3640 3609 4065 4065 4064 4064 4064 4064 4064 4064
297 1683121752 3565 532 3681 3662 3598 3641 3640 3609 4065 4065 4064 4064 4064 4064 4064 4064
298 1683121752 3565 532 3680 3663 3598 3641 3641 3609 4063 4063 4063 4063 4063 4063 4063 4063
299 1683121752 3565 532 3681 3662 3598 3640 3640 3608 4065 4065 4064 4064 4064 4064 4064 4064
300 1683121752 3565 532 3681 3662 3598 3640 3640 3609 4063 4063 4063 4063 4063 4063 4063 4063
301 1683121752 3565 532 3681 3662 3598 3641 3640 3609 4061 4061 4060 4060 4060 4060 4060 4060
302 1683121752 3565 533 3680 3662 3597 3640 3640 3608 4065 4065 4064 4064 4064 4064 4064 4064
303 1683121752 3566 533 3681 3663 3598 3641 3641 3609 4065 4065 4064 4064 4064 4064 4064 4064
304 1683121752 3566 533 3681 3663 3599 3641 3641 3609 4065 4065 4064 4064 4064 4064 4064 4064
305 1683121752 3565 532 3681 3662 3598 3641 3640 3608 4065 4065 4064 4064 4064 4064 4064 4064
306 1683121752 3567 532 3682 3664 3599 3642 3642 3610 4065 4065 4064 4064 4064 4064 4064 4064
307 1683121752 3565 532 3681 3663 3598 3641 3641 3609 4063 4063 4063 4063 4063 4063 4063 4063
308 1683121752 3565 533 3681 3663 3598 3641 3640 3609 4065 4065 4064 4064 4064 4064 4064 4064
309 1683121752 3565 533 3681 3662 3598 3641 3640 3609 4065 4065 4064 4064 4064 4064 4064 4064
310 1683121752 3565 533 3680 3662 3598 3641 3640 3608 4063 4063 4063 4063 4063 4063 4063 4063
311 1683121752 3565 532 3680 3661 3597 3639 3640 3607 4063 4063 4063 4063 4063 4063 4063 4063
312 1683121752 3565 533 3680 3662 3598 3640 3640 3608 4063 4063 4063 4063 4063 4063 4063 4063
313 1683121752 3565 533 3680 3662 3598 3640 3640 3608 4065 4065 4065 4065 4065 4065 4065 4065
314 1683121752 3565 533 3680 3663 3598 3641 3641 3609 4065 4065 4064 4064 4064 4064 4064 4064
315 1683121752 3566 532 3679 3662 3598 3641 3640 3609 4063 4063 4063 4063 4063 4063 4063 4063
316 1683121752 3565 533 3681 3662 3598 3640 3640 3608 4065 4065 4064 4064 4064 4064 4064 4064
317 1683121752 3565 533 3681 3662 3598 3641 3641 3609 4065 4065 4064 4064 4064 4064 4064 4064
318 1683121752 3564 533 3680 3661 3597 3640 3639 3608 4063 4063 4063 4063 4063 4063 4063 4063
319 1683121752 3565 533 3681 3662 3597 3640 3640 3608 4065 4065 4065 4065 4065 4065 4065 4065
320 1683121752 3565 533 3681 3662 3598 3641 3640 3609 4065 4065 4064 4064 4064 4064 4064 4064
321 1683121752 3565 533 3681 3662 3598 3640 3640 3608 4063 4063 4063 4063 4063 4063 4063 4063
322 1683121752 3567 533 3682 3663 3599 3642 3641 3610 4063 4063 4063 4063 4063 4063 4063 4063
323 1683121752 3564 533 3680 3662 3598 3641 3640 3608 4063 4063 4063 4063 4063 4063 4063 4063
324 1683121752 3565 533 3682 3662 3598 3641 3641 3609 4065 4063 4063 4063 4063 4063 4063 4063
325 1683121752 3566 534 3682 3663 3598 3641 3641 3609 4065 4065 4064 4064 4064 4064 4064 4064
326 1683121752 3565 533 3680 3662 3598 3641 3640 3608 4065 4063 4063 4063 4063 4063 4063 4063
327 1683121752 3564 533 3681 3661 3598 3641 3640 3609 4065 4065 4064 4064 4064 4064 4064 4064
328 1683121752 3565 533 3680 3662 3598 3641 3640 3608 4065 4065 4064 4064 4064 4064 4064 4064
329 1683121752 3565 533 3681 3662 3598 3640 3640 3608 4065 4065 4065 4065 4065 4065 4065 4065
330 1683121752 3566 532 3682 3663 3598 3641 3641 3609 4065 4065 4065 4065 4065 4065 4065 4065
331 1683121752 3566 533 3682 3663 3598 3641 3640 3609 4065 4065 4064 4064 4064 4064 4064 4064
332 1683121752 3566 532 3682 3663 3599 3641 3641 3609 4065 4065 4064 4064 4064 4064 4064 4064
333 1683121752 3566 533 3681 3663 3599 3641 3641 3609 4065 4065 4064 4064 4064 4064 4064 4064
334 1683121752 3566 533 3682 3663 3599 3641 3641 3609 4065 4065 4064 4064 4064 4064 4064 4064
335 1683121752 3565 532 3681 3662 3598 3640 3640 3608 4065 4065 4064 4064 4064 4064 4064 4064
336 1683121752 3566 533 3681 3663 3598 3641 3641 3610 4065 4063 4063 4063 4063 4063 4063 4063
337 1683121752 3565 533 3681 3662 3598 3640 3641 3609 4067 4065 4065 4065 4065 4065 4065 4065
338 1683121752 3565 533 3681 3663 3598 3641 3641 3609 4065 4065 4064 4064 4064 4064 4064 4064
339 1683121752 3565 532 3681 3663 3598 3641 3641 3609 4065 4065 4065 4065 4065 4065 4065 4065
340 1683121752 3565 533 3680 3661 3598 3640 3640 3608 4065 4065 4064 4064 4064 4064 4064 4064
341 1683121752 3565 534 3681 3662 3598 3641 3641 3609 4065 4065 4065 4065 4065 4065 4065 4065
342 1683121752 3565 533 3681 3662 3598 3641 3641 3609 4065 4063 4063 4063 4063 4063 4063 4063
343 1683121752 3565 532 3681 3662 3598 3640 3640 3608 4065 4065 4064 4064 4064 4064 4064 4064
344 1683121752 3566 533 3681 3663 3599 3641 3641 3609 4063 4063 4063 4063 4063 4063 4063 4063
345 1683121752 3565 533 3681 3662 3598 3641 3640 3609 4065 4065 4064 4064 4064 4064 4064 4064
346 1683121752 3566 533 3682 3663 3599 3641 3641 3609 4065 4065 4064 4064 4064 4064 4064 4064
347 1683121752 3565 532 3679 3661 3598 3640 3641 3608 4065 4065 4064 4064 4064 4064 4064 4064
348 1683121752 3566 533 3682 3663 3599 3641 3641 3610 4065 4065 4064 4064 4064 4064 4064 4064
349 1683121752 3566 534 3681 3663 3598 3641 3642 3610 4065 4065 4064 4064 4064 4064 4064 4064
350 1683121752 3565 533 3681 3663 3598 3641 3641 3609 4065 4065 4064 4064 4064 4064 4064 4064
351 1683121752 3566 533 3681 3663 3598 3641 3641 3609 4061 4061 4061 4061 4061 4061 4061 4061
352 1683121752 3566 533 3682 3663 3598 3641 3641 3609 4065 4065 4064 4064 4064 4064 4064 4064
353 1683121752 3566 533 3681 3663 3599 3642 3642 3610 4065 4065 4064 4064 4064 4064 4064 4064
354 1683121752 3565 533 3680 3662 3598 3641 3641 3609 4067 4065 4065 4065 4065 4065 4065 4065
355 1683121752 3565 533 3681 3662 3598 3641 3640 3609 4065 4065 4064 4064 4064 4064 4064 4064
356 1683121752 3566 533 3682 3663 3599 3642 3642 3610 4063 4063 4063 4063 4063 4063 4063 4063
357 1683121752 3566 534 3682 3663 3599 3642 3642 3610 4063 4063 4063 4063 4063 4063 4063 4063
358 1683121752 3566 533 3682 3663 3599 3641 3641 3609 4065 4065 4064 4064 4064 4064 4064 4064
359 1683121752 3565 533 3681 3662 3598 3640 3640 3608 4065 4065 4064 4064 4064 4064 4064 4064
360 1683121752 3565 533 3681 3663 3598 3640 3640 3608 4063 4063 4063 4063 4063 4063 4063 4063
361 1683121753 3566 533 3681 3662 3598 3641 3641 3609 4063 4063 4063 4063 4063 4063 4063 4063
362 1683121753 3566 533 3682 3663 3599 3641 3641 3609 4065 4065 4065 4065 4065 4065 4065 4065
363 1683121753 3565 533 3681 3662 3598 3641 3641 3609 4063 4063 4063 4063 4063 4063 4063 4063
364 1683121753 3565 533 3681 3662 3598 3641 3640 3608 4065 4065 4065 4065 4065 4065 4065 4065
365 1683121753 3565 534 3681 3662 3598 3641 3641 3609 4065 4065 4064 4064 4064 4064 4064 4064
366 1683121753 3565 533 3681 3663 3599 3641 3641 3609 4063 4063 4063 4063 4063 4063 4063 4063
367 1683121753 3565 533 3681 3662 3598 3641 3641 3609 4065 4065 4064 4064 4064 4064 4064 4064
368 1683121753 3567 533 3682 3663 3599 3642 3641 3610 4063 4063 4063 4063 4063 4063 4063 4063
369 1683121753 3565 533 3681 3662 3598 3641 3641 3609 4065 4065 4064 4064 4064 4064 4064 4064
370 1683121753 3566 533 3682 3663 3599 3642 3641 3610 4065 4065 4064 4064 4064 4064 4064 4064
371 1683121753 3566 533 3681 3663 3599 3641 3641 3609 4065 4065 4064 4064 4064 4064 4064 4064
372 1683121753 3566 533 3681 3662 3598 3641 3641 3609 4063 4063 4063 4063 4063 4063 4063 4063
373 1683121753 3566 533 3682 3663 3600 3642 3642 3610 4065 4065 4064 4064 4064 4064 4064 4064
374 1683121753 3566 533 3681 3663 3599 3641 3640 3609 4065 4065 4064 4064 4064 4064 4064 4064
375 1683121753 3566 533 3682 3663 3598 3641 3641 3609 4065 4065 4064 4064 4064 4064 4064 4064
376 1683121753 3566 533 3682 3663 3599 3642 3641 3610 4065 4065 4064 4064 4064 4064 4064 4064
377 1683121753 3566 533 3681 3664 3599 3643 3642 3610 4063 4063 4063 4063 4063 4063 4063 4063
378 1683121753 3566 533 3680 3663 3599 3642 3641 3610 4065 4065 4064 4064 4064 4064 4064 4064
379 1683121753 3567 533 3683 3664 3600 3642 3642 3611 4063 4063 4063 4063 4063 4063 4063 4063
380 1683121753 3566 533 3682 3662 3599 3641 3641 3609 4065 4065 4064 4064 4064 4064 4064 4064
381 1683121753 3566 533 3681 3663 3599 3642 3641 3609 4065 4065 4065 4065 4065 4065 4065 4065
382 1683121753 3566 533 3682 3663 3599 3641 3641 3609 4065 4065 4065 4065 4065 4065 4065 4065
383 1683121753 3566 533 3682 3663 3599 3641 3641 3610 4065 4065 4064 4064 4064 4064 4064 4064
384 1683121753 3566 533 3682 3664 3599 3642 3642 3609 4065 4065 4064 4064 4064 4064 4064 4064
385 1683121753 3566 534 3681 3662 3598 3641 3641 3610 4063 4063 4063 4063 4063 4063 4063 4063
386 1683121753 3567 533 3682 3664 3600 3642 3642 3610 4065 4065 4064 4064 4064 4064 4064 4064
387 1683121753 3566 533 3682 3664 3599 3642 3642 3609 4063 4063 4063 4063 4063 4063 4063 4063
388 1683121753 3567 535 3682 3663 3599 3642 3641 3610 4065 4065 4064 4064 4064 4064 4064 4064
389 1683121753 3566 534 3682 3664 3599 3642 3642 3610 4065 4065 4064 4064 4064 4064 4064 4064
390 1683121753 3566 534 3682 3663 3599 3641 3641 3609 4065 4065 4064 4064 4064 4064 4064 4064
391 1683121753 3566 533 3681 3663 3599 3642 3641 3610 4065 4065 4064 4064 4064 4064 4064 4064
392 1683121753 3566 533 3682 3663 3599 3641 3641 3609 4063 4063 4063 4063 4063 4063 4063 4063
393 1683121753 3566 533 3681 3664 3600 3643 3642 3610 4065 4063 4063 4063 4063 4063 4063 4063
394 1683121753 3567 533 3683 3665 3601 3643 3643 3611 4065 4065 4064 4064 4064 4064 4064 4064
395 1683121753 3565 534 3681 3662 3599 3641 3641 3609 4061 4061 4061 4061 4061 4061 4061 4061
396 1683121753 3566 533 3682 3663 3599 3642 3641 3609 4063 4063 4063 4063 4063 4063 4063 4063
397 1683121753 3566 533 3681 3663 3598 3641 3641 3609 4065 4065 4064 4064 4064 4064 4064 4064
398 1683121753 3566 533 3682 3662 3599 3641 3640 3609 4065 4063 4063 4063 4063 4063 4063 4063
399 1683121753 3566 533 3681 3662 3598 3640 3641 3609 4065 4065 4064 4064 4064 4064 4064 4064
400 1683121761 3564 534 3680 3661 3597 3640 3639 3607 4063 4063 4063 4063 4063 4063 4063 4063
401 1683121761 3565 533 3680 3662 3598 3641 3641 3609 4063 4063 4063 4063 4063 4063 4063 4063
402 1683121761 3566 534 3681 3663 3598 3641 3641 3609 4065 4065 4064 4064 4064 4064 4064 4064
403 1683121761 3565 534 3680 3662 3597 3640 3640 3608 4063 4063 4063 4063 4063 4063 4063 4063
404 1683121761 3565 534 3681 3662 3599 3641 3641 3609 4065 4065 4064 4064 4064 4064 4064 4064
405 1683121761 3564 533 3680 3662 3598 3641 3641 3609 4065 4065 4064 4064 4064 4064 4064 4064
406 1683121761 3565 533 3681 3662 3598 3640 3640 3608 4065 4065 4064 4064 4064 4064 4064 4064
407 1683121761 3565 534 3681 3662 3598 3641 3641 3609 4063 4063 4063 4063 4063 4063 4063 4063
408 1683121761 3566 534 3681 3662 3598 3641 3641 3609 4063 4063 4063 4063 4063 4063 4063 4063
409 1683121761 3565 533 3680 3662 3598 3641 3639 3608 4065 4065 4064 4064 4064 4064 4064 4064
410 1683121761 3564 532 3679 3660 3597 3639 3639 3607 4065 4065 4064 4064 4064 4064 4064 4064
411 1683121761 3563 532 3678 3660 3596 3639 3639 3607 4063 4063 4063 4063 4063 4063 4063 4063
412 1683121761 3563 532 3679 3660 3596 3639 3639 3607 4065 4065 4065 4065 4065 4065 4065 4065
413 1683121761 3564 531 3680 3661 3597 3639 3640 3607 4063 4063 4063 4063 4063 4063 4063 4063
414 1683121761 3563 532 3679 3660 3597 3639 3639 3607 4065 4065 4064 4064 4064 4064 4064 4064
415 1683121761 3565 532 3680 3662 3598 3640 3640 3608 4063 4063 4063 4063 4063 4063 4063 4063
416 1683121761 3563 532 3679 3661 3597 3639 3639 3608 4065 4065 4065 4065 4065 4065 4065 4065
417 1683121761 3564 531 3679 3661 3597 3640 3639 3608 4063 4063 4063 4063 4063 4063 4063 4063
418 1683121761 3564 532 3679 3660 3596 3639 3639 3607 4065 4065 4064 4064 4064 4064 4064 4064
419 1683121761 3563 532 3678 3660 3596 3639 3639 3607 4063 4063 4063 4063 4063 4063 4063 4063
420 1683121761 3563 532 3679 3660 3596 3639 3639 3607 4065 4065 4064 4064 4064 4064 4064 4064
421 1683121761 3564 532 3679 3661 3597 3639 3639 3607 4065 4065 4064 4064 4064 4064 4064 4064
422 1683121761 3564 532 3679 3660 3596 3639 3639 3607 4065 4065 4064 4064 4064 4064 4064 4064
423 1683121761 3564 531 3680 3661 3597 3640 3639 3608 4065 4065 4064 4064 4064 4064 4064 4064
424 1683121761 3564 532 3680 3660 3597 3639 3639 3608 4065 4065 4064 4064 4064 4064 4064 4064
425 1683121761 3564 531 3680 3661 3597 3639 3639 3607 4065 4065 4064 4064 4064 4064 4064 4064
426 1683121761 3564 532 3680 3661 3597 3640 3639 3608 4065 4065 4064 4064 4064 4064 4064 4064
427 1683121761 3564 531 3680 3662 3598 3640 3639 3608 4065 4065 4065 4065 4065 4065 4065 4065
428 1683121761 3565 532 3680 3662 3597 3640 3639 3608 4061 4061 4061 4061 4061 4061 4061 4061
429 1683121761 3565 531 3680 3661 3597 3640 3640 3608 4065 4065 4064 4064 4064 4064 4064 4064
430 1683121761 3564 531 3679 3660 3596 3639 3639 3607 4063 4063 4063 4063 4063 4063 4063 4063
431 1683121761 3564 532 3680 3661 3597 3639 3639 3607 4065 4065 4064 4064 4064 4064 4064 4064
432 1683121761 3564 532 3680 3661 3597 3640 3640 3608 4067 4065 4065 4065 4065 4065 4065 4065
433 1683121761 3564 532 3680 3662 3597 3640 3640 3608 4063 4063 4063 4063 4063 4063 4063 4063
434 1683121761 3564 532 3679 3661 3597 3639 3639 3607 4065 4065 4064 4064 4064 4064 4064 4064
435 1683121761 3563 532 3680 3661 3597 3639 3639 3607 4065 4065 4064 4064 4064 4064 4064 4064
436 1683121761 3564 532 3680 3661 3597 3640 3639 3607 4063 4063 4063 4063 4063 4063 4063 4063
437 1683121761 3564 533 3680 3661 3597 3640 3639 3608 4063 4063 4063 4063 4063 4063 4063 4063
438 1683121761 3564 532 3679 3661 3597 3640 3640 3607 4065 4065 4064 4064 4064 4064 4064 4064
439 1683121761 3563 532 3679 3660 3596 3639 3639 3607 4065 4065 4064 4064 4064 4064 4064 4064
440 1683121761 3563 532 3680 3662 3598 3640 3640 3608 4065 4065 4064 4064 4064 4064 4064 4064
441 1683121761 3565 531 3680 3661 3597 3640 3640 3608 4065 4065 4064 4064 4064 4064 4064 4064
442 1683121761 3565 532 3679 3662 3598 3640 3640 3608 4065 4065 4064 4064 4064 4064 4064 4064
443 1683121761 3564 532 3678 3661 3597 3639 3639 3607 4065 4065 4064 4064 4064 4064 4064 4064
444 1683121761 3565 532 3680 3661 3597 3640 3640 3608 4063 4063 4063 4063 4063 4063 4063 4063
445 1683121761 3564 532 3680 3662 3598 3640 3640 3608 4063 4063 4063 4063 4063 4063 4063 4063
446 1683121761 3564 532 3680 3661 3597 3640 3639 3608 4065 4065 4064 4064 4064 4064 4064 4064
447 1683121762 3564 532 3680 3661 3597 3640 3640 3608 4065 4065 4064 4064 4064 4064 4064 4064
448 1683121762 3565 531 3681 3662 3598 3640 3640 3608 4065 4065 4065 4065 4065 4065 4065 4065
449 1683121762 3564 532 3680 3661 3597 3640 3640 3608 4063 4063 4063 4063 4063 4063 4063 4063
450 1683121762 3565 532 3681 3662 3598 3640 3640 3608 4065 4065 4064 4064 4064 4064 4064 4064
451 1683121762 3565 532 3681 3662 3598 3640 3640 3608 4065 4063 4063 4063 4063 4063 4063 4063
452 1683121762 3564 532 3680 3661 3596 3639 3639 3607 4065 4065 4064 4064 4064 4064 4064 4064
453 1683121762 3564 533 3680 3661 3598 3640 3640 3608 4063 4063 4063 4063 4063 4063 4063 4063
454 1683121762 3564 532 3680 3661 3597 3640 3640 3608 4063 4063 4063 4063 4063 4063 4063 4063
455 1683121762 3564 532 3680 3661 3597 3640 3640 3608 4065 4065 4065 4065 4065 4065 4065 4065
456 1683121762 3564 533 3680 3661 3597 3640 3640 3608 4065 4065 4064 4064 4064 4064 4064 4064
457 1683121762 3564 532 3680 3661 3597 3639 3640 3608 4063 4063 4063 4063 4063 4063 4063 4063
458 1683121762 3564 532 3679 3661 3597 3640 3640 3608 4065 4065 4064 4064 4064 4064 4064 4064
459 1683121762 3565 532 3680 3661 3597 3639 3640 3607 4065 4065 4064 4064 4064 4064 4064 4064
460 1683121762 3565 532 3681 3662 3598 3641 3640 3609 4065 4065 4064 4064 4064 4064 4064 4064
461 1683121762 3564 533 3680 3661 3597 3640 3639 3607 4065 4065 4064 4064 4064 4064 4064 4064
462 1683121762 3565 532 3680 3662 3598 3640 3640 3608 4065 4065 4064 4064 4064 4064 4064 4064
463 1683121762 3564 532 3680 3661 3597 3640 3640 3608 4063 4063 4063 4063 4063 4063 4063 4063
464 1683121762 3565 532 3680 3661 3597 3640 3640 3608 4065 4065 4064 4064 4064 4064 4064 4064
465 1683121770 3562 532 3679 3660 3595 3638 3638 3607 4065 4065 4064 4064 4064 4064 4064 4064
466 1683121770 3563 532 3678 3660 3595 3638 3638 3606 4065 4065 4064 4064 4064 4064 4064 4064
467 1683121770 3564 533 3679 3660 3596 3639 3639 3607 4065 4065 4064 4064 4064 4064 4064 4064
468 1683121770 3564 533 3680 3661 3597 3640 3640 3608 4067 4065 4065 4065 4065 4065 4065 4065
469 1683121770 3564 532 3679 3661 3597 3639 3639 3608 4063 4063 4063 4063 4063 4063 4063 4063
470 1683121770 3564 532 3680 3661 3597 3639 3639 3607 4063 4063 4063 4063 4063 4063 4063 4063
471 1683121770 3564 532 3679 3661 3597 3640 3639 3608 4065 4065 4064 4064 4064 4064 4064 4064
472 1683121770 3564 532 3679 3661 3597 3639 3639 3607 4065 4065 4064 4064 4064 4064 4064 4064
473 1683121770 3564 532 3679 3661 3597 3639 3640 3608 4064 4063 4063 4063 4063 4063 4063 4063
474 1683121770 3564 531 3680 3661 3597 3640 3639 3608 4065 4065 4064 4064 4064 4064 4064 4064
475 1683121770 3564 532 3679 3661 3597 3639 3639 3607 4063 4063 4063 4063 4063 4063 4063 4063
476 1683121770 3563 532 3679 3660 3596 3639 3638 3607 4065 4065 4064 4064 4064 4064 4064 4064
477 1683121770 3564 532 3680 3662 3597 3640 3640 3608 4063 4063 4062 4062 4062 4062 4062 4062
478 1683121770 3564 532 3680 3661 3597 3640 3640 3608 4065 4065 4064 4064 4064 4064 4064 4064
479 1683121770 3563 533 3678 3661 3596 3639 3639 3607 4065 4065 4064 4064 4064 4064 4064 4064
480 1683121770 3564 532 3680 3661 3596 3640 3640 3607 4063 4063 4063 4063 4063 4063 4063 4063
481 1683121770 3565 532 3680 3661 3597 3639 3640 3608 4065 4065 4064 4064 4064 4064 4064 4064
482 1683121770 3564 533 3678 3661 3597 3639 3639 3607 4065 4065 4065 4065 4065 4065 4065 4065
483 1683121770 3564 532 3680 3661 3597 3640 3640 3608 4063 4063 4063 4063 4063 4063 4063 4063
484 1683121770 3565 533 3680 3662 3598 3640 3640 3609 4059 4059 4059 4059 4059 4059 4059 4059
485 1683121770 3565 532 3681 3662 3598 3640 3640 3609 4065 4065 4064 4064 4064 4064 4064 4064
486 1683121770 3564 532 3679 3661 3596 3639 3638 3607 4065 4065 4065 4065 4065 4065 4065 4065
487 1683121770 3565 532 3681 3662 3598 3640 3640 3608 4065 4065 4064 4064 4064 4064 4064 4064
488 1683121770 3564 531 3680 3660 3596 3638 3638 3607 4063 4063 4063 4063 4063 4063 4063 4063
489 1683121770 3564 532 3679 3661 3596 3639 3639 3607 4065 4065 4064 4064 4064 4064 4064 4064
490 1683121770 3564 532 3680 3661 3597 3639 3639 3607 4065 4065 4065 4065 4065 4065 4065 4065
491 1683121770 3565 532 3680 3662 3598 3640 3640 3608 4063 4063 4063 4063 4063 4063 4063 4063
492 1683121770 3564 533 3680 3662 3597 3640 3640 3608 4065 4065 4064 4064 4064 4064 4064 4064
493 1683121770 3564 532 3680 3661 3597 3640 3639 3607 4067 4065 4065 4065 4065 4065 4065 4065
494 1683121770 3565 532 3680 3662 3597 3640 3640 3608 4065 4065 4064 4064 4064 4064 4064 4064
495 1683121770 3564 532 3679 3661 3597 3639 3639 3607 4065 4065 4064 4064 4064 4064 4064 4064
496 1683121770 3565 532 3680 3661 3597 3640 3640 3607 4065 4065 4064 4064 4064 4064 4064 4064
497 1683121770 3564 532 3680 3661 3597 3640 3639 3608 4065 4065 4064 4064 4064 4064 4064 4064
498 1683121770 3565 532 3681 3662 3598 3641 3641 3608 4063 4063 4063 4063 4063 4063 4063 4063
499 1683121770 3564 532 3679 3661 3597 3639 3639 3607 4063 4063 4063 4063 4063 4063 4063 4063
500 1683121770 3564 533 3680 3661 3597 3639 3640 3608 4067 4065 4065 4065 4065 4065 4065 4065
501 1683121770 3565 532 3681 3662 3598 3640 3640 3609 4065 4063 4063 4063 4063 4063 4063 4063
502 1683121770 3565 532 3680 3662 3597 3640 3639 3608 4063 4063 4063 4063 4063 4063 4063 4063
503 1683121770 3565 532 3681 3662 3598 3641 3640 3608 4065 4065 4064 4064 4064 4064 4064 4064
504 1683121770 3563 533 3679 3661 3597 3639 3639 3607 4065 4065 4064 4064 4064 4064 4064 4064
505 1683121770 3564 532 3679 3661 3597 3640 3640 3608 4065 4065 4064 4064 4064 4064 4064 4064
506 1683121770 3564 532 3680 3661 3597 3640 3640 3608 4063 4063 4063 4063 4063 4063 4063 4063
507 1683121770 3565 532 3681 3662 3598 3640 3640 3609 4065 4065 4064 4064 4064 4064 4064 4064
508 1683121770 3564 533 3680 3662 3597 3640 3640 3608 4065 4065 4064 4064 4064 4064 4064 4064
509 1683121770 3564 532 3680 3661 3597 3640 3640 3608 4065 4065 4064 4064 4064 4064 4064 4064
510 1683121770 3564 532 3680 3661 3598 3640 3639 3608 4063 4063 4063 4063 4063 4063 4063 4063
511 1683121770 3564 533 3679 3660 3597 3639 3639 3607 4065 4065 4065 4065 4065 4065 4065 4065
512 1683121770 3565 533 3680 3662 3598 3641 3640 3609 4065 4065 4065 4065 4065 4065 4065 4065
513 1683121770 3565 532 3681 3662 3598 3640 3641 3609 4065 4065 4064 4064 4064 4064 4064 4064
514 1683121770 3565 532 3680 3661 3597 3639 3640 3608 4063 4063 4063 4063 4063 4063 4063 4063
515 1683121770 3564 534 3680 3662 3598 3640 3640 3608 4065 4065 4064 4064 4064 4064 4064 4064
516 1683121770 3565 533 3681 3662 3598 3640 3640 3608 4065 4065 4064 4064 4064 4064 4064 4064
517 1683121770 3565 532 3680 3662 3598 3640 3640 3608 4065 4065 4064 4064 4064 4064 4064 4064
518 1683121770 3565 531 3680 3662 3598 3640 3640 3608 4065 4065 4065 4065 4065 4065 4065 4065
519 1683121770 3566 532 3681 3663 3598 3641 3641 3609 4065 4065 4064 4064 4064 4064 4064 4064
520 1683121770 3565 532 3680 3661 3597 3640 3639 3608 4065 4065 4064 4064 4064 4064 4064 4064
521 1683121770 3565 532 3680 3662 3597 3640 3640 3608 4065 4065 4064 4064 4064 4064 4064 4064
522 1683121770 3564 533 3680 3661 3597 3640 3640 3608 4065 4065 4064 4064 4064 4064 4064 4064
523 1683121770 3565 532 3681 3662 3598 3641 3640 3608 4063 4063 4062 4062 4062 4062 4062 4062
524 1683121770 3564 533 3680 3661 3597 3639 3639 3608 4065 4065 4064 4064 4064 4064 4064 4064
525 1683121770 3564 532 3680 3662 3597 3640 3640 3608 4065 4065 4064 4064 4064 4064 4064 4064
526 1683121770 3564 533 3680 3661 3597 3640 3639 3607 4063 4063 4063 4063 4063 4063 4063 4063
527 1683121770 3565 533 3681 3661 3598 3640 3640 3608 4065 4065 4064 4064 4064 4064 4064 4064
528 1683121770 3565 533 3681 3662 3598 3641 3640 3609 4061 4061 4061 4061 4061 4061 4061 4061
529 1683121770 3565 532 3681 3662 3598 3640 3640 3608 4063 4063 4063 4063 4063 4063 4063 4063
530 1683121770 3565 533 3680 3662 3598 3640 3640 3608 4065 4065 4064 4064 4064 4064 4064 4064
531 1683121770 3565 532 3681 3662 3598 3640 3640 3608 4065 4065 4064 4064 4064 4064 4064 4064
532 1683121770 3564 533 3680 3661 3597 3640 3640 3608 4065 4065 4064 4064 4064 4064 4064 4064
533 1683121770 3566 532 3681 3663 3598 3640 3640 3609 4065 4063 4063 4063 4063 4063 4063 4063
534 1683121770 3566 533 3682 3663 3599 3641 3641 3609 4063 4063 4063 4063 4063 4063 4063 4063
535 1683121771 3564 532 3680 3661 3598 3640 3640 3608 4065 4065 4064 4064 4064 4064 4064 4064
536 1683121771 3564 532 3680 3662 3597 3641 3640 3608 4065 4065 4064 4064 4064 4064 4064 4064
537 1683121771 3565 533 3681 3662 3598 3641 3640 3609 4065 4065 4065 4065 4065 4065 4065 4065
538 1683121771 3565 533 3681 3662 3598 3641 3640 3609 4063 4063 4063 4063 4063 4063 4063 4063
539 1683121771 3564 533 3681 3662 3598 3640 3640 3608 4065 4065 4064 4064 4064 4064 4064 4064
540 1683121771 3565 533 3680 3662 3598 3640 3640 3609 4065 4065 4064 4064 4064 4064 4064 4064
541 1683121771 3565 532 3681 3662 3598 3641 3640 3608 4067 4065 4065 4065 4065 4065 4065 4065
542 1683121771 3565 533 3681 3662 3598 3640 3641 3609 4065 4063 4063 4063 4063 4063 4063 4063
543 1683121771 3565 533 3681 3663 3598 3641 3641 3609 4065 4065 4065 4065 4065 4065 4065 4065
544 1683121771 3565 533 3680 3662 3598 3641 3641 3609 4063 4063 4062 4062 4062 4062 4062 4062
545 1683121771 3565 532 3680 3661 3598 3640 3639 3607 4065 4065 4064 4064 4064 4064 4064 4064
546 1683121771 3565 533 3680 3662 3598 3641 3640 3608 4063 4063 4063 4063 4063 4063 4063 4063
547 1683121771 3565 532 3681 3662 3598 3641 3641 3609 4065 4065 4065 4065 4065 4065 4065 4065
548 1683121771 3566 533 3681 3663 3599 3641 3641 3609 4065 4065 4065 4065 4065 4065 4065 4065
549 1683121771 3566 533 3681 3662 3598 3641 3640 3608 4065 4065 4064 4064 4064 4064 4064 4064
550 1683121771 3565 533 3681 3663 3599 3641 3641 3609 4063 4063 4063 4063 4063 4063 4063 4063
551 1683121771 3566 532 3681 3662 3598 3641 3640 3608 4065 4065 4064 4064 4064 4064 4064 4064
552 1683121771 3565 533 3680 3662 3598 3641 3640 3608 4063 4063 4063 4063 4063 4063 4063 4063
553 1683121771 3564 533 3679 3662 3598 3640 3640 3608 4065 4063 4063 4063 4063 4063 4063 4063
554 1683121771 3565 533 3681 3663 3598 3641 3640 3608 4065 4065 4064 4064 4064 4064 4064 4064
555 1683121771 3565 533 3681 3663 3598 3641 3641 3609 4065 4065 4064 4064 4064 4064 4064 4064
556 1683121771 3565 533 3680 3662 3598 3641 3641 3609 4065 4065 4064 4064 4064 4064 4064 4064
557 1683121771 3563 533 3680 3661 3597 3640 3640 3608 4063 4063 4063 4063 4063 4063 4063 4063
558 1683121771 3566 532 3681 3663 3598 3641 3641 3609 4063 4063 4063 4063 4063 4063 4063 4063
559 1683121771 3565 533 3681 3662 3598 3640 3640 3609 4065 4065 4064 4064 4064 4064 4064 4064
560 1683121771 3565 533 3680 3661 3597 3640 3641 3609 4065 4065 4064 4064 4064 4064 4064 4064
561 1683121771 3565 533 3680 3661 3597 3640 3640 3608 4063 4063 4063 4063 4063 4063 4063 4063
562 1683121771 3565 532 3681 3662 3598 3640 3640 3609 4063 4063 4063 4063 4063 4063 4063 4063
563 1683121771 3566 532 3681 3662 3598 3641 3640 3609 4063 4063 4063 4063 4063 4063 4063 4063
564 1683121771 3565 533 3681 3662 3598 3641 3640 3609 4063 4063 4063 4063 4063 4063 4063 4063
565 1683121771 3565 533 3681 3662 3598 3641 3640 3609 4063 4063 4063 4063 4063 4063 4063 4063
566 1683121771 3566 533 3682 3663 3599 3641 3641 3610 4063 4063 4063 4063 4063 4063 4063 4063
567 1683121771 3565 533 3680 3661 3597 3640 3640 3608 4065 4065 4064 4064 4064 4064 4064 4064
568 1683121771 3565 533 3680 3662 3598 3641 3641 3609 4065 4065 4065 4065 4065 4065 4065 4065
569 1683121771 3565 532 3679 3661 3598 3640 3640 3608 4063 4063 4063 4063 4063 4063 4063 4063
570 1683121771 3566 532 3681 3663 3598 3641 3640 3608 4063 4063 4063 4063 4063 4063 4063 4063
571 1683121771 3565 533 3681 3662 3598 3641 3641 3610 4065 4065 4065 4065 4065 4065 4065 4065
572 1683121771 3565 533 3681 3662 3598 3640 3640 3609 4063 4063 4063 4063 4063 4063 4063 4063
573 1683121771 3565 532 3680 3662 3598 3640 3640 3608 4063 4063 4063 4063 4063 4063 4063 4063
574 1683121771 3566 533 3682 3662 3598 3641 3641 3609 4065 4065 4064 4064 4064 4064 4064 4064
575 1683121771 3565 533 3681 3662 3598 3640 3641 3609 4065 4065 4064 4064 4064 4064 4064 4064
576 1683121771 3565 533 3680 3662 3598 3641 3641 3609 4065 4065 4064 4064 4064 4064 4064 4064
577 1683121771 3565 532 3680 3662 3597 3640 3640 3609 4063 4063 4063 4063 4063 4063 4063 4063
578 1683121771 3565 532 3681 3662 3598 3640 3640 3608 4065 4065 4064 4064 4064 4064 4064 4064
579 1683121771 3564 534 3680 3661 3597 3640 3640 3608 4063 4063 4063 4063 4063 4063 4063 4063
580 1683121771 3565 533 3681 3662 3598 3641 3641 3609 4063 4063 4063 4063 4063 4063 4063 4063
581 1683121771 3565 533 3681 3662 3598 3640 3640 3609 4063 4063 4063 4063 4063 4063 4063 4063
582 1683121771 3565 532 3681 3662 3598 3640 3640 3609 4063 4063 4063 4063 4063 4063 4063 4063
583 1683121771 3566 532 3681 3663 3599 3642 3641 3609 4065 4065 4064 4064 4064 4064 4064 4064
584 1683121771 3565 533 3680 3662 3598 3640 3640 3608 4065 4065 4065 4065 4065 4065 4065 4065
585 1683121771 3565 533 3681 3662 3598 3641 3641 3609 4065 4065 4064 4064 4064 4064 4064 4064
586 1683121771 3565 533 3681 3663 3599 3641 3641 3610 4065 4064 4064 4064 4064 4064 4064 4064
587 1683121771 3565 533 3680 3662 3598 3641 3641 3609 4063 4063 4063 4063 4063 4063 4063 4063
588 1683121771 3565 533 3681 3662 3598 3641 3641 3609 4067 4065 4065 4065 4065 4065 4065 4065
589 1683121771 3565 533 3680 3662 3597 3640 3640 3608 4065 4063 4063 4063 4063 4063 4063 4063
590 1683121771 3566 533 3682 3663 3599 3642 3641 3610 4065 4063 4063 4063 4063 4063 4063 4063
591 1683121771 3565 533 3681 3662 3598 3641 3640 3609 4065 4065 4065 4065 4065 4065 4065 4065
592 1683121771 3565 533 3680 3662 3598 3641 3640 3609 4065 4065 4064 4064 4064 4064 4064 4064
593 1683121771 3565 532 3681 3662 3598 3640 3641 3609 4063 4063 4063 4063 4063 4063 4063 4063
594 1683121771 3565 533 3680 3662 3598 3641 3640 3609 4063 4063 4063 4063 4063 4063 4063 4063
595 1683121771 3566 532 3682 3663 3599 3642 3641 3609 4065 4065 4064 4064 4064 4064 4064 4064
596 1683121771 3564 533 3680 3661 3597 3640 3639 3608 4065 4065 4064 4064 4064 4064 4064 4064
597 1683121771 3566 533 3681 3662 3599 3641 3641 3610 4065 4065 4064 4064 4064 4064 4064 4064
598 1683121771 3566 533 3681 3663 3599 3641 3641 3609 4061 4061 4060 4060 4060 4060 4060 4060
599 1683121771 3566 532 3681 3662 3598 3640 3640 3609 4065 4065 4064 4064 4064 4064 4064 4064
600 1683121771 3565 533 3680 3662 3598 3641 3641 3609 4065 4065 4064 4064 4064 4064 4064 4064
601 1683121771 3566 533 3681 3662 3598 3641 3641 3609 4065 4065 4064 4064 4064 4064 4064 4064
602 1683121771 3565 533 3681 3662 3598 3641 3641 3609 4065 4065 4064 4064 4064 4064 4064 4064
603 1683121771 3565 533 3681 3663 3599 3641 3641 3609 4065 4065 4065 4065 4065 4065 4065 4065
604 1683121771 3566 533 3682 3663 3599 3641 3641 3609 4065 4065 4064 4064 4064 4064 4064 4064
605 1683121771 3564 533 3681 3662 3598 3640 3641 3609 4063 4063 4063 4063 4063 4063 4063 4063
606 1683121771 3566 533 3681 3663 3599 3642 3641 3609 4065 4065 4065 4065 4065 4065 4065 4065
607 1683121771 3565 533 3680 3661 3598 3641 3640 3609 4065 4065 4064 4064 4064 4064 4064 4064
608 1683121771 3565 533 3682 3663 3599 3641 3641 3609 4061 4061 4061 4061 4061 4061 4061 4061
609 1683121771 3565 533 3681 3662 3598 3640 3641 3608 4065 4065 4064 4064 4064 4064 4064 4064
610 1683121772 3565 533 3680 3662 3598 3640 3641 3609 4065 4065 4064 4064 4064 4064 4064 4064
611 1683121772 3566 534 3681 3662 3599 3641 3641 3609 4065 4063 4063 4063 4063 4063 4063 4063
612 1683121772 3565 533 3682 3663 3598 3641 3641 3610 4065 4065 4065 4065 4065 4065 4065 4065
613 1683121772 3566 533 3682 3664 3599 3642 3642 3610 4065 4065 4065 4065 4065 4065 4065 4065
614 1683121772 3565 533 3681 3662 3598 3641 3641 3609 4065 4065 4064 4064 4064 4064 4064 4064
615 1683121772 3566 533 3681 3662 3598 3641 3640 3609 4063 4063 4062 4062 4062 4062 4062 4062
616 1683121772 3566 533 3681 3663 3599 3641 3641 3609 4063 4063 4063 4063 4063 4063 4063 4063
617 1683121772 3566 534 3681 3663 3599 3642 3642 3610 4065 4065 4064 4064 4064 4064 4064 4064
618 1683121772 3566 533 3682 3663 3599 3642 3642 3610 4065 4065 4065 4065 4065 4065 4065 4065
619 1683121772 3565 533 3681 3663 3598 3641 3640 3609 4065 4065 4064 4064 4064 4064 4064 4064
620 1683121772 3566 533 3681 3662 3598 3641 3641 3609 4065 4065 4064 4064 4064 4064 4064 4064
621 1683121772 3566 533 3681 3663 3598 3641 3640 3609 4063 4063 4063 4063 4063 4063 4063 4063
622 1683121772 3565 533 3682 3662 3598 3641 3640 3609 4063 4063 4063 4063 4063 4063 4063 4063
623 1683121772 3566 533 3682 3663 3599 3642 3641 3610 4065 4065 4064 4064 4064 4064 4064 4064
624 1683121772 3566 533 3682 3663 3599 3641 3641 3609 4065 4065 4064 4064 4064 4064 4064 4064
625 1683121772 3566 533 3682 3663 3599 3641 3641 3609 4065 4065 4064 4064 4064 4064 4064 4064
626 1683121772 3567 533 3682 3663 3599 3642 3642 3610 4065 4065 4064 4064 4064 4064 4064 4064
627 1683121772 3566 534 3682 3663 3599 3642 3641 3610 4063 4063 4063 4063 4063 4063 4063 4063
628 1683121772 3566 533 3682 3663 3599 3642 3641 3610 4065 4065 4064 4064 4064 4064 4064 4064
629 1683121772 3565 533 3681 3663 3598 3641 3641 3609 4065 4065 4064 4064 4064 4064 4064 4064
630 1683121772 3567 533 3682 3664 3600 3642 3641 3610 4063 4063 4063 4063 4063 4063 4063 4063
631 1683121772 3566 533 3681 3663 3599 3641 3640 3609 4063 4063 4063 4063 4063 4063 4063 4063
632 1683121772 3567 533 3680 3662 3598 3641 3641 3609 4063 4063 4063 4063 4063 4063 4063 4063
633 1683121772 3566 533 3681 3663 3598 3641 3641 3609 4065 4065 4064 4064 4064 4064 4064 4064
634 1683121772 3566 533 3682 3663 3599 3641 3640 3610 4065 4065 4064 4064 4064 4064 4064 4064
635 1683121772 3566 534 3681 3663 3598 3641 3641 3609 4065 4065 4064 4064 4064 4064 4064 4064
636 1683121772 3566 533 3682 3663 3599 3642 3641 3609 4065 4065 4064 4064 4064 4064 4064 4064
637 1683121772 3566 533 3681 3663 3599 3641 3641 3609 4063 4063 4063 4063 4063 4063 4063 4063
638 1683121772 3566 533 3682 3663 3599 3642 3641 3610 4063 4063 4062 4062 4062 4062 4062 4062
639 1683121772 3567 534 3683 3664 3600 3642 3642 3610 4065 4065 4064 4064 4064 4064 4064 4064
640 1683121772 3566 533 3681 3663 3599 3641 3641 3609 4065 4065 4064 4064 4064 4064 4064 4064
641 1683121772 3566 533 3682 3663 3599 3642 3642 3610 4065 4065 4064 4064 4064 4064 4064 4064
642 1683121772 3566 535 3682 3663 3599 3641 3641 3610 4063 4063 4063 4063 4063 4063 4063 4063
643 1683121772 3566 534 3682 3663 3599 3642 3641 3609 4065 4065 4064 4064 4064 4064 4064 4064
644 1683121772 3566 533 3682 3663 3599 3642 3642 3610 4063 4063 4063 4063 4063 4063 4063 4063
645 1683121772 3566 533 3681 3662 3598 3640 3640 3609 4065 4065 4064 4064 4064 4064 4064 4064
646 1683121772 3566 533 3681 3663 3598 3641 3641 3610 4065 4065 4064 4064 4064 4064 4064 4064
647 1683121772 3565 533 3681 3662 3598 3640 3640 3608 4065 4065 4064 4064 4064 4064 4064 4064
648 1683121772 3566 533 3682 3663 3599 3641 3641 3609 4065 4065 4064 4064 4064 4064 4064 4064
649 1683121772 3566 533 3682 3663 3600 3641 3641 3609 4065 4065 4064 4064 4064 4064 4064 4064
650 1683121772 3566 533 3682 3663 3599 3641 3641 3610 4065 4065 4064 4064 4064 4064 4064 4064
651 1683121772 3566 533 3682 3663 3599 3641 3642 3610 4065 4065 4064 4064 4064 4064 4064 4064
652 1683121772 3567 533 3682 3664 3599 3641 3642 3610 4065 4065 4065 4065 4065 4065 4065 4065
653 1683121772 3565 533 3682 3663 3599 3641 3641 3609 4065 4065 4064 4064 4064 4064 4064 4064
654 1683121772 3566 533 3682 3663 3599 3642 3642 3610 4063 4063 4063 4063 4063 4063 4063 4063
655 1683121772 3566 533 3681 3663 3599 3642 3641 3609 4065 4065 4065 4065 4065 4065 4065 4065
656 1683121772 3565 534 3681 3663 3598 3641 3642 3610 4065 4065 4064 4064 4064 4064 4064 4064
657 1683121772 3567 534 3683 3664 3600 3642 3642 3611 4065 4065 4065 4065 4065 4065 4065 4065
658 1683121772 3566 533 3682 3663 3599 3642 3641 3609 4065 4065 4064 4064 4064 4064 4064 4064
659 1683121772 3567 534 3682 3663 3599 3642 3642 3610 4065 4063 4063 4063 4063 4063 4063 4063
660 1683121772 3566 533 3682 3663 3599 3642 3641 3610 4065 4065 4064 4064 4064 4064 4064 4064
661 1683121772 3567 533 3682 3663 3599 3641 3641 3610 4063 4063 4063 4063 4063 4063 4063 4063
662 1683121772 3566 533 3682 3663 3599 3641 3641 3609 4063 4063 4063 4063 4063 4063 4063 4063
663 1683121772 3566 533 3683 3664 3600 3643 3642 3610 4065 4065 4065 4065 4065 4065 4065 4065
664 1683121772 3566 533 3682 3663 3599 3642 3641 3610 4065 4065 4065 4065 4065 4065 4065 4065
665 1683121772 3565 532 3681 3662 3598 3640 3640 3608 4065 4065 4064 4064 4064 4064 4064 4064
666 1683121772 3564 532 3680 3661 3597 3639 3639 3607 4065 4065 4065 4065 4065 4065 4065 4065
667 1683121772 3564 532 3679 3661 3596 3639 3639 3607 4063 4063 4062 4062 4062 4062 4062 4062
668 1683121772 3564 532 3680 3662 3597 3640 3639 3607 4063 4063 4063 4063 4063 4063 4063 4063
669 1683121772 3565 532 3680 3663 3598 3640 3640 3608 4063 4063 4063 4063 4063 4063 4063 4063
670 1683121772 3564 532 3680 3661 3597 3639 3639 3607 4063 4063 4063 4063 4063 4063 4063 4063
671 1683121772 3563 532 3679 3660 3596 3639 3638 3606 4065 4065 4065 4065 4065 4065 4065 4065
672 1683121772 3565 532 3680 3662 3598 3641 3640 3608 4065 4065 4064 4064 4064 4064 4064 4064
673 1683121772 3564 531 3680 3661 3597 3639 3639 3607 4065 4065 4064 4064 4064 4064 4064 4064
674 1683121772 3564 531 3680 3661 3597 3639 3639 3608 4064 4065 4064 4064 4064 4064 4064 4064
675 1683121772 3564 532 3680 3661 3597 3640 3639 3607 4063 4063 4063 4063 4063 4063 4063 4063
676 1683121772 3563 533 3680 3661 3597 3639 3639 3607 4065 4065 4064 4064 4064 4064 4064 4064
677 1683121772 3564 532 3680 3661 3597 3639 3639 3608 4063 4063 4063 4063 4063 4063 4063 4063
678 1683121772 3564 531 3680 3661 3597 3639 3640 3608 4065 4065 4064 4064 4064 4064 4064 4064
679 1683121772 3564 532 3680 3661 3597 3640 3640 3608 4063 4063 4062 4062 4062 4062 4062 4062
680 1683121780 3562 532 3678 3659 3595 3637 3637 3605 4065 4065 4064 4064 4064 4064 4064 4064
681 1683121780 3563 531 3678 3659 3595 3638 3638 3606 4063 4063 4062 4062 4062 4062 4062 4062
682 1683121780 3564 532 3679 3660 3596 3639 3638 3607 4065 4065 4065 4065 4065 4065 4065 4065
683 1683121780 3564 531 3679 3661 3596 3639 3639 3607 4065 4065 4064 4064 4064 4064 4064 4064
684 1683121780 3564 532 3679 3661 3597 3639 3639 3607 4065 4065 4064 4064 4064 4064 4064 4064
685 1683121780 3564 531 3679 3660 3597 3639 3639 3607 4065 4065 4065 4065 4065 4065 4065 4065
686 1683121780 3564 531 3679 3660 3596 3639 3638 3607 4063 4063 4063 4063 4063 4063 4063 4063
687 1683121780 3563 532 3678 3660 3596 3639 3638 3607 4065 4065 4064 4064 4064 4064 4064 4064
688 1683121780 3563 532 3678 3660 3596 3639 3638 3606 4065 4065 4064 4064 4064 4064 4064 4064
689 1683121780 3563 532 3679 3660 3596 3639 3639 3607 4065 4065 4065 4065 4065 4065 4065 4065
690 1683121780 3564 531 3680 3661 3597 3639 3638 3607 4065 4065 4064 4064 4064 4064 4064 4064
691 1683121780 3564 533 3679 3660 3596 3639 3639 3607 4063 4063 4063 4063 4063 4063 4063 4063
692 1683121780 3564 532 3679 3661 3597 3640 3640 3607 4065 4065 4064 4064 4064 4064 4064 4064
693 1683121780 3563 532 3679 3660 3596 3639 3639 3607 4065 4065 4065 4065 4065 4065 4065 4065
694 1683121780 3563 532 3678 3660 3596 3639 3639 3607 4065 4065 4064 4064 4064 4064 4064 4064
695 1683121780 3564 531 3680 3661 3597 3640 3639 3607 4065 4065 4064 4064 4064 4064 4064 4064
696 1683121780 3565 531 3679 3662 3597 3640 3640 3608 4065 4065 4064 4064 4064 4064 4064 4064
697 1683121780 3564 531 3678 3660 3597 3639 3639 3607 4063 4063 4063 4063 4063 4063 4063 4063
698 1683121781 3564 532 3681 3661 3598 3640 3640 3608 4065 4063 4063 4063 4063 4063 4063 4063
699 1683121781 3564 531 3679 3661 3596 3639 3638 3607 4063 4063 4063 4063 4063 4063 4063 4063
700 1683121781 3564 532 3679 3660 3596 3639 3639 3608 4065 4065 4064 4064 4064 4064 4064 4064
701 1683121781 3563 531 3679 3660 3596 3639 3639 3607 4065 4065 4064 4064 4064 4064 4064 4064
702 1683121781 3564 531 3680 3661 3597 3639 3639 3607 4065 4065 4065 4065 4065 4065 4065 4065
703 1683121781 3563 532 3679 3661 3596 3639 3639 3607 4065 4065 4065 4065 4065 4065 4065 4065
704 1683121781 3564 532 3679 3660 3597 3639 3639 3607 4065 4065 4064 4064 4064 4064 4064 4064
705 1683121781 3565 531 3680 3661 3598 3640 3639 3608 4063 4063 4063 4063 4063 4063 4063 4063
706 1683121781 3564 534 3679 3661 3597 3640 3639 3608 4063 4063 4063 4063 4063 4063 4063 4063
707 1683121781 3564 533 3680 3661 3597 3640 3640 3608 4063 4063 4063 4063 4063 4063 4063 4063
708 1683121781 3565 532 3680 3662 3597 3640 3640 3608 4065 4065 4064 4064 4064 4064 4064 4064
709 1683121781 3564 532 3680 3661 3597 3639 3639 3607 4063 4063 4063 4063 4063 4063 4063 4063
710 1683121781 3564 532 3680 3661 3597 3640 3639 3608 4065 4065 4064 4064 4064 4064 4064 4064
711 1683121781 3564 532 3680 3661 3597 3639 3639 3608 4065 4065 4064 4064 4064 4064 4064 4064
712 1683121781 3564 532 3679 3661 3597 3639 3639 3607 4065 4065 4064 4064 4064 4064 4064 4064
713 1683121781 3564 533 3678 3661 3597 3640 3640 3607 4063 4063 4063 4063 4063 4063 4063 4063
714 1683121781 3565 532 3681 3662 3597 3640 3640 3608 4063 4063 4063 4063 4063 4063 4063 4063
715 1683121781 3564 532 3680 3661 3597 3639 3639 3607 4065 4064 4064 4064 4064 4064 4064 4064
716 1683121781 3564 532 3681 3661 3597 3640 3640 3608 4065 4063 4063 4063 4063 4063 4063 4063
717 1683121781 3564 532 3680 3661 3598 3641 3640 3608 4063 4063 4063 4063 4063 4063 4063 4063
718 1683121781 3565 532 3680 186 3593 3640 3640 3608 4063 4063 4063 4063 4063 4063 4063 4063
719 1683121781 3564 532 3680 3661 3597 3640 3640 3608 4065 4065 4065 4065 4065 4065 4065 4065
720 1683121781 3564 532 3679 3661 3596 3639 3639 3607 4063 4063 4063 4063 4063 4063 4063 4063
721 1683121781 3565 531 3680 3662 3598 3641 3640 3609 4065 4065 4064 4064 4064 4064 4064 4064
722 1683121781 3565 532 3681 3662 3598 3641 3641 3609 4065 4065 4064 4064 4064 4064 4064 4064
723 1683121781 3565 533 3681 3662 3598 3641 3640 3609 4063 4063 4063 4063 4063 4063 4063 4063
724 1683121781 3564 532 3680 3662 3597 3640 3640 3609 4065 4065 4064 4064 4064 4064 4064 4064
725 1683121781 3564 532 3680 3661 3597 3640 3639 3607 4063 4063 4063 4063 4063 4063 4063 4063
726 1683121781 3565 532 3681 3662 3598 3640 3640 3608 4065 4065 4065 4065 4065 4065 4065 4065
727 1683121781 3564 533 3679 3661 3597 3640 3640 3608 4063 4063 4063 4063 4063 4063 4063 4063
728 1683121781 3564 532 3679 3661 3597 3640 3640 3608 4063 4063 4063 4063 4063 4063 4063 4063
729 1683121781 3564 533 3678 3661 3597 3640 3640 3607 4065 4065 4064 4064 4064 4064 4064 4064
730 1683121781 3564 532 3680 3661 3596 3640 3639 3607 4065 4065 4064 4064 4064 4064 4064 4064
731 1683121781 3565 533 3681 3662 3598 3641 3641 3608 4065 4065 4064 4064 4064 4064 4064 4064
732 1683121781 3564 532 3680 3661 3597 3640 3639 3608 4067 4063 4063 4063 4063 4063 4063 4063
733 1683121781 3565 532 3680 3662 3598 3640 3640 3608 4065 4065 4064 4064 4064 4064 4064 4064
734 1683121781 3565 532 3680 3661 3597 3640 3640 3608 4065 4065 4064 4064 4064 4064 4064 4064
735 1683121781 3565 532 3680 3662 3598 3641 3640 3608 4063 4063 4063 4063 4063 4063 4063 4063
736 1683121781 3565 532 3681 3662 3598 3640 3640 3608 4065 4065 4064 4064 4064 4064 4064 4064
737 1683121781 3565 532 3681 3661 3597 3640 3640 3608 4065 4065 4064 4064 4064 4064 4064 4064
738 1683121781 3564 532 3680 3661 3597 3639 3639 3607 4063 4063 4063 4063 4063 4063 4063 4063
739 1683121781 3564 533 3680 3662 3598 3640 3640 3608 4065 4065 4064 4064 4064 4064 4064 4064
740 1683121781 3565 533 3680 3662 3598 3640 3640 3608 4065 4065 4064 4064 4064 4064 4064 4064
741 1683121781 3566 532 3681 3663 3598 3641 3641 3609 4065 4065 4064 4064 4064 4064 4064 4064
742 1683121781 3565 532 3680 3661 3597 3640 3640 3608 4065 4065 4064 4064 4064 4064 4064 4064
743 1683121781 3565 532 3680 3661 3598 3640 3640 3608 4063 4063 4063 4063 4063 4063 4063 4063
744 1683121781 3564 532 3680 3662 3598 3640 3640 3608 4065 4065 4064 4064 4064 4064 4064 4064
745 1683121781 3565 532 3680 3662 3598 3641 3641 3609 4063 4063 4063 4063 4063 4063 4063 4063
746 1683121781 3565 532 3681 3662 3598 3641 3641 3609 4065 4065 4064 4064 4064 4064 4064 4064
747 1683121781 3563 533 3679 3660 3596 3639 3639 3607 4065 4065 4065 4065 4065 4065 4065 4065
748 1683121781 3565 532 3681 3662 3598 3641 3641 3609 4065 4065 4064 4064 4064 4064 4064 4064
749 1683121781 3565 532 3681 3662 3598 3641 3640 3609 4065 4065 4064 4064 4064 4064 4064 4064
750 1683121781 3565 532 3681 3662 3597 3640 3640 3608 4063 4063 4063 4063 4063 4063 4063 4063
751 1683121781 3564 533 3680 3661 3597 3640 3639 3608 4065 4065 4064 4064 4064 4064 4064 4064
752 1683121781 3564 532 3680 3661 3597 3640 3640 3608 4065 4065 4064 4064 4064 4064 4064 4064
753 1683121781 3565 532 3681 3662 3598 3641 3641 3610 4065 4065 4064 4064 4064 4064 4064 4064
754 1683121781 3565 532 3680 3662 3598 3640 3640 3608 4065 4065 4064 4064 4064 4064 4064 4064
755 1683121781 3565 533 3681 3662 3598 3640 3640 3608 4063 4063 4063 4063 4063 4063 4063 4063
756 1683121781 3565 532 3680 3662 3598 3640 3640 3609 4065 4065 4064 4064 4064 4064 4064 4064
757 1683121781 3564 532 3680 3661 3597 3640 3640 3608 4065 4065 4064 4064 4064 4064 4064 4064
758 1683121781 3564 532 3680 3662 3598 3640 3640 3608 4065 4065 4064 4064 4064 4064 4064 4064
759 1683121781 3565 532 3680 3662 3598 3640 3640 3609 4065 4065 4064 4064 4064 4064 4064 4064
760 1683121781 3564 532 3679 3661 3596 3640 3639 3607 4065 4065 4064 4064 4064 4064 4064 4064
761 1683121781 3565 533 3681 3663 3598 3641 3640 3609 4065 4065 4064 4064 4064 4064 4064 4064
762 1683121781 3565 532 3680 3662 3597 3640 3640 3608 4065 4063 4063 4063 4063 4063 4063 4063
763 1683121781 3565 533 3680 3662 3598 3640 3640 3609 4063 4063 4063 4063 4063 4063 4063 4063
764 1683121782 3565 532 3682 3663 3598 3641 3640 3609 4065 4063 4063 4063 4063 4063 4063 4063
765 1683121782 3566 533 3682 3663 3599 3642 3641 3610 4065 4065 4065 4065 4065 4065 4065 4065
766 1683121782 3564 532 3680 3661 3597 3639 3639 3607 4065 4065 4065 4065 4065 4065 4065 4065
767 1683121782 3564 532 3680 3662 3598 3640 3640 3608 4062 4063 4062 4062 4062 4062 4062 4062
768 1683121782 3565 532 3681 3662 3598 3640 3640 3609 4065 4065 4064 4064 4064 4064 4064 4064
769 1683121782 3565 533 3681 3663 3598 3641 3641 3609 4065 4065 4064 4064 4064 4064 4064 4064
770 1683121782 3566 534 3683 3664 3599 3642 3641 3610 4065 4065 4064 4064 4064 4064 4064 4064
771 1683121782 3565 533 3680 3662 3598 3640 3640 3608 4065 4065 4065 4065 4065 4065 4065 4065
772 1683121782 3566 533 3682 3663 3598 3642 3641 3609 4063 4063 4063 4063 4063 4063 4063 4063
773 1683121782 3566 532 3682 3663 3600 3642 3642 3610 4065 4065 4065 4065 4065 4065 4065 4065
774 1683121782 3565 533 3681 3662 3598 3640 3640 3609 4065 4065 4064 4064 4064 4064 4064 4064
775 1683121782 3565 532 3681 3662 3598 3640 3640 3609 4063 4063 4063 4063 4063 4063 4063 4063
776 1683121782 3565 532 3679 3661 3597 3640 3640 3608 4065 4063 4063 4063 4063 4063 4063 4063
777 1683121782 3565 533 3681 3662 3598 3641 3640 3608 4065 4065 4064 4064 4064 4064 4064 4064
778 1683121782 3565 533 3680 3661 3598 3640 3640 3608 4065 4065 4064 4064 4064 4064 4064 4064
779 1683121782 3565 533 3680 3662 3598 3641 3641 3609 4063 4063 4063 4063 4063 4063 4063 4063
780 1683121782 3565 532 3682 3663 3598 3641 3641 3609 4065 4065 4064 4064 4064 4064 4064 4064
781 1683121782 3566 532 3681 3662 3598 3641 3641 3608 4063 4063 4063 4063 4063 4063 4063 4063
782 1683121782 3564 533 3679 3661 3597 3639 3639 3607 4063 4063 4063 4063 4063 4063 4063 4063
783 1683121782 3565 533 3680 3661 3597 3640 3640 3608 4065 4065 4064 4064 4064 4064 4064 4064
784 1683121782 3565 532 3681 3662 3599 3641 3641 3609 4065 4065 4064 4064 4064 4064 4064 4064
785 1683121782 3565 533 3681 3662 3598 3641 3641 3609 4065 4065 4065 4065 4065 4065 4065 4065
786 1683121782 3566 532 3681 3662 3599 3641 3641 3609 4065 4065 4064 4064 4064 4064 4064 4064
787 1683121782 3565 533 3681 3662 3598 3641 3641 3608 4063 4063 4063 4063 4063 4063 4063 4063
788 1683121782 3565 532 3681 3662 3598 3640 3640 3608 4065 4065 4064 4064 4064 4064 4064 4064
789 1683121782 3565 533 3681 3663 3598 3641 3641 3609 4065 4065 4064 4064 4064 4064 4064 4064
790 1683121782 3564 533 3680 3661 3597 3640 3639 3607 4065 4065 4064 4064 4064 4064 4064 4064
791 1683121782 3565 532 3680 3662 3599 3641 3641 3609 4065 4065 4064 4064 4064 4064 4064 4064
792 1683121782 3565 532 3679 3662 3598 3640 3640 3609 4065 4065 4064 4064 4064 4064 4064 4064
793 1683121782 3565 533 3680 3662 3598 3641 3641 3609 4063 4063 4063 4063 4063 4063 4063 4063
794 1683121782 3565 533 3681 3662 3598 3641 3640 3609 4065 4063 4063 4063 4063 4063 4063 4063
795 1683121782 3565 533 3680 3661 3597 3640 3640 3608 4065 4065 4064 4064 4064 4064 4064 4064
796 1683121782 3565 532 3680 3662 3598 3640 3640 3609 4063 4063 4063 4063 4063 4063 4063 4063
797 1683121782 3566 532 3681 3662 3598 3641 3640 3608 4061 4061 4061 4061 4061 4061 4061 4061
798 1683121782 3566 532 3681 3663 3598 3641 3641 3608 4065 4065 4064 4064 4064 4064 4064 4064
799 1683121782 3565 532 3681 3662 3597 3641 3640 3608 4065 4063 4063 4063 4063 4063 4063 4063
800 1683121782 3566 532 3681 3662 3598 3641 3641 3609 4065 4065 4064 4064 4064 4064 4064 4064
801 1683121782 3565 532 3681 3663 3599 3641 3641 3609 4063 4063 4063 4063 4063 4063 4063 4063
802 1683121782 3564 533 3679 3660 3596 3639 3639 3607 4065 4065 4065 4065 4065 4065 4065 4065
803 1683121782 3565 533 3682 3663 3599 3641 3641 3609 4065 4065 4064 4064 4064 4064 4064 4064
804 1683121782 3566 533 3681 3662 3598 3641 3641 3609 4065 4065 4064 4064 4064 4064 4064 4064
805 1683121782 3566 532 3681 3662 3598 3641 3641 3609 4065 4065 4064 4064 4064 4064 4064 4064
806 1683121782 3565 532 3681 3663 3599 3641 3641 3609 4065 4065 4064 4064 4064 4064 4064 4064
807 1683121782 3565 533 3680 3662 3598 3640 3641 3608 4063 4063 4063 4063 4063 4063 4063 4063
808 1683121782 3565 532 3681 3662 3598 3641 3640 3608 4065 4065 4064 4064 4064 4064 4064 4064
809 1683121782 3565 533 3681 3663 3598 3641 3640 3609 4065 4065 4064 4064 4064 4064 4064 4064
810 1683121782 3565 532 3681 3662 3598 3641 3641 3608 4065 4065 4064 4064 4064 4064 4064 4064
811 1683121782 3565 533 3681 3662 3597 3641 3640 3608 4065 4065 4064 4064 4064 4064 4064 4064
812 1683121782 3564 532 3680 3662 3598 3640 3640 3608 4063 4063 4063 4063 4063 4063 4063 4063
813 1683121782 3565 533 3681 3662 3598 3641 3640 3609 4065 4063 4063 4063 4063 4063 4063 4063
814 1683121782 3565 532 3681 3663 3598 3641 3641 3609 4065 4065 4064 4064 4064 4064 4064 4064
815 1683121782 3565 533 3680 3662 3598 3641 3641 3609 4065 4065 4064 4064 4064 4064 4064 4064
816 1683121782 3565 533 3680 3662 3598 3640 3640 3608 4065 4065 4064 4064 4064 4064 4064 4064
817 1683121782 3565 532 3681 3662 3599 3641 3641 3609 4063 4063 4062 4062 4062 4062 4062 4062
818 1683121782 3565 532 3681 3663 3599 3642 3641 3609 4065 4065 4064 4064 4064 4064 4064 4064
819 1683121782 3565 533 3680 3662 3598 3641 3641 3610 4063 4063 4063 4063 4063 4063 4063 4063
820 1683121782 3565 533 3681 3662 3598 3641 3640 3608 4063 4063 4063 4063 4063 4063 4063 4063
821 1683121782 3564 533 3680 3662 3598 3641 3640 3608 4065 4065 4064 4064 4064 4064 4064 4064
822 1683121782 3564 533 3681 3662 3598 3640 3640 3609 4063 4063 4063 4063 4063 4063 4063 4063
823 1683121782 3565 533 3680 3662 3598 3640 3640 3608 4065 4065 4065 4065 4065 4065 4065 4065
824 1683121782 3565 532 3679 3662 3598 3640 3640 3608 4065 4065 4065 4065 4065 4065 4065 4065
825 1683121782 3565 533 3681 3662 3598 3641 3641 3609 4065 4065 4065 4065 4065 4065 4065 4065
826 1683121782 3565 534 3681 3662 3598 3640 3640 3609 4065 4065 4064 4064 4064 4064 4064 4064
827 1683121782 3564 533 3680 3662 3597 3641 3640 3608 4065 4063 4063 4063 4063 4063 4063 4063
828 1683121782 3565 532 3681 3662 3598 3640 3640 3608 4065 4065 4065 4065 4065 4065 4065 4065
829 1683121782 3565 533 3681 3662 3598 3641 3641 3609 4065 4065 4064 4064 4064 4064 4064 4064
830 1683121782 3565 533 3681 3662 3598 3641 3641 3608 4065 4063 4063 4063 4063 4063 4063 4063
831 1683121782 3565 533 3680 3662 3598 3641 3641 3609 4063 4063 4063 4063 4063 4063 4063 4063
832 1683121782 3565 533 3681 3662 3598 3641 3640 3609 4063 4063 4063 4063 4063 4063 4063 4063
833 1683121782 3566 533 3682 3663 3598 3641 3641 3610 4063 4063 4063 4063 4063 4063 4063 4063
834 1683121782 3566 534 3681 3663 3598 3641 3641 3609 4065 4065 4064 4064 4064 4064 4064 4064
835 1683121782 3565 533 3681 3662 3598 3641 3641 3609 4065 4065 4064 4064 4064 4064 4064 4064
836 1683121782 3566 533 3681 3662 3599 3642 3641 3610 4063 4063 4063 4063 4063 4063 4063 4063
837 1683121782 3566 533 3681 3663 3599 3641 3641 3609 4065 4065 4064 4064 4064 4064 4064 4064
838 1683121782 3566 532 3681 3662 3598 3641 3641 3609 4065 4064 4064 4064 4064 4064 4064 4064
839 1683121782 3565 533 3680 3662 3598 3641 3640 3609 4065 4065 4064 4064 4064 4064 4064 4064
840 1683121783 3565 533 3681 3663 3598 3641 3641 3609 4067 4065 4065 4065 4065 4065 4065 4065
841 1683121783 3566 533 3681 3663 3598 3641 3641 3609 4067 4065 4065 4065 4065 4065 4065 4065
842 1683121783 3565 532 3681 3662 3597 3640 3640 3608 4065 4065 4064 4064 4064 4064 4064 4064
843 1683121783 3565 533 3681 3663 3598 3641 3641 3609 4065 4065 4065 4065 4065 4065 4065 4065
844 1683121783 3565 533 3681 3662 3598 3640 3640 3608 4065 4065 4064 4064 4064 4064 4064 4064
845 1683121783 3565 533 3682 3663 3598 3641 3641 3609 4065 4065 4065 4065 4065 4065 4065 4065
846 1683121783 3565 533 3681 3663 3598 3641 3641 3609 4063 4063 4063 4063 4063 4063 4063 4063
847 1683121783 3565 533 3680 3662 3598 3641 3641 3609 4063 4063 4063 4063 4063 4063 4063 4063
848 1683121783 3565 533 3681 3662 3598 3641 3641 3609 4063 4063 4063 4063 4063 4063 4063 4063
849 1683121783 3566 533 3682 3663 3599 3641 3641 3610 4065 4065 4064 4064 4064 4064 4064 4064
850 1683121783 3565 534 3680 3662 3598 3640 3641 3609 4065 4065 4064 4064 4064 4064 4064 4064
851 1683121783 3565 533 3681 3662 3598 3641 3641 3609 4065 4065 4064 4064 4064 4064 4064 4064
852 1683121783 3566 533 3682 3663 3598 3641 3641 3609 4065 4065 4065 4065 4065 4065 4065 4065
853 1683121783 3565 533 3681 3662 3598 3641 3641 3609 4065 4065 4064 4064 4064 4064 4064 4064
854 1683121783 3565 534 3681 3662 3598 3641 3641 3609 4065 4065 4065 4065 4065 4065 4065 4065
855 1683121783 3566 533 3680 3663 3598 3641 3641 3609 4063 4063 4063 4063 4063 4063 4063 4063
856 1683121783 3565 533 3681 3662 3598 3641 3641 3608 4065 4065 4064 4064 4064 4064 4064 4064
857 1683121783 3565 533 3681 3662 3598 3641 3641 3609 4063 4063 4063 4063 4063 4063 4063 4063
858 1683121783 3566 532 3681 3662 3598 3640 3640 3609 4065 4063 4063 4063 4063 4063 4063 4063
859 1683121783 3565 533 3681 3663 3599 3641 3641 3609 4065 4065 4064 4064 4064 4064 4064 4064
860 1683121783 3565 533 3682 3663 3599 3641 3641 3610 4063 4063 4062 4062 4062 4062 4062 4062
861 1683121783 3566 533 3682 3663 3599 3642 3641 3609 4065 4065 4064 4064 4064 4064 4064 4064
862 1683121783 3565 533 3680 3661 3597 3640 3640 3608 4065 4065 4065 4065 4065 4065 4065 4065
863 1683121783 3565 533 3681 3662 3598 3641 3641 3609 4065 4065 4064 4064 4064 4064 4064 4064
864 1683121783 3566 533 3681 3663 3598 3641 3641 3609 4063 4063 4063 4063 4063 4063 4063 4063
865 1683121783 3565 533 3680 3662 3598 3640 3641 3609 4063 4063 4063 4063 4063 4063 4063 4063
866 1683121783 3565 534 3681 3662 3598 3641 3641 3609 4065 4065 4064 4064 4064 4064 4064 4064
867 1683121783 3565 533 3680 3663 3598 3641 3640 3608 4065 4065 4064 4064 4064 4064 4064 4064
868 1683121783 3565 533 3682 3663 3599 3642 3642 3609 4065 4065 4064 4064 4064 4064 4064 4064
869 1683121783 3567 533 3682 3663 3598 3641 3641 3609 4065 4065 4064 4064 4064 4064 4064 4064
870 1683121783 3566 533 3681 3662 3598 3641 3641 3609 4063 4063 4063 4063 4063 4063 4063 4063
871 1683121783 3565 533 3681 3662 3598 3641 3641 3609 4065 4065 4064 4064 4064 4064 4064 4064
872 1683121783 3565 533 3681 3662 3598 3640 3640 3609 4065 4065 4064 4064 4064 4064 4064 4064
873 1683121783 3566 533 3682 3663 3599 3641 3641 3609 4065 4065 4064 4064 4064 4064 4064 4064
874 1683121783 3566 533 3681 3663 3599 3641 3641 3609 4063 4063 4063 4063 4063 4063 4063 4063
875 1683121783 3566 533 3682 3664 3599 3642 3641 3610 4063 4063 4063 4063 4063 4063 4063 4063
876 1683121783 3566 533 3682 3663 3599 3641 3641 3609 4065 4065 4064 4064 4064 4064 4064 4064
877 1683121783 3566 533 3682 3663 3599 3641 3642 3610 4063 4063 4063 4063 4063 4063 4063 4063
878 1683121783 3566 532 3682 3663 3598 3641 3641 3609 4065 4065 4064 4064 4064 4064 4064 4064
879 1683121791 3564 533 3680 3662 3598 3640 3640 3608 4065 4065 4064 4064 4064 4064 4064 4064
880 1683121791 3566 533 3681 3662 3598 3641 3641 3609 4065 4065 4064 4064 4064 4064 4064 4064
881 1683121791 3563 534 3679 3661 3597 3640 3639 3608 4065 4065 4065 4065 4065 4065 4065 4065
882 1683121791 3565 533 3681 3662 3598 3640 3640 3608 4063 4063 4063 4063 4063 4063 4063 4063
883 1683121799 3564 533 3680 3661 3597 3640 3639 3607 4065 4065 4064 4064 4064 4064 4064 4064
884 1683121799 3564 533 3679 3661 3597 3640 3640 3608 4065 4065 4064 4064 4064 4064 4064 4064
885 1683121799 3565 533 3680 3662 3597 3640 3639 3608 4065 4065 4064 4064 4064 4064 4064 4064
886 1683121799 3565 534 3679 3662 3598 3640 3640 3609 4065 4065 4064 4064 4064 4064 4064 4064
887 1683121799 3564 533 3680 3662 3597 3640 3640 3608 4063 4063 4063 4063 4063 4063 4063 4063
888 1683121799 3563 534 3679 3661 3597 3639 3639 3607 4063 4063 4063 4063 4063 4063 4063 4063
889 1683121799 3565 534 3680 3662 3598 3640 3640 3609 4065 4065 4064 4064 4064 4064 4064 4064
890 1683121799 3565 533 3680 3662 3598 3640 3640 3608 4063 4063 4063 4063 4063 4063 4063 4063
891 1683121799 3565 533 3680 3662 3598 3641 3640 3609 4065 4063 4063 4063 4063 4063 4063 4063
892 1683121799 3566 533 3681 3662 3599 3641 3641 3610 4065 4065 4065 4065 4065 4065 4065 4065
893 1683121799 3565 534 3680 3662 3598 3641 3641 3609 4065 4065 4064 4064 4064 4064 4064 4064
894 1683121799 3565 534 3681 3662 3598 3641 3641 3609 4065 4065 4064 4064 4064 4064 4064 4064
895 1683121799 3565 535 3681 3662 3598 3640 3640 3608 4063 4063 4063 4063 4063 4063 4063 4063
896 1683121799 3566 534 3681 3663 3598 3641 3641 3609 4063 4063 4063 4063 4063 4063 4063 4063
897 1683121799 3565 534 3681 3662 3598 3641 3641 3609 4065 4065 4064 4064 4064 4064 4064 4064
898 1683121799 3566 533 3681 3663 3599 3641 3641 3609 4065 4065 4064 4064 4064 4064 4064 4064
899 1683121799 3564 533 3679 3660 3597 3639 3639 3608 4065 4065 4065 4065 4065 4065 4065 4065
900 1683121799 3565 533 3681 3662 3598 3641 3641 3609 4065 4065 4064 4064 4064 4064 4064 4064
901 1683121799 3565 533 3680 3662 3598 3640 3640 3608 4065 4065 4064 4064 4064 4064 4064 4064
902 1683121799 3565 533 3681 3662 3598 3641 3640 3609 4065 4065 4064 4064 4064 4064 4064 4064
903 1683121799 3565 533 3680 3661 3598 3640 3640 3608 4065 4065 4064 4064 4064 4064 4064 4064
904 1683121799 3565 533 3681 3662 3598 3640 3640 3608 4063 4063 4063 4063 4063 4063 4063 4063
905 1683121799 3565 533 3681 3662 3598 3640 3640 3609 4065 4065 4064 4064 4064 4064 4064 4064
906 1683121799 3565 533 3680 3662 3598 3640 3641 3609 4063 4063 4063 4063 4063 4063 4063 4063
907 1683121799 3565 533 3681 3662 3598 3640 3640 3608 4063 4063 4063 4063 4063 4063 4063 4063
908 1683121799 3565 534 3681 3663 3598 3641 3640 3609 4065 4065 4064 4064 4064 4064 4064 4064
909 1683121799 3566 533 3681 3662 3598 3640 3640 3608 4063 4063 4063 4063 4063 4063 4063 4063
910 1683121799 3566 533 3682 3663 3599 3641 3641 3609 4065 4065 4065 4065 4065 4065 4065 4065
911 1683121799 3566 533 3682 3663 3599 3642 3642 3610 4065 4065 4064 4064 4064 4064 4064 4064
912 1683121799 3565 534 3681 3662 3598 3641 3640 3609 4065 4064 4064 4064 4064 4064 4064 4064
913 1683121799 3565 534 3681 3662 3598 3641 3641 3609 4065 4065 4064 4064 4064 4064 4064 4064
914 1683121799 3565 534 3681 3662 3598 3641 3640 3608 4065 4065 4064 4064 4064 4064 4064 4064
915 1683121799 3566 533 3681 3663 3598 3641 3641 3609 4065 4065 4064 4064 4064 4064 4064 4064
916 1683121799 3565 534 3681 3662 3598 3640 3640 3609 4065 4065 4064 4064 4064 4064 4064 4064
917 1683121799 3565 533 3680 3662 3597 3641 3640 3609 4065 4065 4065 4065 4065 4065 4065 4065
918 1683121799 3563 532 3679 3660 3596 3639 3639 3607 4065 4065 4064 4064 4064 4064 4064 4064
919 1683121799 3563 531 3678 3660 3596 3639 3638 3606 4065 4065 4064 4064 4064 4064 4064 4064
920 1683121799 3563 532 3679 3661 3596 3639 3639 3607 4065 4065 4064 4064 4064 4064 4064 4064
921 1683121799 3564 533 3679 3660 3597 3639 3639 3608 4063 4063 4063 4063 4063 4063 4063 4063
922 1683121799 3564 532 3679 3661 3597 3639 3639 3607 4065 4065 4064 4064 4064 4064 4064 4064
923 1683121799 3563 532 3679 3660 3596 3639 3639 3607 4065 4065 4064 4064 4064 4064 4064 4064
924 1683121799 3563 532 3679 3660 3596 3638 3638 3606 4065 4065 4065 4065 4065 4065 4065 4065
925 1683121799 3564 532 3680 3661 3597 3640 3640 3608 4063 4063 4063 4063 4063 4063 4063 4063
926 1683121799 3564 532 3679 3660 3596 3639 3639 3607 4065 4063 4063 4063 4063 4063 4063 4063
927 1683121799 3564 531 3680 3661 3597 3639 3639 3607 4065 4065 4064 4064 4064 4064 4064 4064
928 1683121799 3563 532 3678 3659 3596 3638 3638 3606 4065 4065 4064 4064 4064 4064 4064 4064
929 1683121799 3564 531 3680 3661 3597 3639 3639 3607 4065 4063 4063 4063 4063 4063 4063 4063
930 1683121800 3564 532 3679 3660 3596 3639 3638 3607 4065 4065 4064 4064 4064 4064 4064 4064
931 1683121800 3563 532 3679 3660 3596 3640 3639 3607 4065 4065 4064 4064 4064 4064 4064 4064
932 1683121800 3563 532 3679 3661 3596 3639 3638 3607 4063 4063 4063 4063 4063 4063 4063 4063
933 1683121800 3563 531 3679 3660 3596 3639 3639 3607 4065 4065 4065 4065 4065 4065 4065 4065
934 1683121800 3564 532 3679 3660 3596 3638 3638 3607 4065 4065 4064 4064 4064 4064 4064 4064
935 1683121800 3563 532 3678 3661 3597 3639 3639 3607 4061 4061 4061 4061 4061 4061 4061 4061
936 1683121800 3564 532 3679 3661 3596 3639 3639 3607 4063 4063 4063 4063 4063 4063 4063 4063
937 1683121800 3564 532 3679 3661 3596 3639 3639 3607 4065 4065 4064 4064 4064 4064 4064 4064
938 1683121800 3564 532 3679 3661 3597 3639 3640 3608 4065 4065 4064 4064 4064 4064 4064 4064
939 1683121800 3563 532 3680 3661 3597 3639 3639 3607 4065 4065 4064 4064 4064 4064 4064 4064
940 1683121800 3563 532 3679 3660 3596 3638 3639 3607 4065 4065 4064 4064 4064 4064 4064 4064
941 1683121800 3564 532 3680 3661 3597 3640 3640 3608 4065 4065 4064 4064 4064 4064 4064 4064
942 1683121800 3564 532 3679 3661 3596 3639 3639 3607 4065 4065 4064 4064 4064 4064 4064 4064
943 1683121800 3563 531 3678 3659 3596 3638 3638 3607 4065 4065 4065 4065 4065 4065 4065 4065
944 1683121800 3564 532 3680 3661 3597 3640 3639 3608 4063 4063 4063 4063 4063 4063 4063 4063
945 1683121800 3563 532 3678 3660 3596 3638 3638 3607 4063 4063 4063 4063 4063 4063 4063 4063
946 1683121800 3564 532 3679 3661 3596 3639 3639 3607 4065 4065 4064 4064 4064 4064 4064 4064
947 1683121800 3565 532 3680 3661 3597 3640 3639 3608 4065 4065 4064 4064 4064 4064 4064 4064
948 1683121800 3563 532 3678 3660 3596 3639 3638 3607 4063 4063 4063 4063 4063 4063 4063 4063
949 1683121800 3564 532 3680 3661 3597 3639 3640 3608 4063 4063 4063 4063 4063 4063 4063 4063
950 1683121800 3564 532 3679 3661 3596 3639 3639 3607 4065 4063 4063 4063 4063 4063 4063 4063
951 1683121800 3563 532 3678 3660 3595 3638 3638 3607 4063 4063 4063 4063 4063 4063 4063 4063
952 1683121800 3564 532 3680 3661 3597 3639 3639 3607 4065 4065 4064 4064 4064 4064 4064 4064
953 1683121800 3564 532 3680 3661 3597 3639 3639 3607 4065 4065 4064 4064 4064 4064 4064 4064
954 1683121800 3564 532 3679 3660 3596 3639 3639 3607 4065 4065 4064 4064 4064 4064 4064 4064
955 1683121800 3564 531 3680 3661 3597 3639 3640 3608 4065 4065 4065 4065 4065 4065 4065 4065
956 1683121800 3567 532 3683 3664 3599 3642 3642 3610 4067 4065 4065 4065 4065 4065 4065 4065
957 1683121800 3564 532 3680 3661 3597 3640 3640 3608 4063 4063 4063 4063 4063 4063 4063 4063
958 1683121800 3563 532 3679 3660 3596 3639 3639 3607 4065 4065 4064 4064 4064 4064 4064 4064
959 1683121800 3564 531 3678 3661 3596 3639 3638 3607 4065 4065 4064 4064 4064 4064 4064 4064
960 1683121800 3564 532 3680 3661 3597 3639 3640 3608 4063 4063 4063 4063 4063 4063 4063 4063
961 1683121800 3564 533 3680 3661 3597 3640 3640 3608 4065 4065 4065 4065 4065 4065 4065 4065
962 1683121800 3563 532 3679 3660 3596 3639 3639 3607 4063 4063 4063 4063 4063 4063 4063 4063
963 1683121800 3563 532 3678 3659 3596 3638 3638 3606 4065 4065 4064 4064 4064 4064 4064 4064
964 1683121800 3565 532 3680 3661 3597 3640 3640 3608 4063 4063 4063 4063 4063 4063 4063 4063
965 1683121800 3564 532 3680 3661 3597 3640 3639 3608 4065 4065 4065 4065 4065 4065 4065 4065
966 1683121800 3564 532 3680 3661 3597 3640 3639 3607 4065 4065 4064 4064 4064 4064 4064 4064
967 1683121800 3564 532 3680 3661 3597 3639 3639 3607 4063 4063 4063 4063 4063 4063 4063 4063
968 1683121800 3564 532 3680 3661 3597 3640 3640 3608 4061 4061 4061 4061 4061 4061 4061 4061
969 1683121800 3564 532 3680 3662 3597 3639 3639 3608 4063 4063 4063 4063 4063 4063 4063 4063
970 1683121800 3564 532 3680 3661 3597 3640 3640 3607 4063 4063 4063 4063 4063 4063 4063 4063
971 1683121800 3564 532 3680 3661 3597 3639 3639 3607 4063 4063 4063 4063 4063 4063 4063 4063
972 1683121800 3564 532 3680 3661 3598 3640 3639 3608 4063 4063 4063 4063 4063 4063 4063 4063
973 1683121800 3564 532 3679 3660 3596 3639 3639 3607 4065 4065 4064 4064 4064 4064 4064 4064
974 1683121800 3565 532 3681 3662 3598 3640 3640 3608 4065 4065 4064 4064 4064 4064 4064 4064
975 1683121800 3563 532 3679 3661 3596 3639 3639 3607 4061 4061 4060 4060 4060 4060 4060 4060
976 1683121800 3563 532 3679 3661 3597 3639 3639 3608 4063 4063 4063 4063 4063 4063 4063 4063
977 1683121800 3563 532 3679 3660 3597 3639 3639 3607 4065 4065 4065 4065 4065 4065 4065 4065
978 1683121800 3564 532 3680 3662 3597 3639 3639 3607 4065 4065 4064 4064 4064 4064 4064 4064
979 1683121800 3564 532 3679 3660 3596 3639 3638 3607 4063 4063 4062 4062 4062 4062 4062 4062
980 1683121800 3564 532 3680 3662 3598 3641 3640 3608 4065 4065 4064 4064 4064 4064 4064 4064
981 1683121800 3564 532 3680 3662 3597 3640 3640 3608 4065 4065 4064 4064 4064 4064 4064 4064
982 1683121800 3565 532 3679 3661 3597 3639 3639 3607 4063 4063 4063 4063 4063 4063 4063 4063
983 1683121800 3564 532 3680 3662 3598 3640 3640 3607 4065 4065 4064 4064 4064 4064 4064 4064
984 1683121800 3564 532 3680 3662 3597 3640 3640 3608 4065 4065 4064 4064 4064 4064 4064 4064
985 1683121800 3564 533 3680 3661 3597 3640 3640 3608 4063 4063 4063 4063 4063 4063 4063 4063
986 1683121800 3564 532 3680 3661 3598 3640 3640 3608 4065 4065 4064 4064 4064 4064 4064 4064
987 1683121800 3563 532 3679 3661 3597 3639 3639 3607 4063 4063 4063 4063 4063 4063 4063 4063
988 1683121800 3564 531 3680 3661 3597 3640 3640 3607 4065 4065 4064 4064 4064 4064 4064 4064
989 1683121800 3564 533 3680 3661 3597 3640 3640 3608 4063 4063 4063 4063 4063 4063 4063 4063
990 1683121800 3565 532 3680 3662 3597 3640 3640 3608 4063 4063 4063 4063 4063 4063 4063 4063
991 1683121800 3564 532 3680 3661 3597 3639 3639 3607 4065 4065 4064 4064 4064 4064 4064 4064
992 1683121800 3564 533 3679 3661 3597 3639 3639 3608 4065 4065 4064 4064 4064 4064 4064 4064
993 1683121800 3564 533 3680 3661 3597 3639 3639 3607 4063 4063 4063 4063 4063 4063 4063 4063
994 1683121800 3563 532 3679 3660 3597 3639 3639 3607 4065 4065 4064 4064 4064 4064 4064 4064
995 1683121800 3564 532 3679 3661 3597 3639 3639 3608 4063 4063 4062 4062 4062 4062 4062 4062
996 1683121800 3564 532 3679 3661 3597 3639 3639 3608 4063 4063 4063 4063 4063 4063 4063 4063
997 1683121800 3565 532 3680 3662 3598 3640 3640 3607 4065 4065 4065 4065 4065 4065 4065 4065
998 1683121800 3564 532 3679 3661 3597 3640 3639 3607 4063 4063 4063 4063 4063 4063 4063 4063
999 1683121800 3564 532 3680 3661 3597 3639 3639 3608 4065 4065 4065 4065 4065 4065 4065 4065
1000 1683121800 3564 532 3680 3661 3598 3640 3639 3608 4065 4065 4064 4064 4064 4064 4064 4064
