1 1683293132 3560 3705 3677 3657 169 3632 3635 3603 31 4063 4062 4062 4062 4062 4062 4062
2 1683293132 3561 3706 3678 3657 150 3631 3634 3603 31 4061 4061 4061 4061 4061 4061 4061
3 1683293132 3561 3707 3679 3658 201 3633 3635 3604 32 4063 4062 4062 4062 4062 4062 4062
4 1683293132 3562 3707 3679 3658 190 3634 3636 3604 31 4063 4062 4062 4062 4062 4062 4062
5 1683293133 3563 3708 3680 3659 167 3635 3637 3605 31 4063 4063 4063 4063 4063 4063 4063
6 1683293133 3562 3708 3680 3659 166 3635 3637 3605 32 4063 4063 4063 4063 4063 4063 4063
7 1683293133 3561 3707 3679 3658 169 3634 3636 3604 31 4061 4061 4061 4061 4061 4061 4061
8 1683293133 3562 3707 3680 3659 166 3634 3637 3605 32 4061 4061 4061 4061 4061 4061 4061
9 1683293133 3562 3707 3679 3658 154 3634 3636 3604 31 4061 4061 4061 4061 4061 4061 4061
10 1683293133 3562 3707 3679 3659 161 3635 3636 3604 32 4062 4062 4062 4062 4062 4062 4062
11 1683293133 3562 3707 3679 3658 167 3634 3636 3604 31 4061 4061 4061 4061 4061 4061 4061
12 1683293133 3563 3709 3681 3660 160 3635 3637 3605 31 4061 4061 4061 4061 4061 4061 4061
13 1683293133 3563 3707 3680 3659 173 3635 3636 3605 31 4061 4061 4061 4061 4061 4061 4061
14 1683293133 3563 3708 3680 3659 164 3635 3637 3606 31 4063 4063 4063 4063 4063 4063 4063
15 1683293133 3562 3708 3680 3659 179 3634 3636 3604 31 4063 4062 4062 4062 4062 4062 4062
16 1683293133 3562 3708 3680 3659 166 3633 3637 3605 31 4063 4062 4062 4062 4062 4062 4062
17 1683293133 3563 3708 3681 3660 175 3635 3637 3605 31 4063 4062 4062 4062 4062 4062 4062
18 1683293133 3562 3707 3680 3658 164 3634 3637 3605 31 4063 4062 4062 4062 4062 4062 4062
19 1683293134 3562 3707 3680 3659 177 3634 3637 3605 32 4063 4063 4063 4063 4063 4063 4063
20 1683293134 3562 3708 3680 3659 166 3634 3637 3605 31 4063 4062 4062 4062 4062 4062 4062
21 1683293134 3563 3708 3680 3659 169 3635 3637 3606 32 4063 4062 4062 4062 4062 4062 4062
22 1683293134 3562 3708 3680 3659 154 3634 3636 3604 31 4061 4061 4061 4061 4061 4061 4061
23 1683293134 3562 3708 3680 3659 181 3634 3637 3605 32 4063 4062 4062 4062 4062 4062 4062
24 1683293134 3562 3708 3681 3660 186 3635 3637 3605 32 4062 4062 4062 4062 4062 4062 4062
25 1683293134 3564 3709 3682 3660 177 3636 3639 3607 31 4061 4061 4061 4061 4061 4061 4061
26 1683293134 3563 3709 3681 3659 173 3635 3638 3606 32 4061 4061 4061 4061 4061 4061 4061
27 1683293135 3563 3708 3680 3660 199 3635 3637 3605 31 4061 4061 4061 4061 4061 4061 4061
28 1683293135 3563 3709 3680 3660 192 3635 3638 3606 32 4063 4062 4062 4062 4062 4062 4062
29 1683293135 3563 3708 3680 3659 163 3634 3637 3605 31 4063 4062 4062 4062 4062 4062 4062
30 1683293135 3562 3708 3680 3659 158 3635 3637 3605 31 4063 4062 4062 4062 4062 4062 4062
31 1683293135 3563 3709 3681 3659 157 3634 3638 3606 31 4063 4062 4062 4062 4062 4062 4062
32 1683293135 3563 3709 3681 3659 171 3635 3638 3606 31 4063 4063 4063 4063 4063 4063 4063
33 1683293135 3563 3708 3680 3659 169 3635 3637 3605 31 4063 4062 4062 4062 4062 4062 4062
34 1683293135 3564 3710 3681 3661 169 3635 3638 3607 31 4061 4061 4061 4061 4061 4061 4061
35 1683293135 3562 3708 3680 3659 161 3634 3637 3605 31 4063 4062 4062 4062 4062 4062 4062
36 1683293135 3564 3709 3681 3660 185 3636 3638 3607 31 4061 4061 4061 4061 4061 4061 4061
37 1683293135 3564 3709 3680 3660 157 3635 3637 3605 31 4063 4062 4062 4062 4062 4062 4062
38 1683293135 3562 3708 3680 3660 166 3635 3637 3605 31 4063 4062 4062 4062 4062 4062 4062
39 1683293136 3562 3707 3680 3659 157 3634 3636 3604 31 4061 4061 4061 4061 4061 4061 4061
40 1683293136 3563 3709 3681 3660 182 3635 3638 3606 31 4063 4062 4062 4062 4062 4062 4062
41 1683293136 3563 3708 3680 3659 163 3635 3637 3605 31 4063 4062 4062 4062 4062 4062 4062
42 1683293136 3563 3708 3680 3659 156 3635 3637 3605 31 4063 4062 4062 4062 4062 4062 4062
43 1683293136 3562 3708 3680 3659 164 3635 3637 3605 31 4063 4063 4063 4063 4063 4063 4063
44 1683293136 3563 3709 3681 3660 160 3635 3638 3606 31 4063 4063 4063 4063 4063 4063 4063
45 1683293136 3563 3709 3681 3660 168 3636 3637 3606 32 4063 4062 4062 4062 4062 4062 4062
46 1683293136 3562 3708 3680 3659 176 3635 3637 3605 32 4063 4063 4063 4063 4063 4063 4063
47 1683293136 3563 3709 3681 3660 184 3636 3638 3606 31 4063 4062 4062 4062 4062 4062 4062
48 1683293136 3563 3708 3681 3660 166 3635 3638 3606 31 4063 4063 4063 4063 4063 4063 4063
49 1683293137 3563 3709 3681 3660 169 3636 3638 3606 32 4063 4062 4062 4062 4062 4062 4062
50 1683293137 3563 3708 3680 3659 214 3635 3637 3605 31 4063 4062 4062 4062 4062 4062 4062
51 1683293137 3564 3709 3681 3660 179 3636 3638 3607 31 4063 4062 4062 4062 4062 4062 4062
52 1683293137 3563 3708 3680 3659 133 3635 3637 3605 32 4061 4061 4061 4061 4061 4061 4061
53 1683293137 3564 3709 3681 3660 192 3636 3638 3606 31 4061 4061 4061 4061 4061 4061 4061
54 1683293137 3564 3709 3682 3660 159 3635 3638 3606 31 4063 4062 4062 4062 4062 4062 4062
55 1683293137 3564 3709 3681 3660 162 3634 3638 3606 31 4063 4063 4063 4063 4063 4063 4063
56 1683293137 3564 3709 3681 3660 168 3636 3638 3606 31 4063 4062 4062 4062 4062 4062 4062
57 1683293137 3564 3709 3681 3661 161 3636 3638 3607 32 4063 4063 4063 4063 4063 4063 4063
58 1683293137 3563 3709 3681 3660 163 3635 3637 3606 32 4063 4062 4062 4062 4062 4062 4062
59 1683293137 3564 3709 3682 3661 132 3636 3639 3607 31 4063 4062 4062 4062 4062 4062 4062
60 1683293138 3564 3710 3682 3661 173 3636 3638 3606 32 4063 4062 4062 4062 4062 4062 4062
61 1683293138 3563 3709 3681 3660 168 3635 3637 3606 31 4063 4062 4062 4062 4062 4062 4062
62 1683293138 3563 3709 3680 3659 182 3635 3637 3605 32 4063 4063 4063 4063 4063 4063 4063
63 1683293138 3563 3709 3681 3660 165 3634 3638 3606 31 4063 4063 4063 4063 4063 4063 4063
64 1683293138 3564 3710 3681 3660 146 3633 3637 3605 32 4063 4062 4062 4062 4062 4062 4062
65 1683293138 3565 3710 3682 3661 171 3636 3638 3607 31 4061 4061 4061 4061 4061 4061 4061
66 1683293138 3562 3708 3680 3658 169 3634 3637 3605 31 4063 4062 4062 4062 4062 4062 4062
67 1683293138 3563 3709 3681 3660 150 3634 3637 3606 32 4063 4062 4062 4062 4062 4062 4062
68 1683293139 3563 3708 3681 3659 160 3634 3637 3605 32 4063 4062 4062 4062 4062 4062 4062
69 1683293139 3564 3709 3681 3660 176 3635 3637 3606 32 4062 4062 4062 4062 4062 4062 4062
70 1683293139 3563 3709 3682 3660 164 3635 3638 3607 31 4063 4062 4062 4062 4062 4062 4062
71 1683293139 3563 3709 3681 3659 183 3634 3637 3605 32 4063 4063 4063 4063 4063 4063 4063
72 1683293139 3563 3708 3680 3659 183 3635 3637 3605 31 4063 4062 4062 4062 4062 4062 4062
73 1683293139 3564 3709 3681 3660 203 3636 3637 3606 31 4063 4062 4062 4062 4062 4062 4062
74 1683293139 3565 3710 3682 3661 178 3637 3639 3608 31 4063 4062 4062 4062 4062 4062 4062
75 1683293139 3563 3709 3681 3659 167 3635 3637 3606 32 4063 4062 4062 4062 4062 4062 4062
76 1683293139 3564 3709 3681 3660 190 3636 3638 3607 31 4063 4062 4062 4062 4062 4062 4062
77 1683293140 3563 3708 3681 3659 154 3635 3637 3605 31 4063 4062 4062 4062 4062 4062 4062
78 1683293140 3563 3709 3681 3660 168 3635 3637 3606 31 4061 4061 4061 4061 4061 4061 4061
79 1683293140 3565 3710 3682 3661 184 3636 3638 3606 31 4063 4063 4063 4063 4063 4063 4063
80 1683293140 3563 3708 3680 3660 158 3635 3637 3605 31 4063 4062 4062 4062 4062 4062 4062
81 1683293140 3564 3709 3681 3660 166 3636 3638 3607 31 4063 4063 4063 4063 4063 4063 4063
82 1683293140 3563 3709 3680 3659 160 3635 3637 3606 31 4063 4062 4062 4062 4062 4062 4062
83 1683293140 3563 3708 3680 3659 165 3635 3637 3605 31 4061 4061 4061 4061 4061 4061 4061
84 1683293140 3563 3709 3681 3660 158 3636 3638 3606 31 4063 4063 4063 4063 4063 4063 4063
85 1683293140 3563 3709 3681 3659 159 3635 3637 3605 31 4061 4061 4061 4061 4061 4061 4061
86 1683293140 3564 3710 3682 3660 164 3636 3638 3606 32 4063 4063 4063 4063 4063 4063 4063
87 1683293140 3563 3709 3681 3659 181 3634 3637 3605 31 4063 4063 4063 4063 4063 4063 4063
88 1683293140 3563 3709 3681 3660 156 3635 3637 3606 32 4063 4062 4062 4062 4062 4062 4062
89 1683293140 3564 3709 3681 3660 181 3635 3638 3606 31 4061 4061 4061 4061 4061 4061 4061
90 1683293140 3563 3709 3681 3660 166 3635 3637 3606 32 4061 4061 4061 4061 4061 4061 4061
91 1683293140 3564 3709 3681 3660 157 3636 3638 3607 32 4063 4062 4062 4062 4062 4062 4062
92 1683293141 3563 3708 3681 3660 182 3635 3638 3606 31 4063 4062 4062 4062 4062 4062 4062
93 1683293141 3564 3709 3681 3660 186 3636 3638 3606 32 4063 4062 4062 4062 4062 4062 4062
94 1683293141 3563 3708 3680 3659 180 3634 3637 3605 32 4063 4062 4062 4062 4062 4062 4062
95 1683293141 3564 3710 3682 3661 193 3636 3639 3607 31 4063 4062 4062 4062 4062 4062 4062
96 1683293141 3563 3709 3681 3660 194 3635 3638 3606 32 4061 4061 4061 4061 4061 4061 4061
97 1683293142 3564 3710 3681 3661 165 3636 3638 3606 32 4063 4062 4062 4062 4062 4062 4062
98 1683293142 198 150 3679 264 177 3637 3639 3607 32 4063 4062 4062 4062 4062 4062 4062
99 1683293142 3563 3709 3680 3660 182 3635 3638 3606 32 4063 4063 4063 4063 4063 4063 4063
100 1683293142 3565 3710 3682 3661 174 3637 3639 3607 31 4063 4063 4063 4063 4063 4063 4063
101 1683293142 3564 3709 3681 3659 157 3635 3637 3606 32 4061 4061 4061 4061 4061 4061 4061
102 1683293142 3564 3710 3682 3661 159 3636 3638 3607 32 4063 4062 4062 4062 4062 4062 4062
103 1683293142 3564 3709 3681 3660 179 3636 3638 3607 31 4063 4062 4062 4062 4062 4062 4062
104 1683293142 3565 3710 3683 3662 169 3637 3639 3607 31 4062 4062 4062 4062 4062 4062 4062
105 1683293142 3565 3710 3682 3661 158 3636 3639 3607 32 4063 4062 4062 4062 4062 4062 4062
106 1683293142 3563 3708 3681 3660 163 3635 3638 3606 31 4061 4061 4061 4061 4061 4061 4061
107 1683293142 3564 3710 3682 3661 175 3636 3639 3607 31 4063 4062 4062 4062 4062 4062 4062
108 1683293143 3564 3709 3681 3660 190 3635 3638 3605 32 4061 4061 4061 4061 4061 4061 4061
109 1683293143 3564 3710 3682 3661 163 3636 3639 3607 31 4063 4062 4062 4062 4062 4062 4062
110 1683293143 3564 3710 3681 3660 156 3635 3638 3607 31 4061 4061 4061 4061 4061 4061 4061
111 1683293143 3563 3709 3681 3660 154 3636 3638 3606 32 4063 4063 4063 4063 4063 4063 4063
112 1683293143 3564 3710 3682 3660 167 3635 3638 3606 32 4061 4061 4061 4061 4061 4061 4061
113 1683293143 3564 3710 3682 3661 143 3636 3639 3607 31 4061 4061 4061 4061 4061 4061 4061
114 1683293143 3562 3708 3679 3658 164 3633 3636 3604 31 4061 4061 4061 4061 4061 4061 4061
115 1683293143 3562 3708 3680 3659 170 3634 3636 3604 32 4063 4062 4062 4062 4062 4062 4062
116 1683293143 3562 3708 3680 3658 165 3634 3636 3604 31 4061 4061 4061 4061 4061 4061 4061
117 1683293143 3562 3707 3679 3658 161 3633 3635 3604 32 4063 4062 4062 4062 4062 4062 4062
118 1683293143 3562 3708 3680 3659 158 3635 3636 3605 32 4063 4062 4062 4062 4062 4062 4062
119 1683293144 3561 3707 3679 3658 153 3633 3636 3604 32 4063 4062 4062 4062 4062 4062 4062
120 1683293144 3562 3707 3679 3658 171 3633 3636 3604 32 4063 4063 4063 4063 4063 4063 4063
121 1683293144 3562 3708 3680 3659 172 3634 3637 3605 31 4063 4062 4062 4062 4062 4062 4062
122 1683293144 3563 3708 3680 3659 180 3634 3636 3605 32 4063 4063 4063 4063 4063 4063 4063
123 1683293144 3562 3707 3680 3659 152 3634 3636 3605 32 4063 4062 4062 4062 4062 4062 4062
124 1683293144 3562 3708 3680 3658 166 3634 3636 3605 32 4063 4062 4062 4062 4062 4062 4062
125 1683293144 3562 3708 3680 3659 153 3634 3636 3605 31 4063 4062 4062 4062 4062 4062 4062
126 1683293144 3562 3708 3679 3658 161 3634 3637 3605 31 4063 4063 4063 4063 4063 4063 4063
127 1683293144 3562 3707 3679 3658 140 3634 3636 3604 31 4063 4062 4062 4062 4062 4062 4062
128 1683293144 3562 3707 3679 3658 161 3633 3637 3605 31 4063 4063 4063 4063 4063 4063 4063
129 1683293144 3562 3707 3680 3658 157 3632 3636 3604 31 4061 4061 4061 4061 4061 4061 4061
130 1683293144 3563 3708 3680 3660 158 3635 3637 3605 31 4063 4062 4062 4062 4062 4062 4062
131 1683293144 3562 3707 3679 3658 175 3634 3636 3605 32 4063 4062 4062 4062 4062 4062 4062
132 1683293144 3563 3709 3681 3660 174 3635 3637 3606 32 4063 4062 4062 4062 4062 4062 4062
133 1683293145 3563 3709 3680 3659 150 3635 3637 3606 32 4061 4061 4061 4061 4061 4061 4061
134 1683293145 3562 3708 3679 3659 172 3634 3637 3605 31 4063 4062 4062 4062 4062 4062 4062
135 1683293145 3562 3707 3679 3659 163 3634 3636 3605 31 4061 4061 4061 4061 4061 4061 4061
136 1683293145 3562 3708 3680 3658 156 3633 3636 3605 31 4063 4062 4062 4062 4062 4062 4062
137 1683293145 3562 3707 3680 3658 151 3634 3636 3605 32 4061 4061 4061 4061 4061 4061 4061
138 1683293145 3562 3707 3679 3658 165 3633 3635 3604 32 4061 4061 4061 4061 4061 4061 4061
139 1683293145 3563 3708 3680 3659 171 3634 3636 3604 31 4063 4062 4062 4062 4062 4062 4062
140 1683293145 3563 3708 3681 3659 163 3635 3637 3606 31 4061 4061 4061 4061 4061 4061 4061
141 1683293145 3564 3709 3681 3660 173 3636 3638 3606 31 4063 4063 4063 4063 4063 4063 4063
142 1683293145 3563 3709 3680 3660 174 3635 3637 3605 31 4063 4063 4063 4063 4063 4063 4063
143 1683293145 3562 3708 3680 3658 161 3634 3636 3604 31 4063 4062 4062 4062 4062 4062 4062
144 1683293146 3563 3708 3680 3659 156 3633 3636 3604 31 4063 4063 4063 4063 4063 4063 4063
145 1683293146 3562 3708 3680 3659 155 3634 3637 3605 31 4063 4062 4062 4062 4062 4062 4062
146 1683293146 3562 3708 3680 3659 161 3633 3636 3604 32 4063 4063 4063 4063 4063 4063 4063
147 1683293146 3564 3709 3681 3661 173 3636 3638 3606 32 4063 4062 4062 4062 4062 4062 4062
148 1683293146 3563 3709 3681 3660 162 3635 3638 3606 31 4063 4062 4062 4062 4062 4062 4062
149 1683293146 3562 3708 3680 3659 158 3635 3638 3605 31 4063 4062 4062 4062 4062 4062 4062
150 1683293146 3563 3709 3681 3660 176 3635 3637 3606 31 4063 4062 4062 4062 4062 4062 4062
151 1683293146 3563 3708 3680 3659 169 3634 3637 3605 31 4063 4063 4063 4063 4063 4063 4063
152 1683293146 3562 3708 3680 3659 154 3634 3637 3605 31 4061 4061 4061 4061 4061 4061 4061
153 1683293146 3562 3708 3680 3659 161 3635 3637 3605 32 4063 4062 4062 4062 4062 4062 4062
154 1683293146 3563 3709 3681 3660 171 3635 3638 3607 32 4063 4063 4063 4063 4063 4063 4063
155 1683293147 3563 3709 3680 3660 173 3635 3637 3606 32 4061 4061 4061 4061 4061 4061 4061
156 1683293147 3563 3708 3680 3659 167 3635 3637 3604 31 4061 4061 4061 4061 4061 4061 4061
157 1683293147 3563 3707 3680 3659 161 3634 3637 3604 31 4061 4061 4061 4061 4061 4061 4061
158 1683293147 3564 3709 3681 3660 169 3635 3637 3605 31 4061 4061 4061 4061 4061 4061 4061
159 1683293147 3563 3708 3680 3659 167 3634 3637 3605 31 4063 4062 4062 4062 4062 4062 4062
160 1683293147 3563 3709 3681 3659 173 3633 3637 3605 31 4063 4062 4062 4062 4062 4062 4062
161 1683293147 3564 3709 3681 3660 161 3636 3638 3606 32 4063 4063 4063 4063 4063 4063 4063
162 1683293147 3563 3708 3680 3659 160 3635 3637 3605 31 4063 4063 4063 4063 4063 4063 4063
163 1683293147 3564 3709 3681 3660 168 3635 3637 3606 32 4061 4061 4061 4061 4061 4061 4061
164 1683293147 3563 3708 3680 3659 176 3635 3638 3606 31 4063 4062 4062 4062 4062 4062 4062
165 1683293147 3563 3709 3681 3660 155 3636 3638 3606 31 4063 4062 4062 4062 4062 4062 4062
166 1683293147 3563 3709 3681 3660 174 3635 3637 3606 31 4063 4062 4062 4062 4062 4062 4062
167 1683293147 3562 3708 3680 3659 180 3634 3637 3605 31 4063 4063 4063 4063 4063 4063 4063
168 1683293147 3563 3708 3680 3659 154 3635 3637 3605 31 4063 4062 4062 4062 4062 4062 4062
169 1683293147 3562 3709 3680 3659 185 3635 3637 3605 31 4063 4063 4063 4063 4063 4063 4063
170 1683293147 3564 3710 3681 3660 168 3636 3638 3606 32 4061 4061 4061 4061 4061 4061 4061
171 1683293147 3563 3709 3680 3660 164 3636 3638 3607 31 4061 4061 4061 4061 4061 4061 4061
172 1683293148 3563 3708 3680 3659 161 3635 3637 3605 32 4063 4062 4062 4062 4062 4062 4062
173 1683293148 3563 3709 3681 3660 153 3636 3638 3606 31 4063 4062 4062 4062 4062 4062 4062
174 1683293148 3563 3708 3680 3659 164 3635 3637 3605 31 4063 4063 4063 4063 4063 4063 4063
175 1683293148 3564 3709 3681 3660 169 3635 3637 3606 31 4061 4061 4061 4061 4061 4061 4061
176 1683293148 3563 3709 3681 3659 164 3635 3637 3605 31 4063 4062 4062 4062 4062 4062 4062
177 1683293148 3562 3709 3680 3659 164 3634 3637 3605 31 4063 4062 4062 4062 4062 4062 4062
178 1683293149 3563 3708 3680 3659 157 3635 3637 3605 32 4063 4062 4062 4062 4062 4062 4062
179 1683293149 3562 3708 3679 3658 187 3634 3636 3605 31 4063 4062 4062 4062 4062 4062 4062
180 1683293149 3563 3709 3681 3660 194 3635 3637 3605 31 4063 4063 4063 4063 4063 4063 4063
181 1683293149 3562 3708 3680 3659 162 3634 3636 3605 31 4063 4063 4063 4063 4063 4063 4063
182 1683293149 3563 3708 3680 3659 164 3634 3637 3605 31 4063 4062 4062 4062 4062 4062 4062
183 1683293149 3563 3709 3681 3660 163 3635 3637 3606 31 4063 4063 4063 4063 4063 4063 4063
184 1683293149 3563 3709 3680 3659 146 3635 3637 3605 31 4063 4062 4062 4062 4062 4062 4062
185 1683293149 3563 3708 3680 3659 165 3634 3637 3605 31 4063 4062 4062 4062 4062 4062 4062
186 1683293149 3564 3710 3682 3660 158 3636 3638 3606 31 4061 4061 4061 4061 4061 4061 4061
187 1683293149 3562 3708 3680 3658 167 3634 3637 3605 32 4061 4061 4061 4061 4061 4061 4061
188 1683293149 3562 3708 3680 3658 166 3634 3637 3605 31 4063 4062 4062 4062 4062 4062 4062
189 1683293149 3562 3707 3679 3658 186 3634 3636 3604 31 4063 4063 4063 4063 4063 4063 4063
190 1683293150 3562 3708 3680 3659 176 3635 3636 3605 31 4063 4062 4062 4062 4062 4062 4062
191 1683293150 3562 3708 3680 3659 158 3634 3637 3605 32 4063 4062 4062 4062 4062 4062 4062
192 1683293150 3563 3709 3681 3659 158 3633 3637 3605 31 4063 4062 4062 4062 4062 4062 4062
193 1683293150 3564 3709 3681 3660 169 3635 3638 3606 32 4063 4062 4062 4062 4062 4062 4062
194 1683293150 3563 3708 3680 3658 161 3635 3637 3605 32 4061 4061 4061 4061 4061 4061 4061
195 1683293150 3563 3708 3680 3659 164 3635 3637 3605 32 4063 4062 4062 4062 4062 4062 4062
196 1683293150 3563 3708 3680 3659 167 3635 3637 3605 31 4063 4062 4062 4062 4062 4062 4062
197 1683293150 3562 3708 3680 3659 165 3634 3636 3604 32 4063 4062 4062 4062 4062 4062 4062
198 1683293150 3563 3709 3680 3660 154 3635 3638 3606 31 4063 4062 4062 4062 4062 4062 4062
199 1683293150 3563 3708 3680 3659 179 3634 3637 3605 31 4063 4062 4062 4062 4062 4062 4062
200 1683293151 3562 3708 3680 3659 173 3635 3637 3605 32 4063 4063 4063 4063 4063 4063 4063
201 1683293151 3564 3709 3681 3660 165 3635 3637 3606 31 4063 4062 4062 4062 4062 4062 4062
202 1683293151 3563 3708 3680 3659 168 3635 3637 3605 31 4063 4063 4063 4063 4063 4063 4063
203 1683293151 3563 3708 3680 3659 179 3634 3637 3605 31 4063 4063 4063 4063 4063 4063 4063
204 1683293151 3562 3708 3680 3659 152 3634 3636 3604 31 4063 4062 4062 4062 4062 4062 4062
205 1683293151 3563 3708 3680 3658 165 3634 3636 3605 31 4063 4062 4062 4062 4062 4062 4062
206 1683293151 3562 3709 3680 3660 173 3635 3637 3606 31 4063 4062 4062 4062 4062 4062 4062
207 1683293151 3563 3709 3681 3660 184 3635 3637 3606 31 4061 4061 4061 4061 4061 4061 4061
208 1683293151 3563 3708 3680 3659 163 3635 3637 3605 31 4063 4063 4063 4063 4063 4063 4063
209 1683293151 3563 3709 3681 3659 147 3636 3637 3605 31 4061 4061 4061 4061 4061 4061 4061
210 1683293151 3563 3708 3680 3659 204 3635 3637 3605 31 4061 4061 4061 4061 4061 4061 4061
211 1683293151 3564 3709 3681 3660 159 3636 3638 3606 31 4063 4063 4063 4063 4063 4063 4063
212 1683293151 3562 3708 3680 3659 152 3634 3637 3605 32 4063 4062 4062 4062 4062 4062 4062
213 1683293151 3563 3709 3681 3659 151 3635 3637 3605 31 4062 4062 4062 4062 4062 4062 4062
214 1683293152 3563 3709 3681 3660 163 3635 3637 3605 32 4063 4063 4063 4063 4063 4063 4063
215 1683293152 3563 3709 3680 3659 161 3635 3638 3606 31 4063 4063 4063 4063 4063 4063 4063
216 1683293152 3563 3709 3681 3660 172 3635 3637 3606 31 4063 4063 4063 4063 4063 4063 4063
217 1683293152 3562 3708 3680 3659 165 3634 3636 3605 31 4063 4062 4062 4062 4062 4062 4062
218 1683293152 3563 3708 3681 3660 168 3635 3638 3606 31 4063 4062 4062 4062 4062 4062 4062
219 1683293152 3563 3709 3681 3660 171 3635 3637 3605 31 4063 4062 4062 4062 4062 4062 4062
220 1683293152 3563 3708 3680 3660 162 3635 3637 3605 31 4063 4063 4063 4063 4063 4063 4063
221 1683293152 3563 3708 3680 3659 153 3635 3637 3605 31 4063 4063 4063 4063 4063 4063 4063
222 1683293152 3563 3707 3680 3659 182 3634 3636 3604 31 4063 4062 4062 4062 4062 4062 4062
223 1683293152 3563 3708 3680 3660 123 3634 3637 3605 32 4063 4063 4063 4063 4063 4063 4063
224 1683293152 3564 3709 3682 3660 158 3636 3638 3606 31 4063 4062 4062 4062 4062 4062 4062
225 1683293153 3563 3709 3681 3659 163 3635 3637 3606 32 4063 4062 4062 4062 4062 4062 4062
226 1683293153 3563 3708 3681 3659 168 3635 3637 3605 31 4063 4062 4062 4062 4062 4062 4062
227 1683293153 3563 3708 3680 3659 164 3634 3637 3605 32 4061 4061 4061 4061 4061 4061 4061
228 1683293153 3564 3709 3681 3660 162 3635 3637 3606 31 4063 4063 4063 4063 4063 4063 4063
229 1683293153 3564 3710 3681 3660 167 3636 3638 3607 31 4063 4062 4062 4062 4062 4062 4062
230 1683293153 3563 3709 3681 3660 152 3635 3638 3606 31 4063 4062 4062 4062 4062 4062 4062
231 1683293153 3563 3708 3680 3659 156 3634 3637 3605 31 4063 4062 4062 4062 4062 4062 4062
232 1683293153 3564 3710 3682 3660 156 3636 3638 3606 31 4063 4062 4062 4062 4062 4062 4062
233 1683293153 3564 3709 3681 3660 171 3636 3638 3606 31 4063 4062 4062 4062 4062 4062 4062
234 1683293154 3563 3710 3681 3660 169 3635 3638 3606 31 4063 4062 4062 4062 4062 4062 4062
235 1683293154 3564 3710 3682 3660 171 3635 3638 3606 31 4063 4062 4062 4062 4062 4062 4062
236 1683293154 3564 3710 3681 3660 160 3636 3638 3606 31 4063 4062 4062 4062 4062 4062 4062
237 1683293154 3563 3708 3680 3659 167 3634 3637 3605 31 4063 4062 4062 4062 4062 4062 4062
238 1683293154 3563 3709 3680 3660 172 3635 3637 3606 32 4061 4061 4061 4061 4061 4061 4061
239 1683293154 3563 3708 3681 3660 152 3635 3638 3606 31 4061 4061 4061 4061 4061 4061 4061
240 1683293154 3564 3709 3682 3661 176 3636 3638 3607 32 4063 4062 4062 4062 4062 4062 4062
241 1683293155 3563 3708 3680 3659 146 3635 3637 3605 31 4063 4062 4062 4062 4062 4062 4062
242 1683293155 3562 3708 3680 3659 161 3635 3637 3605 32 4063 4062 4062 4062 4062 4062 4062
243 1683293155 3563 3709 3680 3660 136 3636 3638 3606 32 4063 4062 4062 4062 4062 4062 4062
244 1683293155 3563 3709 3681 3660 186 3636 3638 3606 31 4063 4062 4062 4062 4062 4062 4062
245 1683293155 3563 3709 3681 3660 166 3636 3638 3606 32 4062 4062 4062 4062 4062 4062 4062
246 1683293155 3563 3708 3680 3659 176 3635 3637 3606 31 4063 4062 4062 4062 4062 4062 4062
247 1683293155 3563 3709 3681 3660 162 3636 3638 3606 31 4063 4062 4062 4062 4062 4062 4062
248 1683293155 3563 3709 3680 3659 161 3635 3637 3606 31 4063 4062 4062 4062 4062 4062 4062
249 1683293155 3563 3708 3680 3659 163 3634 3637 3605 32 4061 4061 4061 4061 4061 4061 4061
250 1683293155 3563 3708 3681 3659 165 3635 3637 3605 31 4063 4062 4062 4062 4062 4062 4062
251 1683293155 3564 3709 3681 3660 162 3636 3638 3606 31 4063 4063 4063 4063 4063 4063 4063
252 1683293155 3563 3709 3681 3660 154 3635 3638 3606 31 4063 4062 4062 4062 4062 4062 4062
253 1683293155 3563 3709 3681 3660 168 3635 3638 3606 31 4062 4062 4062 4062 4062 4062 4062
254 1683293155 3564 3709 3681 3660 176 3635 3637 3605 31 4061 4061 4061 4061 4061 4061 4061
255 1683293156 3563 3709 3681 3660 181 3634 3638 3606 31 4061 4061 4061 4061 4061 4061 4061
256 1683293156 3563 3709 3680 3659 162 3634 3637 3605 31 4063 4063 4063 4063 4063 4063 4063
257 1683293156 3564 3709 3681 3660 168 3636 3638 3607 31 4063 4063 4063 4063 4063 4063 4063
258 1683293156 3564 3709 3681 3660 156 3635 3637 3606 31 4061 4061 4061 4061 4061 4061 4061
259 1683293156 3563 3709 3681 3659 153 3634 3637 3606 32 4063 4063 4063 4063 4063 4063 4063
260 1683293156 3564 3710 3682 3661 153 3637 3639 3607 31 4061 4061 4061 4061 4061 4061 4061
261 1683293156 3564 3709 3681 3660 157 3636 3638 3606 31 4063 4062 4062 4062 4062 4062 4062
262 1683293156 3563 3709 3681 3660 158 3636 3638 3607 31 4061 4061 4061 4061 4061 4061 4061
263 1683293156 3563 3708 3680 3660 171 3635 3638 3606 31 4063 4063 4063 4063 4063 4063 4063
264 1683293156 3563 3709 3680 3659 161 3635 3637 3605 31 4063 4063 4063 4063 4063 4063 4063
265 1683293157 3564 3709 3681 3660 189 3636 3638 3606 31 4063 4062 4062 4062 4062 4062 4062
266 1683293157 3563 3708 3681 3659 156 3635 3637 3606 31 4063 4063 4063 4063 4063 4063 4063
267 1683293157 3562 3708 3680 3659 157 3635 3637 3605 31 4063 4063 4063 4063 4063 4063 4063
268 1683293157 3563 3708 3680 3659 214 3634 3637 3605 31 4061 4061 4061 4061 4061 4061 4061
269 1683293157 3564 3709 3681 3660 206 3635 3637 3606 31 4063 4062 4062 4062 4062 4062 4062
270 1683293157 3563 3710 3682 3661 160 3635 3639 3607 31 4061 4061 4061 4061 4061 4061 4061
271 1683293157 3564 3710 3683 3661 175 3637 3638 3607 31 4061 4061 4061 4061 4061 4061 4061
272 1683293157 3563 3708 3681 3660 166 3635 3637 3605 31 4063 4063 4063 4063 4063 4063 4063
273 1683293157 159 144 146 3659 168 3638 3639 3608 31 4063 4062 4062 4062 4062 4062 4062
274 1683293157 3563 3709 3681 3660 152 3635 3638 3606 31 4063 4062 4062 4062 4062 4062 4062
275 1683293158 3563 3709 3681 3659 179 3635 3637 3606 32 4063 4062 4062 4062 4062 4062 4062
276 1683293158 3564 3709 3681 3660 178 3635 3638 3606 31 4063 4062 4062 4062 4062 4062 4062
277 1683293158 3563 3709 3682 3661 181 3636 3638 3606 31 4063 4062 4062 4062 4062 4062 4062
278 1683293158 3563 3708 3681 3660 184 3635 3637 3606 32 4063 4062 4062 4062 4062 4062 4062
279 1683293158 3564 3710 3682 3661 167 3636 3639 3607 31 4063 4063 4063 4063 4063 4063 4063
280 1683293158 3564 3710 3681 3660 194 3636 3638 3607 32 4063 4062 4062 4062 4062 4062 4062
281 1683293158 3563 3709 3681 3660 177 3636 3638 3606 32 4061 4061 4061 4061 4061 4061 4061
282 1683293158 3564 3710 3682 3660 158 3636 3638 3607 31 4063 4062 4062 4062 4062 4062 4062
283 1683293159 3562 3708 3680 3659 163 3635 3637 3605 31 4063 4063 4063 4063 4063 4063 4063
284 1683293159 3565 3710 3682 3661 154 3637 3639 3607 31 4063 4063 4063 4063 4063 4063 4063
285 1683293159 3563 3709 3681 3660 170 3635 3637 3606 31 4063 4062 4062 4062 4062 4062 4062
286 1683293159 3564 3709 3681 3660 161 3635 3637 3606 32 4061 4061 4061 4061 4061 4061 4061
287 1683293159 3564 3710 3681 3660 157 3636 3638 3606 32 4061 4061 4061 4061 4061 4061 4061
288 1683293159 3565 3709 3681 3660 172 3636 3638 3606 31 4063 4062 4062 4062 4062 4062 4062
289 1683293159 3564 3709 3681 3660 155 3635 3637 3605 31 4063 4063 4063 4063 4063 4063 4063
290 1683293159 3564 3710 3681 3660 163 3635 3638 3606 31 4063 4062 4062 4062 4062 4062 4062
291 1683293160 3564 3710 3682 3660 163 3636 3638 3606 31 4063 4062 4062 4062 4062 4062 4062
292 1683293160 3563 3708 3681 3660 168 3636 3638 3606 31 4063 4062 4062 4062 4062 4062 4062
293 1683293160 3564 3710 3682 3661 167 3636 3638 3607 31 4063 4062 4062 4062 4062 4062 4062
294 1683293160 3563 3709 3681 3660 164 3635 3637 3606 32 4063 4062 4062 4062 4062 4062 4062
295 1683293160 3563 3709 3682 3660 163 3636 3637 3606 31 4063 4062 4062 4062 4062 4062 4062
296 1683293160 3565 3710 3682 3661 168 3637 3638 3607 31 4061 4061 4061 4061 4061 4061 4061
297 1683293160 3565 3709 3682 3660 157 3636 3638 3607 32 4063 4062 4062 4062 4062 4062 4062
298 1683293160 3564 3710 3682 3661 169 3636 3638 3607 33 4061 4061 4061 4061 4061 4061 4061
299 1683293160 3565 3709 3681 3661 189 3635 3638 3606 31 4063 4062 4062 4062 4062 4062 4062
300 1683293160 3565 3710 3682 3661 156 3637 3639 3607 31 4063 4062 4062 4062 4062 4062 4062
301 1683293160 3563 3709 3681 3660 165 3636 3638 3607 31 4063 4062 4062 4062 4062 4062 4062
302 1683293160 3564 3709 3681 3660 173 3635 3638 3606 32 4063 4062 4062 4062 4062 4062 4062
303 1683293160 3564 3709 3682 3660 161 3636 3638 3606 31 4063 4062 4062 4062 4062 4062 4062
304 1683293160 3564 3709 3682 3661 171 3636 3638 3607 31 4063 4062 4062 4062 4062 4062 4062
305 1683293160 3564 3709 3681 3660 156 3635 3637 3606 31 4063 4062 4062 4062 4062 4062 4062
306 1683293160 3564 3710 3682 3661 166 3636 3639 3607 31 4061 4061 4061 4061 4061 4061 4061
307 1683293160 3565 3711 3683 3661 156 3636 3639 3607 31 4063 4062 4062 4062 4062 4062 4062
308 1683293160 3564 3710 3682 3661 201 3636 3638 3607 31 4061 4061 4061 4061 4061 4061 4061
309 1683293160 3564 3710 3681 3660 159 3636 3638 3607 31 4063 4062 4062 4062 4062 4062 4062
310 1683293161 3565 3710 3682 3661 162 3637 3639 3608 31 4063 4062 4062 4062 4062 4062 4062
311 1683293161 3564 3710 3681 3661 168 3636 3639 3607 32 4063 4062 4062 4062 4062 4062 4062
312 1683293161 3564 3710 3682 3661 150 3636 3638 3607 31 4063 4062 4062 4062 4062 4062 4062
313 1683293161 3564 3710 3682 3661 177 3637 3639 3607 31 4061 4061 4061 4061 4061 4061 4061
314 1683293161 3563 3709 3682 3660 190 3636 3638 3607 31 4063 4063 4063 4063 4063 4063 4063
315 1683293161 3564 3709 3681 3661 180 3636 3638 3607 31 4063 4062 4062 4062 4062 4062 4062
316 1683293161 3564 3710 3682 3661 166 3636 3638 3606 32 4063 4063 4063 4063 4063 4063 4063
317 1683293161 3565 3710 3682 3661 165 3636 3639 3607 32 4061 4061 4061 4061 4061 4061 4061
318 1683293161 3564 3709 3682 3661 167 3635 3639 3607 31 4063 4062 4062 4062 4062 4062 4062
319 1683293161 3564 3709 3682 3660 170 3634 3638 3606 31 4063 4062 4062 4062 4062 4062 4062
320 1683293161 3564 3709 3681 3660 181 3633 3638 3606 31 4063 4062 4062 4062 4062 4062 4062
321 1683293161 3565 3710 3683 3661 141 3637 3639 3607 31 4061 4061 4061 4061 4061 4061 4061
322 1683293161 3564 3709 3681 3660 161 3636 3638 3606 32 4063 4062 4062 4062 4062 4062 4062
323 1683293161 3564 3710 3681 3661 165 3636 3638 3607 32 4063 4063 4063 4063 4063 4063 4063
324 1683293162 3563 3709 3681 3660 187 3635 3638 3607 32 4063 4062 4062 4062 4062 4062 4062
325 1683293162 3565 3710 3683 3662 165 3637 3640 3608 32 4061 4061 4061 4061 4061 4061 4061
326 1683293162 3564 3710 3682 3660 166 3635 3637 3606 31 4063 4063 4063 4063 4063 4063 4063
327 1683293162 3565 3711 3683 3662 171 3638 3639 3607 31 4063 4063 4063 4063 4063 4063 4063
328 1683293162 3564 3710 3682 3661 182 3637 3639 3607 32 4063 4062 4062 4062 4062 4062 4062
329 1683293162 3564 3709 3682 3660 159 3636 3638 3607 32 4063 4062 4062 4062 4062 4062 4062
330 1683293162 3564 3709 3682 3661 158 3636 3639 3607 31 4063 4063 4063 4063 4063 4063 4063
331 1683293162 3564 3710 3682 3661 167 3636 3639 3607 32 4063 4062 4062 4062 4062 4062 4062
332 1683293163 3565 3711 3682 3661 166 3637 3639 3608 31 4063 4062 4062 4062 4062 4062 4062
333 1683293163 3565 3710 3682 3661 155 3636 3638 3607 32 4063 4063 4063 4063 4063 4063 4063
334 1683293163 3565 3710 3682 3660 172 3635 3638 3607 31 4061 4061 4061 4061 4061 4061 4061
335 1683293163 3565 3710 3682 3661 159 3636 3638 3606 32 4061 4061 4061 4061 4061 4061 4061
336 1683293163 3565 3710 3682 3661 198 3637 3639 3608 31 4061 4061 4061 4061 4061 4061 4061
337 1683293163 3565 3710 3682 3661 170 3636 3638 3607 31 4063 4062 4062 4062 4062 4062 4062
338 1683293163 3566 3711 3683 3662 168 3638 3640 3608 31 4063 4063 4063 4063 4063 4063 4063
339 1683293163 3566 3711 3683 3662 171 3638 3640 3608 32 4063 4063 4063 4063 4063 4063 4063
340 1683293163 3565 3711 3682 3662 170 3637 3640 3607 32 4063 4062 4062 4062 4062 4062 4062
341 1683293163 3565 3710 3682 3661 158 3637 3639 3608 31 4063 4063 4063 4063 4063 4063 4063
342 1683293163 3565 3710 3682 3661 166 3637 3639 3607 31 4063 4062 4062 4062 4062 4062 4062
343 1683293163 3565 3710 3683 3661 152 3636 3639 3607 31 4063 4062 4062 4062 4062 4062 4062
344 1683293163 3566 3712 3684 3662 162 3638 3640 3608 31 4063 4062 4062 4062 4062 4062 4062
345 1683293163 3565 3711 3682 3662 159 3637 3639 3607 31 4063 4062 4062 4062 4062 4062 4062
346 1683293163 3565 3711 3683 3662 178 3637 3639 3608 32 4063 4063 4063 4063 4063 4063 4063
347 1683293163 3564 3710 3682 3661 162 3636 3639 3607 32 4063 4062 4062 4062 4062 4062 4062
348 1683293163 3564 3710 3682 3661 206 3636 3639 3607 31 4063 4063 4063 4063 4063 4063 4063
349 1683293164 3565 3710 3683 3662 190 3636 3639 3607 32 4061 4061 4061 4061 4061 4061 4061
350 1683293164 3565 3710 3683 3661 166 3635 3639 3607 32 4063 4063 4063 4063 4063 4063 4063
351 1683293164 3564 3710 3682 3661 157 3636 3639 3607 31 4061 4061 4061 4061 4061 4061 4061
352 1683293164 3565 3710 3683 3662 187 3636 3639 3607 31 4061 4061 4061 4061 4061 4061 4061
353 1683293164 3565 3711 3683 3662 161 3638 3640 3608 31 4063 4062 4062 4062 4062 4062 4062
354 1683293164 3565 3710 3683 3662 174 3637 3640 3608 31 4061 4061 4061 4061 4061 4061 4061
355 1683293164 3564 3709 3682 3661 175 3636 3638 3607 31 4063 4062 4062 4062 4062 4062 4062
356 1683293164 3564 3710 3682 3661 164 3636 3638 3607 32 4061 4061 4061 4061 4061 4061 4061
357 1683293164 3564 3710 3682 3660 163 3636 3638 3606 32 4063 4062 4062 4062 4062 4062 4062
358 1683293164 3564 3709 3681 3660 172 3635 3638 3606 32 4063 4062 4062 4062 4062 4062 4062
359 1683293164 3565 3710 3682 3661 179 3636 3639 3607 32 4063 4062 4062 4062 4062 4062 4062
360 1683293165 3564 3710 3682 3661 162 3636 3638 3606 31 4063 4062 4062 4062 4062 4062 4062
361 1683293165 3565 3711 3683 3662 173 3637 3639 3608 31 4063 4062 4062 4062 4062 4062 4062
362 1683293165 3565 3711 3683 3662 208 3637 3639 3607 32 4063 4062 4062 4062 4062 4062 4062
363 1683293165 3564 3710 3682 3661 165 3637 3639 3607 31 4063 4062 4062 4062 4062 4062 4062
364 1683293165 3564 3709 3681 3660 167 3636 3639 3607 32 4063 4062 4062 4062 4062 4062 4062
365 1683293165 3565 3711 3683 3661 168 3636 3639 3608 31 4063 4063 4063 4063 4063 4063 4063
366 1683293165 3566 3711 3684 3662 165 3638 3640 3608 31 4063 4062 4062 4062 4062 4062 4062
367 1683293165 3564 3711 3682 3661 160 3637 3639 3607 31 4063 4062 4062 4062 4062 4062 4062
368 1683293165 3566 3711 3683 3662 164 3637 3639 3608 31 4061 4061 4061 4061 4061 4061 4061
369 1683293165 3564 3710 3682 3661 175 3636 3639 3607 31 4063 4062 4062 4062 4062 4062 4062
370 1683293166 3562 3707 3680 3658 179 3634 3637 3604 31 4063 4062 4062 4062 4062 4062 4062
371 1683293166 3563 3708 3680 3659 169 3634 3637 3605 31 4063 4063 4063 4063 4063 4063 4063
372 1683293166 3565 3711 3682 3662 170 3637 3639 3607 31 4061 4061 4061 4061 4061 4061 4061
373 1683293166 3564 3709 3681 3660 145 3635 3637 3606 32 4061 4061 4061 4061 4061 4061 4061
374 1683293166 3564 3709 3681 3660 169 3635 3637 3605 32 4063 4062 4062 4062 4062 4062 4062
375 1683293166 3562 3707 3680 3659 179 3634 3637 3605 32 4063 4063 4063 4063 4063 4063 4063
376 1683293166 3562 3707 3680 3659 160 3633 3637 3605 32 4063 4063 4063 4063 4063 4063 4063
377 1683293166 3563 3708 3681 3660 155 3635 3637 3605 31 4063 4063 4063 4063 4063 4063 4063
378 1683293167 3563 3708 3681 3660 165 3635 3637 3605 32 4061 4061 4061 4061 4061 4061 4061
379 1683293167 3562 3707 3679 3658 160 3634 3636 3604 31 4063 4063 4063 4063 4063 4063 4063
380 1683293167 3563 3709 3681 3660 160 3635 3637 3605 31 4063 4062 4062 4062 4062 4062 4062
381 1683293167 145 228 167 110 154 1421 3639 3609 31 4063 4062 4062 4062 4062 4062 4062
382 1683293167 3563 3709 3681 3660 160 3635 3637 3606 31 4063 4062 4062 4062 4062 4062 4062
383 1683293167 3563 3708 3681 3660 153 3634 3636 3605 31 4063 4062 4062 4062 4062 4062 4062
384 1683293167 3563 3709 3681 3660 167 3635 3637 3605 31 4061 4061 4061 4061 4061 4061 4061
385 1683293167 3563 3709 3681 3660 154 3635 3637 3605 31 4063 4062 4062 4062 4062 4062 4062
386 1683293167 3563 3708 3680 3659 161 3635 3637 3605 31 4061 4061 4061 4061 4061 4061 4061
387 1683293167 3564 3709 3681 3660 165 3635 3637 3606 32 4063 4062 4062 4062 4062 4062 4062
388 1683293168 3563 3708 3680 3660 166 3635 3637 3605 32 4063 4062 4062 4062 4062 4062 4062
389 1683293168 3563 3709 3681 3660 173 3636 3638 3606 32 4063 4062 4062 4062 4062 4062 4062
390 1683293168 3563 3708 3681 3660 164 3635 3637 3606 32 4063 4062 4062 4062 4062 4062 4062
391 1683293168 3563 3709 3681 3660 157 3635 3637 3606 31 4061 4061 4061 4061 4061 4061 4061
392 1683293168 3563 3709 3682 3660 174 3636 3638 3606 32 4063 4062 4062 4062 4062 4062 4062
393 1683293168 3563 3709 3681 3659 181 3635 3636 3605 31 4063 4063 4063 4063 4063 4063 4063
394 1683293168 3562 3708 3680 3659 152 3635 3637 3605 32 4063 4063 4063 4063 4063 4063 4063
395 1683293168 3564 3709 3681 3660 184 3635 3638 3606 31 4063 4062 4062 4062 4062 4062 4062
396 1683293169 3562 3708 3680 3658 201 3635 3637 3605 31 4063 4062 4062 4062 4062 4062 4062
397 1683293169 3564 3709 3681 3660 171 3635 3637 3606 32 4063 4062 4062 4062 4062 4062 4062
398 1683293169 3562 3708 3680 3659 165 3634 3637 3605 31 4063 4062 4062 4062 4062 4062 4062
399 1683293169 3564 3709 3681 3660 159 3634 3638 3606 32 4063 4063 4063 4063 4063 4063 4063
400 1683293169 3564 3709 3681 3660 158 3636 3638 3606 31 4061 4061 4061 4061 4061 4061 4061
401 1683293169 3564 3709 3682 3660 169 3636 3639 3606 31 4063 4062 4062 4062 4062 4062 4062
402 1683293169 3564 3708 3681 3660 160 3635 3637 3605 32 4063 4062 4062 4062 4062 4062 4062
403 1683293169 3563 3709 3681 3659 169 3635 3637 3606 31 4063 4062 4062 4062 4062 4062 4062
404 1683293170 3564 3709 3681 3660 158 3635 3637 3606 31 4063 4062 4062 4062 4062 4062 4062
405 1683293170 3564 3709 3681 3661 181 3636 3638 3606 31 4063 4063 4063 4063 4063 4063 4063
406 1683293170 3564 3709 3682 3661 176 3635 3638 3607 31 4063 4063 4063 4063 4063 4063 4063
407 1683293170 3564 3710 3682 3661 172 3636 3639 3607 31 4063 4063 4063 4063 4063 4063 4063
408 1683293170 3563 3708 3680 3659 160 3634 3637 3605 31 4063 4062 4062 4062 4062 4062 4062
409 1683293170 3564 3709 3681 3660 179 3636 3638 3606 31 4063 4063 4063 4063 4063 4063 4063
410 1683293170 3562 3708 3680 3659 162 3635 3637 3605 32 4063 4062 4062 4062 4062 4062 4062
411 1683293170 3563 3709 3681 3660 168 3635 3637 3605 31 4063 4062 4062 4062 4062 4062 4062
412 1683293170 3562 3707 3679 3658 173 3633 3636 3604 32 4061 4061 4061 4061 4061 4061 4061
413 1683293170 3563 3709 3681 3660 166 3635 3637 3606 31 4061 4061 4061 4061 4061 4061 4061
414 1683293170 3563 3708 3680 3659 162 3635 3637 3605 31 4063 4062 4062 4062 4062 4062 4062
415 1683293170 3563 3709 3681 3660 163 3634 3638 3606 31 4063 4062 4062 4062 4062 4062 4062
416 1683293170 3564 3709 3682 3660 186 3636 3638 3606 32 4063 4063 4063 4063 4063 4063 4063
417 1683293170 3562 3707 3680 3659 178 3634 3637 3605 31 4063 4062 4062 4062 4062 4062 4062
418 1683293171 3564 3709 3681 3660 168 3635 3638 3606 32 4063 4063 4063 4063 4063 4063 4063
419 1683293171 3563 3709 3680 3659 173 3634 3637 3605 31 4063 4062 4062 4062 4062 4062 4062
420 1683293171 3564 3709 3681 3660 175 3636 3638 3606 31 4063 4062 4062 4062 4062 4062 4062
421 1683293171 3564 3709 3682 3661 180 3636 3638 3606 31 4061 4061 4061 4061 4061 4061 4061
422 1683293171 3562 3708 3680 3659 180 3635 3637 3605 32 4063 4063 4063 4063 4063 4063 4063
423 1683293171 3563 3709 3681 3660 183 3636 3638 3606 31 4062 4062 4062 4062 4062 4062 4062
424 1683293171 3563 3709 3680 3659 170 3635 3637 3605 31 4063 4062 4062 4062 4062 4062 4062
425 1683293172 3562 3708 3680 3659 167 3634 3637 3605 33 4063 4062 4062 4062 4062 4062 4062
426 1683293172 3563 3709 3681 3660 150 3635 3637 3606 31 4063 4062 4062 4062 4062 4062 4062
427 1683293172 3563 3709 3681 3660 175 3635 3637 3605 31 4063 4062 4062 4062 4062 4062 4062
428 1683293172 3562 3708 3680 3659 158 3635 3637 3605 31 4063 4062 4062 4062 4062 4062 4062
429 1683293172 3563 3708 3680 3659 159 3634 3637 3605 31 4063 4063 4063 4063 4063 4063 4063
430 1683293172 3564 3709 3681 3660 176 3635 3637 3606 32 4063 4062 4062 4062 4062 4062 4062
431 1683293172 3564 3710 3681 3660 160 3636 3638 3606 31 4063 4063 4063 4063 4063 4063 4063
432 1683293172 3563 3709 3681 3660 155 3635 3637 3606 31 4063 4063 4063 4063 4063 4063 4063
433 1683293173 3562 3708 3680 3659 165 3634 3636 3605 32 4063 4063 4063 4063 4063 4063 4063
434 1683293173 3563 3708 3680 3659 161 3635 3638 3605 31 4063 4062 4062 4062 4062 4062 4062
435 1683293173 3563 3709 3681 3660 152 3636 3637 3606 31 4063 4063 4063 4063 4063 4063 4063
436 1683293173 3564 3710 3682 3661 155 3636 3638 3606 32 4063 4062 4062 4062 4062 4062 4062
437 1683293173 3564 3709 3681 3660 173 3636 3638 3607 31 4063 4062 4062 4062 4062 4062 4062
438 1683293173 3563 3709 3681 3660 156 3635 3638 3606 31 4063 4062 4062 4062 4062 4062 4062
439 1683293173 3563 3709 3681 3660 163 3635 3637 3605 32 4063 4062 4062 4062 4062 4062 4062
440 1683293173 3564 3709 3681 3660 162 3635 3638 3606 32 4063 4062 4062 4062 4062 4062 4062
441 1683293173 3563 3709 3681 3660 172 3636 3638 3606 31 4063 4062 4062 4062 4062 4062 4062
442 1683293173 3564 3709 3681 3660 169 3635 3637 3606 31 4063 4062 4062 4062 4062 4062 4062
443 1683293174 3564 3710 3682 3661 172 3636 3639 3607 31 4063 4062 4062 4062 4062 4062 4062
444 1683293174 3564 3710 3682 3661 170 3636 3638 3606 31 4063 4062 4062 4062 4062 4062 4062
445 1683293174 3564 3710 3682 3661 157 3636 3638 3607 31 4063 4062 4062 4062 4062 4062 4062
446 1683293174 3564 3709 3681 3661 158 3635 3638 3607 31 4063 4062 4062 4062 4062 4062 4062
447 1683293174 3564 3709 3682 3660 143 3634 3639 3606 32 4061 4061 4061 4061 4061 4061 4061
448 1683293174 3564 3709 3681 3660 167 3633 3637 3606 31 4063 4062 4062 4062 4062 4062 4062
449 1683293174 3563 3709 3681 3660 173 3635 3637 3605 32 4063 4063 4063 4063 4063 4063 4063
450 1683293174 3564 3709 3681 3660 165 3635 3638 3606 31 4063 4062 4062 4062 4062 4062 4062
451 1683293174 3563 3709 3680 3660 163 3635 3638 3606 31 4063 4062 4062 4062 4062 4062 4062
452 1683293174 3564 3710 3682 3661 162 3636 3638 3607 31 4063 4063 4063 4063 4063 4063 4063
453 1683293174 3564 3709 3682 3660 173 3636 3638 3606 31 4063 4062 4062 4062 4062 4062 4062
454 1683293174 3565 3710 3683 3661 166 3637 3639 3607 31 4063 4062 4062 4062 4062 4062 4062
455 1683293174 3564 3709 3681 3660 193 3636 3638 3606 31 4063 4063 4063 4063 4063 4063 4063
456 1683293174 3564 3710 3682 3661 156 3636 3638 3606 31 4063 4062 4062 4062 4062 4062 4062
457 1683293174 3564 3709 3681 3661 161 3636 3638 3606 31 4061 4061 4061 4061 4061 4061 4061
458 1683293174 3564 3710 3682 3661 169 3636 3638 3606 31 4063 4062 4062 4062 4062 4062 4062
459 1683293174 3563 3708 3681 3659 176 3635 3638 3606 31 4063 4062 4062 4062 4062 4062 4062
460 1683293174 3564 3710 3682 3661 186 3636 3638 3606 31 4063 4062 4062 4062 4062 4062 4062
461 1683293175 3564 3710 3681 3660 176 3635 3637 3606 32 4063 4062 4062 4062 4062 4062 4062
462 1683293175 3564 3709 3681 3660 164 3635 3638 3607 31 4063 4062 4062 4062 4062 4062 4062
463 1683293175 3564 3711 3683 3661 171 3637 3638 3607 31 4063 4062 4062 4062 4062 4062 4062
464 1683293175 3564 3710 3682 3660 170 3635 3638 3606 31 4063 4063 4063 4063 4063 4063 4063
465 1683293175 3563 3709 3681 3660 166 3635 3637 3606 32 4063 4063 4063 4063 4063 4063 4063
466 1683293175 3564 3710 3682 3661 156 3636 3638 3606 31 4063 4063 4063 4063 4063 4063 4063
467 1683293175 3564 3710 3682 3661 185 3636 3638 3606 32 4061 4061 4061 4061 4061 4061 4061
468 1683293175 3564 3710 3681 3660 174 3635 3638 3606 32 4061 4061 4061 4061 4061 4061 4061
469 1683293175 3564 3709 3682 3661 169 3636 3639 3606 31 4063 4062 4062 4062 4062 4062 4062
470 1683293175 3563 3709 3681 3660 159 3635 3637 3606 31 4063 4062 4062 4062 4062 4062 4062
471 1683293175 3564 3710 3681 3660 179 3636 3638 3607 31 4061 4061 4061 4061 4061 4061 4061
472 1683293175 3564 3710 3681 3661 174 3635 3639 3607 31 4063 4062 4062 4062 4062 4062 4062
473 1683293176 3564 3709 3681 3660 154 3635 3638 3605 32 4063 4062 4062 4062 4062 4062 4062
474 1683293176 3564 3709 3681 3660 172 3635 3638 3606 31 4063 4062 4062 4062 4062 4062 4062
475 1683293176 3563 3709 3681 3660 174 3636 3638 3606 32 4063 4062 4062 4062 4062 4062 4062
476 1683293176 3564 3710 3682 3661 170 3636 3639 3607 31 4063 4063 4063 4063 4063 4063 4063
477 1683293176 3564 3709 3681 3660 152 3636 3638 3606 31 4063 4062 4062 4062 4062 4062 4062
478 1683293176 3563 3708 3680 3659 170 3634 3636 3604 32 4061 4061 4061 4061 4061 4061 4061
479 1683293176 3563 3708 3681 3660 171 3634 3638 3606 31 4063 4062 4062 4062 4062 4062 4062
480 1683293177 3564 3710 3682 3661 173 3636 3639 3606 31 4063 4062 4062 4062 4062 4062 4062
481 1683293177 3563 3709 3680 3659 170 3635 3637 3606 31 4063 4062 4062 4062 4062 4062 4062
482 1683293177 3565 3710 3682 3661 166 3637 3639 3607 31 4063 4062 4062 4062 4062 4062 4062
483 1683293177 3564 3709 3681 3661 155 3637 3638 3607 31 4063 4063 4063 4063 4063 4063 4063
484 1683293177 3565 3710 3682 3661 158 3636 3638 3606 32 4063 4063 4063 4063 4063 4063 4063
485 1683293177 3564 3709 3681 3661 173 3636 3638 3606 31 4063 4063 4063 4063 4063 4063 4063
486 1683293177 3564 3708 3680 3659 163 3635 3638 3606 31 4063 4062 4062 4062 4062 4062 4062
487 1683293177 3564 3709 3681 3660 151 3636 3638 3606 31 4063 4063 4063 4063 4063 4063 4063
488 1683293177 3565 3710 3682 3661 160 3636 3639 3607 31 4063 4062 4062 4062 4062 4062 4062
489 1683293177 3565 3710 3682 3661 159 3636 3638 3607 31 4063 4062 4062 4062 4062 4062 4062
490 1683293177 3565 3710 3682 3661 170 3637 3639 3608 31 4063 4062 4062 4062 4062 4062 4062
491 1683293177 3565 3711 3683 3662 171 3637 3640 3608 31 4063 4062 4062 4062 4062 4062 4062
492 1683293177 3564 3710 3682 3661 174 3636 3638 3607 31 4063 4062 4062 4062 4062 4062 4062
493 1683293177 3564 3710 3681 3660 163 3636 3638 3606 31 4063 4063 4063 4063 4063 4063 4063
494 1683293177 3564 3709 3682 3661 175 3637 3639 3607 31 4063 4063 4063 4063 4063 4063 4063
495 1683293177 3565 3710 3683 3661 171 3636 3638 3607 31 4061 4061 4061 4061 4061 4061 4061
496 1683293177 3565 3710 3682 3661 155 3636 3638 3607 31 4061 4061 4061 4061 4061 4061 4061
497 1683293178 3563 3709 3681 3660 158 3636 3638 3606 31 4063 4062 4062 4062 4062 4062 4062
498 1683293178 3565 3710 3683 3662 162 3637 3640 3608 31 4063 4062 4062 4062 4062 4062 4062
499 1683293178 3564 3710 3681 3660 155 3636 3638 3606 31 4063 4062 4062 4062 4062 4062 4062
500 1683293178 3564 3710 3682 3660 177 3636 3638 3606 31 4063 4063 4063 4063 4063 4063 4063
501 1683293178 3564 3709 3681 3660 149 3635 3637 3606 32 4061 4061 4061 4061 4061 4061 4061
502 1683293178 3564 3709 3682 3660 166 3635 3638 3606 32 4063 4063 4063 4063 4063 4063 4063
503 1683293178 3565 3711 3682 3662 156 3637 3639 3608 31 4063 4062 4062 4062 4062 4062 4062
504 1683293178 3565 3710 3682 3661 164 3637 3639 3607 32 4063 4062 4062 4062 4062 4062 4062
505 1683293178 3564 3710 3682 3661 181 3636 3638 3607 32 4061 4061 4061 4061 4061 4061 4061
506 1683293179 3565 3710 3682 3660 180 3636 3639 3607 32 4061 4061 4061 4061 4061 4061 4061
507 1683293179 3564 3710 3682 3661 155 3636 3639 3606 31 4063 4063 4063 4063 4063 4063 4063
508 1683293179 3564 3709 3681 3661 160 3636 3638 3606 31 4063 4062 4062 4062 4062 4062 4062
509 1683293179 3564 3709 3681 3660 159 3636 3638 3606 32 4063 4062 4062 4062 4062 4062 4062
510 1683293179 3564 3709 3682 3660 171 3635 3638 3606 31 4063 4062 4062 4062 4062 4062 4062
511 1683293179 3564 3709 3681 3660 162 3634 3638 3606 31 4063 4062 4062 4062 4062 4062 4062
512 1683293179 3565 3710 3682 3661 165 3637 3639 3607 31 4063 4062 4062 4062 4062 4062 4062
513 1683293179 3564 3709 3681 3660 166 3636 3638 3607 31 4063 4063 4063 4063 4063 4063 4063
514 1683293179 3565 3711 3683 3662 170 3637 3640 3608 31 4063 4062 4062 4062 4062 4062 4062
515 1683293179 3564 3710 3682 3661 178 3637 3639 3607 31 4061 4061 4061 4061 4061 4061 4061
516 1683293180 3564 3709 3682 3661 163 3637 3639 3607 32 4063 4062 4062 4062 4062 4062 4062
517 1683293180 3564 3709 3681 3661 171 3636 3638 3606 31 4063 4063 4063 4063 4063 4063 4063
518 1683293180 3564 3710 3682 3661 178 3635 3639 3606 31 4063 4062 4062 4062 4062 4062 4062
519 1683293180 3566 3711 3683 3662 221 3638 3640 3608 31 4063 4062 4062 4062 4062 4062 4062
520 1683293180 3565 3710 3682 3661 159 3637 3639 3607 32 4063 4062 4062 4062 4062 4062 4062
521 1683293180 3564 3709 3682 3660 146 3636 3638 3606 31 4063 4063 4063 4063 4063 4063 4063
522 1683293180 3566 3711 3683 3662 164 3637 3639 3608 31 4062 4062 4062 4062 4062 4062 4062
523 1683293181 3564 3709 3682 3660 170 3636 3638 3607 32 4063 4063 4063 4063 4063 4063 4063
524 1683293181 3564 3710 3682 3661 162 3637 3639 3607 31 4063 4062 4062 4062 4062 4062 4062
525 1683293181 3565 3710 3682 3661 165 3636 3639 3607 31 4063 4063 4063 4063 4063 4063 4063
526 1683293181 3565 3710 3683 3662 151 3636 3639 3607 32 4063 4062 4062 4062 4062 4062 4062
527 1683293181 3565 3710 3682 3661 173 3636 3639 3607 32 4061 4061 4061 4061 4061 4061 4061
528 1683293181 3565 3710 3682 3661 171 3637 3639 3608 31 4063 4062 4062 4062 4062 4062 4062
529 1683293181 3566 3710 3683 3661 173 3638 3640 3608 32 4061 4061 4061 4061 4061 4061 4061
530 1683293182 3565 3711 3683 3662 166 3637 3639 3608 31 4063 4062 4062 4062 4062 4062 4062
531 1683293182 3565 3710 3682 3661 159 3637 3639 3607 31 4061 4061 4061 4061 4061 4061 4061
532 1683293182 3565 3710 3683 3662 159 3637 3639 3608 31 4061 4061 4061 4061 4061 4061 4061
533 1683293182 3565 3711 3683 3661 175 3637 3639 3607 31 4061 4061 4061 4061 4061 4061 4061
534 1683293182 3565 3711 3682 3662 181 3637 3639 3608 31 4063 4062 4062 4062 4062 4062 4062
535 1683293182 3565 3711 3683 3662 171 3637 3639 3608 31 4063 4062 4062 4062 4062 4062 4062
536 1683293182 3565 3711 3683 3662 172 3638 3640 3608 31 4063 4062 4062 4062 4062 4062 4062
537 1683293182 3565 3710 3682 3661 159 3637 3639 3607 32 4063 4063 4063 4063 4063 4063 4063
538 1683293182 3565 3710 3682 3661 181 3637 3640 3608 31 4063 4062 4062 4062 4062 4062 4062
539 1683293183 3565 3711 3683 3662 167 3636 3639 3608 31 4063 4062 4062 4062 4062 4062 4062
540 1683293183 3566 3711 3683 3662 182 3637 3640 3608 32 4061 4061 4061 4061 4061 4061 4061
541 1683293183 3566 3711 3683 3662 169 3638 3640 3608 31 4063 4062 4062 4062 4062 4062 4062
542 1683293183 3565 3711 3683 3662 154 3638 3640 3608 31 4063 4062 4062 4062 4062 4062 4062
543 1683293183 3565 3711 3683 3662 171 3638 3639 3608 32 4063 4063 4063 4063 4063 4063 4063
544 1683293183 3566 3711 3683 3663 184 3638 3640 3608 31 4061 4061 4061 4061 4061 4061 4061
545 1683293183 3565 3711 3682 3661 165 3637 3639 3608 31 4063 4062 4062 4062 4062 4062 4062
546 1683293183 3565 3710 3682 3661 182 3636 3639 3607 31 4063 4062 4062 4062 4062 4062 4062
547 1683293183 3564 3710 3682 3661 175 3636 3638 3607 32 4063 4062 4062 4062 4062 4062 4062
548 1683293183 3565 3710 3683 3662 176 3637 3640 3608 31 4063 4062 4062 4062 4062 4062 4062
549 1683293184 3565 3711 3682 3662 174 3637 3640 3608 31 4061 4061 4061 4061 4061 4061 4061
550 1683293184 3565 3710 3683 3661 144 3637 3639 3607 31 4063 4062 4062 4062 4062 4062 4062
551 1683293184 3566 3711 3683 3662 181 3638 3640 3608 31 4063 4062 4062 4062 4062 4062 4062
552 1683293184 3565 3710 3682 3661 154 3637 3639 3607 31 4063 4062 4062 4062 4062 4062 4062
553 1683293184 3565 3710 3682 3661 164 3637 3639 3607 31 4063 4063 4063 4063 4063 4063 4063
554 1683293184 3565 3710 3682 3662 186 3637 3639 3608 32 4063 4062 4062 4062 4062 4062 4062
555 1683293184 3565 3711 3683 3662 162 3638 3640 3608 31 4061 4061 4061 4061 4061 4061 4061
556 1683293184 3566 3712 3684 3662 184 3637 3639 3607 31 4063 4062 4062 4062 4062 4062 4062
557 1683293184 3565 3710 3682 3662 173 3636 3639 3608 31 4063 4062 4062 4062 4062 4062 4062
558 1683293184 3565 3711 3683 3662 158 3637 3639 3607 31 4063 4063 4063 4063 4063 4063 4063
559 1683293185 3565 3711 3683 3662 167 3637 3639 3607 32 4063 4063 4063 4063 4063 4063 4063
560 1683293185 3566 3711 3683 3662 162 3637 3640 3608 31 4063 4062 4062 4062 4062 4062 4062
561 1683293185 3565 3711 3683 3661 170 3638 3640 3608 31 4063 4063 4063 4063 4063 4063 4063
562 1683293185 3566 3712 3683 3662 156 3638 3640 3608 31 4063 4062 4062 4062 4062 4062 4062
563 1683293185 3565 3711 3683 3662 161 3637 3639 3608 32 4063 4062 4062 4062 4062 4062 4062
564 1683293185 3565 3710 3683 3662 180 3637 3640 3608 31 4061 4061 4061 4061 4061 4061 4061
565 1683293185 3565 3710 3683 3661 170 3637 3639 3608 31 4063 4063 4063 4063 4063 4063 4063
566 1683293185 3565 3711 3683 3662 159 3637 3640 3608 31 4061 4061 4061 4061 4061 4061 4061
567 1683293185 3564 3710 3682 3660 160 3636 3638 3607 31 4063 4062 4062 4062 4062 4062 4062
568 1683293185 3565 3710 3683 3662 154 3637 3640 3608 31 4063 4062 4062 4062 4062 4062 4062
569 1683293185 3565 3711 3683 3661 167 3636 3639 3607 31 4063 4062 4062 4062 4062 4062 4062
570 1683293185 3565 3710 3682 3661 165 3637 3639 3608 31 4061 4061 4061 4061 4061 4061 4061
571 1683293185 3564 3710 3682 3661 157 3636 3639 3607 31 4063 4062 4062 4062 4062 4062 4062
572 1683293185 3565 3711 3683 3662 166 3637 3640 3608 31 4063 4063 4063 4063 4063 4063 4063
573 1683293185 3565 3711 3683 3662 168 3636 3640 3608 31 4061 4061 4061 4061 4061 4061 4061
574 1683293185 3565 3711 3683 3662 176 3635 3639 3608 31 4063 4062 4062 4062 4062 4062 4062
575 1683293185 3565 3711 3684 3662 180 3637 3639 3608 32 4061 4061 4061 4061 4061 4061 4061
576 1683293185 3565 3711 3683 3662 170 3637 3640 3608 31 4063 4062 4062 4062 4062 4062 4062
577 1683293186 3566 3711 3683 3662 171 3637 3639 3608 32 4063 4063 4063 4063 4063 4063 4063
578 1683293186 3564 3710 3682 3661 194 3636 3639 3607 32 4063 4063 4063 4063 4063 4063 4063
579 1683293186 3566 3711 3683 3663 163 3638 3640 3609 31 4063 4062 4062 4062 4062 4062 4062
580 1683293186 3566 3711 3683 3662 187 3637 3640 3608 31 4063 4063 4063 4063 4063 4063 4063
581 1683293186 3564 3710 3683 3661 164 3636 3638 3606 32 4063 4063 4063 4063 4063 4063 4063
582 1683293186 3565 3711 3683 3661 155 3637 3639 3607 32 4063 4062 4062 4062 4062 4062 4062
583 1683293187 3566 3712 3684 3663 154 3638 3641 3609 31 4063 4062 4062 4062 4062 4062 4062
584 1683293187 3567 3712 3684 3664 184 3639 3641 3610 31 4063 4062 4062 4062 4062 4062 4062
585 1683293187 3565 3711 3683 3662 186 3638 3640 3607 31 4063 4063 4063 4063 4063 4063 4063
586 1683293187 3565 3711 3683 3662 164 3637 3639 3607 32 4063 4063 4063 4063 4063 4063 4063
587 1683293187 3565 3711 3683 3662 205 3637 3640 3608 32 4063 4062 4062 4062 4062 4062 4062
588 1683293187 3565 3711 3683 3662 118 3637 3640 3608 31 4061 4061 4061 4061 4061 4061 4061
589 1683293187 3565 3711 3683 3662 181 3636 3639 3608 31 4063 4062 4062 4062 4062 4062 4062
590 1683293187 3566 3712 3683 3661 160 3637 3639 3607 31 4063 4062 4062 4062 4062 4062 4062
591 1683293187 3565 3711 3682 3661 166 3636 3639 3607 31 4061 4060 4060 4060 4060 4060 4060
592 1683293187 3564 3710 3682 3661 165 3637 3639 3607 32 4061 4061 4061 4061 4061 4061 4061
593 1683293187 3566 3712 3684 3663 153 3639 3641 3609 32 4063 4062 4062 4062 4062 4062 4062
594 1683293187 3564 3710 3682 3660 160 3636 3639 3607 31 4063 4062 4062 4062 4062 4062 4062
595 1683293187 3565 3711 3683 3662 164 3636 3639 3607 31 4063 4063 4063 4063 4063 4063 4063
596 1683293187 3566 3712 3683 3663 186 3637 3640 3608 31 4063 4062 4062 4062 4062 4062 4062
597 1683293187 3565 3711 3683 3662 160 3637 3640 3608 31 4061 4061 4061 4061 4061 4061 4061
598 1683293187 3566 3712 3683 3663 177 3638 3640 3608 31 4061 4061 4061 4061 4061 4061 4061
599 1683293188 3565 3711 3683 3662 171 3637 3639 3608 31 4063 4062 4062 4062 4062 4062 4062
600 1683293188 3565 3711 3683 3662 178 3637 3639 3608 33 4063 4063 4063 4063 4063 4063 4063
601 1683293188 3565 3711 3683 3662 162 3637 3640 3609 32 4063 4062 4062 4062 4062 4062 4062
602 1683293188 3566 3711 3683 3662 187 3637 3640 3608 31 4063 4062 4062 4062 4062 4062 4062
603 1683293188 3565 3710 3682 3661 152 3637 3639 3607 31 4063 4062 4062 4062 4062 4062 4062
604 1683293188 3566 3711 3684 3662 188 3637 3640 3607 31 4063 4062 4062 4062 4062 4062 4062
605 1683293188 3565 3710 3683 3662 175 3636 3639 3608 31 4063 4062 4062 4062 4062 4062 4062
606 1683293188 3565 3710 3683 3661 166 3637 3640 3608 32 4063 4063 4063 4063 4063 4063 4063
607 1683293188 3566 3711 3683 3663 158 3638 3640 3609 31 4063 4062 4062 4062 4062 4062 4062
608 1683293189 3564 3710 3682 3661 169 3636 3638 3607 31 4063 4063 4063 4063 4063 4063 4063
609 1683293189 3566 3711 3683 3662 180 3638 3640 3608 31 4063 4062 4062 4062 4062 4062 4062
610 1683293189 3565 3710 3682 3661 180 3636 3639 3607 32 4063 4063 4063 4063 4063 4063 4063
611 1683293189 3565 3710 3682 3661 182 3637 3639 3607 31 4063 4062 4062 4062 4062 4062 4062
612 1683293189 3565 3711 3682 3662 174 3637 3639 3607 31 4063 4062 4062 4062 4062 4062 4062
613 1683293189 3566 3711 3683 3662 169 3637 3640 3607 31 4063 4063 4063 4063 4063 4063 4063
614 1683293189 3565 3711 3683 3661 170 3637 3639 3607 32 4063 4062 4062 4062 4062 4062 4062
615 1683293189 3566 3711 3683 3662 168 3637 3639 3608 31 4061 4061 4061 4061 4061 4061 4061
616 1683293189 3566 3712 3684 3662 178 3638 3640 3609 32 4063 4063 4063 4063 4063 4063 4063
617 1683293189 3566 3712 3683 3662 179 3637 3640 3608 32 4063 4062 4062 4062 4062 4062 4062
618 1683293189 3566 3712 3684 3663 172 3638 3640 3608 31 4061 4061 4061 4061 4061 4061 4061
619 1683293189 3566 3712 3684 3663 161 3638 3640 3608 32 4063 4062 4062 4062 4062 4062 4062
620 1683293189 3566 3712 3684 3662 156 3638 3641 3609 31 4063 4062 4062 4062 4062 4062 4062
621 1683293190 3564 3710 3682 3661 166 3636 3638 3606 31 4062 4062 4062 4062 4062 4062 4062
622 1683293190 3565 3711 3683 3662 168 3637 3640 3608 31 4063 4062 4062 4062 4062 4062 4062
623 1683293190 3565 3711 3683 3662 172 3638 3639 3608 32 4063 4062 4062 4062 4062 4062 4062
624 1683293190 3566 3712 3683 3662 175 3637 3639 3608 32 4063 4062 4062 4062 4062 4062 4062
625 1683293190 3566 3713 3684 3663 165 3638 3641 3609 31 4063 4063 4063 4063 4063 4063 4063
626 1683293190 3564 3710 3682 3661 170 3636 3638 3606 31 4063 4063 4063 4063 4063 4063 4063
627 1683293190 3563 3709 3681 3660 173 3634 3637 3605 31 4061 4061 4061 4061 4061 4061 4061
628 1683293190 3564 3710 3681 3660 168 3636 3638 3606 31 4063 4062 4062 4062 4062 4062 4062
629 1683293190 3564 3709 3682 3661 171 3636 3639 3607 31 4063 4063 4063 4063 4063 4063 4063
630 1683293190 3564 3709 3681 3660 136 3635 3638 3606 31 4063 4062 4062 4062 4062 4062 4062
631 1683293190 3564 3710 3682 3661 167 3636 3639 3607 31 4063 4062 4062 4062 4062 4062 4062
632 1683293190 3564 3709 3681 3660 175 3636 3638 3606 31 4063 4062 4062 4062 4062 4062 4062
633 1683293190 3563 3709 3681 3660 164 3636 3638 3606 31 4063 4063 4063 4063 4063 4063 4063
634 1683293191 3563 3709 3681 3660 160 3635 3637 3606 31 4061 4061 4061 4061 4061 4061 4061
635 1683293191 3564 3709 3681 3660 169 3636 3638 3606 32 4063 4062 4062 4062 4062 4062 4062
636 1683293191 3563 3709 3681 3660 156 3635 3637 3606 31 4063 4062 4062 4062 4062 4062 4062
637 1683293191 3564 3709 3681 3660 164 3635 3637 3606 31 4063 4063 4063 4063 4063 4063 4063
638 1683293191 3564 3710 3682 3661 161 3635 3639 3607 32 4061 4061 4061 4061 4061 4061 4061
639 1683293191 3563 3709 3681 3660 167 3634 3638 3607 31 4063 4063 4063 4063 4063 4063 4063
640 1683293191 3564 3709 3682 3661 170 3637 3638 3607 31 4061 4061 4061 4061 4061 4061 4061
641 1683293191 3564 3710 3682 3661 150 3636 3638 3606 31 4063 4062 4062 4062 4062 4062 4062
642 1683293191 3564 3710 3682 3661 179 3635 3638 3606 31 4063 4062 4062 4062 4062 4062 4062
643 1683293192 3563 3709 3681 3659 148 3635 3637 3605 32 4063 4063 4063 4063 4063 4063 4063
644 1683293192 3564 3710 3682 3661 159 3636 3638 3607 32 4063 4062 4062 4062 4062 4062 4062
645 1683293192 3563 3709 3681 3660 165 3636 3638 3606 32 4063 4062 4062 4062 4062 4062 4062
646 1683293192 3564 3709 3681 3660 156 3635 3637 3606 31 4063 4062 4062 4062 4062 4062 4062
647 1683293192 3564 3709 3681 3660 157 3634 3637 3606 31 4063 4062 4062 4062 4062 4062 4062
648 1683293192 3563 3708 3680 3659 187 3635 3637 3605 32 4061 4061 4061 4061 4061 4061 4061
649 1683293192 3564 3709 3681 3660 161 3635 3637 3606 31 4063 4062 4062 4062 4062 4062 4062
650 1683293192 3563 3707 3680 3658 164 3634 3637 3605 31 4063 4062 4062 4062 4062 4062 4062
651 1683293192 3564 3710 3682 3661 173 3636 3638 3607 31 4063 4062 4062 4062 4062 4062 4062
652 1683293193 3565 3710 3682 3661 163 3636 3638 3607 32 4063 4063 4063 4063 4063 4063 4063
653 1683293193 3564 3709 3681 3660 129 3635 3638 3606 31 4063 4063 4063 4063 4063 4063 4063
654 1683293193 3564 3709 3682 3660 174 3635 3638 3606 31 4063 4062 4062 4062 4062 4062 4062
655 1683293193 3564 3710 3682 3661 163 3636 3638 3606 31 4063 4063 4063 4063 4063 4063 4063
656 1683293193 3564 3709 3681 3661 168 3636 3638 3606 31 4063 4063 4063 4063 4063 4063 4063
657 1683293193 3565 3711 3682 3661 169 3637 3639 3607 31 4061 4061 4061 4061 4061 4061 4061
658 1683293193 3564 3710 3681 3660 184 3636 3638 3606 31 4063 4062 4062 4062 4062 4062 4062
659 1683293193 3564 3710 3681 3660 178 3636 3638 3607 31 4063 4063 4063 4063 4063 4063 4063
660 1683293193 3564 3710 3682 3661 170 3636 3639 3607 31 4063 4062 4062 4062 4062 4062 4062
661 1683293193 3564 3709 3681 3661 159 3636 3638 3606 31 4061 4061 4061 4061 4061 4061 4061
662 1683293194 3564 3710 3682 3661 149 3636 3638 3606 32 4063 4062 4062 4062 4062 4062 4062
663 1683293194 3563 3709 3681 3659 187 3635 3638 3607 32 4063 4062 4062 4062 4062 4062 4062
664 1683293194 3564 3709 3681 3660 158 3635 3638 3606 31 4061 4061 4061 4061 4061 4061 4061
665 1683293194 3564 3710 3682 3661 150 3636 3638 3606 32 4063 4062 4062 4062 4062 4062 4062
666 1683293194 3563 3709 3681 3660 167 3635 3638 3606 31 4061 4061 4061 4061 4061 4061 4061
667 1683293194 3564 3710 3682 3661 193 3636 3638 3606 31 4061 4061 4061 4061 4061 4061 4061
668 1683293194 3565 3710 3682 3661 164 3637 3639 3607 31 4063 4062 4062 4062 4062 4062 4062
669 1683293194 3564 3710 3681 3660 169 3636 3638 3606 31 4063 4063 4063 4063 4063 4063 4063
670 1683293194 3564 3710 3682 3661 156 3635 3638 3606 31 4063 4062 4062 4062 4062 4062 4062
671 1683293195 3564 3709 3681 3660 163 3634 3638 3606 31 4063 4063 4063 4063 4063 4063 4063
672 1683293195 3565 3710 3682 3661 150 3636 3638 3606 31 4063 4062 4062 4062 4062 4062 4062
673 1683293195 3563 3709 3681 3660 185 3636 3638 3607 32 4063 4062 4062 4062 4062 4062 4062
674 1683293195 3565 3710 3683 3661 154 3637 3639 3607 31 4061 4061 4061 4061 4061 4061 4061
675 1683293195 3564 3709 3681 3660 159 3636 3638 3606 31 4063 4062 4062 4062 4062 4062 4062
676 1683293195 3564 3710 3682 3661 165 3637 3639 3607 31 4063 4063 4063 4063 4063 4063 4063
677 1683293195 3565 3711 3682 3661 165 3636 3638 3606 32 4063 4062 4062 4062 4062 4062 4062
678 1683293195 3564 3710 3682 3661 172 3636 3638 3606 31 4063 4062 4062 4062 4062 4062 4062
679 1683293195 3564 3709 3681 3660 139 3636 3639 3606 31 4063 4062 4062 4062 4062 4062 4062
680 1683293195 3564 3709 3681 3660 170 3636 3638 3606 32 4063 4062 4062 4062 4062 4062 4062
681 1683293195 3565 3711 3682 3661 173 3637 3639 3607 31 4063 4063 4063 4063 4063 4063 4063
682 1683293195 3564 3710 3681 3660 154 3635 3638 3606 31 4063 4062 4062 4062 4062 4062 4062
683 1683293196 3566 3711 3683 3661 162 3637 3639 3607 31 4061 4061 4061 4061 4061 4061 4061
684 1683293196 3564 3709 3681 3660 188 3635 3638 3606 32 4063 4062 4062 4062 4062 4062 4062
685 1683293196 3564 3710 3682 3661 181 3636 3639 3607 32 4063 4062 4062 4062 4062 4062 4062
686 1683293196 3564 3711 3682 3661 153 3637 3639 3607 32 4063 4062 4062 4062 4062 4062 4062
687 1683293196 3564 3710 3682 3660 179 3636 3638 3606 31 4063 4062 4062 4062 4062 4062 4062
688 1683293196 3564 3710 3682 3660 144 3636 3638 3606 31 4063 4062 4062 4062 4062 4062 4062
689 1683293196 3565 3710 3682 3660 161 3636 3638 3606 31 4063 4062 4062 4062 4062 4062 4062
690 1683293196 3564 3710 3682 3661 164 3636 3639 3607 31 4061 4061 4061 4061 4061 4061 4061
691 1683293196 3564 3709 3681 3660 179 3635 3638 3606 31 4063 4063 4063 4063 4063 4063 4063
692 1683293196 3564 3710 3682 3661 167 3636 3638 3607 31 4063 4063 4063 4063 4063 4063 4063
693 1683293197 3565 3710 3683 3661 165 3636 3639 3607 32 4063 4062 4062 4062 4062 4062 4062
694 1683293197 3565 3711 3683 3661 176 3636 3639 3607 31 4061 4061 4061 4061 4061 4061 4061
695 1683293197 3565 3711 3683 3662 160 3637 3639 3607 31 4063 4062 4062 4062 4062 4062 4062
696 1683293197 3564 3710 3682 3661 156 3637 3639 3607 31 4063 4062 4062 4062 4062 4062 4062
697 1683293197 3564 235 3680 3662 171 3636 3639 3608 31 4063 4062 4062 4062 4062 4062 4062
698 1683293197 3565 3710 3683 3661 158 3637 3639 3608 31 4063 4062 4062 4062 4062 4062 4062
699 1683293198 3564 3709 3682 3660 183 3636 3638 3606 32 4061 4061 4061 4061 4061 4061 4061
700 1683293198 3565 3710 3682 3661 161 3636 3639 3607 31 4063 4063 4063 4063 4063 4063 4063
701 1683293198 3566 3711 3683 3662 156 3636 3640 3608 31 4063 4062 4062 4062 4062 4062 4062
702 1683293198 3565 3710 3682 3661 164 3635 3639 3607 31 4063 4063 4063 4063 4063 4063 4063
703 1683293198 3564 3710 3682 3661 176 3637 3639 3607 32 4063 4062 4062 4062 4062 4062 4062
704 1683293198 3564 3710 3682 3660 160 3636 3639 3606 31 4063 4062 4062 4062 4062 4062 4062
705 1683293198 3565 3710 3682 3661 169 3636 3639 3607 31 4061 4061 4061 4061 4061 4061 4061
706 1683293198 3565 3710 3683 3661 182 3637 3639 3607 31 4063 4062 4062 4062 4062 4062 4062
707 1683293198 3565 3710 3682 3662 165 3637 3639 3607 31 4063 4062 4062 4062 4062 4062 4062
708 1683293198 3565 3711 3683 3662 185 3637 3639 3607 33 4063 4062 4062 4062 4062 4062 4062
709 1683293198 3566 3711 3683 3662 174 3638 3639 3608 31 4063 4062 4062 4062 4062 4062 4062
710 1683293198 3564 3710 3682 3661 175 3636 3639 3607 31 4061 4061 4061 4061 4061 4061 4061
711 1683293198 3565 3711 3683 3662 163 3637 3640 3607 31 4063 4062 4062 4062 4062 4062 4062
712 1683293198 3564 3709 3682 3661 159 3636 3638 3606 31 4063 4062 4062 4062 4062 4062 4062
713 1683293198 3564 3710 3682 3661 157 3636 3639 3607 31 4063 4062 4062 4062 4062 4062 4062
714 1683293198 3564 3710 3682 3661 156 3637 3638 3607 32 4063 4062 4062 4062 4062 4062 4062
715 1683293198 3565 3711 3683 3661 175 3637 3639 3607 31 4063 4063 4063 4063 4063 4063 4063
716 1683293199 3565 3711 3682 3662 158 3637 3639 3607 31 4063 4062 4062 4062 4062 4062 4062
717 1683293199 3565 3711 3683 3662 183 3637 3640 3608 31 4063 4063 4063 4063 4063 4063 4063
718 1683293199 3565 3711 3682 3661 143 3635 3639 3607 31 4061 4061 4061 4061 4061 4061 4061
719 1683293199 3565 3711 3683 3661 155 3636 3639 3607 31 4061 4061 4061 4061 4061 4061 4061
720 1683293199 3565 3711 3682 3661 157 3637 3639 3607 32 4063 4062 4062 4062 4062 4062 4062
721 1683293199 3565 3710 3683 3661 146 3636 3639 3607 32 4061 4061 4061 4061 4061 4061 4061
722 1683293199 3565 3711 3683 3662 173 3638 3640 3608 31 4063 4062 4062 4062 4062 4062 4062
723 1683293199 3564 3710 3682 3661 178 3637 3639 3607 31 4063 4063 4063 4063 4063 4063 4063
724 1683293200 3564 3710 3682 3661 149 3637 3639 3607 31 4063 4062 4062 4062 4062 4062 4062
725 1683293200 3565 3711 3683 3662 170 3637 3640 3608 31 4061 4061 4061 4061 4061 4061 4061
726 1683293200 3565 3711 3683 3662 185 3637 3639 3607 31 4063 4062 4062 4062 4062 4062 4062
727 1683293200 3566 3711 3683 3662 171 3637 3640 3608 31 4063 4062 4062 4062 4062 4062 4062
728 1683293200 3564 3710 3683 3661 170 3637 3639 3607 32 4061 4061 4061 4061 4061 4061 4061
729 1683293200 3565 3711 3683 3661 175 3638 3640 3608 32 4063 4062 4062 4062 4062 4062 4062
730 1683293200 3565 3711 3683 3662 149 3637 3639 3608 31 4063 4062 4062 4062 4062 4062 4062
731 1683293200 3564 3710 3682 3661 164 3636 3638 3607 31 4063 4062 4062 4062 4062 4062 4062
732 1683293200 3565 3710 3682 3661 154 3637 3639 3607 31 4063 4062 4062 4062 4062 4062 4062
733 1683293200 3566 3711 3683 3661 166 3636 3640 3608 31 4063 4062 4062 4062 4062 4062 4062
734 1683293200 3565 3711 3683 3662 158 3638 3640 3608 31 4063 4063 4063 4063 4063 4063 4063
735 1683293200 3564 3710 3682 3661 175 3637 3639 3607 31 4061 4061 4061 4061 4061 4061 4061
736 1683293200 3565 3711 3683 3662 171 3637 3639 3607 31 4063 4062 4062 4062 4062 4062 4062
737 1683293201 3565 3710 3683 3662 190 3637 3639 3608 31 4063 4062 4062 4062 4062 4062 4062
738 1683293201 3565 3711 3683 3662 193 3637 3639 3608 31 4063 4062 4062 4062 4062 4062 4062
739 1683293201 3565 3711 3683 3662 167 3638 3639 3608 32 4063 4062 4062 4062 4062 4062 4062
740 1683293201 3566 3712 3683 3662 185 3637 3640 3609 32 4063 4062 4062 4062 4062 4062 4062
741 1683293201 3565 3711 3683 3661 157 3636 3640 3607 31 4061 4061 4061 4061 4061 4061 4061
742 1683293201 3565 3711 3683 3663 172 3638 3640 3608 31 4063 4062 4062 4062 4062 4062 4062
743 1683293201 3566 3711 3683 3662 156 3637 3639 3608 32 4063 4062 4062 4062 4062 4062 4062
744 1683293201 3565 3711 3683 3662 187 3637 3640 3608 31 4063 4062 4062 4062 4062 4062 4062
745 1683293201 3565 3711 3682 3662 191 3637 3639 3608 31 4063 4062 4062 4062 4062 4062 4062
746 1683293202 3565 3710 3683 3661 207 3637 3639 3607 31 4063 4063 4063 4063 4063 4063 4063
747 1683293202 3565 3711 3683 3662 162 3637 3639 3608 31 4063 4062 4062 4062 4062 4062 4062
748 1683293202 3566 3712 3684 3663 168 3637 3640 3608 32 4061 4061 4061 4061 4061 4061 4061
749 1683293202 3565 3711 3683 3662 185 3638 3640 3609 31 4063 4062 4062 4062 4062 4062 4062
750 1683293202 3564 3710 3682 3661 166 3637 3639 3607 31 4063 4062 4062 4062 4062 4062 4062
751 1683293202 3566 3711 3683 3662 149 3637 3639 3608 31 4063 4062 4062 4062 4062 4062 4062
752 1683293202 3566 3711 3683 3662 143 3637 3640 3608 31 4063 4062 4062 4062 4062 4062 4062
753 1683293202 3565 3711 3683 3662 161 3637 3639 3608 31 4061 4061 4061 4061 4061 4061 4061
754 1683293202 3565 3711 3683 3662 142 3637 3639 3607 32 4061 4061 4061 4061 4061 4061 4061
755 1683293202 3565 3711 3683 3662 154 3637 3639 3607 31 4061 4061 4061 4061 4061 4061 4061
756 1683293202 3565 3711 3683 3662 175 3637 3640 3608 31 4063 4062 4062 4062 4062 4062 4062
757 1683293202 3565 3710 3683 3661 189 3637 3639 3608 31 4063 4063 4063 4063 4063 4063 4063
758 1683293202 3566 3711 3684 3662 164 3638 3641 3609 32 4063 4062 4062 4062 4062 4062 4062
759 1683293202 3565 3711 3682 3661 173 3636 3639 3607 31 4063 4062 4062 4062 4062 4062 4062
760 1683293203 3565 3711 3683 3662 164 3637 3640 3607 31 4063 4062 4062 4062 4062 4062 4062
761 1683293203 3565 3711 3682 3661 162 3637 3639 3607 31 4063 4062 4062 4062 4062 4062 4062
762 1683293203 3566 3711 3683 3662 186 3637 3640 3608 31 4063 4062 4062 4062 4062 4062 4062
763 1683293203 3565 3711 3683 3662 179 3638 3640 3608 31 4061 4061 4061 4061 4061 4061 4061
764 1683293203 3566 3711 3683 3662 166 3637 3639 3607 31 4063 4062 4062 4062 4062 4062 4062
765 1683293203 3565 3711 3683 3662 145 3636 3640 3608 31 4063 4062 4062 4062 4062 4062 4062
766 1683293203 3565 3710 3682 3661 182 3635 3639 3607 31 4063 4062 4062 4062 4062 4062 4062
767 1683293203 3566 3711 3683 3662 165 3638 3639 3608 32 4063 4062 4062 4062 4062 4062 4062
768 1683293203 3565 3711 3683 3662 167 3637 3640 3608 31 4061 4061 4061 4061 4061 4061 4061
769 1683293203 3566 3712 3684 3663 157 3639 3640 3608 31 4063 4063 4063 4063 4063 4063 4063
770 1683293203 3565 3711 3683 3661 203 3637 3639 3608 31 4063 4062 4062 4062 4062 4062 4062
771 1683293203 3565 3711 3683 3661 165 3637 3639 3607 32 4063 4062 4062 4062 4062 4062 4062
772 1683293203 3565 3711 3682 3661 166 3637 3639 3607 31 4063 4062 4062 4062 4062 4062 4062
773 1683293203 3565 3710 3683 3661 183 3637 3639 3607 33 4061 4061 4061 4061 4061 4061 4061
774 1683293203 3565 3710 3682 3661 156 3636 3639 3607 32 4063 4063 4063 4063 4063 4063 4063
775 1683293203 3566 3711 3683 3662 171 3637 3639 3607 32 4061 4061 4061 4061 4061 4061 4061
776 1683293204 3565 3711 3683 3662 156 3637 3640 3608 31 4063 4062 4062 4062 4062 4062 4062
777 1683293204 3565 3710 3682 3661 155 3636 3639 3607 31 4063 4063 4063 4063 4063 4063 4063
778 1683293204 3565 3711 3683 3662 145 3637 3639 3607 31 4063 4063 4063 4063 4063 4063 4063
779 1683293204 3566 3711 3683 3662 183 3637 3639 3607 32 4063 4063 4063 4063 4063 4063 4063
780 1683293204 3566 3712 3684 3662 148 3637 3640 3608 31 4063 4063 4063 4063 4063 4063 4063
781 1683293204 3565 3710 3682 3661 202 3636 3639 3607 31 4063 4062 4062 4062 4062 4062 4062
782 1683293204 3565 3710 3682 3661 169 3637 3639 3608 32 4063 4062 4062 4062 4062 4062 4062
783 1683293205 3565 3710 3683 3661 147 3637 3639 3607 32 4061 4061 4061 4061 4061 4061 4061
784 1683293205 3565 3711 3683 3661 157 3637 3639 3607 32 4063 4062 4062 4062 4062 4062 4062
785 1683293205 3565 3711 3683 3662 180 3638 3640 3608 31 4063 4062 4062 4062 4062 4062 4062
786 1683293205 3565 3710 3682 3661 170 3636 3639 3607 31 4063 4062 4062 4062 4062 4062 4062
787 1683293205 3566 3712 3683 3662 151 3638 3639 3608 31 4063 4062 4062 4062 4062 4062 4062
788 1683293205 3565 3710 3682 3662 170 3637 3639 3608 31 4063 4063 4063 4063 4063 4063 4063
789 1683293206 3565 3711 3683 3661 158 3637 3640 3608 31 4061 4061 4061 4061 4061 4061 4061
790 1683293206 3565 3711 3683 3662 210 3637 3639 3608 31 4063 4063 4063 4063 4063 4063 4063
791 1683293206 3564 3710 3682 3661 158 3637 3639 3607 31 4063 4062 4062 4062 4062 4062 4062
792 1683293206 3565 3712 3683 3662 181 3638 3640 3608 31 4061 4061 4061 4061 4061 4061 4061
793 1683293206 3565 3711 3682 3661 154 3637 3640 3608 32 4063 4063 4063 4063 4063 4063 4063
794 1683293206 3566 3711 3682 3661 168 3637 3640 3608 31 4063 4063 4063 4063 4063 4063 4063
795 1683293206 3565 3711 3683 3662 167 3638 3639 3608 31 4061 4061 4061 4061 4061 4061 4061
796 1683293206 3565 3711 3683 3662 182 3637 3640 3608 31 4063 4063 4063 4063 4063 4063 4063
797 1683293206 3566 3712 3683 3662 163 3638 3640 3608 32 4063 4062 4062 4062 4062 4062 4062
798 1683293206 192 3709 253 3660 150 3639 3641 3609 31 4061 4061 4061 4061 4061 4061 4061
799 1683293206 3565 3711 3682 3662 169 3637 3639 3608 31 4063 4062 4062 4062 4062 4062 4062
800 1683293206 3565 3710 3682 3662 160 3637 3639 3608 32 4063 4062 4062 4062 4062 4062 4062
801 1683293206 3564 3709 3682 3661 177 3636 3639 3607 31 4063 4062 4062 4062 4062 4062 4062
802 1683293206 3566 3711 3683 3662 170 3637 3640 3608 32 4061 4061 4061 4061 4061 4061 4061
803 1683293206 3564 3710 3682 3662 155 3636 3639 3607 31 4061 4061 4061 4061 4061 4061 4061
804 1683293207 3566 3711 3684 3662 161 3637 3640 3608 32 4063 4062 4062 4062 4062 4062 4062
805 1683293207 3565 3711 3683 3662 177 3637 3640 3608 31 4063 4062 4062 4062 4062 4062 4062
806 1683293207 3566 3711 3684 3662 160 3638 3640 3608 31 4063 4063 4063 4063 4063 4063 4063
807 1683293207 3565 3711 3683 3662 187 3638 3640 3608 31 4063 4062 4062 4062 4062 4062 4062
808 1683293207 3566 3711 3683 3662 154 3637 3640 3608 32 4063 4062 4062 4062 4062 4062 4062
809 1683293207 3566 3712 3684 3663 163 3638 3640 3608 31 4063 4063 4063 4063 4063 4063 4063
810 1683293207 3566 3712 3684 3663 163 3639 3640 3608 31 4061 4061 4061 4061 4061 4061 4061
811 1683293207 3565 3711 3683 3662 168 3637 3640 3608 31 4063 4062 4062 4062 4062 4062 4062
812 1683293207 3567 3711 3684 3663 163 3637 3641 3609 31 4061 4061 4061 4061 4061 4061 4061
813 1683293207 3566 3711 3683 3662 162 3638 3640 3608 32 4063 4063 4063 4063 4063 4063 4063
814 1683293207 3566 3711 3683 3662 143 3638 3640 3608 32 4063 4063 4063 4063 4063 4063 4063
815 1683293207 3566 3711 3683 3662 165 3638 3640 3608 31 4063 4062 4062 4062 4062 4062 4062
816 1683293207 3566 3711 3683 3662 194 3637 3640 3608 31 4063 4062 4062 4062 4062 4062 4062
817 1683293207 3565 3711 3683 3661 159 3637 3639 3608 31 4063 4063 4063 4063 4063 4063 4063
818 1683293207 3566 3712 3684 3663 166 3638 3640 3609 31 4063 4063 4063 4063 4063 4063 4063
819 1683293208 3566 3711 3683 3663 201 3638 3640 3608 31 4063 4062 4062 4062 4062 4062 4062
820 1683293208 3565 3711 3682 3662 174 3637 3639 3608 31 4063 4062 4062 4062 4062 4062 4062
821 1683293208 3565 3711 3683 3662 167 3638 3640 3609 31 4063 4062 4062 4062 4062 4062 4062
822 1683293208 3566 3712 3683 3662 167 3637 3640 3608 32 4063 4063 4063 4063 4063 4063 4063
823 1683293208 3565 3711 3683 3662 155 3637 3639 3608 31 4063 4062 4062 4062 4062 4062 4062
824 1683293208 3565 3711 3683 3662 168 3637 3640 3608 32 4063 4062 4062 4062 4062 4062 4062
825 1683293208 3565 3711 3683 3662 170 3637 3639 3608 31 4063 4062 4062 4062 4062 4062 4062
826 1683293208 3565 3711 3683 3662 178 3637 3640 3608 31 4063 4062 4062 4062 4062 4062 4062
827 1683293208 3566 3711 3684 3663 164 3638 3640 3608 31 4063 4063 4063 4063 4063 4063 4063
828 1683293209 3565 3711 3682 3662 168 3637 3639 3607 31 4063 4062 4062 4062 4062 4062 4062
829 1683293209 3565 3710 3682 3662 173 3636 3639 3607 31 4063 4063 4063 4063 4063 4063 4063
830 1683293209 3565 3711 3683 3661 173 3635 3639 3608 32 4063 4062 4062 4062 4062 4062 4062
831 1683293209 3566 3711 3683 3662 195 3638 3640 3608 31 4063 4062 4062 4062 4062 4062 4062
832 1683293209 3566 3712 3684 3662 170 3637 3639 3608 31 4063 4062 4062 4062 4062 4062 4062
833 1683293209 3565 3711 3683 3662 159 3638 3640 3608 31 4061 4061 4061 4061 4061 4061 4061
834 1683293209 3566 3712 3684 3662 160 3639 3640 3609 33 4063 4063 4063 4063 4063 4063 4063
835 1683293209 3566 3711 3683 3662 159 3638 3639 3608 31 4063 4063 4063 4063 4063 4063 4063
836 1683293209 3566 3712 3684 3663 171 3638 3640 3608 31 4063 4062 4062 4062 4062 4062 4062
837 1683293209 3566 3711 3683 3661 173 3638 3640 3608 31 4063 4062 4062 4062 4062 4062 4062
838 1683293209 3565 3710 3682 3662 154 3637 3639 3608 31 4063 4062 4062 4062 4062 4062 4062
839 1683293209 3565 3711 3683 3662 171 3637 3640 3608 32 4063 4062 4062 4062 4062 4062 4062
840 1683293209 3566 3712 3684 3663 171 3639 3641 3610 32 4063 4063 4063 4063 4063 4063 4063
841 1683293209 3567 3712 3684 3663 155 3638 3640 3609 32 4063 4062 4062 4062 4062 4062 4062
842 1683293209 3565 3711 3683 3662 192 3637 3639 3607 31 4063 4062 4062 4062 4062 4062 4062
843 1683293209 3566 3712 3684 3663 162 3638 3640 3609 31 4063 4063 4063 4063 4063 4063 4063
844 1683293209 3566 3712 3684 3663 168 3638 3641 3609 32 4063 4062 4062 4062 4062 4062 4062
845 1683293209 3565 3710 3683 3661 173 3636 3640 3607 32 4063 4063 4063 4063 4063 4063 4063
846 1683293210 3566 3711 3683 3662 170 3637 3639 3608 31 4063 4062 4062 4062 4062 4062 4062
847 1683293210 3565 3711 3683 3662 183 3637 3640 3608 31 4063 4062 4062 4062 4062 4062 4062
848 1683293210 3565 3710 3683 3662 166 3637 3640 3608 32 4063 4063 4063 4063 4063 4063 4063
849 1683293210 3565 3711 3683 3662 167 3637 3640 3608 31 4063 4063 4063 4063 4063 4063 4063
850 1683293210 3566 3712 3684 668 163 3638 3641 3609 31 4063 4062 4062 4062 4062 4062 4062
851 1683293210 3566 3711 3684 3663 189 3638 3640 3608 31 4063 4062 4062 4062 4062 4062 4062
852 1683293211 3567 3712 3684 3662 154 3638 3640 3608 32 4063 4062 4062 4062 4062 4062 4062
853 1683293211 3566 3712 3684 3662 173 3638 3640 3608 31 4063 4063 4063 4063 4063 4063 4063
854 1683293211 3565 3710 3683 3662 183 3637 3639 3608 31 4063 4062 4062 4062 4062 4062 4062
855 1683293211 3565 3710 3682 3661 167 3637 3639 3607 32 4063 4062 4062 4062 4062 4062 4062
856 1683293211 3567 3712 3684 3664 170 3639 3641 3609 31 4063 4063 4063 4063 4063 4063 4063
857 1683293212 3565 3711 3683 3661 161 3636 3639 3607 31 4063 4062 4062 4062 4062 4062 4062
858 1683293212 3566 3711 3683 3662 173 3637 3640 3608 32 4063 4063 4063 4063 4063 4063 4063
859 1683293212 3566 3712 3683 3662 165 3637 3639 3608 32 4063 4063 4063 4063 4063 4063 4063
860 1683293212 3565 3710 3682 3661 172 3637 3640 3608 31 4061 4061 4061 4061 4061 4061 4061
861 1683293212 3566 3712 3683 3662 165 3638 3640 3608 32 4063 4062 4062 4062 4062 4062 4062
862 1683293212 3565 3711 3682 3661 168 3635 3639 3608 31 4063 4062 4062 4062 4062 4062 4062
863 1683293212 3566 3711 3683 3662 147 3637 3640 3608 31 4063 4062 4062 4062 4062 4062 4062
864 1683293212 3567 3711 3684 3662 164 3638 3641 3609 31 4063 4062 4062 4062 4062 4062 4062
865 1683293212 3567 3713 3684 3663 173 3638 3641 3609 31 4063 4062 4062 4062 4062 4062 4062
866 1683293212 3566 3711 3683 3662 186 3638 3640 3608 31 4063 4062 4062 4062 4062 4062 4062
867 1683293213 3566 3712 3684 3663 179 3638 3640 3608 31 4063 4063 4063 4063 4063 4063 4063
868 1683293213 3565 3711 3683 3662 158 3638 3640 3609 31 4063 4063 4063 4063 4063 4063 4063
869 1683293213 3567 3713 3685 3664 168 3639 3641 3609 31 4063 4062 4062 4062 4062 4062 4062
870 1683293213 3567 3712 3684 3663 173 3638 3641 3609 31 4061 4061 4061 4061 4061 4061 4061
871 1683293213 3566 3711 3683 3662 161 3637 3640 3608 31 4063 4062 4062 4062 4062 4062 4062
872 1683293213 3565 3711 3683 3662 161 3637 3639 3607 31 4063 4063 4063 4063 4063 4063 4063
873 1683293213 3566 3712 3683 3662 165 3637 3639 3608 31 4063 4062 4062 4062 4062 4062 4062
874 1683293214 3565 3711 3683 3662 173 3637 3639 3607 32 4061 4061 4061 4061 4061 4061 4061
875 1683293214 3567 3713 3685 3664 159 3638 3641 3610 31 4061 4061 4061 4061 4061 4061 4061
876 1683293214 3566 3711 3683 3663 174 3637 3640 3609 31 4063 4062 4062 4062 4062 4062 4062
877 1683293214 3567 3712 3684 3663 136 3638 3640 3608 31 4063 4062 4062 4062 4062 4062 4062
878 1683293214 3566 3711 3684 3662 157 3638 3640 3608 32 4063 4062 4062 4062 4062 4062 4062
879 1683293214 3566 3711 3683 3662 160 3637 3639 3608 32 4063 4063 4063 4063 4063 4063 4063
880 1683293214 3566 3711 3683 3662 160 3638 3640 3608 31 4063 4063 4063 4063 4063 4063 4063
881 1683293214 3565 3711 3683 3662 171 3638 3639 3608 32 4063 4062 4062 4062 4062 4062 4062
882 1683293214 3563 3709 3681 3661 164 3635 3638 3606 31 4063 4062 4062 4062 4062 4062 4062
883 1683293214 3564 3709 3681 3660 182 3636 3638 3607 31 4063 4062 4062 4062 4062 4062 4062
884 1683293214 3564 3709 3681 3660 172 3636 3638 3606 31 4063 4062 4062 4062 4062 4062 4062
885 1683293214 3564 3709 3681 3660 162 3636 3638 3606 31 4061 4061 4061 4061 4061 4061 4061
886 1683293214 3564 3710 3682 3661 169 3637 3639 3607 31 4063 4062 4062 4062 4062 4062 4062
887 1683293215 3564 3710 3682 3661 187 3636 3639 3607 31 4061 4061 4061 4061 4061 4061 4061
888 1683293215 3564 3709 3681 3660 180 3636 3638 3606 31 4061 4061 4061 4061 4061 4061 4061
889 1683293215 3564 3709 3681 3660 177 3636 3638 3606 31 4061 4061 4061 4061 4061 4061 4061
890 1683293215 3563 3708 3681 3659 154 3635 3638 3606 32 4063 4063 4063 4063 4063 4063 4063
891 1683293215 3564 3709 3681 3661 184 3636 3638 3607 32 4063 4062 4062 4062 4062 4062 4062
892 1683293215 3564 3709 3681 3660 162 3636 3638 3606 31 4061 4061 4061 4061 4061 4061 4061
893 1683293216 3562 3708 3680 3659 174 3634 3637 3605 33 4063 4063 4063 4063 4063 4063 4063
894 1683293216 3565 3709 3682 3661 176 3635 3638 3606 31 4063 4063 4063 4063 4063 4063 4063
895 1683293216 3563 3709 3681 3660 157 3634 3638 3606 31 4063 4062 4062 4062 4062 4062 4062
896 1683293216 3565 3710 3682 3661 166 3637 3639 3607 31 4063 4062 4062 4062 4062 4062 4062
897 1683293216 3564 3709 3681 3660 161 3636 3637 3606 31 4063 4062 4062 4062 4062 4062 4062
898 1683293216 3564 3710 3682 3660 186 3636 3638 3606 31 4061 4061 4061 4061 4061 4061 4061
899 1683293216 3564 3709 3681 3661 175 3636 3638 3606 32 4063 4062 4062 4062 4062 4062 4062
900 1683293216 3565 3710 3683 3662 142 3637 3639 3607 31 4063 4062 4062 4062 4062 4062 4062
901 1683293216 3563 3709 3681 3660 135 3636 3638 3607 31 4063 4062 4062 4062 4062 4062 4062
902 1683293216 3565 3710 3682 3661 160 3637 3639 3607 32 4063 4062 4062 4062 4062 4062 4062
903 1683293216 3564 3710 3682 3661 176 3636 3638 3607 31 4063 4062 4062 4062 4062 4062 4062
904 1683293216 3564 3709 3681 3661 155 3636 3638 3606 31 4063 4062 4062 4062 4062 4062 4062
905 1683293216 3565 3710 3682 3661 165 3636 3639 3607 31 4063 4062 4062 4062 4062 4062 4062
906 1683293216 3565 3710 3682 3661 161 3636 3639 3607 31 4063 4062 4062 4062 4062 4062 4062
907 1683293216 3565 3711 3683 3661 170 3638 3639 3608 32 4063 4062 4062 4062 4062 4062 4062
908 1683293217 3564 3710 3682 3660 167 3636 3637 3606 31 4063 4062 4062 4062 4062 4062 4062
909 1683293217 3564 3709 3682 3660 125 3636 3637 3606 32 4063 4062 4062 4062 4062 4062 4062
910 1683293217 3563 3709 3680 3660 164 3635 3638 3605 31 4063 4063 4063 4063 4063 4063 4063
911 1683293217 3564 3710 3682 3661 171 3636 3638 3607 31 4063 4062 4062 4062 4062 4062 4062
912 1683293217 3564 3710 3682 3661 172 3637 3639 3608 31 4061 4061 4061 4061 4061 4061 4061
913 1683293217 3564 3709 3682 3661 146 3636 3638 3607 31 4063 4062 4062 4062 4062 4062 4062
914 1683293217 3563 3709 3681 3660 168 3636 3638 3607 32 4063 4063 4063 4063 4063 4063 4063
915 1683293217 3565 3711 3683 3662 181 3637 3639 3607 32 4063 4063 4063 4063 4063 4063 4063
916 1683293217 3565 3710 3682 3661 166 3637 3639 3607 31 4063 4062 4062 4062 4062 4062 4062
917 1683293217 3566 3711 3683 3662 161 3637 3640 3608 31 4061 4061 4061 4061 4061 4061 4061
918 1683293217 3564 3711 3683 3661 173 3637 3639 3607 32 4063 4063 4063 4063 4063 4063 4063
919 1683293218 3563 3708 3681 3660 181 3635 3638 3606 32 4063 4062 4062 4062 4062 4062 4062
920 1683293218 3564 3710 3682 3661 182 3636 3638 3606 31 4061 4061 4061 4061 4061 4061 4061
921 1683293218 3564 3710 3682 3661 196 3636 3639 3607 31 4063 4062 4062 4062 4062 4062 4062
922 1683293218 3565 3710 3682 3661 184 3637 3638 3607 31 4063 4062 4062 4062 4062 4062 4062
923 1683293218 3565 3710 3682 3661 165 3637 3639 3607 31 4063 4062 4062 4062 4062 4062 4062
924 1683293218 3564 3710 3682 3660 158 3636 3638 3606 31 4063 4062 4062 4062 4062 4062 4062
925 1683293218 3565 3710 3683 3661 165 3636 3639 3608 31 4061 4061 4061 4061 4061 4061 4061
926 1683293218 3565 3710 3682 3660 172 3635 3639 3607 32 4063 4062 4062 4062 4062 4062 4062
927 1683293218 3564 3710 3681 3660 159 3636 3638 3606 31 4063 4062 4062 4062 4062 4062 4062
928 1683293218 3565 3710 3683 3661 187 3637 3639 3607 32 4063 4063 4063 4063 4063 4063 4063
929 1683293218 3564 3709 3681 3660 167 3636 3638 3606 31 4063 4062 4062 4062 4062 4062 4062
930 1683293218 3564 3710 3681 3661 168 3635 3638 3607 32 4063 4062 4062 4062 4062 4062 4062
931 1683293218 3564 3709 3682 3660 170 3636 3638 3606 31 4063 4062 4062 4062 4062 4062 4062
932 1683293218 3565 3711 3682 3661 158 3637 3639 3608 31 4063 4062 4062 4062 4062 4062 4062
933 1683293218 3564 3710 3681 3661 157 3636 3639 3607 32 4063 4062 4062 4062 4062 4062 4062
934 1683293218 3565 3711 3682 3662 158 3637 3639 3608 31 4063 4063 4063 4063 4063 4063 4063
935 1683293219 3565 3710 3683 3661 164 3636 3639 3607 31 4063 4062 4062 4062 4062 4062 4062
936 1683293219 3565 3710 3682 3661 196 3637 3638 3607 31 4063 4063 4063 4063 4063 4063 4063
937 1683293219 3563 3709 3682 3660 159 3636 3638 3606 31 4061 4061 4061 4061 4061 4061 4061
938 1683293219 3565 3710 3682 3661 168 3637 3638 3607 31 4063 4062 4062 4062 4062 4062 4062
939 1683293219 3564 3710 3682 3661 159 3637 3639 3607 31 4063 4062 4062 4062 4062 4062 4062
940 1683293219 3564 3710 3682 3661 162 3637 3638 3607 31 4063 4063 4063 4063 4063 4063 4063
941 1683293219 3564 3709 3682 3661 159 3636 3638 3607 31 4063 4062 4062 4062 4062 4062 4062
942 1683293219 3564 3709 3681 3660 164 3635 3638 3606 31 4061 4061 4061 4061 4061 4061 4061
943 1683293219 3564 3710 3682 3661 164 3636 3638 3607 31 4063 4062 4062 4062 4062 4062 4062
944 1683293219 3564 3710 3682 3661 165 3636 3639 3606 32 4063 4063 4063 4063 4063 4063 4063
945 1683293219 3564 3710 3682 3661 168 3636 3639 3607 32 4063 4062 4062 4062 4062 4062 4062
946 1683293219 3564 3710 3682 3661 161 3637 3639 3607 32 4061 4061 4061 4061 4061 4061 4061
947 1683293219 3564 3710 3682 3661 173 3636 3639 3607 31 4063 4063 4063 4063 4063 4063 4063
948 1683293219 3564 3710 3682 3660 163 3636 3638 3607 32 4063 4062 4062 4062 4062 4062 4062
949 1683293219 3564 3710 3682 3660 175 3636 3638 3607 31 4063 4063 4063 4063 4063 4063 4063
950 1683293220 3564 3709 3682 3661 164 3636 3638 3607 31 4063 4063 4063 4063 4063 4063 4063
951 1683293220 3565 3710 3682 3661 166 3637 3639 3607 32 4061 4061 4061 4061 4061 4061 4061
952 1683293220 3565 3710 3682 3661 167 3637 3639 3607 32 4063 4063 4063 4063 4063 4063 4063
953 1683293220 3564 3710 3682 3660 157 3636 3639 3607 32 4063 4062 4062 4062 4062 4062 4062
954 1683293220 3565 3710 3682 3661 149 3637 3639 3608 31 4063 4063 4063 4063 4063 4063 4063
955 1683293220 3565 3710 3682 3661 179 3636 3638 3607 31 4063 4062 4062 4062 4062 4062 4062
956 1683293220 3565 3710 3682 3661 167 3637 3639 3607 31 4061 4061 4061 4061 4061 4061 4061
957 1683293220 3565 3710 3683 3662 168 3636 3639 3607 31 4063 4063 4063 4063 4063 4063 4063
958 1683293220 3564 3709 3681 3660 180 3635 3638 3606 31 4061 4061 4061 4061 4061 4061 4061
959 1683293220 3565 3710 3682 3661 168 3634 3639 3606 31 4063 4062 4062 4062 4062 4062 4062
960 1683293220 3565 3711 3683 3662 170 3637 3639 3608 31 4061 4061 4061 4061 4061 4061 4061
961 1683293220 3564 3710 3681 3661 169 3636 3638 3607 31 4061 4061 4061 4061 4061 4061 4061
962 1683293221 3564 3710 3682 3661 176 3637 3639 3607 31 4063 4062 4062 4062 4062 4062 4062
963 1683293221 3564 3710 3682 3661 175 3636 3638 3607 32 4063 4063 4063 4063 4063 4063 4063
964 1683293221 3564 3710 3682 3661 162 3636 3638 3606 31 4063 4062 4062 4062 4062 4062 4062
965 1683293221 3564 3710 3682 3661 161 3636 3638 3606 31 4063 4062 4062 4062 4062 4062 4062
966 1683293221 3565 3710 3682 3661 185 3636 3639 3607 32 4061 4061 4061 4061 4061 4061 4061
967 1683293221 3563 3709 3681 3660 150 3636 3638 3606 31 4063 4063 4063 4063 4063 4063 4063
968 1683293221 3564 3710 3682 3661 172 3636 3639 3606 31 4063 4063 4063 4063 4063 4063 4063
969 1683293221 3564 3709 3681 3660 161 3636 3638 3606 31 4061 4061 4061 4061 4061 4061 4061
970 1683293221 3565 3710 3682 3662 154 3637 3639 3607 31 4063 4062 4062 4062 4062 4062 4062
971 1683293221 3565 3711 3683 3661 194 3637 3639 3607 31 4063 4063 4063 4063 4063 4063 4063
972 1683293221 3564 3709 3682 3661 152 3637 3638 3607 32 4061 4061 4061 4061 4061 4061 4061
973 1683293221 3564 3710 3682 3661 162 3636 3638 3607 31 4063 4063 4063 4063 4063 4063 4063
974 1683293221 3565 3711 3683 3661 170 3637 3640 3608 31 4063 4062 4062 4062 4062 4062 4062
975 1683293221 3564 3710 3682 3661 172 3637 3639 3607 31 4063 4062 4062 4062 4062 4062 4062
976 1683293221 3564 3709 3682 3661 164 3636 3638 3606 31 4063 4063 4063 4063 4063 4063 4063
977 1683293222 3564 3710 3681 3660 150 3636 3638 3607 32 4063 4062 4062 4062 4062 4062 4062
978 1683293222 3563 3709 3681 3660 176 3635 3638 3606 32 4063 4063 4063 4063 4063 4063 4063
979 1683293222 3565 3711 3683 3662 169 3637 3640 3608 31 4061 4061 4061 4061 4061 4061 4061
980 1683293222 3565 3710 3682 3661 159 3636 3639 3607 31 4063 4062 4062 4062 4062 4062 4062
981 1683293222 3564 3709 3681 3660 163 3636 3638 3606 32 4063 4063 4063 4063 4063 4063 4063
982 1683293222 3564 3710 3682 3661 172 3637 3639 3607 31 4063 4062 4062 4062 4062 4062 4062
983 1683293222 3565 3710 3682 3661 163 3637 3638 3607 31 4063 4062 4062 4062 4062 4062 4062
984 1683293222 3565 3710 3683 3662 175 3637 3639 3608 31 4063 4062 4062 4062 4062 4062 4062
985 1683293222 3565 3711 3683 3661 173 3637 3639 3608 31 4063 4062 4062 4062 4062 4062 4062
986 1683293223 3565 3710 3682 3660 182 3636 3638 3607 32 4063 4063 4063 4063 4063 4063 4063
987 1683293223 3565 3710 3682 3661 161 3636 3639 3607 32 4063 4063 4063 4063 4063 4063 4063
988 1683293223 3564 3710 3682 3661 174 3636 3638 3606 31 4063 4063 4063 4063 4063 4063 4063
989 1683293223 3565 3710 3683 3662 167 3636 3639 3607 31 4063 4062 4062 4062 4062 4062 4062
990 1683293223 3565 3710 3682 3661 150 3635 3639 3607 31 4063 4062 4062 4062 4062 4062 4062
991 1683293223 3564 3711 3682 3661 163 3637 3639 3608 31 4063 4062 4062 4062 4062 4062 4062
992 1683293223 3564 3710 3682 3661 170 3636 3638 3606 32 4063 4062 4062 4062 4062 4062 4062
993 1683293223 3565 3711 3683 3662 169 3636 3639 3608 31 4063 4062 4062 4062 4062 4062 4062
994 1683293223 3564 3710 3682 3661 177 3636 3638 3607 32 4063 4063 4063 4063 4063 4063 4063
995 1683293223 3565 3710 3682 3661 167 3636 3639 3607 31 4063 4062 4062 4062 4062 4062 4062
996 1683293224 3564 3710 3682 3661 161 3636 3638 3606 32 4061 4061 4061 4061 4061 4061 4061
997 1683293224 3565 3711 3683 3661 205 3636 3639 3607 31 4063 4062 4062 4062 4062 4062 4062
998 1683293224 3565 3710 3682 3662 160 3637 3639 3607 31 4063 4062 4062 4062 4062 4062 4062
999 1683293224 3564 3709 3682 3661 159 3636 3639 3607 32 4063 4062 4062 4062 4062 4062 4062
1000 1683293224 3565 3710 3682 3661 176 3637 3639 3607 31 4063 4062 4062 4062 4062 4062 4062
