1 1683110716 3541 398 3656 3638 3574 3615 3616 3584 4065 4065 4064 4064 4064 4064 4064 4064
2 1683110716 3542 399 3657 3638 3575 3617 3616 3584 4065 4065 4065 4065 4065 4065 4065 4065
3 1683110716 3542 399 3657 3638 3575 3617 3617 3585 4065 4065 4065 4065 4065 4065 4065 4065
4 1683110717 3543 398 3657 3639 3575 3617 3617 3585 4065 4065 4065 4065 4065 4065 4065 4065
5 1683110717 3542 398 3656 3639 3575 3617 3617 3584 4065 4065 4064 4064 4064 4064 4064 4064
6 1683110717 3542 399 3655 3638 3574 3616 3616 3584 4065 4065 4064 4064 4064 4064 4064 4064
7 1683110717 3542 399 3657 3639 3575 3617 3617 3585 4065 4065 4064 4064 4064 4064 4064 4064
8 1683110717 3542 398 3657 3639 3575 3617 3617 3584 4065 4065 4064 4064 4064 4064 4064 4064
9 1683110717 3542 399 3658 3639 3575 3617 3617 3585 4065 4065 4065 4065 4065 4065 4065 4065
10 1683110717 3542 399 3657 3639 3575 3617 3617 3585 4065 4065 4065 4065 4065 4065 4065 4065
11 1683110717 3542 398 3658 3639 3575 3618 3617 3585 4065 4065 4065 4065 4065 4065 4065 4065
12 1683110717 3542 398 3657 3639 3575 3617 3616 3585 4065 4065 4064 4064 4064 4064 4064 4064
13 1683110717 3543 398 3659 3640 3576 3619 3618 3586 4065 4065 4065 4065 4065 4065 4065 4065
14 1683110717 3543 398 3657 3639 3575 3617 3616 3585 4065 4065 4064 4064 4064 4064 4064 4064
15 1683110717 3543 399 3658 3639 3575 3617 3617 3585 4065 4065 4064 4064 4064 4064 4064 4064
16 1683110717 3543 398 3658 3639 3576 3618 3617 3586 4065 4065 4065 4065 4065 4065 4065 4065
17 1683110717 3543 399 3658 3639 3575 3618 3617 3585 4065 4065 4064 4064 4064 4064 4064 4064
18 1683110717 3544 398 3658 3640 3576 3618 3618 3586 4065 4065 4065 4065 4065 4065 4065 4065
19 1683110717 3544 399 3658 3639 3576 3618 3618 3586 4065 4065 4064 4064 4064 4064 4064 4064
20 1683110717 3543 399 3658 3640 3576 3619 3618 3586 4065 4065 4064 4064 4064 4064 4064 4064
21 1683110717 3543 398 3658 3639 3575 3618 3617 3585 4065 4065 4064 4064 4064 4064 4064 4064
22 1683110717 3543 399 3658 3640 3576 3617 3617 3585 4065 4065 4065 4065 4065 4065 4065 4065
23 1683110717 3544 399 3659 3640 3577 3619 3618 3587 4065 4065 4065 4065 4065 4065 4065 4065
24 1683110717 3544 398 3659 3640 3576 3618 3618 3586 4065 4065 4064 4064 4064 4064 4064 4064
25 1683110717 3543 399 3658 3639 3575 3617 3617 3585 4065 4065 4065 4065 4065 4065 4065 4065
26 1683110717 3542 399 3658 3639 3575 3617 3617 3584 4067 4065 4065 4065 4065 4065 4065 4065
27 1683110717 3542 399 3658 3639 3575 3617 3617 3585 4065 4065 4065 4065 4065 4065 4065 4065
28 1683110717 3544 399 3659 3640 3576 3619 3618 3586 4065 4065 4064 4064 4064 4064 4064 4064
29 1683110717 3543 399 3658 3640 3576 3619 3618 3586 4065 4065 4064 4064 4064 4064 4064 4064
30 1683110717 3543 400 3659 3640 3576 3618 3618 3586 4065 4065 4065 4065 4065 4065 4065 4065
31 1683110717 3543 399 3658 3639 3575 3617 3617 3585 4065 4065 4065 4065 4065 4065 4065 4065
32 1683110717 3544 399 3659 3640 3577 3619 3618 3586 4065 4065 4065 4065 4065 4065 4065 4065
33 1683110717 3542 399 3658 3639 3575 3617 3617 3585 4065 4065 4064 4064 4064 4064 4064 4064
34 1683110717 3544 399 3659 3640 3576 3619 3619 3587 4065 4065 4065 4065 4065 4065 4065 4065
35 1683110717 3542 399 3658 3639 3576 3618 3617 3585 4065 4065 4065 4065 4065 4065 4065 4065
36 1683110717 3543 399 3659 3640 3576 3619 3618 3586 4067 4065 4065 4065 4065 4065 4065 4065
37 1683110717 3542 399 3656 3639 3575 3617 3617 3585 4065 4065 4065 4065 4065 4065 4065 4065
38 1683110717 3543 399 3658 3640 3576 3618 3618 3585 4065 4065 4065 4065 4065 4065 4065 4065
39 1683110717 3542 399 3658 3639 3575 3618 3617 3585 4065 4065 4065 4065 4065 4065 4065 4065
40 1683110717 3543 399 3659 3640 3577 3618 3618 3586 4065 4065 4065 4065 4065 4065 4065 4065
41 1683110717 3543 399 3658 3640 3576 3618 3618 3585 4065 4065 4065 4065 4065 4065 4065 4065
42 1683110717 3544 399 3659 3640 3576 3618 3618 3586 4065 4065 4065 4065 4065 4065 4065 4065
43 1683110717 3544 399 3659 3641 3577 3619 3619 3587 4065 4065 4064 4064 4064 4064 4064 4064
44 1683110717 3543 399 3658 3639 3576 3618 3617 3585 4065 4065 4065 4065 4065 4065 4065 4065
45 1683110717 3544 399 3658 3640 3576 3618 3618 3586 4063 4063 4063 4063 4063 4063 4063 4063
46 1683110717 3544 398 3659 3640 3577 3619 3618 3585 4063 4063 4063 4063 4063 4063 4063 4063
47 1683110717 3543 399 3658 3640 3576 3618 3617 3585 4065 4065 4064 4064 4064 4064 4064 4064
48 1683110717 3542 399 3658 3639 3576 3618 3618 3586 4065 4065 4064 4064 4064 4064 4064 4064
49 1683110717 3544 399 3659 3641 3577 3619 3618 3586 4063 4063 4062 4062 4062 4062 4062 4062
50 1683110717 3543 399 3659 3640 3577 3618 3618 3586 4067 4065 4065 4065 4065 4065 4065 4065
51 1683110717 3543 399 3658 3639 3575 3618 3617 3585 4067 4065 4065 4065 4065 4065 4065 4065
52 1683110717 3544 399 3658 3640 3576 3619 3618 3586 4065 4065 4064 4064 4064 4064 4064 4064
53 1683110717 3544 399 3659 3640 3576 3619 3618 3586 4065 4065 4065 4065 4065 4065 4065 4065
54 1683110717 3543 400 3658 3640 3576 3618 3617 3585 4065 4065 4065 4065 4065 4065 4065 4065
55 1683110717 3544 399 3659 3640 3577 3619 3618 3587 4065 4065 4065 4065 4065 4065 4065 4065
56 1683110717 3543 399 3657 3639 3575 3618 3618 3585 4065 4065 4064 4064 4064 4064 4064 4064
57 1683110717 3543 398 3659 3640 3576 3618 3617 3585 4065 4065 4064 4064 4064 4064 4064 4064
58 1683110717 3543 399 3658 3640 3576 3618 3617 3585 4065 4065 4064 4064 4064 4064 4064 4064
59 1683110717 3544 399 3659 3640 3577 3619 3618 3586 4065 4065 4065 4065 4065 4065 4065 4065
60 1683110717 3544 399 3659 3640 3577 3619 3619 3586 4065 4065 4064 4064 4064 4064 4064 4064
61 1683110717 3544 401 3659 3640 3577 3619 3618 3586 4065 4065 4064 4064 4064 4064 4064 4064
62 1683110717 3543 400 3659 3640 3577 3618 3618 3586 4065 4065 4065 4065 4065 4065 4065 4065
63 1683110717 3543 399 3658 3640 3576 3618 3618 3586 4065 4065 4064 4064 4064 4064 4064 4064
64 1683110717 3543 399 3659 3640 3576 3618 3618 3585 4065 4065 4064 4064 4064 4064 4064 4064
65 1683110717 3544 399 3659 3640 3576 3618 3618 3585 4065 4065 4065 4065 4065 4065 4065 4065
66 1683110717 3544 399 3659 3641 3577 3619 3619 3586 4065 4065 4065 4065 4065 4065 4065 4065
67 1683110717 3544 399 3658 3641 3577 3619 3619 3586 4063 4063 4063 4063 4063 4063 4063 4063
68 1683110717 3544 399 3657 3640 3576 3618 3618 3587 4065 4065 4064 4064 4064 4064 4064 4064
69 1683110718 3544 399 3659 3641 3577 3619 3619 3587 4065 4065 4065 4065 4065 4065 4065 4065
70 1683110718 3543 398 3658 3640 3576 3618 3618 3586 4065 4065 4065 4065 4065 4065 4065 4065
71 1683110718 3543 399 3658 3640 3576 3618 3617 3586 4065 4065 4065 4065 4065 4065 4065 4065
72 1683110718 3543 399 3659 3639 3576 3618 3618 3586 4065 4065 4065 4065 4065 4065 4065 4065
73 1683110718 3544 399 3658 3640 3576 3618 3618 3587 4065 4065 4065 4065 4065 4065 4065 4065
74 1683110718 3544 399 3659 3641 3577 3619 3619 3587 4065 4065 4064 4064 4064 4064 4064 4064
75 1683110718 3543 399 3658 3639 3576 3618 3617 3586 4065 4065 4065 4065 4065 4065 4065 4065
76 1683110718 3544 399 3659 3641 3577 3619 3619 3587 4065 4065 4065 4065 4065 4065 4065 4065
77 1683110718 3543 399 3659 3640 3576 3618 3618 3587 4065 4065 4065 4065 4065 4065 4065 4065
78 1683110718 3541 397 3657 3637 3574 3616 3615 3584 4065 4065 4064 4064 4064 4064 4064 4064
79 1683110718 3542 397 3657 3638 3575 3616 3616 3585 4065 4065 4064 4064 4064 4064 4064 4064
80 1683110718 3542 398 3657 3638 3575 3617 3616 3584 4065 4065 4064 4064 4064 4064 4064 4064
81 1683110718 3542 397 3657 3638 3574 3617 3616 3584 4065 4065 4065 4065 4065 4065 4065 4065
82 1683110718 3542 397 3657 3638 3575 3616 3616 3584 4065 4065 4065 4065 4065 4065 4065 4065
83 1683110718 3542 398 3657 3638 3574 3617 3617 3584 4063 4063 4063 4063 4063 4063 4063 4063
84 1683110718 3542 397 3657 3638 3574 3616 3616 3584 4065 4065 4064 4064 4064 4064 4064 4064
85 1683110718 3542 397 3656 3638 3575 3616 3616 3584 4065 4065 4065 4065 4065 4065 4065 4065
86 1683110718 3543 397 3659 3639 3576 3618 3617 3585 4065 4065 4065 4065 4065 4065 4065 4065
87 1683110718 3542 398 3657 3639 3575 3617 3616 3585 4065 4065 4064 4064 4064 4064 4064 4064
88 1683110718 3541 398 3657 3638 3574 3616 3616 3584 4065 4065 4064 4064 4064 4064 4064 4064
89 1683110718 3540 398 3656 3637 3574 3616 3615 3583 4065 4065 4064 4064 4064 4064 4064 4064
90 1683110718 3541 397 3657 3637 3574 3616 3616 3583 4065 4065 4064 4064 4064 4064 4064 4064
91 1683110718 3541 398 3657 3638 3574 3616 3616 3584 4065 4065 4064 4064 4064 4064 4064 4064
92 1683110718 3541 398 3657 3638 3574 3616 3616 3584 4065 4065 4065 4065 4065 4065 4065 4065
93 1683110718 3541 397 3657 3638 3574 3617 3616 3584 4065 4065 4065 4065 4065 4065 4065 4065
94 1683110718 3541 397 3656 3638 3574 3616 3615 3584 4065 4065 4065 4065 4065 4065 4065 4065
95 1683110718 3541 399 3657 3638 3574 3616 3617 3584 4065 4065 4064 4064 4064 4064 4064 4064
96 1683110718 3542 398 3657 3638 3574 3617 3617 3584 4065 4065 4064 4064 4064 4064 4064 4064
97 1683110718 3542 397 3658 3639 3575 3617 3617 3585 4065 4065 4064 4064 4064 4064 4064 4064
98 1683110718 3543 397 3659 3640 3576 3618 3618 3586 4065 4065 4065 4065 4065 4065 4065 4065
99 1683110718 3542 397 3657 3639 3575 3617 3616 3584 4063 4063 4063 4063 4063 4063 4063 4063
100 1683110718 3543 398 3657 3639 3575 3617 3617 3585 4065 4065 4065 4065 4065 4065 4065 4065
101 1683110718 3542 398 3656 3639 3575 3617 3617 3585 4067 4065 4065 4065 4065 4065 4065 4065
102 1683110718 3540 398 3655 3637 3574 3615 3615 3583 4065 4065 4065 4065 4065 4065 4065 4065
103 1683110718 3542 397 3657 3639 3575 3617 3616 3585 4065 4065 4064 4064 4064 4064 4064 4064
104 1683110718 3541 398 3657 3638 3574 3617 3616 3584 4065 4065 4065 4065 4065 4065 4065 4065
105 1683110718 3542 397 3658 3639 3575 3618 3617 3585 4065 4065 4064 4064 4064 4064 4064 4064
106 1683110718 3542 398 3657 3638 3574 3617 3616 3584 4065 4065 4065 4065 4065 4065 4065 4065
107 1683110718 3543 397 3657 3639 3575 3617 3617 3585 4065 4065 4065 4065 4065 4065 4065 4065
108 1683110718 3542 398 3657 3638 3574 3617 3616 3584 4065 4065 4065 4065 4065 4065 4065 4065
109 1683110718 3542 397 3658 3638 3575 3617 3617 3584 4065 4065 4065 4065 4065 4065 4065 4065
110 1683110718 3541 398 3657 3638 3574 3617 3616 3584 4065 4065 4065 4065 4065 4065 4065 4065
111 1683110718 3542 397 3658 3638 3575 3617 3616 3584 4065 4065 4064 4064 4064 4064 4064 4064
112 1683110718 3541 398 3657 3638 3574 3616 3616 3584 4065 4065 4065 4065 4065 4065 4065 4065
113 1683110718 3543 398 3658 3639 3575 3617 3616 3585 4065 4065 4065 4065 4065 4065 4065 4065
114 1683110718 3542 397 3658 3639 3575 3617 3617 3585 4065 4065 4064 4064 4064 4064 4064 4064
115 1683110718 3541 398 3656 3638 3574 3616 3616 3584 4065 4065 4065 4065 4065 4065 4065 4065
116 1683110718 3542 398 3657 3639 3575 3617 3617 3585 4065 4065 4064 4064 4064 4064 4064 4064
117 1683110718 3543 397 3658 3639 3575 3617 3617 3585 4065 4065 4065 4065 4065 4065 4065 4065
118 1683110718 3542 398 3657 3639 3575 3617 3616 3584 4065 4065 4064 4064 4064 4064 4064 4064
119 1683110718 3543 398 3658 3639 3575 3618 3617 3585 4065 4065 4065 4065 4065 4065 4065 4065
120 1683110718 3542 398 3657 3639 3575 3617 3617 3584 4065 4065 4065 4065 4065 4065 4065 4065
121 1683110718 3541 398 3656 3638 3575 3617 3616 3584 4065 4065 4065 4065 4065 4065 4065 4065
122 1683110718 3541 398 3657 3638 3574 3617 3616 3585 4065 4065 4065 4065 4065 4065 4065 4065
123 1683110718 3542 398 3658 3639 3575 3617 3617 3585 4065 4065 4064 4064 4064 4064 4064 4064
124 1683110718 3542 398 3657 3638 3575 3617 3617 3585 4065 4065 4064 4064 4064 4064 4064 4064
125 1683110718 3541 398 3656 3638 3575 3617 3616 3584 4065 4065 4065 4065 4065 4065 4065 4065
126 1683110718 3542 398 3657 3638 3574 3616 3616 3585 4065 4065 4065 4065 4065 4065 4065 4065
127 1683110718 3542 399 3657 3638 3575 3618 3617 3585 4065 4065 4064 4064 4064 4064 4064 4064
128 1683110718 3543 398 3657 3639 3575 3617 3616 3584 4061 4061 4061 4061 4061 4061 4061 4061
129 1683110718 3542 397 3657 3638 3574 3617 3616 3584 4065 4065 4064 4064 4064 4064 4064 4064
130 1683110718 3542 398 3658 3639 3576 3617 3617 3585 4065 4065 4064 4064 4064 4064 4064 4064
131 1683110718 3542 397 3658 3639 3575 3617 3617 3585 4065 4065 4065 4065 4065 4065 4065 4065
132 1683110718 3542 398 3657 3638 3574 3616 3616 3584 4065 4065 4064 4064 4064 4064 4064 4064
133 1683110718 3543 397 3658 3640 3575 3618 3617 3585 4065 4065 4064 4064 4064 4064 4064 4064
134 1683110718 3542 398 3657 3639 3575 3617 3617 3584 4065 4065 4064 4064 4064 4064 4064 4064
135 1683110719 3542 397 3656 3638 3574 3616 3616 3583 4063 4063 4063 4063 4063 4063 4063 4063
136 1683110719 3542 398 3657 3638 3574 3617 3616 3585 4065 4065 4064 4064 4064 4064 4064 4064
137 1683110719 3542 398 3657 3638 3575 3617 3617 3585 4065 4065 4064 4064 4064 4064 4064 4064
138 1683110719 3542 397 3657 3638 3574 3617 3616 3584 4065 4065 4064 4064 4064 4064 4064 4064
139 1683110719 3542 397 3658 3638 3575 3617 3616 3584 4065 4065 4065 4065 4065 4065 4065 4065
140 1683110719 3542 398 3657 3639 3575 3617 3617 3585 4065 4065 4064 4064 4064 4064 4064 4064
141 1683110719 3542 398 3657 3638 3575 3617 3617 3584 4065 4065 4064 4064 4064 4064 4064 4064
142 1683110719 3543 398 3658 3639 3575 3618 3617 3585 4065 4065 4065 4065 4065 4065 4065 4065
143 1683110719 3542 399 3657 3639 3575 3617 3617 3584 4065 4065 4065 4065 4065 4065 4065 4065
144 1683110719 3541 398 3656 3638 3574 3617 3616 3584 4065 4065 4064 4064 4064 4064 4064 4064
145 1683110719 3542 397 3658 3639 3575 3617 3616 3584 4065 4065 4064 4064 4064 4064 4064 4064
146 1683110719 3543 398 3659 3640 3576 3618 3618 3585 4065 4065 4065 4065 4065 4065 4065 4065
147 1683110719 3542 398 3657 3638 3575 3617 3616 3584 4065 4065 4064 4064 4064 4064 4064 4064
148 1683110719 3542 398 3657 3639 3574 3617 3616 3584 4065 4065 4064 4064 4064 4064 4064 4064
149 1683110719 3543 397 3658 3639 3575 3617 3617 3585 4065 4065 4064 4064 4064 4064 4064 4064
150 1683110719 3543 398 3658 3640 3576 3618 3617 3585 4065 4065 4064 4064 4064 4064 4064 4064
151 1683110719 3542 398 3658 3639 3575 3617 3617 3584 4065 4065 4065 4065 4065 4065 4065 4065
152 1683110719 3542 398 3657 3639 3575 3617 3617 3585 4065 4065 4065 4065 4065 4065 4065 4065
153 1683110719 3543 397 3658 3639 3576 3618 3617 3585 4065 4065 4065 4065 4065 4065 4065 4065
154 1683110719 3542 398 3657 3638 3574 3616 3616 3584 4065 4065 4065 4065 4065 4065 4065 4065
155 1683110719 3543 398 3658 3639 3575 3617 3617 3585 4065 4065 4065 4065 4065 4065 4065 4065
156 1683110719 3542 398 3657 3639 3575 3617 3616 3584 4065 4065 4065 4065 4065 4065 4065 4065
157 1683110719 3542 397 3658 3639 3575 3617 3617 3585 4065 4065 4065 4065 4065 4065 4065 4065
158 1683110719 3542 398 3658 3638 3575 3617 3617 3585 4065 4065 4065 4065 4065 4065 4065 4065
159 1683110719 3542 399 3656 3638 3574 3617 3616 3585 4065 4065 4064 4064 4064 4064 4064 4064
160 1683110719 3543 398 3658 3640 3575 3618 3617 3585 4065 4065 4064 4064 4064 4064 4064 4064
161 1683110719 3543 398 3658 3640 3576 3618 3617 3585 4065 4065 4065 4065 4065 4065 4065 4065
162 1683110719 3542 398 3657 3638 3575 3616 3616 3584 4065 4065 4064 4064 4064 4064 4064 4064
163 1683110719 3543 398 3658 3640 3576 3618 3618 3586 4065 4065 4064 4064 4064 4064 4064 4064
164 1683110719 3542 398 3657 3638 3575 3617 3616 3584 4065 4065 4064 4064 4064 4064 4064 4064
165 1683110719 3542 398 3656 3638 3575 3617 3617 3584 4065 4065 4064 4064 4064 4064 4064 4064
166 1683110719 3542 398 3657 3639 3575 3617 3617 3585 4065 4065 4065 4065 4065 4065 4065 4065
167 1683110719 3542 398 3658 3638 3574 3616 3617 3584 4065 4065 4065 4065 4065 4065 4065 4065
168 1683110719 3542 398 3657 3639 3575 3618 3617 3585 4065 4065 4064 4064 4064 4064 4064 4064
169 1683110719 3542 398 3657 3639 3575 3617 3616 3585 4065 4065 4064 4064 4064 4064 4064 4064
170 1683110719 3542 398 3657 3638 3574 3616 3616 3584 4065 4065 4064 4064 4064 4064 4064 4064
171 1683110719 3542 398 3657 3638 3574 3617 3616 3584 4065 4065 4064 4064 4064 4064 4064 4064
172 1683110719 3542 398 3657 3639 3575 3616 3616 3584 4065 4065 4064 4064 4064 4064 4064 4064
173 1683110719 3542 398 3657 3639 3575 3618 3617 3585 4063 4061 4061 4061 4061 4061 4061 4061
174 1683110719 3543 398 3658 3639 3575 3617 3617 3585 4065 4065 4065 4065 4065 4065 4065 4065
175 1683110719 3542 399 3657 3638 3575 3617 3616 3584 4065 4065 4064 4064 4064 4064 4064 4064
176 1683110719 3542 398 3657 3639 3574 3617 3616 3584 4065 4065 4064 4064 4064 4064 4064 4064
177 1683110719 3542 398 3657 3639 3575 3617 3616 3585 4065 4065 4064 4064 4064 4064 4064 4064
178 1683110719 3543 397 3657 3639 3575 3617 3616 3584 4065 4065 4065 4065 4065 4065 4065 4065
179 1683110719 3542 398 3658 3639 3575 3618 3617 3586 4065 4065 4064 4064 4064 4064 4064 4064
180 1683110719 3544 398 3659 3640 3576 3618 3617 3585 4065 4065 4065 4065 4065 4065 4065 4065
181 1683110719 3543 398 3658 3639 3576 3618 3618 3585 4065 4065 4065 4065 4065 4065 4065 4065
182 1683110719 3542 398 3658 3639 3575 3618 3617 3585 4065 4065 4064 4064 4064 4064 4064 4064
183 1683110719 3542 398 3658 3639 3575 3617 3617 3585 4065 4065 4065 4065 4065 4065 4065 4065
184 1683110719 3543 398 3658 3640 3576 3618 3617 3586 4063 4063 4063 4063 4063 4063 4063 4063
185 1683110727 3541 398 3656 3637 3573 3615 3615 3583 4065 4065 4065 4065 4065 4065 4065 4065
186 1683110727 3543 398 3658 3639 3575 3617 3616 3585 4065 4065 4064 4064 4064 4064 4064 4064
187 1683110727 3542 398 3657 3638 3575 3617 3616 3585 4065 4065 4065 4065 4065 4065 4065 4065
188 1683110727 3542 398 3657 3638 3575 3617 3616 3585 4065 4065 4065 4065 4065 4065 4065 4065
189 1683110727 3541 400 3657 3638 3574 3616 3616 3584 4065 4065 4064 4064 4064 4064 4064 4064
190 1683110727 3541 399 3657 3638 3574 3616 3616 3583 4065 4065 4065 4065 4065 4065 4065 4065
191 1683110727 3541 398 3657 3638 3574 3617 3616 3585 4065 4065 4064 4064 4064 4064 4064 4064
192 1683110727 3541 399 3657 3638 3574 3617 3617 3584 4063 4063 4063 4063 4063 4063 4063 4063
193 1683110727 3542 398 3658 3639 3575 3618 3616 3584 4065 4065 4064 4064 4064 4064 4064 4064
194 1683110727 3542 398 3657 3638 3575 3618 3617 3585 4065 4065 4065 4065 4065 4065 4065 4065
195 1683110727 3542 398 3657 3638 3574 3617 3616 3584 4065 4065 4064 4064 4064 4064 4064 4064
196 1683110727 3542 398 3656 3638 3574 3617 3616 3584 4065 4065 4065 4065 4065 4065 4065 4065
197 1683110735 3542 398 3656 3638 3574 3616 3616 3584 4065 4065 4064 4064 4064 4064 4064 4064
198 1683110735 3542 398 3657 3639 3575 3617 3616 3584 4065 4065 4065 4065 4065 4065 4065 4065
199 1683110735 3542 398 3656 3638 3575 3617 3616 3584 4065 4065 4065 4065 4065 4065 4065 4065
200 1683110735 3543 398 3658 3639 3575 3617 3617 3585 4065 4065 4065 4065 4065 4065 4065 4065
201 1683110735 3543 398 3658 3639 3575 3617 3617 3585 4065 4065 4065 4065 4065 4065 4065 4065
202 1683110735 3541 398 3657 3637 3574 3616 3616 3584 4065 4065 4064 4064 4064 4064 4064 4064
203 1683110735 3542 399 3658 3639 3576 3618 3617 3585 4063 4063 4062 4062 4062 4062 4062 4062
204 1683110735 3542 398 3657 3638 3575 3617 3616 3585 4065 4065 4065 4065 4065 4065 4065 4065
205 1683110735 3542 399 3658 3639 3574 3617 3616 3584 4065 4065 4064 4064 4064 4064 4064 4064
206 1683110735 3542 399 3657 3638 3575 3617 3617 3585 4065 4065 4065 4065 4065 4065 4065 4065
207 1683110735 3543 398 3658 3639 3575 3617 3616 3585 4065 4065 4065 4065 4065 4065 4065 4065
208 1683110735 3543 398 3658 3639 3576 3618 3617 3585 4065 4065 4064 4064 4064 4064 4064 4064
209 1683110735 3543 398 3658 3639 3575 3618 3617 3586 4067 4065 4065 4065 4065 4065 4065 4065
210 1683110735 3542 398 3658 3639 3575 3618 3618 3586 4065 4065 4065 4065 4065 4065 4065 4065
211 1683110735 3543 399 3658 3639 3577 3618 3617 3586 4065 4065 4065 4065 4065 4065 4065 4065
212 1683110735 3542 398 3657 3638 3575 3617 3617 3586 4063 4063 4063 4063 4063 4063 4063 4063
213 1683110735 3543 399 3658 3639 3575 3618 3617 3585 4065 4065 4064 4064 4064 4064 4064 4064
214 1683110735 3543 398 3658 3639 3575 3617 3617 3585 4065 4065 4065 4065 4065 4065 4065 4065
215 1683110735 3543 398 3658 3639 3576 3617 3617 3585 4065 4065 4064 4064 4064 4064 4064 4064
216 1683110736 3543 398 3658 3640 3576 3619 3618 3586 4067 4065 4065 4065 4065 4065 4065 4065
217 1683110736 3543 398 3658 3639 3575 3618 3617 3586 4065 4065 4064 4064 4064 4064 4064 4064
218 1683110736 3542 398 3657 3639 3575 3618 3617 3585 4065 4065 4064 4064 4064 4064 4064 4064
219 1683110736 3542 398 3657 3638 3575 3617 3617 3585 4065 4065 4065 4065 4065 4065 4065 4065
220 1683110736 3543 398 3658 3639 3575 3617 3617 3585 4063 4063 4062 4062 4062 4062 4062 4062
221 1683110736 3543 399 3658 3639 3575 3618 3617 3585 4065 4065 4065 4065 4065 4065 4065 4065
222 1683110736 3543 398 3659 3640 3576 3618 3617 3585 4065 4065 4065 4065 4065 4065 4065 4065
223 1683110736 3543 398 3658 3640 3576 3618 3617 3585 4065 4065 4064 4064 4064 4064 4064 4064
224 1683110736 3542 398 3657 3638 3575 3617 3616 3585 4063 4063 4063 4063 4063 4063 4063 4063
225 1683110736 3543 399 3657 3639 3575 3617 3617 3585 4065 4065 4065 4065 4065 4065 4065 4065
226 1683110736 3543 398 3659 3640 3576 3618 3617 3586 4065 4065 4065 4065 4065 4065 4065 4065
227 1683110736 3543 398 3658 3640 3576 3618 3617 3585 4065 4065 4065 4065 4065 4065 4065 4065
228 1683110736 3542 398 3658 3640 3576 3618 3617 3585 4067 4065 4065 4065 4065 4065 4065 4065
229 1683110736 3543 399 3658 3639 3576 3618 3617 3585 4065 4065 4064 4064 4064 4064 4064 4064
230 1683110736 3542 399 3657 3638 3575 3618 3617 3585 4065 4065 4065 4065 4065 4065 4065 4065
231 1683110736 3543 398 3659 3640 3576 3619 3618 3586 4065 4065 4065 4065 4065 4065 4065 4065
232 1683110736 3543 398 3658 3639 3576 3618 3617 3585 4065 4065 4064 4064 4064 4064 4064 4064
233 1683110736 3542 398 3657 3638 3575 3617 3617 3585 4065 4065 4065 4065 4065 4065 4065 4065
234 1683110736 3543 398 3657 3638 3575 3617 3617 3585 4065 4065 4064 4064 4064 4064 4064 4064
235 1683110736 3543 399 3657 3639 3575 3618 3617 3585 4067 4065 4065 4065 4065 4065 4065 4065
236 1683110736 3543 398 3658 3639 3576 3617 3617 3585 4065 4065 4065 4065 4065 4065 4065 4065
237 1683110736 3543 399 3658 3640 3576 3618 3618 3586 4065 4065 4064 4064 4064 4064 4064 4064
238 1683110736 3543 398 3658 3639 3576 3618 3617 3585 4065 4065 4064 4064 4064 4064 4064 4064
239 1683110736 3543 399 3658 3640 3576 3618 3618 3586 4065 4065 4065 4065 4065 4065 4065 4065
240 1683110736 3543 398 3659 3640 3576 3618 3618 3585 4065 4065 4065 4065 4065 4065 4065 4065
241 1683110736 3545 398 3660 3641 3577 3619 3619 3587 4067 4065 4065 4065 4065 4065 4065 4065
242 1683110736 3544 398 3659 3640 3576 3618 3617 3586 4065 4065 4064 4064 4064 4064 4064 4064
243 1683110736 3543 399 3658 3639 3575 3617 3617 3586 4065 4065 4064 4064 4064 4064 4064 4064
244 1683110744 3539 399 3654 3635 3572 3613 3613 3582 4067 4065 4065 4065 4065 4065 4065 4065
245 1683110744 3540 399 3655 3636 3573 3615 3615 3583 4065 4065 4065 4065 4065 4065 4065 4065
246 1683110744 3540 398 3655 3636 3573 3615 3615 3582 4065 4065 4064 4064 4064 4064 4064 4064
247 1683110744 3540 398 3655 3636 3572 3615 3614 3583 4065 4065 4065 4065 4065 4065 4065 4065
248 1683110744 3540 399 3655 3637 3573 3615 3615 3583 4065 4065 4064 4064 4064 4064 4064 4064
249 1683110744 3541 398 3656 3637 3573 3615 3615 3582 4065 4065 4064 4064 4064 4064 4064 4064
250 1683110744 3540 398 3655 3637 3573 3615 3614 3583 4065 4065 4065 4065 4065 4065 4065 4065
251 1683110744 3540 398 3655 3637 3573 3615 3615 3583 4065 4065 4065 4065 4065 4065 4065 4065
252 1683110744 3540 399 3656 3637 3573 3615 3615 3583 4065 4065 4064 4064 4064 4064 4064 4064
253 1683110744 3541 398 3657 3638 3574 3615 3615 3583 4065 4065 4065 4065 4065 4065 4065 4065
254 1683110744 3540 399 3656 3637 3573 3615 3615 3583 4063 4063 4063 4063 4063 4063 4063 4063
255 1683110744 3541 398 3657 3638 3574 3616 3615 3583 4065 4065 4064 4064 4064 4064 4064 4064
256 1683110744 3540 398 3656 3637 3573 3615 3614 3583 4063 4063 4063 4063 4063 4063 4063 4063
257 1683110744 3542 398 3657 3638 3574 3616 3616 3584 4065 4065 4065 4065 4065 4065 4065 4065
258 1683110744 3541 399 3656 3636 3573 3615 3615 3583 4065 4065 4065 4065 4065 4065 4065 4065
259 1683110744 3540 399 3655 3636 3573 3615 3615 3583 4065 4065 4064 4064 4064 4064 4064 4064
260 1683110744 3541 399 3654 3637 3573 3615 3615 3583 4065 4065 4064 4064 4064 4064 4064 4064
261 1683110744 3541 399 3655 3637 3573 3615 3615 3582 4067 4065 4065 4065 4065 4065 4065 4065
262 1683110744 3541 399 3656 3637 3574 3616 3615 3583 4065 4065 4065 4065 4065 4065 4065 4065
263 1683110744 3541 398 3656 3637 3573 3615 3615 3583 4065 4065 4064 4064 4064 4064 4064 4064
264 1683110744 3541 399 3655 3637 3573 3616 3615 3583 4065 4065 4064 4064 4064 4064 4064 4064
265 1683110744 3541 398 3656 3637 3573 3615 3615 3583 4065 4065 4065 4065 4065 4065 4065 4065
266 1683110744 3541 398 3656 3638 3574 3616 3615 3584 4065 4065 4064 4064 4064 4064 4064 4064
267 1683110744 3540 399 3655 3636 3573 3615 3615 3583 4065 4065 4064 4064 4064 4064 4064 4064
268 1683110744 3541 399 3656 3637 3574 3616 3615 3583 4065 4065 4065 4065 4065 4065 4065 4065
269 1683110744 3540 399 3655 3636 3573 3615 3615 3583 4065 4065 4065 4065 4065 4065 4065 4065
270 1683110744 3540 399 3655 3637 3573 3615 3615 3583 4065 4065 4065 4065 4065 4065 4065 4065
271 1683110744 3542 399 3656 3637 3573 3616 3615 3584 4065 4065 4064 4064 4064 4064 4064 4064
272 1683110744 3541 398 3656 3637 3574 3615 3615 3583 4065 4065 4065 4065 4065 4065 4065 4065
273 1683110744 3541 398 3656 3638 3574 3616 3616 3584 4065 4065 4065 4065 4065 4065 4065 4065
274 1683110744 3541 398 3656 3637 3573 3615 3615 3583 4065 4063 4063 4063 4063 4063 4063 4063
275 1683110744 3541 398 3655 3638 3574 3616 3616 3583 4065 4065 4065 4065 4065 4065 4065 4065
276 1683110744 3541 399 3656 3637 3573 3616 3615 3583 4065 4065 4065 4065 4065 4065 4065 4065
277 1683110744 3541 398 3656 3637 3574 3615 3615 3583 4065 4065 4065 4065 4065 4065 4065 4065
278 1683110744 3540 399 3655 3637 3574 3616 3616 3583 4065 4065 4065 4065 4065 4065 4065 4065
279 1683110744 3541 398 3657 3638 3574 3616 3615 3584 4065 4065 4064 4064 4064 4064 4064 4064
280 1683110744 3541 399 3657 3638 3574 3616 3615 3584 4065 4065 4065 4065 4065 4065 4065 4065
281 1683110744 3541 399 3656 3638 3574 3616 3616 3584 4065 4065 4064 4064 4064 4064 4064 4064
282 1683110744 3540 399 3655 3637 3573 3615 3615 3583 4065 4065 4064 4064 4064 4064 4064 4064
283 1683110744 3540 399 3655 3637 3573 3615 3615 3583 4065 4065 4064 4064 4064 4064 4064 4064
284 1683110744 3541 399 3655 3637 3574 3616 3615 3584 4065 4065 4064 4064 4064 4064 4064 4064
285 1683110744 3541 398 3656 3637 3574 3615 3615 3583 4065 4065 4064 4064 4064 4064 4064 4064
286 1683110744 3541 399 3656 3637 3574 3616 3616 3584 4065 4065 4064 4064 4064 4064 4064 4064
287 1683110744 3541 399 3656 3637 3574 3616 3616 3584 4065 4065 4064 4064 4064 4064 4064 4064
288 1683110744 3542 398 3656 3638 3574 3616 3616 3583 4065 4065 4064 4064 4064 4064 4064 4064
289 1683110744 3541 398 3656 3638 3574 3616 3616 3583 4065 4065 4065 4065 4065 4065 4065 4065
290 1683110745 3541 399 3656 3637 3573 3616 3615 3584 4065 4065 4065 4065 4065 4065 4065 4065
291 1683110745 3541 399 3655 3638 3574 3616 3616 3583 4065 4065 4065 4065 4065 4065 4065 4065
292 1683110745 3542 399 3657 3638 3574 3617 3617 3584 4065 4065 4064 4064 4064 4064 4064 4064
293 1683110745 3541 398 3656 3637 3574 3616 3616 3584 4065 4065 4064 4064 4064 4064 4064 4064
294 1683110745 3541 399 3656 3638 3574 3616 3616 3584 4065 4065 4065 4065 4065 4065 4065 4065
295 1683110745 3542 399 3656 3638 3575 3616 3616 3584 4065 4065 4065 4065 4065 4065 4065 4065
296 1683110745 3542 399 3657 3638 3574 3616 3616 3583 4065 4065 4065 4065 4065 4065 4065 4065
297 1683110745 3541 399 3656 3637 3574 3616 3615 3584 4065 4065 4064 4064 4064 4064 4064 4064
298 1683110745 3541 399 3656 3637 3574 3616 3616 3583 4065 4065 4064 4064 4064 4064 4064 4064
299 1683110745 3541 399 3655 3637 3574 3616 3616 3583 4063 4063 4063 4063 4063 4063 4063 4063
300 1683110745 3542 399 3657 3638 3574 3616 3616 3584 4065 4065 4064 4064 4064 4064 4064 4064
301 1683110745 3542 399 3657 3638 3574 3617 3617 3584 4065 4065 4064 4064 4064 4064 4064 4064
302 1683110745 3542 399 3657 3639 3575 3617 3616 3584 4065 4065 4064 4064 4064 4064 4064 4064
303 1683110745 3541 399 3657 3637 3574 3616 3615 3584 4065 4065 4065 4065 4065 4065 4065 4065
304 1683110745 3541 399 3656 3637 3574 3616 3615 3584 4065 4065 4064 4064 4064 4064 4064 4064
305 1683110745 3541 398 3657 3638 3574 3616 3616 3584 4065 4065 4065 4065 4065 4065 4065 4065
306 1683110745 3541 399 3656 3638 3574 3616 3616 3584 4065 4065 4064 4064 4064 4064 4064 4064
307 1683110745 3541 399 3656 3637 3574 3615 3615 3583 4065 4065 4065 4065 4065 4065 4065 4065
308 1683110745 3541 399 3656 3637 3573 3616 3616 3584 4065 4065 4065 4065 4065 4065 4065 4065
309 1683110745 3542 399 3657 3637 3574 3616 3615 3584 4065 4065 4064 4064 4064 4064 4064 4064
310 1683110745 3541 399 3656 3637 3574 3616 3615 3584 4065 4065 4064 4064 4064 4064 4064 4064
311 1683110745 3542 399 3657 3638 3574 3616 3616 3584 4065 4065 4065 4065 4065 4065 4065 4065
312 1683110745 3541 399 3656 3637 3574 3616 3615 3583 4065 4065 4064 4064 4064 4064 4064 4064
313 1683110745 3541 398 3656 3637 3573 3615 3615 3583 4061 4061 4061 4061 4061 4061 4061 4061
314 1683110745 3542 401 3656 3638 3575 3617 3616 3585 4065 4065 4064 4064 4064 4064 4064 4064
315 1683110745 3541 400 3656 3638 3574 3616 3615 3584 4067 4067 4066 4066 4066 4066 4066 4066
316 1683110745 3541 399 3657 3638 3574 3616 3616 3583 4065 4065 4064 4064 4064 4064 4064 4064
317 1683110745 3542 399 3656 3638 3574 3616 3616 3584 4065 4065 4064 4064 4064 4064 4064 4064
318 1683110745 3541 399 3656 3638 3573 3616 3616 3583 4067 4065 4065 4065 4065 4065 4065 4065
319 1683110745 3541 399 3656 3637 3573 3616 3616 3583 4065 4065 4064 4064 4064 4064 4064 4064
320 1683110745 3541 399 3656 3638 3574 3616 3615 3583 4065 4065 4065 4065 4065 4065 4065 4065
321 1683110745 3541 399 3656 3637 3574 3616 3616 3584 4065 4065 4065 4065 4065 4065 4065 4065
322 1683110745 3541 399 3656 3637 3574 3615 3616 3583 4065 4065 4065 4065 4065 4065 4065 4065
323 1683110745 3541 399 3655 3637 3574 3616 3615 3584 4065 4065 4065 4065 4065 4065 4065 4065
324 1683110745 3541 399 3656 3637 3574 3616 3615 3583 4065 4065 4064 4064 4064 4064 4064 4064
325 1683110745 3541 399 3656 3637 3574 3615 3615 3584 4065 4065 4065 4065 4065 4065 4065 4065
326 1683110745 3542 399 3656 3638 3574 3616 3616 3584 4065 4065 4064 4064 4064 4064 4064 4064
327 1683110745 3540 400 3655 3636 3573 3615 3615 3582 4065 4065 4065 4065 4065 4065 4065 4065
328 1683110745 3541 399 3657 3637 3574 3616 3615 3584 4065 4065 4065 4065 4065 4065 4065 4065
329 1683110745 3541 400 3656 3638 3574 3616 3615 3584 4065 4065 4064 4064 4064 4064 4064 4064
330 1683110745 3541 399 3656 3638 3574 3616 3616 3584 4065 4065 4065 4065 4065 4065 4065 4065
331 1683110745 3540 397 3655 3636 3572 3614 3614 3582 4065 4065 4065 4065 4065 4065 4065 4065
332 1683110745 3539 397 3654 3635 3571 3614 3613 3581 4065 4065 4065 4065 4065 4065 4065 4065
333 1683110745 3540 398 3655 3636 3572 3615 3614 3582 4065 4065 4065 4065 4065 4065 4065 4065
334 1683110745 3538 397 3654 3635 3571 3613 3613 3581 4065 4065 4065 4065 4065 4065 4065 4065
335 1683110745 3541 397 3655 3637 3573 3615 3615 3583 4065 4065 4064 4064 4064 4064 4064 4064
336 1683110745 3539 397 3654 3636 3572 3614 3614 3582 4065 4065 4064 4064 4064 4064 4064 4064
337 1683110745 3539 397 3654 3636 3571 3614 3613 3581 4065 4065 4064 4064 4064 4064 4064 4064
338 1683110745 3540 397 3655 3636 3572 3614 3614 3582 4065 4065 4065 4065 4065 4065 4065 4065
339 1683110745 3539 397 3654 3636 3572 3614 3614 3582 4065 4065 4064 4064 4064 4064 4064 4064
340 1683110745 3539 397 3654 3636 3573 3615 3614 3582 4065 4065 4065 4065 4065 4065 4065 4065
341 1683110745 3539 398 3653 3635 3572 3614 3613 3582 4065 4065 4064 4064 4064 4064 4064 4064
342 1683110745 3540 397 3655 3636 3573 3615 3614 3582 4065 4065 4064 4064 4064 4064 4064 4064
343 1683110745 3540 397 3655 3636 3572 3614 3614 3583 4063 4063 4063 4063 4063 4063 4063 4063
344 1683110745 3539 397 3655 3636 3572 3614 3614 3582 4065 4065 4064 4064 4064 4064 4064 4064
345 1683110745 3539 398 3654 3635 3572 3614 3614 3582 4065 4063 4063 4063 4063 4063 4063 4063
346 1683110745 3540 397 3656 3636 3573 3615 3615 3583 4065 4065 4064 4064 4064 4064 4064 4064
347 1683110745 3539 397 3654 3635 3571 3613 3613 3581 4067 4065 4065 4065 4065 4065 4065 4065
348 1683110745 3539 397 3654 3636 3572 3614 3614 3582 4065 4065 4064 4064 4064 4064 4064 4064
349 1683110745 3539 398 3653 3635 3571 3613 3614 3581 4065 4065 4064 4064 4064 4064 4064 4064
350 1683110745 3539 397 3654 3636 3572 3614 3614 3582 4065 4065 4064 4064 4064 4064 4064 4064
351 1683110745 3540 397 3654 3636 3572 3614 3613 3582 4065 4065 4065 4065 4065 4065 4065 4065
352 1683110745 3540 397 3654 3636 3572 3614 3614 3582 4065 4065 4064 4064 4064 4064 4064 4064
353 1683110745 3539 398 3654 3635 3571 3614 3613 3581 4065 4065 4065 4065 4065 4065 4065 4065
354 1683110745 3540 397 3655 3636 3572 3615 3614 3582 4065 4065 4065 4065 4065 4065 4065 4065
355 1683110745 3539 397 3655 3636 3572 3614 3614 3581 4065 4065 4065 4065 4065 4065 4065 4065
356 1683110745 3539 398 3654 3636 3572 3614 3614 3582 4063 4063 4063 4063 4063 4063 4063 4063
357 1683110746 3539 398 3655 3636 3572 3614 3614 3582 4065 4065 4065 4065 4065 4065 4065 4065
358 1683110746 3540 397 3654 3635 3572 3614 3614 3582 4065 4065 4064 4064 4064 4064 4064 4064
359 1683110746 3540 397 3655 3636 3573 3614 3614 3581 4065 4065 4064 4064 4064 4064 4064 4064
360 1683110746 3539 398 3654 3636 3572 3615 3614 3582 4065 4065 4064 4064 4064 4064 4064 4064
361 1683110746 3540 398 3655 3636 3572 3614 3614 3582 4065 4065 4065 4065 4065 4065 4065 4065
362 1683110746 3540 397 3655 3636 3573 3615 3615 3583 4061 4061 4061 4061 4061 4061 4061 4061
363 1683110746 3540 397 3655 3636 3572 3614 3614 3582 4065 4065 4064 4064 4064 4064 4064 4064
364 1683110746 3539 398 3654 3635 3572 3614 3613 3582 4065 4065 4065 4065 4065 4065 4065 4065
365 1683110746 3539 398 3654 3636 3572 3614 3613 3581 4065 4065 4064 4064 4064 4064 4064 4064
366 1683110746 3539 398 3654 3636 3572 3614 3613 3582 4065 4065 4064 4064 4064 4064 4064 4064
367 1683110746 3539 397 3655 3635 3572 3614 3614 3582 4065 4065 4064 4064 4064 4064 4064 4064
368 1683110746 3540 397 3655 3637 3573 3615 3614 3583 4065 4065 4065 4065 4065 4065 4065 4065
369 1683110746 3540 398 3655 3637 3573 3616 3615 3583 4065 4065 4064 4064 4064 4064 4064 4064
370 1683110746 3540 398 3655 3636 3572 3614 3614 3583 4065 4065 4065 4065 4065 4065 4065 4065
371 1683110746 3540 397 3655 3636 3573 3614 3614 3582 4065 4065 4064 4064 4064 4064 4064 4064
372 1683110746 3539 397 3654 3636 3572 3614 3614 3582 4065 4065 4065 4065 4065 4065 4065 4065
373 1683110746 3540 398 3655 3637 3573 3615 3615 3583 4065 4065 4065 4065 4065 4065 4065 4065
374 1683110746 3539 397 3654 3635 3572 3614 3614 3582 4065 4065 4065 4065 4065 4065 4065 4065
375 1683110746 3539 397 3655 3636 3572 3614 3614 3581 4063 4063 4062 4062 4062 4062 4062 4062
376 1683110746 3539 398 3654 3635 3572 3614 3614 3582 4065 4065 4065 4065 4065 4065 4065 4065
377 1683110746 3540 398 3655 3636 3573 3615 3614 3582 4065 4065 4064 4064 4064 4064 4064 4064
378 1683110746 3539 397 3654 3635 3572 3614 3613 3582 4065 4065 4064 4064 4064 4064 4064 4064
379 1683110746 3539 397 3654 3635 3572 3614 3614 3581 4065 4065 4064 4064 4064 4064 4064 4064
380 1683110746 3540 399 3654 3636 3573 3614 3614 3582 4063 4063 4063 4063 4063 4063 4063 4063
381 1683110746 3540 398 3655 3636 3572 3614 3613 3582 4065 4065 4064 4064 4064 4064 4064 4064
382 1683110746 3540 398 3655 3636 3573 3615 3614 3582 4065 4065 4064 4064 4064 4064 4064 4064
383 1683110746 3541 397 3655 3637 3573 3615 3615 3583 4065 4065 4065 4065 4065 4065 4065 4065
384 1683110746 3539 397 3654 3635 3572 3614 3613 3582 4065 4065 4064 4064 4064 4064 4064 4064
385 1683110746 3540 398 3655 3636 3573 3615 3614 3583 4065 4065 4064 4064 4064 4064 4064 4064
386 1683110746 3540 397 3654 3636 3572 3614 3613 3581 4065 4065 4065 4065 4065 4065 4065 4065
387 1683110746 3540 398 3655 3637 3573 3615 3615 3583 4065 4065 4065 4065 4065 4065 4065 4065
388 1683110746 3540 398 3654 3637 3573 3615 3615 3583 4065 4065 4065 4065 4065 4065 4065 4065
389 1683110746 3539 398 3653 3636 3572 3614 3614 3583 4065 4065 4064 4064 4064 4064 4064 4064
390 1683110746 3539 397 3654 3636 3572 3614 3613 3582 4065 4065 4065 4065 4065 4065 4065 4065
391 1683110746 3540 398 3655 3636 3572 3615 3614 3582 4065 4065 4064 4064 4064 4064 4064 4064
392 1683110746 3539 397 3654 3635 3571 3614 3613 3581 4065 4065 4065 4065 4065 4065 4065 4065
393 1683110746 3540 397 3655 3636 3572 3615 3614 3582 4065 4065 4064 4064 4064 4064 4064 4064
394 1683110746 3540 399 3655 3635 3572 3614 3614 3582 4065 4065 4065 4065 4065 4065 4065 4065
395 1683110746 3539 397 3655 3636 3572 3614 3613 3581 4065 4065 4065 4065 4065 4065 4065 4065
396 1683110746 3541 398 3654 3637 3573 3615 3615 3583 4065 4065 4064 4064 4064 4064 4064 4064
397 1683110746 3541 398 3657 3638 3573 3615 3615 3583 4065 4065 4065 4065 4065 4065 4065 4065
398 1683110746 3540 398 3655 3636 3572 3614 3614 3583 4065 4065 4065 4065 4065 4065 4065 4065
399 1683110746 3540 398 3655 3637 3573 3615 3615 3583 4067 4065 4065 4065 4065 4065 4065 4065
400 1683110746 3540 398 3656 3637 3573 3615 3615 3583 4061 4061 4061 4061 4061 4061 4061 4061
401 1683110746 3540 398 3655 3637 3573 3615 3614 3583 4065 4065 4064 4064 4064 4064 4064 4064
402 1683110746 3540 397 3654 3636 3573 3615 3615 3582 4063 4063 4063 4063 4063 4063 4063 4063
403 1683110746 3540 398 3655 3636 3572 3614 3614 3582 4065 4065 4064 4064 4064 4064 4064 4064
404 1683110746 3541 398 3656 3637 3574 3615 3615 3583 4065 4065 4064 4064 4064 4064 4064 4064
405 1683110746 3541 398 3656 3637 3573 3615 3615 3583 4065 4065 4065 4065 4065 4065 4065 4065
406 1683110746 3540 397 3656 3637 3573 3615 3614 3582 4065 4065 4064 4064 4064 4064 4064 4064
407 1683110746 3541 398 3655 3637 3573 3615 3615 3583 4065 4065 4064 4064 4064 4064 4064 4064
408 1683110746 3540 398 3654 3636 3572 3614 3613 3581 4065 4065 4065 4065 4065 4065 4065 4065
409 1683110746 3539 398 3655 3636 3572 3614 3614 3582 4065 4065 4064 4064 4064 4064 4064 4064
410 1683110746 3540 398 3655 3636 3572 3614 3614 3582 4065 4065 4064 4064 4064 4064 4064 4064
411 1683110746 3540 398 3655 3636 3572 3614 3614 3582 4065 4065 4064 4064 4064 4064 4064 4064
412 1683110746 3540 399 3655 3636 3573 3615 3614 3582 4061 4061 4061 4061 4061 4061 4061 4061
413 1683110746 3540 398 3655 3636 3572 3614 3614 3582 4065 4065 4064 4064 4064 4064 4064 4064
414 1683110746 3540 398 3655 3636 3573 3614 3614 3582 4065 4065 4064 4064 4064 4064 4064 4064
415 1683110746 3539 398 3655 3635 3572 3614 3614 3582 4065 4065 4065 4065 4065 4065 4065 4065
416 1683110746 3539 399 3654 3635 3572 3614 3614 3582 4065 4065 4065 4065 4065 4065 4065 4065
417 1683110746 3540 398 3655 3636 3572 3615 3614 3582 4065 4065 4064 4064 4064 4064 4064 4064
418 1683110746 3539 398 3655 3636 3572 3615 3615 3583 4065 4065 4064 4064 4064 4064 4064 4064
419 1683110746 3540 398 3655 3636 3573 3615 3615 3583 4065 4065 4065 4065 4065 4065 4065 4065
420 1683110746 3540 398 3654 3636 3572 3615 3615 3583 4065 4065 4064 4064 4064 4064 4064 4064
421 1683110746 3540 398 3655 3637 3573 3615 3614 3582 4065 4065 4064 4064 4064 4064 4064 4064
422 1683110746 3541 398 3656 3637 3573 3616 3615 3583 4065 4065 4064 4064 4064 4064 4064 4064
423 1683110746 3540 397 3655 3636 3572 3614 3614 3582 4065 4065 4065 4065 4065 4065 4065 4065
424 1683110746 3540 399 3655 3636 3573 3615 3615 3583 4065 4065 4064 4064 4064 4064 4064 4064
425 1683110747 3539 398 3655 3636 3572 3614 3613 3582 4065 4065 4064 4064 4064 4064 4064 4064
426 1683110747 3540 398 3656 3637 3573 3615 3615 3583 4065 4065 4064 4064 4064 4064 4064 4064
427 1683110747 3539 398 3655 3636 3572 3615 3614 3583 4065 4065 4065 4065 4065 4065 4065 4065
428 1683110747 3540 399 3655 3637 3573 3615 3615 3583 4065 4065 4064 4064 4064 4064 4064 4064
429 1683110747 3540 398 3655 3636 3573 3615 3614 3582 4065 4065 4064 4064 4064 4064 4064 4064
430 1683110747 3539 398 3654 3636 3572 3614 3613 3582 4065 4065 4064 4064 4064 4064 4064 4064
431 1683110747 3541 398 3655 3637 3573 3615 3615 3583 4065 4065 4064 4064 4064 4064 4064 4064
432 1683110747 3541 398 3656 3637 3573 3615 3615 3583 4065 4065 4065 4065 4065 4065 4065 4065
433 1683110747 3541 398 3655 3637 3573 3615 3615 3583 4065 4065 4064 4064 4064 4064 4064 4064
434 1683110747 3541 398 3656 3637 3574 3615 3615 3583 4065 4065 4064 4064 4064 4064 4064 4064
435 1683110747 3541 398 3655 3637 3573 3615 3615 3583 4065 4065 4064 4064 4064 4064 4064 4064
436 1683110747 3541 397 3656 3637 3573 3615 3614 3583 4065 4065 4065 4065 4065 4065 4065 4065
437 1683110747 3541 398 3655 3637 3573 3615 3615 3583 4065 4065 4065 4065 4065 4065 4065 4065
438 1683110747 3540 398 3655 3636 3572 3614 3614 3582 4063 4063 4063 4063 4063 4063 4063 4063
439 1683110747 3539 398 3655 3637 3573 3615 3614 3582 4065 4065 4064 4064 4064 4064 4064 4064
440 1683110747 3539 398 3654 3636 3573 3615 3614 3583 4065 4065 4065 4065 4065 4065 4065 4065
441 1683110747 3541 398 3655 3636 3573 3615 3614 3583 4065 4065 4065 4065 4065 4065 4065 4065
442 1683110747 3541 397 3656 3637 3574 3616 3616 3583 4065 4065 4064 4064 4064 4064 4064 4064
443 1683110747 3539 400 3655 3636 3573 3615 3614 3582 4065 4065 4065 4065 4065 4065 4065 4065
444 1683110747 3540 399 3655 3637 3573 3615 3615 3583 4065 4065 4065 4065 4065 4065 4065 4065
445 1683110747 3540 398 3654 3635 3572 3614 3613 3581 4065 4065 4064 4064 4064 4064 4064 4064
446 1683110747 3540 398 3654 3636 3572 3615 3614 3582 4065 4065 4064 4064 4064 4064 4064 4064
447 1683110747 3540 398 3655 3637 3573 3615 3614 3583 4065 4065 4065 4065 4065 4065 4065 4065
448 1683110747 3541 398 3656 3637 3574 3616 3616 3584 4065 4065 4064 4064 4064 4064 4064 4064
449 1683110747 3540 398 3655 3636 3573 3615 3614 3583 4065 4065 4065 4065 4065 4065 4065 4065
450 1683110747 3541 398 3656 3637 3573 3615 3615 3583 4065 4065 4065 4065 4065 4065 4065 4065
451 1683110747 3540 399 3655 3636 3573 3615 3614 3582 4065 4065 4064 4064 4064 4064 4064 4064
452 1683110747 3539 399 3654 3636 3572 3614 3614 3582 4065 4065 4064 4064 4064 4064 4064 4064
453 1683110747 3540 398 3655 3637 3573 3615 3615 3583 4065 4065 4064 4064 4064 4064 4064 4064
454 1683110747 3540 398 3655 3637 3573 3615 3614 3582 4065 4065 4064 4064 4064 4064 4064 4064
455 1683110747 3540 398 3655 3636 3572 3614 3614 3582 4065 4065 4065 4065 4065 4065 4065 4065
456 1683110747 3540 399 3655 3637 3573 3615 3615 3583 4067 4065 4065 4065 4065 4065 4065 4065
457 1683110747 3540 398 3655 3637 3573 3615 3615 3583 4065 4065 4065 4065 4065 4065 4065 4065
458 1683110747 3540 398 3656 3637 3573 3615 3615 3583 4063 4063 4063 4063 4063 4063 4063 4063
459 1683110747 3540 398 3655 3636 3572 3614 3614 3582 4065 4065 4065 4065 4065 4065 4065 4065
460 1683110747 3541 399 3656 3637 3574 3616 3615 3583 4065 4065 4064 4064 4064 4064 4064 4064
461 1683110747 3541 398 3656 3636 3573 3615 3615 3583 4067 4065 4065 4065 4065 4065 4065 4065
462 1683110747 3540 398 3655 3637 3573 3615 3614 3583 4065 4065 4064 4064 4064 4064 4064 4064
463 1683110747 3541 398 3656 3637 3574 3616 3615 3583 4063 4063 4063 4063 4063 4063 4063 4063
464 1683110747 3540 398 3655 3637 3573 3615 3614 3582 4065 4065 4064 4064 4064 4064 4064 4064
465 1683110747 3540 398 3656 3637 3574 3615 3615 3583 4065 4065 4065 4065 4065 4065 4065 4065
466 1683110747 3539 399 3655 3636 3573 3615 3615 3583 4065 4065 4064 4064 4064 4064 4064 4064
467 1683110747 3540 398 3655 3636 3572 3615 3615 3583 4065 4065 4065 4065 4065 4065 4065 4065
468 1683110747 3540 398 3656 3637 3573 3615 3615 3583 4065 4065 4065 4065 4065 4065 4065 4065
469 1683110747 3541 398 3655 3636 3572 3615 3614 3583 4065 4065 4064 4064 4064 4064 4064 4064
470 1683110747 3540 398 3656 3637 3573 3615 3615 3584 4065 4065 4064 4064 4064 4064 4064 4064
471 1683110747 3540 398 3655 3637 3573 3616 3615 3583 4065 4065 4064 4064 4064 4064 4064 4064
472 1683110747 3541 399 3656 3637 3574 3616 3616 3584 4065 4065 4064 4064 4064 4064 4064 4064
473 1683110747 3541 398 3656 3637 3573 3616 3615 3583 4065 4065 4064 4064 4064 4064 4064 4064
474 1683110747 3540 398 3656 3637 3574 3615 3615 3583 4065 4065 4065 4065 4065 4065 4065 4065
475 1683110747 3540 398 3655 3636 3573 3615 3615 3583 4065 4065 4064 4064 4064 4064 4064 4064
476 1683110747 3540 399 3655 3636 3573 3615 3614 3582 4065 4065 4065 4065 4065 4065 4065 4065
477 1683110747 3541 398 3656 3637 3573 3616 3615 3583 4065 4065 4065 4065 4065 4065 4065 4065
478 1683110747 3541 398 3656 3637 3573 3615 3615 3583 4065 4065 4065 4065 4065 4065 4065 4065
479 1683110747 3539 398 3655 3636 3572 3615 3614 3582 4065 4065 4064 4064 4064 4064 4064 4064
480 1683110747 3541 398 3656 3637 3573 3616 3615 3583 4065 4065 4064 4064 4064 4064 4064 4064
481 1683110747 3541 398 3656 3637 3573 3614 3614 3582 4063 4063 4063 4063 4063 4063 4063 4063
482 1683110747 3540 399 3655 3637 3573 3615 3615 3583 4065 4065 4064 4064 4064 4064 4064 4064
483 1683110747 3540 398 3655 3636 3573 3615 3614 3582 4065 4065 4065 4065 4065 4065 4065 4065
484 1683110747 3541 398 3654 3637 3573 3615 3615 3583 4065 4065 4065 4065 4065 4065 4065 4065
485 1683110747 3540 398 3656 3637 3573 3615 3615 3583 4065 4065 4065 4065 4065 4065 4065 4065
486 1683110747 3540 398 3655 3637 3573 3615 3615 3583 4067 4067 4066 4066 4066 4066 4066 4066
487 1683110747 3540 398 3655 3636 3572 3614 3615 3582 4065 4065 4065 4065 4065 4065 4065 4065
488 1683110747 3540 399 3656 3637 3573 3615 3615 3583 4065 4065 4064 4064 4064 4064 4064 4064
489 1683110747 3541 398 3656 3637 3573 3615 3615 3583 4065 4065 4065 4065 4065 4065 4065 4065
490 1683110747 3540 398 3655 3636 3573 3615 3615 3582 4065 4065 4064 4064 4064 4064 4064 4064
491 1683110748 3540 398 3655 3636 3572 3614 3614 3583 4065 4065 4065 4065 4065 4065 4065 4065
492 1683110748 3541 399 3656 3638 3574 3616 3615 3584 4065 4065 4064 4064 4064 4064 4064 4064
493 1683110748 3540 398 3656 3637 3573 3616 3615 3583 4065 4065 4065 4065 4065 4065 4065 4065
494 1683110748 3541 398 3657 3638 3574 3616 3615 3583 4065 4065 4065 4065 4065 4065 4065 4065
495 1683110748 3540 398 3655 3636 3573 3615 3614 3583 4065 4063 4063 4063 4063 4063 4063 4063
496 1683110748 3540 399 3655 3637 3573 3615 3615 3583 4065 4065 4064 4064 4064 4064 4064 4064
497 1683110748 3541 398 3656 3637 3573 3615 3615 3583 4065 4065 4064 4064 4064 4064 4064 4064
498 1683110748 3541 399 3656 3637 3574 3616 3616 3584 4065 4065 4065 4065 4065 4065 4065 4065
499 1683110748 3542 398 3656 3637 3574 3615 3615 3583 4065 4065 4065 4065 4065 4065 4065 4065
500 1683110748 3541 399 3656 3637 3573 3615 3615 3583 4065 4065 4064 4064 4064 4064 4064 4064
501 1683110748 3541 399 3657 3638 3574 3616 3616 3584 4065 4065 4064 4064 4064 4064 4064 4064
502 1683110748 3541 398 3656 3637 3574 3616 3615 3583 4065 4065 4064 4064 4064 4064 4064 4064
503 1683110748 3541 399 3655 3637 3574 3616 3615 3583 4065 4065 4065 4065 4065 4065 4065 4065
504 1683110748 3542 398 3656 3637 3573 3616 3615 3583 4065 4065 4064 4064 4064 4064 4064 4064
505 1683110748 3540 399 3655 3637 3573 3615 3615 3584 4065 4065 4064 4064 4064 4064 4064 4064
506 1683110748 3541 398 3656 3637 3574 3615 3615 3583 4065 4065 4064 4064 4064 4064 4064 4064
507 1683110748 3540 400 3655 3636 3573 3615 3615 3583 4065 4065 4064 4064 4064 4064 4064 4064
508 1683110748 3540 399 3656 3637 3573 3615 3615 3583 4065 4065 4064 4064 4064 4064 4064 4064
509 1683110748 3540 399 3655 3636 3573 3615 3615 3583 4065 4065 4064 4064 4064 4064 4064 4064
510 1683110748 3541 399 3656 3638 3574 3616 3616 3584 4065 4065 4065 4065 4065 4065 4065 4065
511 1683110748 3541 398 3656 3638 3574 3616 3615 3584 4065 4065 4064 4064 4064 4064 4064 4064
512 1683110748 3541 399 3656 3638 3574 3615 3615 3584 4065 4065 4064 4064 4064 4064 4064 4064
513 1683110748 3541 398 3656 3637 3573 3615 3615 3583 4065 4065 4064 4064 4064 4064 4064 4064
514 1683110748 3541 398 3656 3638 3574 3616 3616 3584 4065 4065 4064 4064 4064 4064 4064 4064
515 1683110748 3541 398 3655 3637 3574 3616 3615 3583 4065 4065 4065 4065 4065 4065 4065 4065
516 1683110748 3541 399 3656 3637 3574 3616 3615 3583 4065 4065 4064 4064 4064 4064 4064 4064
517 1683110748 3541 398 3655 3637 3574 3616 3615 3583 4065 4065 4064 4064 4064 4064 4064 4064
518 1683110748 3541 398 3656 3637 3573 3616 3615 3583 4065 4065 4065 4065 4065 4065 4065 4065
519 1683110748 3541 399 3656 3638 3574 3616 3616 3584 4065 4065 4064 4064 4064 4064 4064 4064
520 1683110748 3541 399 3656 3638 3574 3616 3616 3584 4065 4065 4065 4065 4065 4065 4065 4065
521 1683110748 3541 398 3657 3638 3573 3616 3615 3583 4065 4065 4064 4064 4064 4064 4064 4064
522 1683110748 3540 399 3655 3637 3573 3615 3615 3583 4061 4061 4061 4061 4061 4061 4061 4061
523 1683110748 3541 399 3657 3637 3574 3616 3616 3584 4065 4065 4064 4064 4064 4064 4064 4064
524 1683110748 3541 399 3656 3638 3574 3616 3616 3584 4065 4063 4063 4063 4063 4063 4063 4063
525 1683110748 3541 399 3656 3637 3573 3616 3615 3583 4065 4065 4065 4065 4065 4065 4065 4065
526 1683110748 3541 398 3656 3637 3574 3616 3615 3584 4065 4065 4065 4065 4065 4065 4065 4065
527 1683110748 3541 399 3656 3637 3573 3616 3616 3584 4063 4063 4063 4063 4063 4063 4063 4063
528 1683110748 3541 399 3657 3638 3574 3616 3615 3584 4065 4065 4064 4064 4064 4064 4064 4064
529 1683110748 3541 399 3656 3637 3573 3616 3615 3583 4065 4065 4064 4064 4064 4064 4064 4064
530 1683110748 3541 399 3656 3637 3573 3615 3615 3583 4065 4065 4064 4064 4064 4064 4064 4064
531 1683110748 3541 399 3655 3637 3574 3616 3615 3584 4065 4065 4064 4064 4064 4064 4064 4064
532 1683110748 3541 399 3655 3637 3573 3615 3616 3583 4065 4065 4064 4064 4064 4064 4064 4064
533 1683110748 3540 399 3656 3637 3573 3615 3615 3583 4065 4065 4064 4064 4064 4064 4064 4064
534 1683110756 3538 399 3653 3635 3571 3613 3613 3581 4065 4065 4064 4064 4064 4064 4064 4064
535 1683110756 3540 399 3655 3636 3573 3615 3614 3583 4065 4065 4064 4064 4064 4064 4064 4064
536 1683110756 3539 399 3654 3636 3572 3614 3613 3582 4065 4065 4065 4065 4065 4065 4065 4065
537 1683110756 3540 399 3655 3636 3573 3615 3615 3583 4065 4065 4065 4065 4065 4065 4065 4065
538 1683110756 3539 400 3654 3636 3572 3614 3614 3582 4065 4065 4065 4065 4065 4065 4065 4065
539 1683110756 3540 399 3656 3637 3573 3615 3615 3584 4065 4065 4064 4064 4064 4064 4064 4064
540 1683110756 3541 398 3655 3637 3573 3615 3614 3583 4065 4065 4065 4065 4065 4065 4065 4065
541 1683110756 3541 399 3656 3636 3573 3615 3615 3583 4065 4065 4064 4064 4064 4064 4064 4064
542 1683110756 3539 399 3655 3636 3573 3615 3615 3582 4065 4065 4064 4064 4064 4064 4064 4064
543 1683110756 3540 399 3655 3636 3573 3615 3615 3583 4065 4065 4064 4064 4064 4064 4064 4064
544 1683110756 3540 398 3655 3637 3573 3615 3614 3583 4065 4065 4064 4064 4064 4064 4064 4064
545 1683110756 3541 398 3656 3637 3574 3616 3615 3584 4065 4065 4065 4065 4065 4065 4065 4065
546 1683110756 3540 398 3655 3636 3572 3614 3614 3582 4065 4065 4064 4064 4064 4064 4064 4064
547 1683110756 3541 399 3656 3637 3574 3616 3616 3584 4065 4065 4064 4064 4064 4064 4064 4064
548 1683110756 3541 398 3656 3637 3573 3615 3615 3583 4065 4065 4064 4064 4064 4064 4064 4064
549 1683110756 3541 398 3656 3638 3574 3616 3616 3584 4065 4065 4065 4065 4065 4065 4065 4065
550 1683110756 3540 399 3655 3637 3573 3615 3615 3583 4065 4065 4064 4064 4064 4064 4064 4064
551 1683110756 3540 399 3656 3637 3573 3615 3615 3583 4065 4065 4065 4065 4065 4065 4065 4065
552 1683110756 3540 398 3655 3637 3572 3614 3614 3582 4065 4065 4065 4065 4065 4065 4065 4065
553 1683110756 3540 399 3655 3637 3573 3616 3615 3583 4065 4065 4065 4065 4065 4065 4065 4065
554 1683110756 3542 400 3657 3638 3574 3617 3616 3585 4065 4065 4064 4064 4064 4064 4064 4064
555 1683110756 3541 399 3656 3637 3573 3615 3615 3583 4065 4065 4065 4065 4065 4065 4065 4065
556 1683110756 3540 398 3655 3637 3573 3615 3614 3582 4067 4065 4065 4065 4065 4065 4065 4065
557 1683110756 3541 399 3656 3637 3574 3616 3616 3584 4065 4065 4064 4064 4064 4064 4064 4064
558 1683110756 3541 399 3656 3637 3573 3616 3615 3584 4065 4065 4065 4065 4065 4065 4065 4065
559 1683110756 3540 399 3655 3637 3573 3615 3615 3583 4065 4065 4065 4065 4065 4065 4065 4065
560 1683110756 3540 399 3655 3636 3573 3615 3615 3583 4065 4065 4064 4064 4064 4064 4064 4064
561 1683110756 3541 399 3656 3637 3573 3616 3615 3583 4065 4065 4064 4064 4064 4064 4064 4064
562 1683110756 3540 399 3655 3637 3573 3615 3615 3583 4065 4065 4064 4064 4064 4064 4064 4064
563 1683110756 3541 399 3656 3637 3573 3616 3616 3583 4065 4065 4064 4064 4064 4064 4064 4064
564 1683110756 3541 399 3655 3637 3573 3615 3616 3583 4065 4065 4065 4065 4065 4065 4065 4065
565 1683110757 3541 399 3656 3637 3573 3616 3615 3584 4065 4065 4065 4065 4065 4065 4065 4065
566 1683110757 3541 399 3656 3637 3573 3615 3615 3583 4065 4065 4064 4064 4064 4064 4064 4064
567 1683110757 3541 400 3656 3637 3574 3616 3616 3584 4065 4065 4065 4065 4065 4065 4065 4065
568 1683110757 3540 398 3655 3636 3573 3615 3615 3584 4065 4065 4065 4065 4065 4065 4065 4065
569 1683110757 3541 399 3656 3636 3572 3615 3615 3583 4065 4065 4065 4065 4065 4065 4065 4065
570 1683110757 3541 400 3655 3637 3574 3616 3616 3584 4065 4065 4065 4065 4065 4065 4065 4065
571 1683110757 3540 399 3654 3637 3573 3615 3614 3583 4065 4065 4064 4064 4064 4064 4064 4064
572 1683110757 3541 399 3656 3637 3574 3616 3616 3584 4065 4065 4064 4064 4064 4064 4064 4064
573 1683110757 3542 399 3658 3639 3575 3617 3617 3585 4065 4065 4064 4064 4064 4064 4064 4064
574 1683110757 3541 399 3656 3637 3574 3616 3616 3584 4065 4065 4065 4065 4065 4065 4065 4065
575 1683110757 3541 399 3656 3637 3573 3616 3615 3584 4065 4065 4065 4065 4065 4065 4065 4065
576 1683110757 3542 399 3657 3638 3574 3617 3616 3585 4065 4065 4065 4065 4065 4065 4065 4065
577 1683110757 3542 399 3656 3639 3575 3617 3617 3585 4063 4063 4063 4063 4063 4063 4063 4063
578 1683110757 3554 399 3669 3650 3587 3629 3628 3596 4065 4065 4064 4064 4064 4064 4064 4064
579 1683110757 3541 399 3654 3637 3573 3616 3615 3583 4064 4065 4064 4064 4064 4064 4064 4064
580 1683110757 3541 399 3656 3637 3574 3616 3616 3584 4065 4065 4065 4065 4065 4065 4065 4065
581 1683110757 3541 399 3656 3637 3574 3616 3615 3583 4065 4065 4065 4065 4065 4065 4065 4065
582 1683110757 3541 400 3655 3638 3574 3616 3616 3584 4067 4065 4065 4065 4065 4065 4065 4065
583 1683110757 3541 399 3656 3638 3574 3616 3616 3584 4065 4065 4064 4064 4064 4064 4064 4064
584 1683110757 3541 399 3656 3637 3574 3616 3615 3583 4065 4065 4065 4065 4065 4065 4065 4065
585 1683110757 3541 399 3656 3638 3573 3616 3615 3584 4065 4065 4064 4064 4064 4064 4064 4064
586 1683110757 3539 397 3654 3635 3572 3613 3613 3581 4065 4065 4064 4064 4064 4064 4064 4064
587 1683110757 3540 397 3654 3635 3572 3614 3613 3581 4065 4065 4064 4064 4064 4064 4064 4064
588 1683110757 3540 398 3655 3636 3572 3614 3614 3582 4065 4065 4064 4064 4064 4064 4064 4064
589 1683110757 3539 397 3655 3636 3572 3614 3613 3581 4065 4065 4064 4064 4064 4064 4064 4064
590 1683110757 3538 397 3653 3634 3571 3613 3613 3581 4065 4065 4064 4064 4064 4064 4064 4064
591 1683110757 3539 397 3654 3635 3571 3613 3613 3581 4067 4065 4065 4065 4065 4065 4065 4065
592 1683110757 3540 397 3655 3636 3573 3614 3614 3582 4065 4065 4065 4065 4065 4065 4065 4065
593 1683110757 3539 397 3654 3635 3572 3614 3613 3581 4065 4065 4065 4065 4065 4065 4065 4065
594 1683110757 3540 397 3654 3636 3572 3614 3613 3582 4065 4065 4065 4065 4065 4065 4065 4065
595 1683110757 3539 397 3654 3635 3571 3613 3613 3581 4065 4065 4064 4064 4064 4064 4064 4064
596 1683110757 3540 397 3655 3637 3572 3614 3614 3582 4065 4065 4064 4064 4064 4064 4064 4064
597 1683110757 3540 397 3655 3636 3573 3614 3615 3583 4065 4065 4065 4065 4065 4065 4065 4065
598 1683110757 3540 397 3655 3636 3573 3614 3614 3582 4065 4065 4065 4065 4065 4065 4065 4065
599 1683110757 3540 397 3655 3636 3572 3614 3614 3582 4065 4065 4064 4064 4064 4064 4064 4064
600 1683110757 3540 397 3655 3637 3573 3614 3614 3582 4065 4065 4065 4065 4065 4065 4065 4065
601 1683110757 3540 397 3655 3636 3572 3615 3614 3582 4065 4065 4065 4065 4065 4065 4065 4065
602 1683110757 3539 397 3655 3635 3572 3614 3614 3582 4067 4067 4066 4066 4066 4066 4066 4066
603 1683110757 3538 399 3653 3635 3571 3613 3612 3581 4065 4065 4065 4065 4065 4065 4065 4065
604 1683110757 3540 398 3655 3636 3572 3614 3614 3582 4065 4065 4065 4065 4065 4065 4065 4065
605 1683110757 3539 397 3654 3636 3572 3614 3614 3582 4065 4065 4065 4065 4065 4065 4065 4065
606 1683110757 3540 397 3655 3636 3572 3614 3613 3582 4065 4065 4064 4064 4064 4064 4064 4064
607 1683110757 3539 397 3654 3636 3572 3614 3614 3582 4065 4065 4065 4065 4065 4065 4065 4065
608 1683110757 3539 398 3655 3636 3573 3614 3614 3583 4065 4065 4065 4065 4065 4065 4065 4065
609 1683110757 3539 397 3654 3636 3572 3614 3614 3581 4065 4065 4065 4065 4065 4065 4065 4065
610 1683110757 3539 398 3654 3636 3572 3614 3614 3582 4065 4065 4065 4065 4065 4065 4065 4065
611 1683110757 3539 398 3654 3635 3572 3614 3614 3582 4065 4065 4064 4064 4064 4064 4064 4064
612 1683110757 3539 398 3653 3635 3572 3614 3614 3581 4065 4065 4064 4064 4064 4064 4064 4064
613 1683110757 3539 397 3655 3636 3572 3614 3614 3582 4063 4063 4063 4063 4063 4063 4063 4063
614 1683110757 3540 397 3655 3636 3573 3615 3614 3583 4065 4065 4064 4064 4064 4064 4064 4064
615 1683110757 3540 398 3654 3636 3573 3615 3614 3582 4065 4065 4064 4064 4064 4064 4064 4064
616 1683110757 3539 398 3653 3635 3571 3614 3614 3582 4065 4065 4064 4064 4064 4064 4064 4064
617 1683110757 3540 397 3655 3637 3572 3614 3614 3582 4065 4065 4064 4064 4064 4064 4064 4064
618 1683110757 3539 397 3655 3636 3572 3614 3614 3582 4065 4065 4065 4065 4065 4065 4065 4065
619 1683110757 3539 398 3654 3635 3572 3614 3613 3582 4063 4063 4063 4063 4063 4063 4063 4063
620 1683110757 3539 398 3654 3635 3572 3614 3614 3582 4065 4065 4065 4065 4065 4065 4065 4065
621 1683110757 3539 397 3654 3635 3572 3614 3613 3581 4065 4065 4064 4064 4064 4064 4064 4064
622 1683110757 3540 397 3655 3636 3573 3614 3614 3582 4065 4065 4065 4065 4065 4065 4065 4065
623 1683110757 3539 398 3654 3636 3572 3614 3614 3582 4065 4065 4064 4064 4064 4064 4064 4064
624 1683110757 3539 398 3654 3635 3572 3614 3613 3581 4065 4065 4065 4065 4065 4065 4065 4065
625 1683110757 3540 397 3656 3637 3573 3615 3615 3582 4065 4065 4064 4064 4064 4064 4064 4064
626 1683110757 3539 398 3654 3636 3572 3614 3614 3582 4065 4065 4065 4065 4065 4065 4065 4065
627 1683110757 3539 397 3654 3636 3572 3614 3614 3581 4065 4065 4064 4064 4064 4064 4064 4064
628 1683110757 3539 398 3653 3636 3572 3614 3614 3581 4065 4065 4064 4064 4064 4064 4064 4064
629 1683110757 3539 397 3654 3635 3572 3613 3613 3582 4065 4065 4065 4065 4065 4065 4065 4065
630 1683110757 3539 398 3654 3635 3572 3614 3613 3582 4063 4063 4063 4063 4063 4063 4063 4063
631 1683110757 3539 398 3654 3636 3572 3614 3614 3582 4065 4065 4064 4064 4064 4064 4064 4064
632 1683110757 3539 398 3654 3635 3572 3614 3614 3582 4065 4065 4065 4065 4065 4065 4065 4065
633 1683110757 3541 398 3656 3638 3574 3616 3616 3584 4065 4065 4064 4064 4064 4064 4064 4064
634 1683110757 3540 397 3655 3636 3572 3615 3614 3582 4065 4065 4065 4065 4065 4065 4065 4065
635 1683110757 3540 399 3655 3636 3573 3615 3614 3583 4065 4065 4064 4064 4064 4064 4064 4064
636 1683110757 3540 398 3655 3637 3573 3615 3615 3583 4065 4065 4065 4065 4065 4065 4065 4065
637 1683110757 3540 397 3656 3636 3573 3615 3615 3583 4065 4065 4064 4064 4064 4064 4064 4064
638 1683110757 3539 398 3655 3636 3572 3614 3614 3582 4065 4065 4065 4065 4065 4065 4065 4065
639 1683110758 3541 397 3656 3638 3574 3615 3615 3583 4065 4065 4064 4064 4064 4064 4064 4064
640 1683110758 3540 398 3655 3636 3572 3614 3613 3581 4065 4065 4064 4064 4064 4064 4064 4064
641 1683110758 3540 398 3654 3636 3573 3615 3615 3583 4065 4065 4064 4064 4064 4064 4064 4064
642 1683110758 3541 398 3655 3637 3573 3616 3616 3584 4065 4065 4064 4064 4064 4064 4064 4064
643 1683110758 3539 398 3654 3637 3572 3615 3614 3582 4065 4065 4065 4065 4065 4065 4065 4065
644 1683110758 3540 398 3653 3636 3572 3614 3614 3582 4065 4065 4064 4064 4064 4064 4064 4064
645 1683110758 3540 398 3656 3636 3573 3615 3614 3582 4065 4065 4064 4064 4064 4064 4064 4064
646 1683110758 3540 398 3655 3636 3573 3615 3614 3583 4067 4065 4065 4065 4065 4065 4065 4065
647 1683110758 3540 398 3655 3636 3573 3615 3614 3583 4065 4065 4064 4064 4064 4064 4064 4064
648 1683110758 3539 398 3655 3636 3572 3614 3614 3582 4065 4065 4064 4064 4064 4064 4064 4064
649 1683110758 3540 397 3655 3636 3573 3615 3614 3582 4065 4065 4064 4064 4064 4064 4064 4064
650 1683110758 3541 398 3656 3637 3574 3616 3616 3584 4065 4065 4064 4064 4064 4064 4064 4064
651 1683110758 3540 398 3655 3636 3573 3615 3615 3583 4065 4065 4065 4065 4065 4065 4065 4065
652 1683110758 3539 398 3655 3636 3572 3614 3614 3582 4065 4065 4064 4064 4064 4064 4064 4064
653 1683110758 3539 397 3655 3636 3572 3614 3614 3582 4065 4065 4065 4065 4065 4065 4065 4065
654 1683110758 3541 398 3655 3637 3573 3615 3615 3582 4065 4065 4065 4065 4065 4065 4065 4065
655 1683110758 3541 397 3656 3637 3573 3615 3616 3583 4065 4065 4064 4064 4064 4064 4064 4064
656 1683110758 3539 398 3655 3636 3572 3614 3615 3583 4065 4065 4065 4065 4065 4065 4065 4065
657 1683110758 3539 398 3655 3636 3572 3615 3614 3583 4065 4065 4064 4064 4064 4064 4064 4064
658 1683110758 3541 398 3655 3637 3573 3615 3614 3583 4065 4065 4064 4064 4064 4064 4064 4064
659 1683110758 3540 397 3655 3637 3573 3615 3614 3582 4065 4065 4065 4065 4065 4065 4065 4065
660 1683110758 3540 398 3655 3636 3573 3614 3614 3582 4065 4065 4064 4064 4064 4064 4064 4064
661 1683110758 3541 398 3656 3637 3573 3615 3615 3583 4065 4065 4065 4065 4065 4065 4065 4065
662 1683110758 3539 398 3654 3636 3572 3614 3613 3582 4065 4065 4064 4064 4064 4064 4064 4064
663 1683110758 3540 398 3655 3636 3573 3615 3615 3582 4065 4065 4064 4064 4064 4064 4064 4064
664 1683110758 3540 398 3655 3637 3573 3615 3615 3583 4065 4065 4064 4064 4064 4064 4064 4064
665 1683110758 3540 398 3655 3637 3573 3615 3615 3583 4065 4065 4065 4065 4065 4065 4065 4065
666 1683110758 3539 398 3655 3636 3572 3614 3614 3582 4067 4065 4065 4065 4065 4065 4065 4065
667 1683110758 3540 398 3655 3637 3573 3615 3615 3583 4065 4065 4064 4064 4064 4064 4064 4064
668 1683110758 3541 398 3656 3637 3573 3615 3615 3583 4065 4065 4065 4065 4065 4065 4065 4065
669 1683110758 3540 398 3655 3636 3572 3615 3615 3583 4065 4065 4064 4064 4064 4064 4064 4064
670 1683110758 3541 398 3655 3637 3573 3615 3615 3583 4065 4065 4064 4064 4064 4064 4064 4064
671 1683110758 3540 398 3656 3637 3573 3615 3615 3583 4065 4065 4065 4065 4065 4065 4065 4065
672 1683110758 3541 398 3655 3637 3573 3615 3615 3583 4065 4065 4064 4064 4064 4064 4064 4064
673 1683110758 3540 398 3655 3637 3572 3615 3615 3583 4065 4065 4065 4065 4065 4065 4065 4065
674 1683110758 3540 398 3655 3637 3573 3615 3615 3582 4065 4065 4065 4065 4065 4065 4065 4065
675 1683110758 3541 397 3656 3637 3574 3616 3615 3583 4067 4065 4065 4065 4065 4065 4065 4065
676 1683110758 3541 398 3656 3637 3573 3615 3615 3583 4065 4065 4064 4064 4064 4064 4064 4064
677 1683110758 3541 398 3656 3637 3573 3616 3615 3584 4065 4065 4065 4065 4065 4065 4065 4065
678 1683110758 3541 398 3655 3636 3573 3615 3615 3583 4067 4065 4065 4065 4065 4065 4065 4065
679 1683110758 3541 398 3656 3637 3574 3615 3615 3583 4067 4065 4065 4065 4065 4065 4065 4065
680 1683110758 3540 398 3656 3637 3574 3616 3615 3583 4065 4065 4065 4065 4065 4065 4065 4065
681 1683110758 3540 398 3655 3636 3573 3615 3614 3582 4065 4065 4064 4064 4064 4064 4064 4064
682 1683110758 3541 398 3656 3638 3574 3616 3615 3583 4065 4065 4065 4065 4065 4065 4065 4065
683 1683110758 3541 399 3656 3637 3574 3616 3615 3584 4065 4065 4065 4065 4065 4065 4065 4065
684 1683110758 3541 398 3656 3637 3573 3615 3614 3582 4065 4065 4065 4065 4065 4065 4065 4065
685 1683110758 3541 397 3656 3637 3574 3616 3615 3583 4065 4065 4065 4065 4065 4065 4065 4065
686 1683110758 3541 398 3657 3637 3574 3616 3616 3584 4065 4063 4063 4063 4063 4063 4063 4063
687 1683110758 3540 398 3655 3636 3572 3614 3614 3583 4065 4065 4064 4064 4064 4064 4064 4064
688 1683110758 3540 398 3656 3637 3573 3615 3615 3583 4065 4065 4064 4064 4064 4064 4064 4064
689 1683110758 3541 398 3655 3637 3573 3615 3615 3583 4067 4065 4065 4065 4065 4065 4065 4065
690 1683110758 3540 398 3655 3637 3573 3615 3615 3583 4065 4065 4064 4064 4064 4064 4064 4064
691 1683110758 3541 399 3656 3637 3574 3615 3616 3583 4065 4065 4065 4065 4065 4065 4065 4065
692 1683110758 3541 398 3656 3637 3573 3616 3615 3583 4065 4065 4065 4065 4065 4065 4065 4065
693 1683110758 3541 398 3656 3638 3574 3616 3616 3583 4065 4065 4064 4064 4064 4064 4064 4064
694 1683110758 3540 398 3655 3637 3573 3616 3615 3583 4065 4065 4064 4064 4064 4064 4064 4064
695 1683110758 3540 398 3655 3636 3573 3615 3615 3583 4065 4065 4064 4064 4064 4064 4064 4064
696 1683110758 3540 398 3655 3636 3573 3615 3614 3583 4065 4065 4064 4064 4064 4064 4064 4064
697 1683110758 3541 397 3656 3637 3573 3615 3614 3582 4065 4065 4064 4064 4064 4064 4064 4064
698 1683110758 3539 400 3655 3636 3572 3614 3614 3582 4065 4065 4064 4064 4064 4064 4064 4064
699 1683110758 3540 399 3654 3636 3572 3614 3614 3582 4065 4065 4064 4064 4064 4064 4064 4064
700 1683110758 3540 398 3655 3637 3573 3616 3615 3583 4065 4065 4065 4065 4065 4065 4065 4065
701 1683110758 3541 398 3655 3637 3573 3615 3615 3583 4065 4065 4064 4064 4064 4064 4064 4064
702 1683110758 3541 398 3655 3637 3573 3615 3615 3583 4065 4065 4064 4064 4064 4064 4064 4064
703 1683110758 3541 399 3656 3637 3573 3615 3615 3583 4065 4065 4065 4065 4065 4065 4065 4065
704 1683110758 3540 398 3656 3637 3573 3615 3615 3583 4065 4065 4064 4064 4064 4064 4064 4064
705 1683110758 3540 398 3654 3636 3573 3615 3614 3582 4065 4065 4064 4064 4064 4064 4064 4064
706 1683110759 3540 398 3655 3637 3572 3615 3614 3583 4065 4065 4065 4065 4065 4065 4065 4065
707 1683110759 3541 399 3654 3637 3573 3615 3615 3583 4065 4065 4064 4064 4064 4064 4064 4064
708 1683110759 3542 398 3657 3638 3575 3617 3616 3585 4065 4065 4064 4064 4064 4064 4064 4064
709 1683110759 3541 398 3656 3637 3573 3615 3615 3583 4065 4065 4064 4064 4064 4064 4064 4064
710 1683110759 3541 398 3656 3638 3574 3616 3616 3584 4065 4065 4064 4064 4064 4064 4064 4064
711 1683110759 3541 398 3656 3637 3573 3616 3615 3584 4065 4065 4064 4064 4064 4064 4064 4064
712 1683110759 3541 398 3656 3637 3573 3615 3614 3583 4065 4065 4065 4065 4065 4065 4065 4065
713 1683110759 3540 398 3655 3637 3573 3615 3615 3583 4065 4065 4065 4065 4065 4065 4065 4065
714 1683110759 3540 397 3655 3637 3573 3615 3614 3582 4065 4065 4065 4065 4065 4065 4065 4065
715 1683110759 3541 399 3656 3637 3574 3615 3615 3583 4065 4065 4064 4064 4064 4064 4064 4064
716 1683110759 3541 398 3657 3638 3575 3617 3616 3584 4065 4065 4064 4064 4064 4064 4064 4064
717 1683110759 3541 398 3656 3637 3573 3616 3615 3584 4065 4065 4064 4064 4064 4064 4064 4064
718 1683110759 3540 398 3656 3637 3573 3616 3615 3584 4065 4065 4064 4064 4064 4064 4064 4064
719 1683110759 3541 398 3656 3637 3573 3615 3615 3583 4065 4065 4065 4065 4065 4065 4065 4065
720 1683110759 3541 398 3656 3637 3574 3616 3616 3583 4067 4065 4065 4065 4065 4065 4065 4065
721 1683110759 3540 398 3656 3637 3573 3616 3615 3583 4065 4065 4064 4064 4064 4064 4064 4064
722 1683110759 3541 398 3655 3637 3573 3616 3616 3583 4065 4065 4064 4064 4064 4064 4064 4064
723 1683110767 3540 398 3655 3636 3572 3615 3614 3583 4065 4065 4064 4064 4064 4064 4064 4064
724 1683110767 3540 398 3655 3637 3573 3615 3615 3583 4065 4065 4064 4064 4064 4064 4064 4064
725 1683110767 3540 398 3655 3636 3573 3615 3614 3583 4065 4065 4065 4065 4065 4065 4065 4065
726 1683110767 3540 399 3655 3637 3573 3615 3614 3583 4065 4065 4065 4065 4065 4065 4065 4065
727 1683110767 3540 398 3655 3636 3572 3614 3614 3582 4065 4065 4064 4064 4064 4064 4064 4064
728 1683110767 3540 399 3655 3636 3572 3614 3614 3582 4065 4065 4064 4064 4064 4064 4064 4064
729 1683110767 3540 398 3655 3636 3573 3615 3615 3583 4063 4063 4063 4063 4063 4063 4063 4063
730 1683110767 3541 399 3656 3637 3574 3615 3615 3583 4065 4065 4065 4065 4065 4065 4065 4065
731 1683110767 3540 398 3655 3637 3573 3615 3615 3583 4065 4065 4065 4065 4065 4065 4065 4065
732 1683110767 3540 398 3656 3636 3573 3615 3614 3583 4065 4065 4065 4065 4065 4065 4065 4065
733 1683110767 3541 398 3656 3637 3573 3615 3615 3583 4063 4063 4063 4063 4063 4063 4063 4063
734 1683110767 3541 398 3656 3637 3574 3615 3614 3583 4065 4065 4065 4065 4065 4065 4065 4065
735 1683110767 3540 399 3655 3637 3573 3615 3615 3583 4065 4065 4064 4064 4064 4064 4064 4064
736 1683110767 3541 398 3656 3637 3573 3615 3615 3583 4065 4065 4064 4064 4064 4064 4064 4064
737 1683110767 3541 398 3655 3637 3573 3615 3615 3584 4065 4065 4064 4064 4064 4064 4064 4064
738 1683110767 3540 399 3654 3636 3573 3614 3614 3582 4065 4065 4065 4065 4065 4065 4065 4065
739 1683110767 3540 398 3655 3637 3573 3615 3615 3583 4065 4065 4064 4064 4064 4064 4064 4064
740 1683110767 3540 398 3656 3637 3573 3615 3614 3582 4065 4065 4065 4065 4065 4065 4065 4065
741 1683110767 3541 398 3655 3637 3573 3615 3614 3583 4065 4065 4065 4065 4065 4065 4065 4065
742 1683110767 3541 399 3656 3637 3574 3616 3615 3583 4065 4065 4065 4065 4065 4065 4065 4065
743 1683110767 3541 398 3656 3637 3573 3615 3615 3583 4067 4065 4065 4065 4065 4065 4065 4065
744 1683110767 3540 399 3656 3637 3573 3615 3614 3583 4065 4065 4065 4065 4065 4065 4065 4065
745 1683110767 3540 398 3655 3637 3573 3615 3615 3582 4065 4065 4065 4065 4065 4065 4065 4065
746 1683110767 3540 399 3655 3635 3573 3615 3615 3583 4065 4065 4064 4064 4064 4064 4064 4064
747 1683110767 3540 399 3655 3636 3573 3615 3615 3583 4065 4065 4064 4064 4064 4064 4064 4064
748 1683110767 3541 399 3656 3637 3574 3616 3615 3584 4065 4065 4064 4064 4064 4064 4064 4064
749 1683110767 3541 399 3656 3638 3574 3616 3615 3583 4065 4065 4064 4064 4064 4064 4064 4064
750 1683110767 3541 399 3656 3637 3574 3615 3615 3583 4065 4065 4064 4064 4064 4064 4064 4064
751 1683110767 3542 398 3657 3638 3574 3615 3616 3584 4065 4065 4064 4064 4064 4064 4064 4064
752 1683110767 3541 399 3656 3637 3574 3616 3616 3584 4065 4065 4064 4064 4064 4064 4064 4064
753 1683110767 3541 399 3657 3638 3574 3616 3616 3584 4065 4065 4065 4065 4065 4065 4065 4065
754 1683110767 3542 399 3657 3638 3574 3617 3616 3584 4065 4065 4064 4064 4064 4064 4064 4064
755 1683110767 3541 399 3657 3638 3575 3617 3616 3584 4065 4065 4065 4065 4065 4065 4065 4065
756 1683110767 3541 398 3656 3637 3574 3615 3615 3583 4065 4065 4065 4065 4065 4065 4065 4065
757 1683110767 3542 399 3657 3638 3574 3616 3616 3584 4063 4063 4063 4063 4063 4063 4063 4063
758 1683110767 3541 398 3657 3638 3575 3616 3616 3584 4065 4065 4065 4065 4065 4065 4065 4065
759 1683110767 3542 398 3657 3638 3574 3616 3616 3585 4065 4065 4065 4065 4065 4065 4065 4065
760 1683110767 3541 399 3656 3638 3574 3616 3616 3584 4063 4063 4063 4063 4063 4063 4063 4063
761 1683110767 3541 400 3655 3637 3573 3616 3615 3584 4065 4065 4065 4065 4065 4065 4065 4065
762 1683110767 3541 399 3655 3637 3573 3615 3615 3583 4065 4065 4064 4064 4064 4064 4064 4064
763 1683110767 3541 399 3655 3637 3573 3616 3615 3584 4065 4065 4064 4064 4064 4064 4064 4064
764 1683110767 3541 398 3656 3638 3573 3616 3615 3583 4065 4065 4065 4065 4065 4065 4065 4065
765 1683110767 3541 398 3657 3638 3574 3616 3616 3584 4065 4065 4065 4065 4065 4065 4065 4065
766 1683110775 3540 398 3655 3636 3573 3614 3614 3583 4065 4065 4065 4065 4065 4065 4065 4065
767 1683110775 3541 399 3656 3637 3573 3615 3615 3583 4065 4065 4064 4064 4064 4064 4064 4064
768 1683110775 3540 398 3655 3637 3572 3614 3614 3583 4065 4065 4064 4064 4064 4064 4064 4064
769 1683110775 3541 398 3654 3637 3573 3615 3615 3583 4065 4065 4065 4065 4065 4065 4065 4065
770 1683110775 3541 398 3656 3637 3574 3616 3615 3584 4065 4065 4064 4064 4064 4064 4064 4064
771 1683110775 3540 399 3656 3637 3573 3615 3615 3583 4065 4065 4064 4064 4064 4064 4064 4064
772 1683110775 3541 398 3656 3638 3574 3616 3615 3584 4065 4065 4064 4064 4064 4064 4064 4064
773 1683110775 3540 399 3656 3637 3573 3615 3615 3583 4065 4065 4065 4065 4065 4065 4065 4065
774 1683110775 3541 398 3656 3637 3574 3616 3615 3584 4063 4063 4063 4063 4063 4063 4063 4063
775 1683110783 3541 399 3656 3638 3574 3616 3616 3584 4065 4065 4065 4065 4065 4065 4065 4065
776 1683110783 3541 399 3656 3637 3574 3615 3615 3583 4065 4065 4064 4064 4064 4064 4064 4064
777 1683110783 3541 399 3656 3638 3574 3616 3616 3584 4065 4065 4065 4065 4065 4065 4065 4065
778 1683110783 3541 399 3656 3637 3573 3616 3615 3583 4065 4065 4064 4064 4064 4064 4064 4064
779 1683110783 3541 398 3655 3637 3573 3615 3615 3583 4065 4065 4065 4065 4065 4065 4065 4065
780 1683110783 3541 399 3656 3637 3574 3615 3615 3583 4065 4065 4065 4065 4065 4065 4065 4065
781 1683110783 3541 399 3657 3638 3574 3616 3616 3584 4065 4065 4065 4065 4065 4065 4065 4065
782 1683110783 3541 399 3656 3637 3573 3616 3616 3584 4065 4065 4064 4064 4064 4064 4064 4064
783 1683110783 3541 398 3655 3637 3574 3616 3616 3584 4065 4065 4065 4065 4065 4065 4065 4065
784 1683110783 3541 399 3656 3637 3573 3616 3616 3584 4065 4065 4065 4065 4065 4065 4065 4065
785 1683110783 3542 398 3657 3638 3574 3616 3615 3583 4065 4065 4065 4065 4065 4065 4065 4065
786 1683110783 3541 399 3656 3638 3574 3617 3617 3585 4065 4065 4065 4065 4065 4065 4065 4065
787 1683110783 3541 398 3655 3637 3573 3615 3615 3583 4065 4065 4064 4064 4064 4064 4064 4064
788 1683110783 3542 399 3656 3638 3574 3616 3616 3585 4065 4065 4064 4064 4064 4064 4064 4064
789 1683110783 3541 398 3656 3638 3574 3616 3616 3584 4065 4065 4065 4065 4065 4065 4065 4065
790 1683110783 3541 398 3657 3638 3575 3616 3616 3583 4065 4065 4064 4064 4064 4064 4064 4064
791 1683110783 3541 398 3657 3638 3574 3616 3616 3584 4065 4065 4065 4065 4065 4065 4065 4065
792 1683110783 3542 399 3658 3639 3575 3618 3617 3585 4065 4065 4064 4064 4064 4064 4064 4064
793 1683110783 3540 399 3655 3637 3573 3616 3615 3583 4065 4065 4065 4065 4065 4065 4065 4065
794 1683110783 3542 398 3657 3638 3574 3617 3616 3585 4065 4065 4064 4064 4064 4064 4064 4064
795 1683110783 3542 399 3657 3638 3574 3617 3616 3584 4065 4065 4065 4065 4065 4065 4065 4065
796 1683110783 3541 399 3656 3637 3574 3616 3615 3583 4065 4065 4065 4065 4065 4065 4065 4065
797 1683110783 3542 398 3657 3639 3574 3617 3616 3584 4063 4063 4063 4063 4063 4063 4063 4063
798 1683110784 3543 399 3658 3639 3575 3617 3617 3585 4065 4065 4065 4065 4065 4065 4065 4065
799 1683110784 3542 399 3657 3638 3574 3617 3617 3585 4067 4065 4065 4065 4065 4065 4065 4065
800 1683110784 3542 399 3656 3637 3574 3616 3616 3584 4067 4065 4065 4065 4065 4065 4065 4065
801 1683110784 3543 399 3658 3639 3576 3618 3617 3586 4065 4065 4065 4065 4065 4065 4065 4065
802 1683110784 3541 399 3656 3637 3574 3617 3615 3584 4065 4065 4064 4064 4064 4064 4064 4064
803 1683110784 3541 399 3657 3638 3574 3616 3615 3584 4065 4065 4064 4064 4064 4064 4064 4064
804 1683110784 3542 399 3656 3637 3574 3616 3616 3584 4065 4065 4064 4064 4064 4064 4064 4064
805 1683110784 3541 399 3657 3638 3574 3616 3616 3584 4067 4065 4065 4065 4065 4065 4065 4065
806 1683110784 3542 399 3657 3638 3575 3617 3617 3585 4065 4065 4065 4065 4065 4065 4065 4065
807 1683110784 3542 399 3657 3638 3575 3616 3617 3584 4065 4065 4065 4065 4065 4065 4065 4065
808 1683110784 3541 399 3657 3638 3575 3617 3616 3584 4065 4065 4064 4064 4064 4064 4064 4064
809 1683110784 3542 399 3657 3638 3575 3617 3616 3585 4065 4065 4065 4065 4065 4065 4065 4065
810 1683110784 3542 399 3657 3638 3575 3617 3617 3585 4065 4065 4064 4064 4064 4064 4064 4064
811 1683110784 3541 399 3657 3638 3574 3617 3616 3584 4065 4065 4065 4065 4065 4065 4065 4065
812 1683110784 3542 399 3657 3638 3575 3616 3617 3585 4065 4065 4065 4065 4065 4065 4065 4065
813 1683110784 3542 399 3657 3639 3575 3617 3617 3585 4065 4065 4065 4065 4065 4065 4065 4065
814 1683110784 3542 399 3656 3638 3575 3617 3617 3585 4065 4065 4064 4064 4064 4064 4064 4064
815 1683110784 3541 400 3656 3638 3575 3617 3616 3584 4065 4065 4064 4064 4064 4064 4064 4064
816 1683110784 3543 399 3658 3639 3575 3617 3617 3585 4065 4065 4064 4064 4064 4064 4064 4064
817 1683110784 3542 399 3657 3639 3575 3617 3617 3585 4065 4065 4064 4064 4064 4064 4064 4064
818 1683110784 3542 398 3657 3638 3574 3616 3616 3585 4063 4063 4063 4063 4063 4063 4063 4063
819 1683110784 3542 399 3657 3638 3575 3617 3616 3584 4065 4065 4064 4064 4064 4064 4064 4064
820 1683110784 3542 399 3658 3639 3575 3617 3617 3585 4065 4065 4064 4064 4064 4064 4064 4064
821 1683110784 3542 398 3657 3639 3575 3617 3617 3584 4063 4063 4063 4063 4063 4063 4063 4063
822 1683110784 3542 399 3656 3637 3574 3616 3615 3583 4065 4065 4065 4065 4065 4065 4065 4065
823 1683110784 3542 400 3657 3639 3575 3617 3616 3584 4063 4063 4063 4063 4063 4063 4063 4063
824 1683110784 3542 399 3658 3639 3575 3617 3617 3585 4065 4065 4065 4065 4065 4065 4065 4065
825 1683110784 3541 399 3656 3638 3575 3617 3617 3585 4065 4065 4065 4065 4065 4065 4065 4065
826 1683110784 3543 399 3658 3639 3575 3617 3617 3585 4065 4065 4065 4065 4065 4065 4065 4065
827 1683110784 3542 399 3657 3638 3575 3617 3616 3585 4065 4065 4065 4065 4065 4065 4065 4065
828 1683110784 3543 399 3657 3639 3575 3617 3617 3585 4063 4063 4063 4063 4063 4063 4063 4063
829 1683110784 3542 399 3657 3639 3575 3617 3616 3585 4065 4065 4064 4064 4064 4064 4064 4064
830 1683110784 3542 399 3656 3638 3575 3617 3616 3585 4065 4065 4064 4064 4064 4064 4064 4064
831 1683110784 3542 399 3657 3638 3574 3617 3616 3584 4065 4065 4065 4065 4065 4065 4065 4065
832 1683110784 3542 399 3657 3639 3575 3617 3617 3585 4065 4065 4064 4064 4064 4064 4064 4064
833 1683110784 3543 399 3657 3639 3575 3617 3617 3585 4065 4065 4065 4065 4065 4065 4065 4065
834 1683110784 3542 399 3657 3639 3575 3617 3617 3585 4065 4065 4065 4065 4065 4065 4065 4065
835 1683110784 3542 399 3657 3638 3575 3617 3616 3584 4065 4065 4064 4064 4064 4064 4064 4064
836 1683110784 3542 399 3657 3639 3575 3617 3617 3585 4065 4065 4065 4065 4065 4065 4065 4065
837 1683110784 3543 399 3657 3639 3575 3617 3617 3585 4065 4065 4065 4065 4065 4065 4065 4065
838 1683110784 3542 399 3656 3638 3575 3617 3617 3584 4065 4065 4064 4064 4064 4064 4064 4064
839 1683110784 3540 397 3655 3636 3573 3615 3615 3583 4065 4065 4064 4064 4064 4064 4064 4064
840 1683110784 3541 397 3656 3638 3573 3616 3616 3584 4067 4065 4065 4065 4065 4065 4065 4065
841 1683110784 3540 398 3655 3637 3573 3615 3615 3583 4065 4065 4064 4064 4064 4064 4064 4064
842 1683110784 3540 397 3655 3636 3573 3615 3614 3582 4065 4065 4064 4064 4064 4064 4064 4064
843 1683110784 3541 397 3655 3636 3573 3615 3615 3583 4065 4065 4064 4064 4064 4064 4064 4064
844 1683110784 3540 397 3655 3636 3572 3615 3614 3583 4065 4065 4065 4065 4065 4065 4065 4065
845 1683110784 3541 397 3656 3637 3573 3615 3615 3583 4065 4065 4065 4065 4065 4065 4065 4065
846 1683110784 3541 397 3656 3637 3573 3615 3615 3583 4065 4065 4064 4064 4064 4064 4064 4064
847 1683110784 3540 397 3655 3637 3573 3615 3615 3583 4065 4065 4064 4064 4064 4064 4064 4064
848 1683110784 3540 397 3654 3637 3573 3615 3614 3583 4065 4065 4064 4064 4064 4064 4064 4064
849 1683110784 3541 398 3656 3637 3574 3616 3615 3583 4065 4065 4065 4065 4065 4065 4065 4065
850 1683110784 3541 398 3656 3637 3573 3616 3616 3584 4065 4065 4064 4064 4064 4064 4064 4064
851 1683110784 3540 397 3655 3637 3573 3615 3615 3583 4065 4065 4064 4064 4064 4064 4064 4064
852 1683110784 3540 398 3655 3636 3573 3615 3615 3583 4065 4065 4064 4064 4064 4064 4064 4064
853 1683110784 3541 397 3656 3637 3574 3615 3615 3583 4065 4065 4065 4065 4065 4065 4065 4065
854 1683110784 3540 398 3655 3636 3573 3614 3615 3583 4065 4065 4065 4065 4065 4065 4065 4065
855 1683110784 3540 398 3655 3637 3573 3615 3615 3583 4065 4065 4065 4065 4065 4065 4065 4065
856 1683110784 3540 398 3655 3636 3573 3615 3615 3583 4065 4065 4065 4065 4065 4065 4065 4065
857 1683110784 3540 398 3655 3636 3572 3614 3614 3582 4065 4065 4064 4064 4064 4064 4064 4064
858 1683110784 3541 398 3656 3637 3573 3616 3616 3584 4063 4063 4062 4062 4062 4062 4062 4062
859 1683110784 3540 397 3655 3637 3573 3615 3614 3583 4065 4065 4064 4064 4064 4064 4064 4064
860 1683110784 3540 397 3656 3637 3573 3615 3615 3583 4065 4065 4065 4065 4065 4065 4065 4065
861 1683110784 3541 398 3655 3637 3573 3615 3614 3582 4065 4065 4065 4065 4065 4065 4065 4065
862 1683110784 3541 397 3656 3638 3574 3616 3616 3584 4065 4065 4065 4065 4065 4065 4065 4065
863 1683110784 3541 398 3655 3637 3573 3615 3615 3583 4065 4065 4065 4065 4065 4065 4065 4065
864 1683110784 3540 398 3654 3636 3573 3615 3615 3583 4065 4065 4065 4065 4065 4065 4065 4065
865 1683110784 3540 398 3655 3637 3573 3615 3615 3583 4065 4065 4065 4065 4065 4065 4065 4065
866 1683110784 3540 398 3656 3637 3573 3616 3615 3584 4065 4065 4065 4065 4065 4065 4065 4065
867 1683110784 3541 397 3655 3636 3573 3615 3614 3583 4065 4065 4064 4064 4064 4064 4064 4064
868 1683110784 3540 398 3655 3636 3573 3615 3615 3582 4065 4065 4064 4064 4064 4064 4064 4064
869 1683110784 3541 398 3656 3637 3573 3615 3615 3583 4065 4065 4065 4065 4065 4065 4065 4065
870 1683110784 3540 397 3655 3637 3573 3615 3615 3583 4065 4065 4065 4065 4065 4065 4065 4065
871 1683110784 3540 397 3655 3637 3573 3615 3614 3582 4065 4065 4065 4065 4065 4065 4065 4065
872 1683110784 3541 397 3656 3637 3573 3616 3615 3584 4065 4065 4065 4065 4065 4065 4065 4065
873 1683110784 3542 398 3657 3638 3574 3616 3615 3583 4067 4065 4065 4065 4065 4065 4065 4065
874 1683110784 3541 398 3656 3637 3573 3615 3615 3583 4065 4065 4065 4065 4065 4065 4065 4065
875 1683110784 3540 398 3655 3637 3573 3616 3615 3583 4067 4067 4066 4066 4066 4066 4066 4066
876 1683110785 3541 398 3656 3638 3574 3616 3615 3584 4064 4065 4064 4064 4064 4064 4064 4064
877 1683110785 3541 397 3656 3638 3574 3616 3616 3584 4065 4065 4064 4064 4064 4064 4064 4064
878 1683110785 3541 397 3656 3637 3574 3616 3615 3583 4065 4065 4064 4064 4064 4064 4064 4064
879 1683110785 3540 397 3655 3636 3573 3615 3615 3582 4065 4065 4064 4064 4064 4064 4064 4064
880 1683110785 3540 398 3656 3637 3573 3615 3615 3583 4065 4065 4064 4064 4064 4064 4064 4064
881 1683110785 3541 398 3656 3637 3574 3615 3615 3583 4065 4065 4065 4065 4065 4065 4065 4065
882 1683110785 3541 398 3656 3638 3574 3616 3616 3584 4065 4065 4065 4065 4065 4065 4065 4065
883 1683110785 3541 397 3655 3637 3573 3614 3615 3582 4065 4065 4064 4064 4064 4064 4064 4064
884 1683110785 3541 397 3656 3637 3573 3615 3615 3583 4065 4065 4065 4065 4065 4065 4065 4065
885 1683110785 3541 397 3656 3637 3573 3615 3615 3583 4065 4065 4065 4065 4065 4065 4065 4065
886 1683110785 3541 398 3656 3637 3573 3615 3615 3583 4065 4065 4064 4064 4064 4064 4064 4064
887 1683110785 3541 398 3655 3637 3574 3615 3615 3583 4065 4065 4065 4065 4065 4065 4065 4065
888 1683110785 3541 399 3656 3637 3573 3615 3615 3583 4065 4065 4064 4064 4064 4064 4064 4064
889 1683110785 3541 398 3656 3637 3574 3616 3615 3583 4065 4065 4064 4064 4064 4064 4064 4064
890 1683110785 3540 397 3655 3637 3573 3615 3615 3582 4065 4065 4064 4064 4064 4064 4064 4064
891 1683110785 3540 398 3655 3636 3573 3615 3614 3583 4065 4065 4064 4064 4064 4064 4064 4064
892 1683110785 3543 397 3657 3639 3575 3617 3617 3585 4065 4065 4064 4064 4064 4064 4064 4064
893 1683110785 3541 398 3656 3637 3574 3616 3615 3583 4063 4063 4062 4062 4062 4062 4062 4062
894 1683110785 3541 398 3656 3637 3573 3615 3615 3583 4065 4065 4065 4065 4065 4065 4065 4065
895 1683110785 3542 398 3655 3638 3574 3616 3616 3584 4065 4065 4064 4064 4064 4064 4064 4064
896 1683110785 3541 398 3654 3637 3574 3616 3615 3584 4065 4065 4064 4064 4064 4064 4064 4064
897 1683110785 3541 398 3656 3637 3573 3615 3615 3583 4065 4065 4064 4064 4064 4064 4064 4064
898 1683110785 3542 398 3657 3638 3574 3616 3616 3584 4067 4065 4065 4065 4065 4065 4065 4065
899 1683110785 3541 397 3655 3636 3573 3614 3614 3583 4063 4063 4063 4063 4063 4063 4063 4063
900 1683110785 3541 397 3656 3637 3574 3616 3616 3584 4065 4065 4064 4064 4064 4064 4064 4064
901 1683110785 3541 398 3657 3638 3574 3617 3616 3584 4065 4065 4064 4064 4064 4064 4064 4064
902 1683110785 3541 397 3656 3638 3574 3616 3616 3584 4065 4065 4065 4065 4065 4065 4065 4065
903 1683110785 3542 397 3657 3638 3575 3616 3616 3584 4065 4065 4065 4065 4065 4065 4065 4065
904 1683110785 3541 397 3656 3637 3573 3615 3614 3582 4065 4065 4065 4065 4065 4065 4065 4065
905 1683110785 3542 398 3657 3638 3574 3617 3616 3585 4065 4065 4065 4065 4065 4065 4065 4065
906 1683110785 3540 398 3656 3637 3573 3615 3615 3583 4067 4065 4065 4065 4065 4065 4065 4065
907 1683110785 3541 397 3656 3637 3573 3615 3615 3584 4065 4065 4065 4065 4065 4065 4065 4065
908 1683110785 3542 398 3657 3638 3574 3616 3616 3584 4065 4065 4065 4065 4065 4065 4065 4065
909 1683110785 3541 398 3656 3637 3573 3616 3615 3583 4065 4065 4064 4064 4064 4064 4064 4064
910 1683110785 3540 398 3655 3636 3572 3614 3615 3583 4065 4065 4065 4065 4065 4065 4065 4065
911 1683110785 3541 398 3655 3637 3574 3616 3616 3584 4065 4065 4064 4064 4064 4064 4064 4064
912 1683110785 3541 398 3656 3637 3574 3616 3616 3584 4065 4065 4065 4065 4065 4065 4065 4065
913 1683110785 3541 398 3656 3638 3573 3616 3615 3584 4065 4065 4064 4064 4064 4064 4064 4064
914 1683110785 3542 397 3657 3638 3574 3616 3616 3584 4065 4065 4064 4064 4064 4064 4064 4064
915 1683110785 3540 398 3656 3637 3574 3616 3615 3583 4065 4065 4065 4065 4065 4065 4065 4065
916 1683110785 3542 397 3657 3638 3574 3616 3616 3584 4065 4065 4064 4064 4064 4064 4064 4064
917 1683110785 3541 398 3656 3637 3574 3615 3615 3583 4065 4065 4064 4064 4064 4064 4064 4064
918 1683110785 3541 397 3656 3638 3574 3616 3616 3584 4065 4065 4065 4065 4065 4065 4065 4065
919 1683110785 3541 398 3655 3637 3574 3616 3616 3584 4065 4065 4065 4065 4065 4065 4065 4065
920 1683110785 3542 399 3656 3638 3574 3616 3616 3583 4065 4065 4065 4065 4065 4065 4065 4065
921 1683110785 3541 398 3657 3638 3574 3616 3616 3584 4065 4065 4065 4065 4065 4065 4065 4065
922 1683110785 3541 398 3656 3637 3574 3616 3615 3584 4063 4063 4063 4063 4063 4063 4063 4063
923 1683110785 3541 398 3657 3638 3574 3616 3616 3584 4065 4065 4065 4065 4065 4065 4065 4065
924 1683110785 3541 398 3656 3638 3574 3616 3616 3584 4065 4065 4064 4064 4064 4064 4064 4064
925 1683110785 3542 398 3657 3638 3575 3617 3617 3585 4065 4065 4064 4064 4064 4064 4064 4064
926 1683110785 3541 398 3656 3637 3573 3615 3615 3584 4065 4065 4064 4064 4064 4064 4064 4064
927 1683110785 3540 398 3655 3636 3573 3616 3615 3583 4065 4065 4064 4064 4064 4064 4064 4064
928 1683110785 3541 398 3656 3637 3574 3616 3616 3584 4065 4065 4064 4064 4064 4064 4064 4064
929 1683110785 3541 398 3656 3637 3573 3616 3615 3583 4065 4065 4064 4064 4064 4064 4064 4064
930 1683110785 3541 398 3656 3637 3574 3616 3616 3584 4065 4065 4064 4064 4064 4064 4064 4064
931 1683110785 3541 398 3656 3638 3574 3616 3616 3584 4065 4065 4064 4064 4064 4064 4064 4064
932 1683110785 3543 398 3658 3639 3575 3617 3617 3585 4065 4065 4065 4065 4065 4065 4065 4065
933 1683110785 3541 398 3656 3637 3574 3616 3615 3584 4065 4065 4065 4065 4065 4065 4065 4065
934 1683110785 3541 398 3656 3637 3573 3616 3615 3583 4065 4065 4064 4064 4064 4064 4064 4064
935 1683110785 3541 398 3655 3637 3573 3616 3616 3584 4065 4065 4064 4064 4064 4064 4064 4064
936 1683110785 3541 399 3656 3639 3575 3616 3616 3584 4063 4063 4063 4063 4063 4063 4063 4063
937 1683110785 3543 398 3658 3639 3575 3618 3617 3586 4065 4065 4065 4065 4065 4065 4065 4065
938 1683110785 3541 397 3656 3637 3573 3615 3615 3584 4065 4065 4064 4064 4064 4064 4064 4064
939 1683110785 3541 398 3656 3637 3574 3616 3616 3584 4063 4063 4063 4063 4063 4063 4063 4063
940 1683110785 3542 398 3657 3638 3574 3616 3616 3584 4065 4065 4064 4064 4064 4064 4064 4064
941 1683110785 3541 398 3656 3637 3574 3616 3616 3583 4065 4065 4065 4065 4065 4065 4065 4065
942 1683110785 3542 398 3656 3638 3575 3616 3616 3584 4067 4065 4065 4065 4065 4065 4065 4065
943 1683110785 3542 398 3657 3638 3574 3616 1087 3583 4065 4065 4064 4064 4064 4064 4064 4064
944 1683110785 3542 398 3657 3638 3574 3617 3616 3584 4065 4065 4065 4065 4065 4065 4065 4065
945 1683110785 3541 398 3656 3638 3574 3616 3616 3584 4065 4065 4064 4064 4064 4064 4064 4064
946 1683110785 3542 398 3656 3638 3575 3617 3617 3585 4065 4065 4065 4065 4065 4065 4065 4065
947 1683110785 3541 398 3657 3637 3574 3616 3616 3584 4065 4065 4064 4064 4064 4064 4064 4064
948 1683110786 3542 398 3657 3638 3574 3616 3616 3584 4065 4065 4065 4065 4065 4065 4065 4065
949 1683110786 3542 398 3657 3638 3574 3617 3616 3584 4065 4065 4064 4064 4064 4064 4064 4064
950 1683110786 3541 398 3656 3638 3574 3616 3616 3584 4067 4065 4065 4065 4065 4065 4065 4065
951 1683110786 3541 400 3655 3637 3573 3616 3615 3584 4065 4065 4064 4064 4064 4064 4064 4064
952 1683110786 3541 399 3656 3638 3574 3616 3616 3585 4065 4065 4064 4064 4064 4064 4064 4064
953 1683110786 3541 398 3656 3637 3574 3616 3616 3583 4065 4065 4064 4064 4064 4064 4064 4064
954 1683110786 3541 399 3656 3638 3574 3616 3615 3584 4063 4063 4063 4063 4063 4063 4063 4063
955 1683110786 3542 398 3657 3638 3574 3616 3616 3584 4065 4065 4064 4064 4064 4064 4064 4064
956 1683110786 3542 398 3657 3639 3574 3617 3616 3585 4065 4065 4065 4065 4065 4065 4065 4065
957 1683110786 3542 398 3657 3638 3574 3616 3616 3584 4065 4065 4064 4064 4064 4064 4064 4064
958 1683110786 3542 399 3656 3638 3575 3617 3616 3585 4065 4065 4064 4064 4064 4064 4064 4064
959 1683110786 3541 398 3655 3638 3574 3616 3616 3584 4067 4065 4065 4065 4065 4065 4065 4065
960 1683110786 3542 398 3657 3638 3574 3617 3616 3584 4065 4065 4064 4064 4064 4064 4064 4064
961 1683110786 3541 398 3657 3638 3574 3616 3616 3585 4065 4065 4065 4065 4065 4065 4065 4065
962 1683110786 3542 398 3657 3638 3574 3616 3616 3584 4065 4065 4065 4065 4065 4065 4065 4065
963 1683110786 3541 398 3657 3638 3574 3616 3616 3584 4065 4065 4064 4064 4064 4064 4064 4064
964 1683110786 3541 399 3656 3637 3573 3615 3615 3583 4065 4065 4065 4065 4065 4065 4065 4065
965 1683110786 3542 398 3657 3639 3575 3617 3617 3585 4065 4065 4064 4064 4064 4064 4064 4064
966 1683110786 3542 398 3656 3638 3574 3616 3616 3584 4065 4065 4065 4065 4065 4065 4065 4065
967 1683110786 3542 398 3657 3639 3575 3617 3616 3585 4065 4065 4065 4065 4065 4065 4065 4065
968 1683110786 3542 397 3657 3638 3575 3616 3616 3584 4065 4065 4064 4064 4064 4064 4064 4064
969 1683110786 3542 398 3657 3638 3574 3616 3616 3584 4065 4065 4064 4064 4064 4064 4064 4064
970 1683110786 3542 398 3657 3638 3575 3617 3616 3584 4065 4065 4065 4065 4065 4065 4065 4065
971 1683110786 3541 398 3655 3636 3573 3615 3615 3583 4067 4065 4065 4065 4065 4065 4065 4065
972 1683110786 3541 398 3657 3638 3574 3617 3616 3584 4065 4065 4064 4064 4064 4064 4064 4064
973 1683110786 3542 398 3657 3638 3574 3616 3616 3585 4065 4065 4064 4064 4064 4064 4064 4064
974 1683110786 3541 398 3656 3638 3575 3616 3616 3585 4065 4065 4065 4065 4065 4065 4065 4065
975 1683110786 3542 398 3657 3638 3575 3616 3616 3584 4065 4065 4064 4064 4064 4064 4064 4064
976 1683110786 3542 399 3656 3637 3574 3616 3616 3584 4065 4065 4065 4065 4065 4065 4065 4065
977 1683110786 3541 398 3657 3638 3574 3616 3616 3584 4067 4065 4065 4065 4065 4065 4065 4065
978 1683110786 3541 398 3656 3638 3575 3617 3617 3584 4065 4065 4064 4064 4064 4064 4064 4064
979 1683110786 3543 398 3657 3638 3575 3616 3617 3585 4065 4065 4065 4065 4065 4065 4065 4065
980 1683110786 3542 398 3657 3639 3575 3617 3617 3585 4065 4065 4064 4064 4064 4064 4064 4064
981 1683110786 3542 398 3657 3638 3575 3617 3616 3584 4065 4065 4064 4064 4064 4064 4064 4064
982 1683110786 3542 398 3657 3639 3575 3617 3617 3585 4065 4065 4065 4065 4065 4065 4065 4065
983 1683110786 3542 398 3656 3638 3574 3616 3616 3584 4065 4065 4064 4064 4064 4064 4064 4064
984 1683110786 3542 399 3656 3638 3575 3616 3617 3584 4065 4065 4064 4064 4064 4064 4064 4064
985 1683110786 3542 398 3657 3638 3574 3616 3616 3584 4065 4065 4065 4065 4065 4065 4065 4065
986 1683110786 3542 398 3656 3638 3574 3616 3616 3584 4065 4065 4065 4065 4065 4065 4065 4065
987 1683110786 3541 398 3656 3638 3574 3616 3616 3584 4063 4063 4063 4063 4063 4063 4063 4063
988 1683110786 3542 398 3657 3639 3575 3617 3617 3585 4065 4065 4064 4064 4064 4064 4064 4064
989 1683110786 3541 398 3657 3638 3574 3616 3617 3585 4065 4065 4064 4064 4064 4064 4064 4064
990 1683110786 3542 399 3656 3638 3575 3617 3617 3585 4065 4065 4065 4065 4065 4065 4065 4065
991 1683110786 3542 398 3658 3639 3575 3617 3617 3585 4065 4065 4064 4064 4064 4064 4064 4064
992 1683110786 3543 399 3658 3640 3576 3618 3618 3586 4065 4065 4064 4064 4064 4064 4064 4064
993 1683110786 3542 398 3657 3639 3575 3617 3617 3585 4065 4065 4064 4064 4064 4064 4064 4064
994 1683110786 3542 398 3657 3638 3574 3617 3617 3585 4065 4065 4065 4065 4065 4065 4065 4065
995 1683110786 3542 398 3657 3638 3574 3617 3616 3584 4065 4065 4064 4064 4064 4064 4064 4064
996 1683110786 3541 399 3657 3638 3574 3617 3616 3584 4065 4065 4065 4065 4065 4065 4065 4065
997 1683110786 3542 398 3657 3638 3574 3616 3616 3584 4065 4065 4065 4065 4065 4065 4065 4065
998 1683110786 3543 398 3659 3640 3576 3618 3618 3586 4065 4065 4064 4064 4064 4064 4064 4064
999 1683110786 3541 399 3657 3638 3574 3616 3616 3584 4065 4065 4065 4065 4065 4065 4065 4065
1000 1683110786 3541 399 3657 3638 3575 3617 3616 3584 4065 4065 4065 4065 4065 4065 4065 4065
