1 1683289621 159 3711 3687 3666 3602 3644 3644 3612 16 4065 4065 4065 4065 4065 4065 4065
2 1683289621 169 3712 3687 3666 3602 3645 3644 3613 16 4065 4064 4064 4064 4064 4064 4064
3 1683289622 135 3713 3688 3666 3602 3645 3645 3613 16 4065 4065 4065 4065 4065 4065 4065
4 1683289622 153 3714 3688 3668 3604 3646 3646 3614 16 4065 4065 4065 4065 4065 4065 4065
5 1683289622 174 3714 3689 3668 3604 3646 3646 3614 16 4065 4065 4065 4065 4065 4065 4065
6 1683289622 172 3714 3688 3668 3603 3646 3645 3614 16 4067 4066 4066 4066 4066 4066 4066
7 1683289622 161 3713 3688 3668 3604 3646 3646 3614 16 4067 4066 4066 4066 4066 4066 4066
8 1683289622 153 3712 3688 3667 3603 3645 3645 3613 16 4065 4065 4065 4065 4065 4065 4065
9 1683289622 167 3713 3688 3668 3604 3646 3646 3614 16 4067 4066 4066 4066 4066 4066 4066
10 1683289622 152 3714 3689 3668 3603 3646 3646 3614 16 4065 4065 4065 4065 4065 4065 4065
11 1683289622 149 3715 3689 3668 3604 3646 3646 3615 16 4067 4066 4066 4066 4066 4066 4066
12 1683289622 160 3714 3689 3668 3604 3646 3646 3614 16 4067 4066 4066 4066 4066 4066 4066
13 1683289622 157 3714 3689 3668 3604 3647 3647 3615 16 4067 4066 4066 4066 4066 4066 4066
14 1683289622 156 3714 3689 3668 3604 3646 3646 3614 16 4065 4064 4064 4064 4064 4064 4064
15 1683289622 162 3714 3689 3668 3604 3646 3646 3614 16 4065 4065 4065 4065 4065 4065 4065
16 1683289622 158 3714 3688 3668 3603 3645 3646 3614 16 4065 4065 4065 4065 4065 4065 4065
17 1683289623 151 3714 3689 3668 3603 3646 3646 3615 16 4065 4065 4065 4065 4065 4065 4065
18 1683289623 150 3714 3689 3668 3603 3647 3646 3614 16 4067 4066 4066 4066 4066 4066 4066
19 1683289623 158 3715 3690 3669 3605 3647 3647 3615 16 4065 4065 4065 4065 4065 4065 4065
20 1683289623 149 3714 3689 3668 3604 3647 3647 3615 16 4067 4066 4066 4066 4066 4066 4066
21 1683289623 174 3715 3689 3668 3604 3646 3646 3615 16 4067 4066 4066 4066 4066 4066 4066
22 1683289623 143 3714 3689 3669 3604 3647 3646 3615 16 4065 4065 4065 4065 4065 4065 4065
23 1683289623 157 3714 3689 3668 3603 3645 3645 3613 16 4065 4065 4065 4065 4065 4065 4065
24 1683289623 166 3714 3689 3668 3603 3646 3646 3614 16 4065 4065 4065 4065 4065 4065 4065
25 1683289623 141 3714 3688 3668 3603 3646 3645 3614 16 4067 4066 4066 4066 4066 4066 4066
26 1683289623 149 3714 3690 3669 3605 3647 3647 3615 16 4065 4064 4064 4064 4064 4064 4064
27 1683289624 171 3713 3688 3668 3603 3646 3646 3614 16 4065 4065 4065 4065 4065 4065 4065
28 1683289624 149 3715 3690 3669 3605 3648 3647 3615 16 4067 4066 4066 4066 4066 4066 4066
29 1683289624 157 3711 3688 3667 3603 3646 3645 3613 16 4067 4066 4066 4066 4066 4066 4066
30 1683289624 143 3710 3687 3666 3601 3645 3644 3612 16 4065 4065 4065 4065 4065 4065 4065
31 1683289624 142 3713 3688 3667 3602 3645 3645 3613 16 4067 4066 4066 4066 4066 4066 4066
32 1683289624 144 3712 3687 3666 3601 3645 3644 3612 16 4065 4065 4065 4065 4065 4065 4065
33 1683289624 127 3711 3687 3667 3602 3644 3644 3613 16 4065 4065 4065 4065 4065 4065 4065
34 1683289624 152 3713 3688 3667 3602 3644 3645 3613 16 4067 4066 4066 4066 4066 4066 4066
35 1683289625 159 3713 3688 3667 3603 3645 3645 3613 16 4066 4066 4066 4066 4066 4066 4066
36 1683289625 125 3712 3688 3667 3602 3645 3644 3613 16 4065 4065 4065 4065 4065 4065 4065
37 1683289625 155 3712 3687 3666 3602 3644 3644 3612 16 4065 4065 4065 4065 4065 4065 4065
38 1683289625 156 3713 3688 3667 3602 3645 3645 3613 16 4065 4065 4065 4065 4065 4065 4065
39 1683289625 156 3713 3688 3667 3603 3645 3645 3614 16 4065 4065 4065 4065 4065 4065 4065
40 1683289625 164 3712 3687 3667 3602 3645 3644 3613 16 4067 4066 4066 4066 4066 4066 4066
41 1683289625 146 3713 3688 3667 3603 3645 3645 3613 16 4065 4065 4065 4065 4065 4065 4065
42 1683289626 171 3712 3687 3667 3602 3645 3645 3613 16 4065 4065 4065 4065 4065 4065 4065
43 1683289626 157 3713 3688 3667 3603 3645 3645 3613 16 4065 4065 4065 4065 4065 4065 4065
44 1683289626 150 3712 3687 3667 3602 3645 3645 3613 16 4067 4066 4066 4066 4066 4066 4066
45 1683289626 171 3711 3687 3666 3602 3645 3644 3613 16 4067 4066 4066 4066 4066 4066 4066
46 1683289626 154 3713 3688 3667 3603 3645 3645 3613 16 4065 4065 4065 4065 4065 4065 4065
47 1683289626 158 3713 3687 3667 3602 3645 3645 3613 16 4065 4065 4065 4065 4065 4065 4065
48 1683289626 145 3713 3688 3667 3603 3645 3645 3613 16 4067 4066 4066 4066 4066 4066 4066
49 1683289626 150 3712 3687 3666 3602 3645 3644 3612 16 4065 4065 4065 4065 4065 4065 4065
50 1683289627 144 3712 3687 3666 3602 3645 3644 3613 16 4067 4066 4066 4066 4066 4066 4066
51 1683289627 151 3712 3687 3667 3602 3645 3644 3613 16 4065 4064 4064 4064 4064 4064 4064
52 1683289627 162 3712 3688 3667 3602 3645 3645 3613 16 4065 4065 4065 4065 4065 4065 4065
53 1683289627 163 3712 3688 3667 3602 3645 3645 3613 16 4067 4066 4066 4066 4066 4066 4066
54 1683289627 178 3714 3688 3667 3603 3645 3645 3613 16 4067 4066 4066 4066 4066 4066 4066
55 1683289627 163 3713 3688 3668 3603 3646 3646 3614 16 4065 4065 4065 4065 4065 4065 4065
56 1683289627 152 3714 3689 3668 3603 3646 3646 3614 16 4065 4065 4065 4065 4065 4065 4065
57 1683289627 176 3712 3687 3666 3602 3644 3644 3613 16 4067 4066 4066 4066 4066 4066 4066
58 1683289627 163 3713 3687 3667 3602 3644 3644 3613 16 4065 4065 4065 4065 4065 4065 4065
59 1683289627 161 3713 3689 3667 3603 3645 3645 3614 16 4065 4065 4065 4065 4065 4065 4065
60 1683289627 145 3712 3688 3668 3603 3646 3645 3613 16 4065 4064 4064 4064 4064 4064 4064
61 1683289627 160 3713 3688 3667 3603 3645 3645 3613 16 4065 4065 4065 4065 4065 4065 4065
62 1683289627 155 3713 3688 3667 3603 3646 3645 3613 16 4065 4065 4065 4065 4065 4065 4065
63 1683289627 163 3714 3688 3668 3603 3646 3646 3614 16 4065 4064 4064 4064 4064 4064 4064
64 1683289628 160 3712 3688 3667 3602 3645 3645 3613 16 4065 4065 4065 4065 4065 4065 4065
65 1683289628 154 3713 3688 3667 3603 3645 3645 3613 16 4065 4065 4065 4065 4065 4065 4065
66 1683289628 153 3713 3688 3667 3602 3645 3645 3613 16 4065 4065 4065 4065 4065 4065 4065
67 1683289628 154 3714 3689 3668 3603 3646 3645 3614 16 4065 4064 4064 4064 4064 4064 4064
68 1683289628 158 3713 3688 3667 3603 3645 3645 3613 16 4065 4065 4065 4065 4065 4065 4065
69 1683289628 150 3713 3687 3666 3602 3644 3644 3612 16 4067 4066 4066 4066 4066 4066 4066
70 1683289628 164 3713 3688 3667 3602 3646 3645 3613 16 4067 4066 4066 4066 4066 4066 4066
71 1683289629 157 3713 3687 3666 3602 3645 3645 3613 16 4067 4066 4066 4066 4066 4066 4066
72 1683289629 160 3714 3690 3669 3604 3647 3646 3615 16 4065 4065 4065 4065 4065 4065 4065
73 1683289629 163 3713 3688 3667 3603 3645 3644 3613 16 4065 4065 4065 4065 4065 4065 4065
74 1683289629 144 3714 3689 3668 3604 3646 3646 3614 16 4065 4065 4065 4065 4065 4065 4065
75 1683289629 166 3713 3689 3668 3604 3646 3646 3614 16 4067 4066 4066 4066 4066 4066 4066
76 1683289629 154 3714 3689 3667 3603 3646 3646 3614 16 4067 4066 4066 4066 4066 4066 4066
77 1683289629 185 3714 3688 3668 3603 3646 3646 3614 16 4065 4065 4065 4065 4065 4065 4065
78 1683289629 147 3714 3689 3668 3603 3646 3646 3614 16 4065 4065 4065 4065 4065 4065 4065
79 1683289629 151 3713 3688 3667 3603 3646 3646 3614 16 4065 4065 4065 4065 4065 4065 4065
80 1683289629 165 3714 3688 3668 3603 3646 3645 3614 16 4067 4066 4066 4066 4066 4066 4066
81 1683289629 150 3714 3689 3668 3603 3646 3646 3614 16 4067 4066 4066 4066 4066 4066 4066
82 1683289629 157 3714 3689 3668 3604 3646 3646 3614 16 4067 4066 4066 4066 4066 4066 4066
83 1683289630 166 3713 3687 3667 3603 3645 3645 3613 16 4065 4065 4065 4065 4065 4065 4065
84 1683289630 386 3714 3688 3667 3603 3645 3645 3614 6 4065 4065 4065 4065 4065 4065 4065
85 1683289630 131 3713 3687 3667 3602 3645 3644 3612 16 4067 4066 4066 4066 4066 4066 4066
86 1683289630 163 3714 3689 3668 3603 3646 3646 3614 16 4065 4065 4065 4065 4065 4065 4065
87 1683289630 151 3713 3688 3667 3603 3645 3645 3614 16 4067 4066 4066 4066 4066 4066 4066
88 1683289630 160 3713 3688 3668 3604 3646 3646 3614 16 4065 4065 4065 4065 4065 4065 4065
89 1683289630 159 3712 3687 3667 3602 3645 3644 3612 16 4067 4066 4066 4066 4066 4066 4066
90 1683289631 162 3713 3688 3667 3603 3646 3646 3614 16 4067 4066 4066 4066 4066 4066 4066
91 1683289631 130 3713 3690 3668 3604 3646 3646 3614 16 4067 4066 4066 4066 4066 4066 4066
92 1683289631 163 3714 3689 3668 3604 3647 3647 3615 16 4065 4065 4065 4065 4065 4065 4065
93 1683289631 155 3715 3689 3668 3604 3647 3646 3614 16 4065 4065 4065 4065 4065 4065 4065
94 1683289631 173 3713 3688 3667 3603 3645 3645 3614 16 4065 4065 4065 4065 4065 4065 4065
95 1683289631 146 3713 3688 3668 3603 3645 3645 3614 16 4065 4065 4065 4065 4065 4065 4065
96 1683289631 172 3714 3689 3668 3603 3645 3645 3614 16 4065 4065 4065 4065 4065 4065 4065
97 1683289631 174 3031 3688 3668 3603 3646 3645 3614 16 4067 4066 4066 4066 4066 4066 4066
98 1683289631 153 3714 3690 3668 3604 3647 3646 3615 16 4065 4064 4064 4064 4064 4064 4064
99 1683289631 143 3713 3688 3667 3602 3645 3644 3613 16 4065 4065 4065 4065 4065 4065 4065
100 1683289632 149 3714 3689 3668 3603 3645 3645 3614 16 4065 4065 4065 4065 4065 4065 4065
101 1683289632 119 3714 3689 3668 3603 3646 3646 3614 16 4065 4065 4065 4065 4065 4065 4065
102 1683289632 146 3714 3688 3668 3603 3646 3646 3614 16 4065 4065 4065 4065 4065 4065 4065
103 1683289632 130 3715 3689 212 3602 3647 3647 3615 16 4067 4066 4066 4066 4066 4066 4066
104 1683289632 148 3714 3688 3667 3603 3645 3645 3614 16 4065 4065 4065 4065 4065 4065 4065
105 1683289632 180 3713 3688 3667 3603 3645 3646 3614 16 4065 4065 4065 4065 4065 4065 4065
106 1683289632 149 3714 3688 3668 3603 3645 3645 3613 16 4065 4065 4065 4065 4065 4065 4065
107 1683289632 148 3713 3688 3667 3603 3646 3646 3614 16 4065 4065 4065 4065 4065 4065 4065
108 1683289632 152 3712 3689 3667 3603 3646 3645 3614 16 4064 4064 4064 4064 4064 4064 4064
109 1683289632 147 3713 3688 3668 3604 3646 3646 3614 16 4065 4065 4065 4065 4065 4065 4065
110 1683289632 149 3714 3689 3669 3604 3647 3646 3615 16 4067 4066 4066 4066 4066 4066 4066
111 1683289632 152 3714 3689 3668 3604 3646 3646 3614 16 4065 4065 4065 4065 4065 4065 4065
112 1683289632 157 3714 3689 3668 3603 3646 3646 3614 16 4067 4066 4066 4066 4066 4066 4066
113 1683289632 173 3714 3689 3668 3603 3646 3646 3614 16 4065 4065 4065 4065 4065 4065 4065
114 1683289633 155 3714 3688 3667 3603 3646 3645 3614 16 4065 4065 4065 4065 4065 4065 4065
115 1683289633 158 3713 3689 3668 3603 3646 3646 3614 16 4067 4066 4066 4066 4066 4066 4066
116 1683289633 139 3713 3688 3667 3603 3646 3645 3613 16 4065 4065 4065 4065 4065 4065 4065
117 1683289633 146 3713 3688 3668 3603 3646 3646 3614 16 4067 4066 4066 4066 4066 4066 4066
118 1683289633 144 3713 3688 3667 3603 3645 3645 3613 16 4065 4065 4065 4065 4065 4065 4065
119 1683289633 151 3713 3689 3668 3604 3646 3646 3615 16 4065 4065 4065 4065 4065 4065 4065
120 1683289633 142 3714 3689 3668 3603 3646 3646 3614 16 4067 4066 4066 4066 4066 4066 4066
121 1683289634 158 3714 3688 3668 3603 3645 3645 3613 16 4065 4065 4065 4065 4065 4065 4065
122 1683289634 219 3714 3689 3669 3604 3647 3647 3615 16 4067 4066 4066 4066 4066 4066 4066
123 1683289634 172 3713 3689 3668 3604 3646 3646 3615 16 4065 4065 4065 4065 4065 4065 4065
124 1683289634 175 3712 3689 3668 3603 3646 3645 3613 16 4065 4065 4065 4065 4065 4065 4065
125 1683289634 152 3714 3688 3668 3603 3645 3645 3614 16 4067 4066 4066 4066 4066 4066 4066
126 1683289634 160 3714 3689 3668 3603 3646 3646 3614 16 4067 4066 4066 4066 4066 4066 4066
127 1683289634 153 3715 3689 3669 3604 3647 3647 3615 16 4065 4064 4064 4064 4064 4064 4064
128 1683289634 172 3715 3689 3669 3604 3647 3647 3615 16 4067 4066 4066 4066 4066 4066 4066
129 1683289634 159 3714 3689 3668 3604 3647 3646 3614 16 4067 4066 4066 4066 4066 4066 4066
130 1683289635 158 3714 3689 3668 3603 3646 3646 3614 16 4065 4065 4065 4065 4065 4065 4065
131 1683289635 152 3715 3689 3668 3604 3647 3646 3614 16 4065 4065 4065 4065 4065 4065 4065
132 1683289635 147 3714 3689 3668 3604 3646 3646 3614 16 4067 4066 4066 4066 4066 4066 4066
133 1683289635 138 3714 3689 3668 3604 3646 3646 3614 16 4067 4066 4066 4066 4066 4066 4066
134 1683289635 149 3714 3689 3668 3603 3646 3646 3614 16 4065 4065 4065 4065 4065 4065 4065
135 1683289635 167 3715 3690 3669 3604 3646 3646 3614 16 4067 4066 4066 4066 4066 4066 4066
136 1683289636 172 3714 3689 3668 3603 3646 3646 3614 16 4065 4065 4065 4065 4065 4065 4065
137 1683289636 162 3714 3689 3668 3603 3646 3646 3614 16 4065 4064 4064 4064 4064 4064 4064
138 1683289636 150 3714 3690 3669 3604 3647 3647 3615 16 4065 4065 4065 4065 4065 4065 4065
139 1683289636 157 3715 3690 3668 3604 3647 3646 3615 16 4064 4064 4064 4064 4064 4064 4064
140 1683289636 156 3714 3689 3668 3603 3645 3645 3614 16 4065 4065 4065 4065 4065 4065 4065
141 1683289637 163 3713 3688 3667 3602 3645 3645 3613 16 4065 4065 4065 4065 4065 4065 4065
142 1683289637 137 3714 3690 3668 3604 3647 3647 3615 16 4065 4065 4065 4065 4065 4065 4065
143 1683289637 167 3715 3689 3668 3604 3646 3647 3614 16 4065 4065 4065 4065 4065 4065 4065
144 1683289637 165 3714 3689 3668 3604 3646 3647 3615 16 4065 4065 4065 4065 4065 4065 4065
145 1683289637 150 3715 3690 3669 3605 3647 3646 3615 16 4067 4066 4066 4066 4066 4066 4066
146 1683289637 164 3713 3688 3667 3603 3645 3645 3614 16 4065 4065 4065 4065 4065 4065 4065
147 1683289637 149 3715 3690 3669 3604 3647 3647 3615 16 4065 4065 4065 4065 4065 4065 4065
148 1683289637 180 3714 3689 3668 3604 3646 3646 3614 16 4065 4065 4065 4065 4065 4065 4065
149 1683289637 174 3715 3690 3668 3604 3647 3646 3615 16 4065 4065 4065 4065 4065 4065 4065
150 1683289637 149 3714 3689 3668 3603 3646 3645 3614 16 4065 4065 4065 4065 4065 4065 4065
151 1683289637 162 3715 3689 3669 3604 3647 3646 3615 16 4067 4066 4066 4066 4066 4066 4066
152 1683289638 155 3714 3689 3668 3604 3647 3646 3614 16 4065 4065 4065 4065 4065 4065 4065
153 1683289638 155 3714 3689 3669 3604 3647 3646 3615 16 4067 4066 4066 4066 4066 4066 4066
154 1683289638 141 3713 3688 3667 3603 3646 3646 3614 16 4067 4066 4066 4066 4066 4066 4066
155 1683289638 174 3713 3689 3668 3604 3646 3646 3614 16 4065 4065 4065 4065 4065 4065 4065
156 1683289638 160 3715 3690 3669 3605 3648 3648 3616 16 4065 4064 4064 4064 4064 4064 4064
157 1683289638 141 3715 3690 3669 3604 3648 3647 3616 16 4065 4065 4065 4065 4065 4065 4065
158 1683289638 158 3716 3691 3669 3605 3648 3648 3615 16 4065 4065 4065 4065 4065 4065 4065
159 1683289638 147 3714 3690 3669 3604 3647 3646 3614 16 4067 4066 4066 4066 4066 4066 4066
160 1683289638 155 3714 3689 3668 3604 3646 3646 3613 16 4067 4066 4066 4066 4066 4066 4066
161 1683289638 153 3714 3689 3668 3604 3646 3646 3615 16 4067 4066 4066 4066 4066 4066 4066
162 1683289638 162 3714 3690 3669 3604 3647 3647 3615 16 4065 4065 4065 4065 4065 4065 4065
163 1683289638 143 3714 3689 3668 3604 3646 3646 3615 16 4065 4065 4065 4065 4065 4065 4065
164 1683289639 151 3714 3689 3668 3604 3646 3646 3614 16 4065 4065 4065 4065 4065 4065 4065
165 1683289639 151 3717 3691 3670 3606 3648 3647 3616 16 4065 4064 4064 4064 4064 4064 4064
166 1683289639 158 3714 3689 3668 3603 3646 3646 3615 16 4065 4065 4065 4065 4065 4065 4065
167 1683289639 180 3713 3689 3669 3604 3647 3646 3614 16 4065 4065 4065 4065 4065 4065 4065
168 1683289639 148 3714 3689 3668 3603 3646 3646 3614 16 4067 4066 4066 4066 4066 4066 4066
169 1683289639 153 3713 3688 3668 3603 3646 3646 3614 16 4067 4066 4066 4066 4066 4066 4066
170 1683289639 144 3714 3689 3668 3604 3647 3646 3615 16 4065 4065 4065 4065 4065 4065 4065
171 1683289639 165 3713 3688 3668 3603 3646 3646 3614 16 4067 4066 4066 4066 4066 4066 4066
172 1683289640 166 3714 3689 3669 3604 3646 3646 3614 16 4065 4065 4065 4065 4065 4065 4065
173 1683289640 175 3714 3689 3669 3604 3647 3646 3615 16 4067 4066 4066 4066 4066 4066 4066
174 1683289640 156 3714 3690 3669 3604 3647 3647 3616 16 4065 4065 4065 4065 4065 4065 4065
175 1683289640 168 3715 3690 3669 3604 3647 3647 3615 16 4065 4065 4065 4065 4065 4065 4065
176 1683289640 140 3715 3689 3668 3603 3646 3646 3614 16 4065 4065 4065 4065 4065 4065 4065
177 1683289640 172 3715 3689 3669 3604 3647 3647 3615 16 4067 4066 4066 4066 4066 4066 4066
178 1683289640 155 3714 3688 3668 3603 3646 3646 3614 16 4065 4065 4065 4065 4065 4065 4065
179 1683289640 158 3715 3690 3669 3603 3647 3646 3614 16 4065 4065 4065 4065 4065 4065 4065
180 1683289640 164 3715 3690 3669 3605 3647 3647 3615 16 4067 4066 4066 4066 4066 4066 4066
181 1683289641 161 3715 3690 3669 3604 3647 3647 3615 16 4065 4065 4065 4065 4065 4065 4065
182 1683289641 172 3715 3690 3669 3605 3648 3647 3615 16 4067 4066 4066 4066 4066 4066 4066
183 1683289641 155 3714 3690 3669 3603 3647 3646 3615 16 4065 4065 4065 4065 4065 4065 4065
184 1683289641 173 3714 3689 3669 3605 3647 3647 3615 16 4067 4066 4066 4066 4066 4066 4066
185 1683289641 164 3715 3690 3669 3604 3648 3647 3616 16 4065 4065 4065 4065 4065 4065 4065
186 1683289641 134 3714 3689 3668 3603 3646 3646 3614 16 4067 4066 4066 4066 4066 4066 4066
187 1683289641 163 3713 3689 3668 3604 3646 3646 3614 16 4065 4065 4065 4065 4065 4065 4065
188 1683289641 151 3715 3690 3669 3604 3647 3647 3615 16 4067 4066 4066 4066 4066 4066 4066
189 1683289641 151 3715 3690 3669 3604 3647 3646 3615 16 4067 4066 4066 4066 4066 4066 4066
190 1683289641 160 3714 3689 3669 3604 3647 3647 3615 16 4067 4066 4066 4066 4066 4066 4066
191 1683289642 209 3714 3689 3668 3604 3646 3646 3614 16 4067 4066 4066 4066 4066 4066 4066
192 1683289642 156 3714 3689 3669 3604 3647 3647 3615 16 4067 4066 4066 4066 4066 4066 4066
193 1683289642 162 3715 3690 3669 3605 3647 3646 3615 16 4065 4064 4064 4064 4064 4064 4064
194 1683289642 160 3714 3690 3668 3604 3646 3646 3615 16 4065 4065 4065 4065 4065 4065 4065
195 1683289642 161 3715 3689 3668 3604 3646 3646 3614 16 4065 4064 4064 4064 4064 4064 4064
196 1683289642 149 3716 3690 3669 3604 3647 3647 3615 16 4065 4065 4065 4065 4065 4065 4065
197 1683289642 206 3715 3690 3669 3604 3647 3647 3616 16 4065 4064 4064 4064 4064 4064 4064
198 1683289642 156 3715 3690 3669 3604 3647 3647 3615 16 4067 4066 4066 4066 4066 4066 4066
199 1683289642 177 3715 3689 3669 3604 3648 3647 3615 16 4065 4065 4065 4065 4065 4065 4065
200 1683289642 152 3715 3690 3669 3605 3648 3647 3616 16 4067 4066 4066 4066 4066 4066 4066
201 1683289642 154 3715 3690 3669 3604 3647 3647 3616 16 4067 4066 4066 4066 4066 4066 4066
202 1683289642 152 3714 3690 3670 3605 3647 3647 3615 16 4065 4065 4065 4065 4065 4065 4065
203 1683289642 174 3716 3690 3669 3605 3648 3648 3616 16 4065 4065 4065 4065 4065 4065 4065
204 1683289643 160 3716 3691 3670 3605 3648 3648 3616 16 4067 4066 4066 4066 4066 4066 4066
205 1683289643 169 3715 3690 3669 3604 3647 3647 3615 16 4065 4065 4065 4065 4065 4065 4065
206 1683289643 154 3715 3689 3669 3604 3647 3647 3615 16 4065 4065 4065 4065 4065 4065 4065
207 1683289643 173 3714 3689 3668 3604 3647 3646 3615 16 4067 4066 4066 4066 4066 4066 4066
208 1683289643 158 3716 3691 3670 3606 3648 3648 3616 16 4067 4066 4066 4066 4066 4066 4066
209 1683289643 156 3715 3690 3669 3605 3647 3647 3615 16 4065 4065 4065 4065 4065 4065 4065
210 1683289643 162 3714 3690 3669 3604 3648 3647 3615 16 4065 4065 4065 4065 4065 4065 4065
211 1683289643 145 3714 3689 3668 3604 3647 3646 3615 16 4067 4066 4066 4066 4066 4066 4066
212 1683289643 152 3715 3690 3669 3605 3648 3647 3615 16 4065 4065 4065 4065 4065 4065 4065
213 1683289643 156 3715 3691 3670 3605 3648 3648 3616 16 4067 4066 4066 4066 4066 4066 4066
214 1683289643 166 3715 3690 3669 3605 3647 3647 3616 16 4067 4066 4066 4066 4066 4066 4066
215 1683289644 146 3715 3690 3669 3604 3647 3647 3615 16 4067 4066 4066 4066 4066 4066 4066
216 1683289644 146 3715 3690 3669 3604 3647 3646 3615 16 4067 4066 4066 4066 4066 4066 4066
217 1683289644 152 3715 3691 3670 3605 3647 3648 3616 16 4065 4065 4065 4065 4065 4065 4065
218 1683289644 133 3714 3690 3670 3605 3648 1441 3614 16 4065 4065 4065 4065 4065 4065 4065
219 1683289644 179 3716 3690 3669 3605 3647 3647 3615 16 4067 4066 4066 4066 4066 4066 4066
220 1683289652 179 3711 3688 3667 3603 3645 3646 3614 16 4065 4065 4065 4065 4065 4065 4065
221 1683289652 157 3713 3688 3667 3603 3645 3645 3613 16 4065 4065 4065 4065 4065 4065 4065
222 1683289652 189 3715 3689 3668 3604 3647 3647 3615 16 4067 4066 4066 4066 4066 4066 4066
223 1683289652 142 3715 3689 3669 3604 3647 3647 3615 16 4067 4066 4066 4066 4066 4066 4066
224 1683289653 161 3715 3690 3669 3604 3647 3647 3615 16 4065 4065 4065 4065 4065 4065 4065
225 1683289653 174 3714 3689 3669 3604 3647 3646 3614 16 4065 4065 4065 4065 4065 4065 4065
226 1683289653 174 3715 3690 3669 3605 3647 3647 3615 16 4067 4066 4066 4066 4066 4066 4066
227 1683289653 160 3715 3690 3669 3605 3647 3647 3615 16 4065 4064 4064 4064 4064 4064 4064
228 1683289653 162 3714 3689 3668 3604 3647 3647 3614 16 4065 4065 4065 4065 4065 4065 4065
229 1683289653 157 3714 3690 3669 3604 3647 3647 3615 16 4067 4066 4066 4066 4066 4066 4066
230 1683289653 150 3715 3689 3669 3604 3647 3647 3615 16 4067 4066 4066 4066 4066 4066 4066
231 1683289653 156 3714 3689 3669 3605 3647 3646 3615 16 4067 4066 4066 4066 4066 4066 4066
232 1683289653 159 3715 3689 3668 3604 3647 3646 3614 16 4065 4065 4065 4065 4065 4065 4065
233 1683289653 163 3714 3691 3669 3605 3647 3647 3615 16 4065 4065 4065 4065 4065 4065 4065
234 1683289653 156 3715 3690 3670 3605 3647 3647 3615 16 4065 4065 4065 4065 4065 4065 4065
235 1683289653 163 3715 3690 3669 3604 3647 3646 3615 16 4065 4065 4065 4065 4065 4065 4065
236 1683289653 161 3714 3689 3668 3604 3647 3646 3614 16 4067 4066 4066 4066 4066 4066 4066
237 1683289653 159 3714 3690 3669 3604 3647 3646 3615 16 4065 4065 4065 4065 4065 4065 4065
238 1683289654 155 3715 3690 3669 3604 3647 3646 3614 16 4065 4065 4065 4065 4065 4065 4065
239 1683289654 155 3715 3690 3669 3605 3648 3647 3616 16 4065 4065 4065 4065 4065 4065 4065
240 1683289654 157 3715 3690 3669 3604 3647 3647 3615 16 4067 4066 4066 4066 4066 4066 4066
241 1683289654 142 3714 3689 3668 3604 3647 3647 3614 16 4065 4065 4065 4065 4065 4065 4065
242 1683289654 163 3715 3690 3670 3606 3648 3648 3616 16 4067 4066 4066 4066 4066 4066 4066
243 1683289654 153 3715 3690 3669 3605 3647 3647 3615 16 4067 4066 4066 4066 4066 4066 4066
244 1683289654 155 3715 3690 3669 3605 3648 3647 3615 16 4067 4066 4066 4066 4066 4066 4066
245 1683289654 173 3714 3690 3669 3605 3647 3647 3615 16 4065 4065 4065 4065 4065 4065 4065
246 1683289654 165 3717 3691 3670 3606 3648 3648 3617 16 4065 4065 4065 4065 4065 4065 4065
247 1683289654 139 3716 3691 3670 3605 3648 3648 3617 16 4065 4065 4065 4065 4065 4065 4065
248 1683289654 171 3715 3690 3669 3604 3647 3647 3615 16 4065 4065 4065 4065 4065 4065 4065
249 1683289654 159 3714 3690 3669 3605 3647 3647 3616 16 4067 4066 4066 4066 4066 4066 4066
250 1683289655 185 3716 3691 3670 3606 3648 3648 3616 16 4067 4066 4066 4066 4066 4066 4066
251 1683289655 168 3714 3690 3669 3604 3647 3646 3615 16 4067 4066 4066 4066 4066 4066 4066
252 1683289655 167 3716 3691 3670 3604 3647 3647 3616 16 4065 4065 4065 4065 4065 4065 4065
253 1683289655 153 3715 3691 3669 3604 3647 3647 3615 16 4065 4065 4065 4065 4065 4065 4065
254 1683289655 142 3715 3691 3670 3605 3648 3647 3616 16 4065 4065 4065 4065 4065 4065 4065
255 1683289655 154 3715 3690 3669 3604 3646 3647 3615 16 4067 4066 4066 4066 4066 4066 4066
256 1683289655 154 3715 3690 3669 3605 3647 3647 3615 16 4065 4064 4064 4064 4064 4064 4064
257 1683289655 163 3716 3691 3670 3605 3647 3647 3616 16 4067 4066 4066 4066 4066 4066 4066
258 1683289655 153 3717 3691 3671 3606 3648 3648 3616 16 4067 4066 4066 4066 4066 4066 4066
259 1683289656 152 3716 3690 3669 3606 3648 3648 3616 16 4067 4066 4066 4066 4066 4066 4066
260 1683289656 181 3715 3690 3670 3605 3648 3648 3615 16 4067 4066 4066 4066 4066 4066 4066
261 1683289656 166 3715 3690 3669 3605 3648 3648 3616 16 4065 4065 4065 4065 4065 4065 4065
262 1683289656 157 3717 3692 3670 3606 3649 3648 3616 16 4067 4066 4066 4066 4066 4066 4066
263 1683289656 144 3715 3691 3670 3605 3648 3648 3616 16 4067 4066 4066 4066 4066 4066 4066
264 1683289656 158 3715 3690 3669 3605 3648 3647 3616 16 4065 4065 4065 4065 4065 4065 4065
265 1683289656 158 3714 3690 3669 3604 3647 3647 3615 16 4065 4065 4065 4065 4065 4065 4065
266 1683289656 154 3716 3691 3671 3606 3649 3648 3616 16 4065 4065 4065 4065 4065 4065 4065
267 1683289656 192 3716 3691 3670 3606 3649 3648 3617 16 4065 4065 4065 4065 4065 4065 4065
268 1683289657 145 3715 3690 3670 3605 3648 3647 3616 16 4065 4065 4065 4065 4065 4065 4065
269 1683289657 161 3714 3690 3669 3604 3647 3647 3615 16 4065 4065 4065 4065 4065 4065 4065
270 1683289657 148 3716 3690 3670 3605 3648 3648 3616 16 4067 4066 4066 4066 4066 4066 4066
271 1683289657 163 3715 3690 3669 3605 3648 3647 3616 16 4067 4066 4066 4066 4066 4066 4066
272 1683289657 152 3717 3692 3671 3606 3648 3648 3616 16 4065 4065 4065 4065 4065 4065 4065
273 1683289657 151 3716 3691 3670 3605 3648 3648 3616 16 4065 4065 4065 4065 4065 4065 4065
274 1683289657 160 3715 3691 3670 3605 3648 3647 3615 16 4067 4066 4066 4066 4066 4066 4066
275 1683289657 144 3715 3690 3669 3605 3648 3648 3616 16 4065 4065 4065 4065 4065 4065 4065
276 1683289658 154 3715 3690 3669 3604 3647 3647 3615 16 4065 4065 4065 4065 4065 4065 4065
277 1683289658 159 3717 3691 3670 3606 3649 3648 3617 16 4067 4066 4066 4066 4066 4066 4066
278 1683289658 162 3716 3691 3670 3605 3647 3647 3615 16 4065 4065 4065 4065 4065 4065 4065
279 1683289658 159 3715 3690 3670 3605 3648 3647 3615 16 4067 4066 4066 4066 4066 4066 4066
280 1683289658 162 3715 3691 3670 3606 3648 3648 3616 16 4067 4066 4066 4066 4066 4066 4066
281 1683289658 159 3714 3691 3670 3605 3648 3648 3616 16 4067 4066 4066 4066 4066 4066 4066
282 1683289658 133 3715 3690 3669 3605 3648 3647 3615 16 4065 4065 4065 4065 4065 4065 4065
283 1683289658 159 3716 3691 3670 3606 3648 3648 3616 16 4067 4066 4066 4066 4066 4066 4066
284 1683289658 160 3711 3688 3667 3603 3645 3645 3614 16 4065 4065 4065 4065 4065 4065 4065
285 1683289659 146 3714 3689 3668 3603 3646 3646 3614 16 4067 4066 4066 4066 4066 4066 4066
286 1683289659 144 3714 3689 3668 3604 3646 3646 3614 16 4065 4065 4065 4065 4065 4065 4065
287 1683289659 145 3714 3689 3668 3604 3646 3646 3614 16 4065 4065 4065 4065 4065 4065 4065
288 1683289659 160 3714 3688 3668 3603 3646 3646 3614 16 4067 4066 4066 4066 4066 4066 4066
289 1683289659 163 3714 3689 3668 3603 3646 3646 3614 16 4067 4066 4066 4066 4066 4066 4066
290 1683289659 149 3714 3689 3668 3603 3646 3646 3615 16 4065 4065 4065 4065 4065 4065 4065
291 1683289659 146 3714 3689 3668 3604 3646 3645 3614 16 4067 4066 4066 4066 4066 4066 4066
292 1683289659 156 3714 3688 3667 3603 3646 3645 3614 16 4065 4065 4065 4065 4065 4065 4065
293 1683289659 158 3713 3688 3667 3602 3646 3645 3613 16 4065 4065 4065 4065 4065 4065 4065
294 1683289659 155 3714 3689 3669 3604 3647 3647 3615 16 4065 4065 4065 4065 4065 4065 4065
295 1683289659 149 3713 3688 3667 3603 3646 3645 3613 16 4067 4066 4066 4066 4066 4066 4066
296 1683289659 154 3714 3689 3668 3604 3646 3646 3614 16 4065 4065 4065 4065 4065 4065 4065
297 1683289660 139 166 190 3669 90 3647 1492 1482 16 4065 4064 4064 4064 4064 4064 4064
298 1683289660 165 3713 3688 3668 3603 3646 3645 3614 16 4065 4065 4065 4065 4065 4065 4065
299 1683289660 164 3712 3688 3667 3603 3646 3645 3614 16 4065 4065 4065 4065 4065 4065 4065
300 1683289660 142 3714 3688 3667 3603 3646 3646 3614 16 4067 4066 4066 4066 4066 4066 4066
301 1683289660 166 3714 3688 3668 3603 3646 3646 3614 16 4067 4066 4066 4066 4066 4066 4066
302 1683289660 149 3713 3688 3668 3603 3646 3645 3614 16 4067 4066 4066 4066 4066 4066 4066
303 1683289660 165 3714 3689 3668 3603 3646 3646 3614 16 4067 4066 4066 4066 4066 4066 4066
304 1683289660 153 3715 3690 3669 3604 3647 3647 3615 16 4067 4066 4066 4066 4066 4066 4066
305 1683289660 143 3714 3690 3668 3604 3647 3647 3615 16 4065 4065 4065 4065 4065 4065 4065
306 1683289660 150 3713 3688 3668 3603 3646 3645 3614 16 4065 4065 4065 4065 4065 4065 4065
307 1683289660 166 3714 3689 3668 3604 3647 3647 3614 16 4067 4066 4066 4066 4066 4066 4066
308 1683289660 166 3713 3688 3667 3602 3645 3644 3613 16 4065 4065 4065 4065 4065 4065 4065
309 1683289660 148 3714 3689 3668 3604 3647 3646 3614 16 4067 4066 4066 4066 4066 4066 4066
310 1683289661 154 3714 3689 3669 3603 3647 3647 3615 16 4065 4065 4065 4065 4065 4065 4065
311 1683289661 150 3715 3690 3669 3604 3647 3646 3615 16 4067 4066 4066 4066 4066 4066 4066
312 1683289661 165 3714 3689 3668 3603 3646 3646 3614 16 4065 4065 4065 4065 4065 4065 4065
313 1683289661 172 3714 3688 3668 3603 3646 3646 3614 16 4065 4064 4064 4064 4064 4064 4064
314 1683289661 161 3713 3689 3668 3603 3646 3646 3614 16 4067 4066 4066 4066 4066 4066 4066
315 1683289661 153 3714 3689 3669 3604 3647 3646 3614 16 4065 4065 4065 4065 4065 4065 4065
316 1683289661 156 3714 3689 3668 3604 3647 3646 3614 16 4067 4066 4066 4066 4066 4066 4066
317 1683289661 148 3714 3689 3668 3603 3647 3646 3614 16 4065 4065 4065 4065 4065 4065 4065
318 1683289661 176 3713 3689 3668 3603 3646 3645 3614 16 4065 4065 4065 4065 4065 4065 4065
319 1683289661 169 3713 3688 3668 3603 3646 3645 3614 16 4065 4065 4065 4065 4065 4065 4065
320 1683289662 167 3715 3690 3669 3604 3647 3646 3615 16 4067 4066 4066 4066 4066 4066 4066
321 1683289662 168 3714 3689 3668 3603 3646 3645 3614 16 4067 4066 4066 4066 4066 4066 4066
322 1683289662 157 3713 3689 3668 3603 3646 3646 3614 16 4067 4066 4066 4066 4066 4066 4066
323 1683289662 186 3714 3689 3668 3604 3647 3646 3614 16 4067 4066 4066 4066 4066 4066 4066
324 1683289662 160 3715 3689 3668 3604 3646 3646 3614 16 4065 4065 4065 4065 4065 4065 4065
325 1683289662 132 3713 3688 3667 3603 3645 3645 3614 16 4065 4065 4065 4065 4065 4065 4065
326 1683289662 163 3713 3688 3667 3603 3645 3645 3614 16 4065 4065 4065 4065 4065 4065 4065
327 1683289662 164 3714 3689 3667 3603 3646 3646 3614 16 4065 4065 4065 4065 4065 4065 4065
328 1683289663 155 3715 3690 3669 3605 3647 3647 3615 16 4067 4066 4066 4066 4066 4066 4066
329 1683289663 116 3713 3688 3668 3603 3645 3645 3613 16 4066 4066 4066 4066 4066 4066 4066
330 1683289663 177 3713 3689 3668 3603 3646 3646 3614 16 4065 4065 4065 4065 4065 4065 4065
331 1683289663 155 3714 3689 3669 3604 3646 3646 3615 16 4067 4066 4066 4066 4066 4066 4066
332 1683289663 157 3714 3689 3668 3603 3646 3646 3614 16 4065 4065 4065 4065 4065 4065 4065
333 1683289663 170 3714 3690 3668 3604 3647 3646 3615 16 4065 4065 4065 4065 4065 4065 4065
334 1683289663 160 3715 3690 3668 3604 3646 3646 3614 16 4065 4065 4065 4065 4065 4065 4065
335 1683289663 139 3714 3689 3668 3604 3646 3646 3615 16 4065 4065 4065 4065 4065 4065 4065
336 1683289663 146 3715 3690 3669 3604 3648 3647 3615 16 4067 4066 4066 4066 4066 4066 4066
337 1683289663 160 3714 3689 3668 3603 3646 3646 3614 16 4065 4065 4065 4065 4065 4065 4065
338 1683289664 155 3713 3688 3667 3603 3646 3646 3614 16 4065 4065 4065 4065 4065 4065 4065
339 1683289664 140 3715 3690 3668 3604 3647 3646 3615 16 4065 4065 4065 4065 4065 4065 4065
340 1683289664 159 3715 3689 3668 3604 3647 3646 3614 16 4065 4065 4065 4065 4065 4065 4065
341 1683289664 163 3714 3689 3668 3603 3647 3646 3614 16 4067 4066 4066 4066 4066 4066 4066
342 1683289664 155 3714 3689 3668 3603 3646 3646 3615 16 4067 4066 4066 4066 4066 4066 4066
343 1683289664 162 3713 3688 3667 3603 3645 3645 3614 16 4067 4066 4066 4066 4066 4066 4066
344 1683289664 159 3714 3689 3668 3604 3647 3647 3614 16 4067 4066 4066 4066 4066 4066 4066
345 1683289664 147 3714 3690 3669 3604 3647 3647 3615 16 4067 4066 4066 4066 4066 4066 4066
346 1683289664 139 3713 3689 3668 3604 3646 3646 3614 16 4065 4065 4065 4065 4065 4065 4065
347 1683289665 144 3712 3689 3667 3603 3645 3645 3614 16 4067 4066 4066 4066 4066 4066 4066
348 1683289665 205 3715 3690 3668 3604 3647 3646 3615 16 4065 4065 4065 4065 4065 4065 4065
349 1683289665 145 3716 3691 3670 3605 3647 3647 3615 16 4065 4065 4065 4065 4065 4065 4065
350 1683289665 170 3715 3689 3668 3604 3646 3646 3615 16 4065 4065 4065 4065 4065 4065 4065
351 1683289665 164 3714 3689 3668 3604 3646 3646 3614 16 4067 4066 4066 4066 4066 4066 4066
352 1683289665 164 3715 3690 3669 3604 3647 3647 3614 16 4067 4066 4066 4066 4066 4066 4066
353 1683289665 150 3714 3689 3669 3604 3646 3646 3614 16 4065 4065 4065 4065 4065 4065 4065
354 1683289665 176 3713 3689 3668 3604 3646 3646 3614 16 4065 4065 4065 4065 4065 4065 4065
355 1683289665 160 3714 3689 3668 3604 3647 3646 3615 16 4065 4065 4065 4065 4065 4065 4065
356 1683289665 152 3714 3689 3668 3604 3646 3646 3615 16 4067 4066 4066 4066 4066 4066 4066
357 1683289665 158 3715 3690 3669 3605 3647 3647 3616 16 4067 4066 4066 4066 4066 4066 4066
358 1683289665 152 3716 3690 3670 3606 3648 3648 3616 16 4067 4066 4066 4066 4066 4066 4066
359 1683289666 148 3715 3690 3669 3604 3647 3646 3614 16 4065 4065 4065 4065 4065 4065 4065
360 1683289666 159 3714 3689 3668 3604 3647 3646 3614 16 4065 4065 4065 4065 4065 4065 4065
361 1683289666 150 3714 3690 3669 3604 3647 3647 3615 16 4067 4066 4066 4066 4066 4066 4066
362 1683289666 159 3715 3690 3670 3605 3648 3647 3616 16 4065 4065 4065 4065 4065 4065 4065
363 1683289666 170 3714 3689 3668 3604 3647 3647 3615 16 4065 4064 4064 4064 4064 4064 4064
364 1683289666 160 3714 3689 3668 3603 3646 3645 3614 16 4067 4066 4066 4066 4066 4066 4066
365 1683289666 162 3714 3689 3668 3604 3647 3646 3614 16 4065 4065 4065 4065 4065 4065 4065
366 1683289666 124 3714 3689 3668 3604 3646 3646 3614 16 4067 4066 4066 4066 4066 4066 4066
367 1683289666 155 3714 3689 3668 3604 3647 3646 3615 16 4065 4065 4065 4065 4065 4065 4065
368 1683289666 162 3714 3689 3669 3604 3647 3646 3614 16 4067 4066 4066 4066 4066 4066 4066
369 1683289666 147 3716 3692 3670 3605 3648 3648 3616 16 4065 4065 4065 4065 4065 4065 4065
370 1683289667 155 3714 3689 3668 3603 3646 3646 3614 16 4067 4066 4066 4066 4066 4066 4066
371 1683289667 146 3715 3690 3669 3605 3648 3647 3616 16 4067 4066 4066 4066 4066 4066 4066
372 1683289667 166 3715 3690 3669 3605 3647 3647 3615 16 4065 4064 4064 4064 4064 4064 4064
373 1683289667 163 3714 3689 3668 3604 3647 3646 3615 16 4065 4065 4065 4065 4065 4065 4065
374 1683289667 137 3715 3689 3668 3604 3647 3646 3615 16 4065 4065 4065 4065 4065 4065 4065
375 1683289667 158 3715 3689 3668 3604 3647 3646 3615 16 4067 4066 4066 4066 4066 4066 4066
376 1683289667 177 3715 3691 3670 3604 3647 3647 3616 16 4065 4064 4064 4064 4064 4064 4064
377 1683289667 164 3714 3689 3668 3604 3647 3647 3615 16 4067 4066 4066 4066 4066 4066 4066
378 1683289667 130 3715 3690 3669 3605 3648 3647 3616 16 4065 4065 4065 4065 4065 4065 4065
379 1683289667 157 3716 3691 3670 3605 3648 3648 3616 16 4065 4065 4065 4065 4065 4065 4065
380 1683289667 185 3715 3690 3669 3604 3647 3647 3615 16 4065 4065 4065 4065 4065 4065 4065
381 1683289668 160 3715 3690 3669 3604 3647 3647 3615 16 4065 4065 4065 4065 4065 4065 4065
382 1683289668 149 3715 3690 3669 3605 3647 3647 3615 16 4065 4065 4065 4065 4065 4065 4065
383 1683289668 156 3714 3689 3668 3604 3647 3647 3615 16 4065 4065 4065 4065 4065 4065 4065
384 1683289668 164 3714 3689 3668 3604 3647 3647 3615 16 4065 4064 4064 4064 4064 4064 4064
385 1683289668 152 3714 3689 3668 3604 3646 3647 3615 16 4067 4066 4066 4066 4066 4066 4066
386 1683289668 179 3713 3689 3668 3603 3646 3645 3614 16 4067 4066 4066 4066 4066 4066 4066
387 1683289668 149 3715 3690 3669 3604 3647 3647 3616 16 4065 4065 4065 4065 4065 4065 4065
388 1683289668 146 3715 3691 3670 3606 3648 3648 3616 16 4065 4065 4065 4065 4065 4065 4065
389 1683289668 152 3715 3690 3669 3604 3647 3647 3615 16 4065 4065 4065 4065 4065 4065 4065
390 1683289669 166 3714 3689 3668 3604 3646 3646 3615 16 4065 4064 4064 4064 4064 4064 4064
391 1683289669 151 3716 3690 3669 3604 3647 3647 3616 16 4065 4065 4065 4065 4065 4065 4065
392 1683289669 160 3715 3690 3669 3605 3647 3647 3616 16 4065 4065 4065 4065 4065 4065 4065
393 1683289669 146 3715 3690 3669 3604 3647 3647 3615 16 4067 4066 4066 4066 4066 4066 4066
394 1683289669 175 3715 3690 3669 3604 3647 3647 3615 16 4067 4066 4066 4066 4066 4066 4066
395 1683289669 152 3714 3689 3669 3604 3647 3647 3615 16 4067 4066 4066 4066 4066 4066 4066
396 1683289669 149 3714 3689 3668 3603 3646 3646 3614 16 4065 4064 4064 4064 4064 4064 4064
397 1683289669 159 3714 3689 3669 3604 3647 3647 3614 16 4065 4065 4065 4065 4065 4065 4065
398 1683289669 160 3715 3690 3669 3605 3647 3647 3615 16 4067 4066 4066 4066 4066 4066 4066
399 1683289669 156 3714 3689 3668 3603 3646 3646 3614 16 4065 4065 4065 4065 4065 4065 4065
400 1683289670 162 3715 3690 3669 3604 3647 3647 3615 16 4065 4065 4065 4065 4065 4065 4065
401 1683289670 187 3714 3690 3669 3604 3646 3646 3615 16 4065 4065 4065 4065 4065 4065 4065
402 1683289670 171 3714 3690 3669 3604 3647 3647 3615 16 4065 4065 4065 4065 4065 4065 4065
403 1683289670 157 3716 3691 3669 3605 3648 3647 3615 16 4067 4066 4066 4066 4066 4066 4066
404 1683289670 159 3715 3690 3669 3605 3648 3648 3616 16 4065 4065 4065 4065 4065 4065 4065
405 1683289670 146 3717 3691 3671 3606 3649 3648 3616 16 4065 4064 4064 4064 4064 4064 4064
406 1683289670 156 3714 3688 3668 3603 3646 3646 3615 16 4067 4066 4066 4066 4066 4066 4066
407 1683289670 150 3715 3690 3669 3605 3647 3647 3616 16 4065 4065 4065 4065 4065 4065 4065
408 1683289670 161 3715 3691 3670 3605 3648 3648 3616 16 4065 4065 4065 4065 4065 4065 4065
409 1683289670 153 3714 3689 3669 3604 3647 3647 3615 16 4065 4065 4065 4065 4065 4065 4065
410 1683289670 155 3713 3690 3669 3604 3647 3647 3615 16 4067 4066 4066 4066 4066 4066 4066
411 1683289671 147 3714 3689 3669 3604 3646 3646 3614 16 4065 4065 4065 4065 4065 4065 4065
412 1683289671 151 3715 3689 3668 3604 3646 3646 3614 16 4065 4065 4065 4065 4065 4065 4065
413 1683289671 162 3715 3690 3669 3605 3647 3647 3615 16 4065 4065 4065 4065 4065 4065 4065
414 1683289671 146 3715 3690 3669 3605 3647 3647 3615 16 4065 4065 4065 4065 4065 4065 4065
415 1683289671 164 3715 3690 3669 3605 3647 3647 3615 16 4065 4065 4065 4065 4065 4065 4065
416 1683289672 159 3715 3690 3669 3605 3648 3647 3615 16 4067 4066 4066 4066 4066 4066 4066
417 1683289672 158 3716 3691 3670 3605 3648 3648 3616 16 4065 4065 4065 4065 4065 4065 4065
418 1683289672 149 3715 3690 3669 3604 3647 3647 3615 16 4065 4065 4065 4065 4065 4065 4065
419 1683289672 169 3715 3690 3669 3604 3647 3647 3615 16 4065 4065 4065 4065 4065 4065 4065
420 1683289672 172 3716 3691 3670 3606 3648 3648 3616 16 4065 4065 4065 4065 4065 4065 4065
421 1683289672 162 3715 3690 3669 3604 3647 3647 3615 16 4067 4066 4066 4066 4066 4066 4066
422 1683289672 149 3715 3689 3669 3604 3647 3647 3615 16 4065 4065 4065 4065 4065 4065 4065
423 1683289672 148 3716 3690 3669 3605 3647 3647 3615 16 4067 4066 4066 4066 4066 4066 4066
424 1683289672 152 3715 3690 3669 3605 3648 3647 3615 15 4067 4066 4066 4066 4066 4066 4066
425 1683289672 150 3714 3690 3669 3604 3647 3647 3615 15 4065 4064 4064 4064 4064 4064 4064
426 1683289672 148 3715 3690 3670 3605 3648 3647 3615 15 4065 4065 4065 4065 4065 4065 4065
427 1683289672 181 3714 3689 3669 3604 3647 3646 3614 15 4065 4064 4064 4064 4064 4064 4064
428 1683289672 157 3715 3690 3669 3605 3647 3648 3616 15 4067 4066 4066 4066 4066 4066 4066
429 1683289672 191 3715 3690 3669 3605 3647 3647 3615 15 4065 4065 4065 4065 4065 4065 4065
430 1683289672 157 3716 3691 3670 3606 3648 3648 3616 15 4065 4065 4065 4065 4065 4065 4065
431 1683289673 151 3715 3690 3669 3605 3648 3648 3616 15 4065 4065 4065 4065 4065 4065 4065
432 1683289673 165 3714 3689 3668 3604 3646 3647 3614 16 4065 4065 4065 4065 4065 4065 4065
433 1683289673 176 3716 3691 3670 3605 3648 3648 3616 16 4065 4065 4065 4065 4065 4065 4065
434 1683289673 156 3716 3691 3670 3605 3648 3647 3616 16 4065 4065 4065 4065 4065 4065 4065
435 1683289673 160 3716 3691 3670 3606 3648 3648 3617 16 4065 4065 4065 4065 4065 4065 4065
436 1683289673 165 3715 3690 3669 3604 3648 3648 3615 17 4065 4064 4064 4064 4064 4064 4064
437 1683289674 169 3715 3690 3669 3605 3647 3647 3615 15 4065 4065 4065 4065 4065 4065 4065
438 1683289674 159 3715 3690 3669 3605 3648 3648 3616 16 4065 4065 4065 4065 4065 4065 4065
439 1683289674 134 3715 3690 3669 3605 3648 3647 3615 15 4065 4065 4065 4065 4065 4065 4065
440 1683289674 151 3715 3690 3670 3606 3648 3648 3616 15 4065 4065 4065 4065 4065 4065 4065
441 1683289674 151 3716 3691 3670 3605 3648 3647 3616 16 4067 4066 4066 4066 4066 4066 4066
442 1683289674 151 3716 3691 3670 3605 3648 3648 3616 15 4065 4065 4065 4065 4065 4065 4065
443 1683289674 161 3715 3690 3669 3604 3647 3647 3615 15 4065 4065 4065 4065 4065 4065 4065
444 1683289674 183 3715 3690 3670 3605 3647 3647 3615 15 4065 4065 4065 4065 4065 4065 4065
445 1683289674 146 3716 3691 3671 3606 3649 3648 3616 16 4065 4065 4065 4065 4065 4065 4065
446 1683289675 145 3715 3690 3669 3605 3647 3647 3616 16 4065 4064 4064 4064 4064 4064 4064
447 1683289675 145 3715 3689 3669 3605 3646 3647 3615 15 4065 4065 4065 4065 4065 4065 4065
448 1683289675 148 3715 3690 3669 3604 3647 3647 3615 15 4065 4064 4064 4064 4064 4064 4064
449 1683289675 152 3716 3691 3671 3606 3649 3648 3617 15 4067 4066 4066 4066 4066 4066 4066
450 1683289675 156 3716 3691 3670 3606 3648 3648 3616 16 4065 4065 4065 4065 4065 4065 4065
451 1683289675 162 152 211 3667 3606 3649 3648 3617 16 4065 4065 4065 4065 4065 4065 4065
452 1683289675 174 3715 3689 3669 3604 3647 3647 3615 15 4067 4066 4066 4066 4066 4066 4066
453 1683289676 147 3715 3690 3669 3604 3647 3646 3615 15 4065 4065 4065 4065 4065 4065 4065
454 1683289676 177 3715 3690 3670 3606 3649 3648 3616 15 4067 4066 4066 4066 4066 4066 4066
455 1683289676 149 3715 3690 3669 3605 3648 3647 3616 15 4067 4066 4066 4066 4066 4066 4066
456 1683289676 159 3715 3691 3671 3606 3649 3648 3616 16 4067 4066 4066 4066 4066 4066 4066
457 1683289676 160 3714 3690 3669 3605 3647 3647 3615 15 4067 4066 4066 4066 4066 4066 4066
458 1683289676 181 3713 3690 3668 3604 3646 3646 3614 15 4065 4065 4065 4065 4065 4065 4065
459 1683289676 156 3715 3689 3669 3604 3647 3647 3615 15 4065 4065 4065 4065 4065 4065 4065
460 1683289676 154 3715 3690 3669 3605 3648 3647 3615 15 4065 4065 4065 4065 4065 4065 4065
461 1683289677 160 3716 3690 3669 3605 3648 3647 3615 15 4067 4066 4066 4066 4066 4066 4066
462 1683289677 158 3716 3691 3670 3606 3649 3648 3616 15 4065 4065 4065 4065 4065 4065 4065
463 1683289677 161 3716 3691 3670 3605 3648 3648 3616 15 4067 4066 4066 4066 4066 4066 4066
464 1683289677 157 3717 3691 3671 3606 3648 3648 3617 15 4065 4064 4064 4064 4064 4064 4064
465 1683289677 178 3715 3690 3669 3605 3647 3647 3615 15 4065 4065 4065 4065 4065 4065 4065
466 1683289677 183 3717 3691 3670 3606 3649 3649 3617 15 4067 4066 4066 4066 4066 4066 4066
467 1683289677 159 3714 3689 3669 3605 3647 3647 3615 15 4065 4065 4065 4065 4065 4065 4065
468 1683289677 151 3716 3691 3670 3605 3648 3648 3616 15 4065 4065 4065 4065 4065 4065 4065
469 1683289677 192 3714 3690 3669 3605 3647 3647 3615 15 4067 4066 4066 4066 4066 4066 4066
470 1683289677 154 3716 3691 3670 3605 3649 3648 3616 15 4067 4066 4066 4066 4066 4066 4066
471 1683289677 152 3716 3691 3670 3605 3648 3648 3616 15 4067 4066 4066 4066 4066 4066 4066
472 1683289677 131 3715 3691 3670 3605 3648 3648 3616 15 4065 4065 4065 4065 4065 4065 4065
473 1683289678 145 3714 3690 3670 3606 3648 3648 3616 15 4065 4065 4065 4065 4065 4065 4065
474 1683289678 145 3716 3690 3670 3605 3648 3648 3616 15 4067 4066 4066 4066 4066 4066 4066
475 1683289678 155 3716 3690 3669 3605 3649 3648 3617 15 4067 4066 4066 4066 4066 4066 4066
476 1683289678 173 3715 3690 3669 3605 3648 3648 3616 15 4067 4066 4066 4066 4066 4066 4066
477 1683289678 152 3714 3690 3669 3605 3647 3647 3615 15 4065 4065 4065 4065 4065 4065 4065
478 1683289678 166 3716 3691 3670 3606 3648 3648 3616 17 4065 4065 4065 4065 4065 4065 4065
479 1683289678 148 3716 3690 3669 3605 3648 3648 3616 15 4067 4066 4066 4066 4066 4066 4066
480 1683289678 147 3715 3691 3669 3605 3648 3647 3616 15 4065 4065 4065 4065 4065 4065 4065
481 1683289678 161 3716 3691 3670 3605 3648 3648 3616 15 4067 4066 4066 4066 4066 4066 4066
482 1683289678 170 3716 3691 3670 3606 3648 3648 3616 15 4067 4066 4066 4066 4066 4066 4066
483 1683289678 155 3716 3691 3670 3606 3648 3648 3616 15 4065 4065 4065 4065 4065 4065 4065
484 1683289678 147 3716 3691 3670 3605 3648 3647 3616 15 4065 4064 4064 4064 4064 4064 4064
485 1683289678 159 3715 3690 3669 3605 3647 3647 3616 15 4065 4065 4065 4065 4065 4065 4065
486 1683289678 161 3716 3691 3670 3605 3648 3648 3616 15 4065 4065 4065 4065 4065 4065 4065
487 1683289679 137 3716 3690 3670 3605 3648 3647 3616 15 4067 4066 4066 4066 4066 4066 4066
488 1683289679 154 3715 3690 3669 3604 3647 3647 3615 15 4067 4066 4066 4066 4066 4066 4066
489 1683289679 157 3716 3691 3670 3606 3648 3648 3617 15 4067 4066 4066 4066 4066 4066 4066
490 1683289679 152 3715 3690 3669 3605 3648 3648 3616 15 4067 4066 4066 4066 4066 4066 4066
491 1683289679 154 3716 3690 3670 3605 3648 3648 3616 15 4065 4065 4065 4065 4065 4065 4065
492 1683289679 153 3715 3690 3670 3605 3648 3647 3615 15 4065 4065 4065 4065 4065 4065 4065
493 1683289679 152 3716 3691 3670 3605 3648 3648 3616 15 4065 4065 4065 4065 4065 4065 4065
494 1683289679 161 3716 3691 3670 3606 3648 3649 3617 15 4065 4065 4065 4065 4065 4065 4065
495 1683289679 141 3718 3693 3672 3607 3650 3650 3618 16 4067 4066 4066 4066 4066 4066 4066
496 1683289679 169 3715 3691 3670 3606 3649 3648 3617 15 4067 4066 4066 4066 4066 4066 4066
497 1683289679 166 3716 3691 3670 3606 3649 3648 3616 15 4065 4065 4065 4065 4065 4065 4065
498 1683289680 160 3716 3691 3670 3605 3648 3647 3616 15 4065 4065 4065 4065 4065 4065 4065
499 1683289680 163 3716 3691 3670 3606 3649 3649 3617 15 4067 4066 4066 4066 4066 4066 4066
500 1683289680 158 3716 3691 3670 3606 3648 3648 3616 15 4065 4065 4065 4065 4065 4065 4065
501 1683289680 179 3715 3690 3669 3605 3648 3647 3616 15 4065 4065 4065 4065 4065 4065 4065
502 1683289680 126 3716 3691 3670 3605 3648 3647 3616 15 4067 4066 4066 4066 4066 4066 4066
503 1683289680 165 3716 3691 3670 3606 3648 3648 3616 15 4067 4066 4066 4066 4066 4066 4066
504 1683289680 145 3715 3691 3670 3606 3648 3648 3616 15 4065 4065 4065 4065 4065 4065 4065
505 1683289680 160 3714 3690 3669 3605 3647 3647 3616 15 4067 4066 4066 4066 4066 4066 4066
506 1683289680 161 3717 3691 3670 3606 3648 3648 3616 16 4067 4066 4066 4066 4066 4066 4066
507 1683289680 154 3717 3692 3671 3607 3649 3649 3617 15 4067 4066 4066 4066 4066 4066 4066
508 1683289681 171 3716 3691 3671 3606 3649 3649 3616 15 4065 4064 4064 4064 4064 4064 4064
509 1683289681 181 3714 3690 3669 3605 3648 3647 3616 16 4067 4066 4066 4066 4066 4066 4066
510 1683289681 174 3716 3691 3670 3605 3648 3648 3617 15 4065 4065 4065 4065 4065 4065 4065
511 1683289681 165 3716 3691 3670 3605 3648 3648 3616 15 4065 4065 4065 4065 4065 4065 4065
512 1683289681 164 3717 3692 3671 3606 3649 3649 3617 15 4065 4065 4065 4065 4065 4065 4065
513 1683289681 148 3714 3690 3670 3605 3647 3647 3615 15 4065 4065 4065 4065 4065 4065 4065
514 1683289681 156 3716 3691 3670 3605 3648 3648 3617 15 4067 4066 4066 4066 4066 4066 4066
515 1683289681 147 3715 3691 3670 3605 3648 3648 3616 15 4065 4064 4064 4064 4064 4064 4064
516 1683289681 147 3715 3691 3670 3606 3648 3648 3617 15 4065 4065 4065 4065 4065 4065 4065
517 1683289681 190 3716 3691 3670 3606 3649 3648 3617 15 4065 4065 4065 4065 4065 4065 4065
518 1683289681 154 3717 3692 3671 3606 3649 3649 3617 15 4065 4065 4065 4065 4065 4065 4065
519 1683289681 152 3716 3690 3669 3605 3648 3648 3616 15 4065 4065 4065 4065 4065 4065 4065
520 1683289681 139 3717 3691 3670 3606 3648 3648 3617 15 4065 4065 4065 4065 4065 4065 4065
521 1683289682 159 3716 3691 3670 3606 3648 3648 3617 15 4065 4065 4065 4065 4065 4065 4065
522 1683289682 146 3716 3691 3670 3606 3648 3648 3616 15 4067 4066 4066 4066 4066 4066 4066
523 1683289682 157 3716 3691 3670 3605 3648 3648 3616 15 4065 4065 4065 4065 4065 4065 4065
524 1683289682 145 3717 3692 3671 3606 3648 3648 3617 15 4067 4066 4066 4066 4066 4066 4066
525 1683289682 179 3716 3691 3670 3606 3648 3648 3617 15 4065 4065 4065 4065 4065 4065 4065
526 1683289682 158 3717 3692 3670 3606 3649 3649 3617 15 4065 4064 4064 4064 4064 4064 4064
527 1683289682 147 3716 3691 3670 3605 3648 3648 3617 15 4065 4064 4064 4064 4064 4064 4064
528 1683289682 161 3716 3691 3671 3606 3648 3648 3617 15 4065 4065 4065 4065 4065 4065 4065
529 1683289682 166 3716 3690 3670 3606 3648 3648 3616 15 4065 4065 4065 4065 4065 4065 4065
530 1683289682 149 3715 3691 3669 3605 3648 3649 3617 15 4065 4065 4065 4065 4065 4065 4065
531 1683289682 175 3716 3691 3670 3605 3648 3648 3616 15 4065 4065 4065 4065 4065 4065 4065
532 1683289682 159 3716 3691 3669 3605 3647 3648 3616 15 4065 4065 4065 4065 4065 4065 4065
533 1683289682 141 3716 3690 3670 3605 3648 3648 3616 15 4065 4065 4065 4065 4065 4065 4065
534 1683289682 154 3717 3693 3672 3607 3649 3649 3618 15 4065 4065 4065 4065 4065 4065 4065
535 1683289682 147 3716 3691 3670 3606 3649 3648 3616 15 4065 4065 4065 4065 4065 4065 4065
536 1683289682 154 3715 3691 3670 3605 3648 3648 3617 15 4065 4065 4065 4065 4065 4065 4065
537 1683289682 154 3717 3692 3671 3606 3649 3648 3617 15 4065 4065 4065 4065 4065 4065 4065
538 1683289682 151 3716 3691 3670 3605 3648 3648 3616 15 4065 4065 4065 4065 4065 4065 4065
539 1683289682 159 3716 3691 3670 3606 3649 3648 3616 15 4067 4066 4066 4066 4066 4066 4066
540 1683289682 143 3715 3689 3668 3603 3646 3646 3614 15 4065 4065 4065 4065 4065 4065 4065
541 1683289683 167 3714 3689 3668 3603 3647 3646 3615 15 4065 4065 4065 4065 4065 4065 4065
542 1683289683 175 3714 3689 3668 3603 3646 3646 3614 15 4065 4065 4065 4065 4065 4065 4065
543 1683289683 128 3714 3689 3667 3603 3646 3646 3614 15 4065 4065 4065 4065 4065 4065 4065
544 1683289683 145 3713 3688 3668 3603 3645 3645 3613 15 4067 4066 4066 4066 4066 4066 4066
545 1683289683 148 3714 3690 3668 3604 3646 3646 3614 15 4067 4066 4066 4066 4066 4066 4066
546 1683289683 164 3714 3690 3668 3603 3647 3646 3615 15 4067 4066 4066 4066 4066 4066 4066
547 1683289683 145 3714 3688 3668 3604 3646 3646 3614 15 4065 4064 4064 4064 4064 4064 4064
548 1683289683 184 3714 3689 3668 3603 3646 3646 3614 15 4065 4065 4065 4065 4065 4065 4065
549 1683289684 146 3714 3688 3667 3603 3646 3646 3614 15 4065 4065 4065 4065 4065 4065 4065
550 1683289684 161 3714 3689 3668 3604 3646 3646 3614 15 4067 4066 4066 4066 4066 4066 4066
551 1683289684 172 3715 3690 3669 3604 3647 3647 3615 15 4065 4065 4065 4065 4065 4065 4065
552 1683289684 159 3715 3690 3669 3605 3647 3647 3615 15 4067 4066 4066 4066 4066 4066 4066
553 1683289684 152 3714 3689 3668 3604 3646 3646 3614 15 4065 4064 4064 4064 4064 4064 4064
554 1683289684 149 3713 3688 3667 3603 3646 3645 3614 15 4065 4064 4064 4064 4064 4064 4064
555 1683289685 152 3714 160 3664 3604 3646 3646 3614 15 4067 4066 4066 4066 4066 4066 4066
556 1683289685 152 3714 3689 3668 3603 3646 3646 3614 15 4065 4065 4065 4065 4065 4065 4065
557 1683289685 170 3714 3689 3668 3604 3647 3646 3614 15 4067 4066 4066 4066 4066 4066 4066
558 1683289685 155 3715 3690 3669 3604 3647 3646 3615 15 4065 4065 4065 4065 4065 4065 4065
559 1683289685 164 3714 3689 3669 3604 3647 3646 3615 15 4067 4066 4066 4066 4066 4066 4066
560 1683289685 144 3716 3690 3669 3605 3648 3647 3615 15 4065 4065 4065 4065 4065 4065 4065
561 1683289685 160 3714 3689 3668 3603 3646 3646 3614 15 4065 4065 4065 4065 4065 4065 4065
562 1683289685 160 3714 3689 3668 3603 3646 3646 3614 15 4065 4065 4065 4065 4065 4065 4065
563 1683289685 173 3714 3689 3668 3604 3647 3646 3614 15 4067 4066 4066 4066 4066 4066 4066
564 1683289685 170 3714 3689 3668 3604 3647 3647 3615 15 4067 4066 4066 4066 4066 4066 4066
565 1683289685 145 3714 3689 3668 3604 3647 3646 3614 15 4065 4065 4065 4065 4065 4065 4065
566 1683289685 174 3715 3690 3669 3605 3647 3647 3615 15 4065 4064 4064 4064 4064 4064 4064
567 1683289686 188 3714 3689 3668 3603 3645 3646 3614 15 4065 4065 4065 4065 4065 4065 4065
568 1683289686 147 3714 3689 3669 3604 3647 3646 3614 15 4067 4066 4066 4066 4066 4066 4066
569 1683289686 150 3714 3689 3668 3604 3647 3646 3614 15 4067 4066 4066 4066 4066 4066 4066
570 1683289686 154 3713 3689 3669 3604 3647 3646 3614 15 4065 4065 4065 4065 4065 4065 4065
571 1683289686 144 3715 3690 3669 3604 3647 3646 3614 15 4067 4066 4066 4066 4066 4066 4066
572 1683289686 153 3715 3690 3668 3604 3647 3647 3615 15 4065 4065 4065 4065 4065 4065 4065
573 1683289686 167 3714 3689 3668 3604 3646 3646 3615 15 4067 4066 4066 4066 4066 4066 4066
574 1683289687 157 3714 3689 3668 3604 3646 3647 3615 15 4067 4066 4066 4066 4066 4066 4066
575 1683289687 169 3714 3690 3669 3605 3647 3647 3615 15 4065 4065 4065 4065 4065 4065 4065
576 1683289688 167 3715 3690 3669 3604 3647 3646 3615 15 4065 4065 4065 4065 4065 4065 4065
577 1683289688 147 3714 3690 3669 3605 3647 3646 3615 15 4067 4066 4066 4066 4066 4066 4066
578 1683289688 190 3715 3690 3669 3605 3647 3647 3615 15 4067 4066 4066 4066 4066 4066 4066
579 1683289688 148 3716 3690 3670 3605 3648 3648 3616 15 4065 4065 4065 4065 4065 4065 4065
580 1683289688 149 3715 3691 3669 3605 3648 3648 3616 15 4065 4065 4065 4065 4065 4065 4065
581 1683289688 160 3714 3690 3669 3604 3647 3647 3615 15 4065 4065 4065 4065 4065 4065 4065
582 1683289688 156 3715 3690 3669 3605 3647 3647 3615 15 4067 4066 4066 4066 4066 4066 4066
583 1683289688 156 3714 3689 3668 3604 3646 3647 3615 15 4065 4065 4065 4065 4065 4065 4065
584 1683289688 161 3715 3689 3669 3604 3647 3647 3615 15 4067 4066 4066 4066 4066 4066 4066
585 1683289688 150 3715 3690 3669 3604 3647 3646 3615 15 4065 4065 4065 4065 4065 4065 4065
586 1683289688 150 3716 3691 3670 3605 3648 3648 3616 15 4065 4065 4065 4065 4065 4065 4065
587 1683289688 149 3716 3691 3669 3605 3648 3648 3615 15 4065 4065 4065 4065 4065 4065 4065
588 1683289688 150 3715 3691 3670 3605 3648 3648 3615 15 4065 4065 4065 4065 4065 4065 4065
589 1683289688 175 3714 3689 3669 3604 3647 3647 3615 15 4065 4064 4064 4064 4064 4064 4064
590 1683289688 150 3715 3690 3669 3604 3647 3647 3615 15 4067 4066 4066 4066 4066 4066 4066
591 1683289689 149 3715 3689 3668 3604 3646 3646 3615 15 4065 4065 4065 4065 4065 4065 4065
592 1683289689 141 3715 3690 3669 3604 3647 3647 3615 15 4067 4067 4067 4067 4067 4067 4067
593 1683289689 149 3714 3690 3669 3604 3647 3647 3615 15 4065 4065 4065 4065 4065 4065 4065
594 1683289689 164 3716 3691 3670 3606 3648 3648 3616 15 4067 4066 4066 4066 4066 4066 4066
595 1683289689 150 3715 3690 3669 3605 3647 3647 3615 15 4065 4065 4065 4065 4065 4065 4065
596 1683289689 169 3715 3690 3670 3605 3648 3647 3615 15 4067 4066 4066 4066 4066 4066 4066
597 1683289689 151 3715 3690 3669 3605 3647 3647 3615 15 4067 4066 4066 4066 4066 4066 4066
598 1683289689 158 3715 3689 3669 3605 3647 3647 3615 15 4065 4064 4064 4064 4064 4064 4064
599 1683289689 162 3715 3690 3669 3604 3647 3647 3615 15 4065 4065 4065 4065 4065 4065 4065
600 1683289689 144 3715 3691 3669 3605 3647 3647 3616 15 4065 4065 4065 4065 4065 4065 4065
601 1683289689 138 3714 3689 3668 3604 3647 3646 3615 15 4065 4065 4065 4065 4065 4065 4065
602 1683289689 154 3716 3691 3670 3605 3648 3648 3615 15 4065 4065 4065 4065 4065 4065 4065
603 1683289690 158 3716 3690 3669 3605 3648 3647 3615 15 4067 4066 4066 4066 4066 4066 4066
604 1683289690 153 3715 3691 3670 3605 3647 3647 3616 15 4067 4066 4066 4066 4066 4066 4066
605 1683289690 163 3716 3691 3669 3605 3647 3647 3616 15 4065 4065 4065 4065 4065 4065 4065
606 1683289690 157 3715 3690 3669 3604 3647 3647 3615 15 4067 4066 4066 4066 4066 4066 4066
607 1683289690 192 3715 3689 3669 3604 3647 3646 3615 15 4065 4065 4065 4065 4065 4065 4065
608 1683289691 151 3715 3689 3669 3605 3648 3647 3615 15 4067 4066 4066 4066 4066 4066 4066
609 1683289691 149 3716 3691 3670 3605 3648 3647 3616 15 4067 4066 4066 4066 4066 4066 4066
610 1683289691 161 3716 3691 3670 3606 3648 3648 3616 15 4065 4065 4065 4065 4065 4065 4065
611 1683289691 146 3716 3690 3670 3605 3648 3648 3616 15 4065 4065 4065 4065 4065 4065 4065
612 1683289691 143 3715 3690 3669 3604 3647 3647 3615 15 4065 4064 4064 4064 4064 4064 4064
613 1683289691 160 3715 3690 3669 3605 3647 3647 3615 15 4065 4065 4065 4065 4065 4065 4065
614 1683289691 138 3716 3691 3670 3606 3649 3649 3616 15 4067 4066 4066 4066 4066 4066 4066
615 1683289691 131 3716 3691 3669 3605 3648 3648 3617 15 4065 4064 4064 4064 4064 4064 4064
616 1683289691 163 3715 3690 3669 3605 3647 3647 3615 15 4067 4066 4066 4066 4066 4066 4066
617 1683289691 150 3716 3691 3670 3605 3648 3647 3615 15 4065 4065 4065 4065 4065 4065 4065
618 1683289691 149 3713 3689 3668 3603 3646 3646 3615 15 4065 4064 4064 4064 4064 4064 4064
619 1683289691 160 3716 3691 3670 3605 3648 3648 3617 15 4067 4066 4066 4066 4066 4066 4066
620 1683289691 126 3715 3690 3670 3605 3647 3648 3616 15 4065 4065 4065 4065 4065 4065 4065
621 1683289691 161 3714 3690 3669 3605 3648 3647 3615 15 4067 4066 4066 4066 4066 4066 4066
622 1683289691 155 3715 3690 3669 3605 3647 3647 3615 15 4065 4065 4065 4065 4065 4065 4065
623 1683289691 167 3715 3690 3669 3605 3647 3647 3615 15 4067 4066 4066 4066 4066 4066 4066
624 1683289691 155 3717 3691 3670 3606 3648 3648 3616 15 4067 4066 4066 4066 4066 4066 4066
625 1683289692 150 3714 3690 3668 3604 3647 3646 3615 15 4065 4065 4065 4065 4065 4065 4065
626 1683289692 151 3715 3690 3669 3604 3647 3647 3616 15 4067 4066 4066 4066 4066 4066 4066
627 1683289692 156 3716 3691 3669 3605 3648 3648 3616 15 4065 4065 4065 4065 4065 4065 4065
628 1683289692 160 3715 3690 3669 3605 3648 3647 3616 15 4067 4066 4066 4066 4066 4066 4066
629 1683289692 161 3717 3691 3671 3607 3649 3649 1519 15 4065 4065 4065 4065 4065 4065 4065
630 1683289692 146 3715 3690 3669 3605 3647 3647 3615 15 4067 4066 4066 4066 4066 4066 4066
631 1683289692 145 3716 3691 3670 3605 3648 3648 3616 15 4065 4064 4064 4064 4064 4064 4064
632 1683289693 153 3715 3689 3668 3604 3647 3647 3615 15 4065 4065 4065 4065 4065 4065 4065
633 1683289693 173 3715 3691 3670 3606 3648 3648 3616 15 4065 4064 4064 4064 4064 4064 4064
634 1683289693 160 3715 3690 3669 3604 3647 3647 3615 15 4065 4065 4065 4065 4065 4065 4065
635 1683289693 154 3716 3691 3670 3605 3648 3648 3616 15 4065 4065 4065 4065 4065 4065 4065
636 1683289693 143 3715 3690 3669 3605 3647 3647 3615 15 4065 4065 4065 4065 4065 4065 4065
637 1683289693 151 3715 3690 3669 3605 3647 3647 3615 15 4065 4065 4065 4065 4065 4065 4065
638 1683289702 161 3712 3688 3667 3603 3645 3645 3613 15 4065 4065 4065 4065 4065 4065 4065
639 1683289702 160 3714 3688 3668 3603 3646 3646 3614 15 4065 4065 4065 4065 4065 4065 4065
640 1683289702 145 3714 3689 3668 3604 3646 3646 3614 15 4067 4066 4066 4066 4066 4066 4066
641 1683289702 150 3714 3689 3668 3603 3646 3646 3615 15 4065 4065 4065 4065 4065 4065 4065
642 1683289702 165 3714 3689 3669 3604 3647 3646 3615 15 4066 4066 4066 4066 4066 4066 4066
643 1683289703 164 3713 3688 3668 3603 3646 3646 3614 15 4067 4066 4066 4066 4066 4066 4066
644 1683289703 120 3714 3689 3668 3604 3647 3647 3615 15 4065 4065 4065 4065 4065 4065 4065
645 1683289703 159 3715 3689 3669 3604 3646 3646 3614 15 4065 4065 4065 4065 4065 4065 4065
646 1683289703 149 3715 3690 3669 3604 3647 3647 3615 15 4067 4066 4066 4066 4066 4066 4066
647 1683289703 153 3714 3690 3669 3604 3647 3647 3615 15 4067 4066 4066 4066 4066 4066 4066
648 1683289703 137 3715 3690 3669 3604 3647 3647 3615 15 4065 4065 4065 4065 4065 4065 4065
649 1683289703 161 3715 3690 3669 3605 3647 3647 3615 15 4065 4065 4065 4065 4065 4065 4065
650 1683289703 164 3714 3689 3669 3604 3647 3646 3615 15 4067 4066 4066 4066 4066 4066 4066
651 1683289703 165 3715 3690 3670 3604 3648 3646 3615 15 4067 4066 4066 4066 4066 4066 4066
652 1683289704 157 3714 3690 3669 3604 3647 3647 3615 15 4067 4066 4066 4066 4066 4066 4066
653 1683289704 162 3713 3688 3667 3603 3646 3646 3614 15 4067 4066 4066 4066 4066 4066 4066
654 1683289704 162 3714 3689 3668 3604 3647 3646 3615 15 4067 4066 4066 4066 4066 4066 4066
655 1683289704 159 3715 3690 3669 3604 3647 3647 3615 15 4067 4066 4066 4066 4066 4066 4066
656 1683289704 171 3714 3690 3669 3604 3647 3646 3614 15 4067 4066 4066 4066 4066 4066 4066
657 1683289704 248 3718 166 252 3605 3650 1476 1460 15 4067 4066 4066 4066 4066 4066 4066
658 1683289704 157 3714 3689 3668 3605 3647 3647 3615 15 4065 4065 4065 4065 4065 4065 4065
659 1683289704 146 3715 3690 3670 3605 3648 3647 3615 15 4067 4066 4066 4066 4066 4066 4066
660 1683289705 154 3714 3690 3669 3604 3647 3646 3615 15 4067 4066 4066 4066 4066 4066 4066
661 1683289705 142 3716 3690 3670 3605 3648 3648 3616 15 4067 4066 4066 4066 4066 4066 4066
662 1683289705 171 3715 3690 3669 3605 3648 3648 3616 15 4067 4066 4066 4066 4066 4066 4066
663 1683289705 180 3715 3690 3669 3604 3647 3647 3615 15 4067 4066 4066 4066 4066 4066 4066
664 1683289705 159 3714 3690 3670 3605 3647 3648 3615 15 4065 4064 4064 4064 4064 4064 4064
665 1683289705 159 3715 3691 3670 3605 3648 3648 3616 16 4065 4065 4065 4065 4065 4065 4065
666 1683289705 149 3716 3690 3669 3605 3647 3647 3615 16 4067 4066 4066 4066 4066 4066 4066
667 1683289706 173 3715 3690 3669 3604 3647 3646 3615 16 4067 4066 4066 4066 4066 4066 4066
668 1683289706 150 3715 3690 3669 3604 3647 3647 3615 16 4067 4066 4066 4066 4066 4066 4066
669 1683289706 153 3716 3691 3670 3606 3648 3648 3616 16 4065 4065 4065 4065 4065 4065 4065
670 1683289706 169 3716 3690 3670 3605 3648 3648 3616 16 4065 4065 4065 4065 4065 4065 4065
671 1683289706 153 3715 3690 3669 3605 3648 3647 3616 16 4065 4065 4065 4065 4065 4065 4065
672 1683289706 159 3716 3691 3670 3605 3648 3647 3615 16 4065 4065 4065 4065 4065 4065 4065
673 1683289706 152 3715 3690 3669 3605 3647 3647 3615 16 4067 4066 4066 4066 4066 4066 4066
674 1683289706 153 3715 3690 3669 3605 3648 3647 3615 16 4067 4066 4066 4066 4066 4066 4066
675 1683289706 161 3715 3690 3669 3605 3648 3647 3616 16 4065 4065 4065 4065 4065 4065 4065
676 1683289706 178 3715 3690 3669 3605 3647 3647 3615 16 4065 4065 4065 4065 4065 4065 4065
677 1683289707 157 3715 3690 3670 3605 3648 3648 3616 16 4065 4065 4065 4065 4065 4065 4065
678 1683289707 147 171 139 141 174 1395 1455 1452 16 4065 4065 4065 4065 4065 4065 4065
679 1683289707 165 3715 3690 3669 3604 3648 3648 3616 16 4067 4066 4066 4066 4066 4066 4066
680 1683289707 145 3714 3690 3669 3604 3647 3647 3616 16 4065 4065 4065 4065 4065 4065 4065
681 1683289707 166 3716 3691 3670 3605 3648 3648 3616 16 4067 4066 4066 4066 4066 4066 4066
682 1683289707 143 3715 3690 3669 3604 3647 3647 3615 16 4067 4066 4066 4066 4066 4066 4066
683 1683289707 161 3715 3690 3670 3605 3647 3647 3616 16 4067 4066 4066 4066 4066 4066 4066
684 1683289707 159 3715 3691 3670 3605 3647 3646 3615 16 4065 4065 4065 4065 4065 4065 4065
685 1683289707 160 3715 3691 3670 3605 3647 3648 3616 16 4065 4064 4064 4064 4064 4064 4064
686 1683289707 153 3716 3690 3669 3605 3648 3648 3616 16 4065 4065 4065 4065 4065 4065 4065
687 1683289708 156 3715 3690 3670 3605 3647 3648 3615 16 4066 4066 4066 4066 4066 4066 4066
688 1683289708 153 3714 3689 3668 3603 3646 3646 3614 16 4067 4066 4066 4066 4066 4066 4066
689 1683289708 203 3716 3691 3670 3605 3648 3648 3616 16 4065 4064 4064 4064 4064 4064 4064
690 1683289708 160 3715 3690 3669 3605 3648 3647 3616 16 4065 4065 4065 4065 4065 4065 4065
691 1683289708 161 3715 3690 3669 3604 3647 3647 3615 16 4067 4066 4066 4066 4066 4066 4066
692 1683289708 163 3715 3690 3669 3604 3647 3647 3616 16 4067 4066 4066 4066 4066 4066 4066
693 1683289709 160 3716 3691 3670 3605 3647 3647 3616 16 4065 4065 4065 4065 4065 4065 4065
694 1683289709 162 3716 3691 3670 3606 3648 3648 3617 16 4065 4065 4065 4065 4065 4065 4065
695 1683289709 139 3715 3690 3669 3605 3648 3647 3616 16 4065 4065 4065 4065 4065 4065 4065
696 1683289709 156 3714 3690 3668 3605 3647 3647 3616 16 4065 4065 4065 4065 4065 4065 4065
697 1683289709 168 3717 3691 3671 3606 3648 3648 3616 16 4065 4065 4065 4065 4065 4065 4065
698 1683289709 150 3716 3690 3669 3605 3648 3648 3616 16 4067 4066 4066 4066 4066 4066 4066
699 1683289709 157 3715 3690 3670 3605 3648 3647 3616 16 4065 4065 4065 4065 4065 4065 4065
700 1683289709 151 3714 3690 3669 3604 3647 3647 3615 16 4065 4065 4065 4065 4065 4065 4065
701 1683289709 141 3716 3690 3669 3604 3647 3647 3615 16 4065 4065 4065 4065 4065 4065 4065
702 1683289710 144 3715 3690 3669 3605 3648 3648 3616 16 4065 4065 4065 4065 4065 4065 4065
703 1683289710 150 3717 3691 3670 3606 3649 3648 3617 16 4067 4066 4066 4066 4066 4066 4066
704 1683289710 158 3716 3691 3671 3606 3649 3648 3616 16 4065 4065 4065 4065 4065 4065 4065
705 1683289710 166 3716 3690 3670 3605 3648 3648 3616 16 4067 4066 4066 4066 4066 4066 4066
706 1683289710 182 3716 3691 3670 3606 3649 3648 3617 16 4065 4065 4065 4065 4065 4065 4065
707 1683289710 124 3716 3691 3670 3606 3649 3649 3617 16 4065 4065 4065 4065 4065 4065 4065
708 1683289710 146 3716 3691 3671 3606 3649 3648 3616 16 4065 4064 4064 4064 4064 4064 4064
709 1683289710 160 3716 3690 3670 3605 3648 3648 3616 16 4065 4065 4065 4065 4065 4065 4065
710 1683289710 152 3715 3690 3669 3605 3647 3647 3615 16 4067 4066 4066 4066 4066 4066 4066
711 1683289710 158 3715 3691 3670 3606 3648 3647 3616 16 4065 4065 4065 4065 4065 4065 4065
712 1683289710 160 3714 3690 3669 3605 3647 3648 3616 16 4065 4065 4065 4065 4065 4065 4065
713 1683289710 167 3716 3691 3670 3606 3648 3648 3617 16 4065 4065 4065 4065 4065 4065 4065
714 1683289710 159 3716 3691 3670 3605 1476 1518 3615 16 4065 4065 4065 4065 4065 4065 4065
715 1683289711 151 3715 3690 3669 3604 3647 3646 3614 16 4067 4066 4066 4066 4066 4066 4066
716 1683289711 151 3716 3691 3670 3606 3649 3648 3617 16 4065 4064 4064 4064 4064 4064 4064
717 1683289711 119 3715 3690 3669 3605 3647 3647 3615 16 4067 4066 4066 4066 4066 4066 4066
718 1683289711 163 3715 3690 3669 3604 3647 3647 3615 16 4065 4065 4065 4065 4065 4065 4065
719 1683289711 158 3715 3690 3670 3605 3648 3647 3616 16 4065 4065 4065 4065 4065 4065 4065
720 1683289711 154 3715 3690 3670 3605 3648 3648 3616 16 4065 4064 4064 4064 4064 4064 4064
721 1683289711 176 3716 3691 3670 3606 3648 3648 3616 16 4065 4065 4065 4065 4065 4065 4065
722 1683289712 167 3715 3690 3669 3605 3648 3648 3617 16 4065 4065 4065 4065 4065 4065 4065
723 1683289712 157 3716 3691 3670 3605 3648 3648 3616 16 4065 4065 4065 4065 4065 4065 4065
724 1683289712 159 3716 3691 3671 3606 84 166 3614 16 4065 4065 4065 4065 4065 4065 4065
725 1683289712 159 3715 3691 3670 3606 3648 3648 3616 16 4065 4065 4065 4065 4065 4065 4065
726 1683289712 146 3716 3691 3671 3606 3649 3648 3616 16 4065 4065 4065 4065 4065 4065 4065
727 1683289712 168 3715 3690 3669 3605 3648 3647 3615 16 4065 4065 4065 4065 4065 4065 4065
728 1683289712 160 3714 3691 3670 3605 3648 3647 3616 16 4065 4065 4065 4065 4065 4065 4065
729 1683289712 170 3713 3690 3668 3604 3647 3647 3615 16 4065 4064 4064 4064 4064 4064 4064
730 1683289713 175 3715 3690 3668 3604 3647 3647 3615 16 4065 4065 4065 4065 4065 4065 4065
731 1683289713 154 3716 3691 3670 3606 3649 3648 3617 16 4067 4066 4066 4066 4066 4066 4066
732 1683289713 165 3715 3690 3669 3605 3647 3647 3615 16 4067 4066 4066 4066 4066 4066 4066
733 1683289713 157 3715 3690 3669 3605 3647 3647 3615 16 4065 4065 4065 4065 4065 4065 4065
734 1683289713 142 3716 3691 3669 3605 3647 3647 3615 16 4067 4066 4066 4066 4066 4066 4066
735 1683289713 158 3715 3691 3670 3606 3649 3648 3616 16 4067 4066 4066 4066 4066 4066 4066
736 1683289713 146 3716 3690 3669 3605 3647 3647 3615 16 4065 4065 4065 4065 4065 4065 4065
737 1683289713 162 3716 3690 3670 3605 3647 3647 3616 16 4067 4066 4066 4066 4066 4066 4066
738 1683289714 147 3715 3690 3669 3604 3647 3647 3615 16 4065 4065 4065 4065 4065 4065 4065
739 1683289714 151 3715 3690 3669 3604 3647 3647 3615 16 4067 4066 4066 4066 4066 4066 4066
740 1683289714 152 3715 3690 3669 3605 3648 3647 3615 16 4065 4065 4065 4065 4065 4065 4065
741 1683289714 151 3715 3690 3670 3605 3648 3647 3615 16 4065 4064 4064 4064 4064 4064 4064
742 1683289714 168 3716 3690 3670 3605 3648 3648 3617 16 4065 4065 4065 4065 4065 4065 4065
743 1683289714 155 3715 3690 3670 3605 3648 3648 3616 16 4065 4065 4065 4065 4065 4065 4065
744 1683289714 157 3714 3691 3669 3605 3648 3648 3616 16 4065 4065 4065 4065 4065 4065 4065
745 1683289714 151 3717 3692 3670 3606 3649 3648 3617 16 4066 4066 4066 4066 4066 4066 4066
746 1683289715 151 3715 3690 3669 3605 3648 3648 3616 16 4065 4065 4065 4065 4065 4065 4065
747 1683289715 159 3715 3690 3669 3605 3647 3647 3616 16 4065 4064 4064 4064 4064 4064 4064
748 1683289715 160 3716 3691 3669 3605 3648 3648 3616 16 4067 4066 4066 4066 4066 4066 4066
749 1683289715 150 3715 3690 3670 3605 3648 3648 3617 16 4065 4065 4065 4065 4065 4065 4065
750 1683289715 155 3715 3690 3669 3604 3647 3646 3615 16 4065 4065 4065 4065 4065 4065 4065
751 1683289715 147 3715 3690 3669 3605 3648 3647 3615 16 4065 4065 4065 4065 4065 4065 4065
752 1683289715 154 3714 3690 3669 3604 3647 3647 3616 16 4065 4065 4065 4065 4065 4065 4065
753 1683289715 137 3716 3691 3670 3606 3649 3648 3616 16 4065 4064 4064 4064 4064 4064 4064
754 1683289715 158 3716 3691 3670 3605 3648 3648 3616 16 4065 4064 4064 4064 4064 4064 4064
755 1683289715 130 3716 3691 3670 3606 3648 3648 3616 16 4067 4066 4066 4066 4066 4066 4066
756 1683289716 157 3716 3691 3670 3605 3648 3647 3616 16 4065 4065 4065 4065 4065 4065 4065
757 1683289716 168 3716 3691 3670 3606 3648 3647 3616 16 4065 4065 4065 4065 4065 4065 4065
758 1683289716 164 3715 3690 3669 3605 3647 3647 3615 16 4065 4065 4065 4065 4065 4065 4065
759 1683289716 159 3717 3691 3671 3606 3648 3648 3617 16 4067 4066 4066 4066 4066 4066 4066
760 1683289716 150 3714 3690 3670 3605 3648 3648 3616 16 4065 4064 4064 4064 4064 4064 4064
761 1683289716 133 3716 3690 3669 3605 3648 3647 3615 16 4065 4065 4065 4065 4065 4065 4065
762 1683289716 174 3716 3691 3670 3606 3648 3648 3617 16 4065 4065 4065 4065 4065 4065 4065
763 1683289716 156 3715 3691 3670 3606 3648 3648 3616 16 4064 4064 4064 4064 4064 4064 4064
764 1683289716 147 3715 3691 3669 3605 3647 3647 3615 16 4065 4065 4065 4065 4065 4065 4065
765 1683289716 144 3716 3691 3670 3606 3648 3648 3616 16 4065 4065 4065 4065 4065 4065 4065
766 1683289717 142 3716 3691 3670 3606 3649 3648 3616 16 4067 4066 4066 4066 4066 4066 4066
767 1683289717 156 3715 3690 3670 3605 3647 3647 3615 16 4065 4065 4065 4065 4065 4065 4065
768 1683289717 165 3715 3690 3669 3604 3648 3647 3616 16 4065 4065 4065 4065 4065 4065 4065
769 1683289717 155 3716 3691 3670 3605 3648 3648 3616 16 4065 4065 4065 4065 4065 4065 4065
770 1683289717 160 3715 3690 3669 3604 3647 3647 3615 16 4067 4066 4066 4066 4066 4066 4066
771 1683289717 151 3715 3691 3670 3605 3648 3648 3616 16 4067 4066 4066 4066 4066 4066 4066
772 1683289717 145 3714 3690 3669 3605 3647 3647 3615 16 4065 4065 4065 4065 4065 4065 4065
773 1683289717 151 3715 3690 3670 3605 3648 3647 3616 16 4065 4065 4065 4065 4065 4065 4065
774 1683289717 154 3715 3690 3669 3605 3648 3647 3616 16 4067 4066 4066 4066 4066 4066 4066
775 1683289718 168 3715 3690 3670 3605 3648 3648 3616 16 4065 4065 4065 4065 4065 4065 4065
776 1683289718 152 3715 3690 3669 3604 3647 3647 3616 16 4065 4065 4065 4065 4065 4065 4065
777 1683289718 159 3717 3691 3671 3606 3649 3649 3617 16 4065 4065 4065 4065 4065 4065 4065
778 1683289718 143 3716 3690 3669 3606 3648 3647 3616 16 4065 4065 4065 4065 4065 4065 4065
779 1683289718 154 3716 3691 3670 3605 3648 3648 3616 16 4065 4065 4065 4065 4065 4065 4065
780 1683289718 156 3716 3691 3671 3606 3648 3648 3616 16 4065 4065 4065 4065 4065 4065 4065
781 1683289718 156 3715 3690 3669 3605 3647 3647 3615 16 4065 4065 4065 4065 4065 4065 4065
782 1683289718 178 3716 3691 3670 3605 3648 3648 3616 16 4067 4066 4066 4066 4066 4066 4066
783 1683289718 149 3715 3691 3670 3606 3649 3648 3616 16 4067 4066 4066 4066 4066 4066 4066
784 1683289719 151 3716 3691 3670 3605 3648 3647 3616 16 4065 4065 4065 4065 4065 4065 4065
785 1683289719 163 3716 3692 3670 3606 3649 3649 3617 16 4065 4065 4065 4065 4065 4065 4065
786 1683289719 156 3716 3691 3670 3606 3649 3649 3617 16 4065 4065 4065 4065 4065 4065 4065
787 1683289719 146 3716 3691 3671 3606 3649 3649 3617 16 4067 4066 4066 4066 4066 4066 4066
788 1683289719 167 3716 3691 3671 3606 3649 3649 3616 16 4067 4066 4066 4066 4066 4066 4066
789 1683289719 150 3716 3691 3670 3606 3649 3648 3616 16 4065 4065 4065 4065 4065 4065 4065
790 1683289719 161 3716 3691 3671 3606 3649 3649 3617 16 4065 4065 4065 4065 4065 4065 4065
791 1683289719 159 3715 3692 3670 3606 3649 3648 3617 16 4065 4065 4065 4065 4065 4065 4065
792 1683289719 162 3714 3691 3670 3605 3648 3648 3616 16 4065 4065 4065 4065 4065 4065 4065
793 1683289719 178 3716 3691 3671 3606 3649 3649 3617 16 4065 4065 4065 4065 4065 4065 4065
794 1683289719 150 3715 3690 3669 3605 3647 3647 3616 16 4067 4066 4066 4066 4066 4066 4066
795 1683289719 156 3713 3689 3668 3603 3646 3646 3614 16 4065 4065 4065 4065 4065 4065 4065
796 1683289719 169 3714 3689 3668 3604 3647 3647 3614 16 4065 4065 4065 4065 4065 4065 4065
797 1683289719 139 3714 3689 3668 3604 3647 3646 3614 16 4065 4065 4065 4065 4065 4065 4065
798 1683289719 150 3714 3689 3668 3603 3646 3646 3614 16 4065 4065 4065 4065 4065 4065 4065
799 1683289719 142 3715 3689 3668 3604 3646 3647 3615 16 4065 4065 4065 4065 4065 4065 4065
800 1683289720 154 3714 3688 3668 3603 3646 3646 3614 16 4065 4065 4065 4065 4065 4065 4065
801 1683289720 161 3713 3689 3669 3604 3646 3646 3614 16 4065 4065 4065 4065 4065 4065 4065
802 1683289720 155 3712 3688 3667 3603 3645 3646 3614 16 4065 4065 4065 4065 4065 4065 4065
803 1683289720 156 3713 3689 3668 3604 3646 3646 3614 16 4065 4065 4065 4065 4065 4065 4065
804 1683289720 137 3714 3689 3668 3604 3647 3646 3615 16 4065 4065 4065 4065 4065 4065 4065
805 1683289720 153 3714 3689 3668 3604 3646 3646 3614 16 4065 4065 4065 4065 4065 4065 4065
806 1683289720 151 3712 3688 3667 3603 3645 3645 3613 16 4067 4066 4066 4066 4066 4066 4066
807 1683289720 153 3714 3689 3668 3603 3646 3645 3614 16 4067 4066 4066 4066 4066 4066 4066
808 1683289720 149 3714 3689 3669 3604 3647 3647 3615 16 4065 4065 4065 4065 4065 4065 4065
809 1683289720 155 3713 3689 3668 3604 3647 3646 3614 16 4065 4065 4065 4065 4065 4065 4065
810 1683289720 148 3714 3689 3669 3604 3647 3647 3616 16 4065 4065 4065 4065 4065 4065 4065
811 1683289720 165 3714 3689 3668 3604 3646 3646 3614 16 4064 4064 4064 4064 4064 4064 4064
812 1683289720 163 3714 3689 3668 3603 3646 3646 3613 16 4065 4065 4065 4065 4065 4065 4065
813 1683289721 137 3714 3690 3668 3604 3646 3647 3615 16 4065 4065 4065 4065 4065 4065 4065
814 1683289721 158 3714 3689 3668 3604 3647 3647 3614 16 4065 4065 4065 4065 4065 4065 4065
815 1683289721 153 3715 3689 3668 3604 3646 3646 3615 16 4065 4065 4065 4065 4065 4065 4065
816 1683289721 160 3713 3689 3667 3603 3646 3646 3614 16 4067 4066 4066 4066 4066 4066 4066
817 1683289721 157 3714 3689 3667 3603 3646 3645 3614 16 4067 4066 4066 4066 4066 4066 4066
818 1683289721 153 3715 3689 3668 3603 3646 3646 3614 16 4065 4064 4064 4064 4064 4064 4064
819 1683289721 162 3715 3689 3668 3604 3646 3646 3614 16 4067 4066 4066 4066 4066 4066 4066
820 1683289721 145 3714 3689 3668 3604 3647 3646 3614 16 4067 4066 4066 4066 4066 4066 4066
821 1683289721 137 3714 3689 3668 3604 3647 3647 3615 16 4065 4064 4064 4064 4064 4064 4064
822 1683289721 173 3715 3689 3669 3604 3647 3646 3615 16 4065 4065 4065 4065 4065 4065 4065
823 1683289721 128 3715 3689 3668 3603 3646 3645 3614 16 4065 4065 4065 4065 4065 4065 4065
824 1683289722 153 3714 3689 3668 3604 3646 3646 3614 16 4065 4065 4065 4065 4065 4065 4065
825 1683289722 157 3715 3690 3669 3605 3647 3647 3615 16 4065 4065 4065 4065 4065 4065 4065
826 1683289722 151 3715 3689 3669 3604 3647 3647 3615 16 4067 4066 4066 4066 4066 4066 4066
827 1683289722 162 3715 3690 189 3603 3648 3647 3616 16 4065 4065 4065 4065 4065 4065 4065
828 1683289722 151 3714 3690 3668 3604 3647 3647 3615 16 4065 4065 4065 4065 4065 4065 4065
829 1683289722 137 3713 3689 3668 3603 3646 3646 3614 16 4065 4065 4065 4065 4065 4065 4065
830 1683289722 155 3715 3690 3669 3604 3647 3646 3614 16 4065 4065 4065 4065 4065 4065 4065
831 1683289723 172 3715 3690 3669 3605 3648 3647 3615 16 4067 4066 4066 4066 4066 4066 4066
832 1683289723 168 3714 3689 3668 3603 3646 3647 3615 16 4065 4065 4065 4065 4065 4065 4065
833 1683289723 165 3714 3689 3668 3604 3646 3646 3615 16 4067 4066 4066 4066 4066 4066 4066
834 1683289723 154 3715 3690 3670 3605 3648 3647 3616 16 4067 4066 4066 4066 4066 4066 4066
835 1683289723 159 3715 3690 3668 3604 3647 3646 3615 16 4067 4066 4066 4066 4066 4066 4066
836 1683289723 153 3715 3689 3669 3604 3647 3647 3615 16 4067 4066 4066 4066 4066 4066 4066
837 1683289724 156 3715 3690 3669 3604 3647 3647 3615 16 4065 4065 4065 4065 4065 4065 4065
838 1683289724 145 3714 3689 3668 3603 3645 3645 3614 16 4065 4065 4065 4065 4065 4065 4065
839 1683289724 152 3715 3689 3669 3605 3647 3647 3615 16 4065 4065 4065 4065 4065 4065 4065
840 1683289724 174 3714 3689 3668 3604 3647 3646 3615 16 4065 4065 4065 4065 4065 4065 4065
841 1683289724 155 3715 3691 3670 3605 3648 3647 3616 16 4065 4065 4065 4065 4065 4065 4065
842 1683289724 145 3714 3689 3668 3604 3647 3646 3615 16 4065 4065 4065 4065 4065 4065 4065
843 1683289724 143 3715 3690 3669 3604 3647 3647 3615 16 4065 4065 4065 4065 4065 4065 4065
844 1683289725 158 3714 3690 3668 3604 3647 3646 3615 16 4065 4065 4065 4065 4065 4065 4065
845 1683289725 156 3715 3690 3669 3604 3647 3647 3615 16 4065 4065 4065 4065 4065 4065 4065
846 1683289725 149 3714 3689 3668 3604 3646 3646 3614 16 4067 4066 4066 4066 4066 4066 4066
847 1683289725 152 3715 3691 3669 3605 3648 3648 3616 16 4065 4065 4065 4065 4065 4065 4065
848 1683289725 148 3714 3689 3668 3603 3647 3646 3615 16 4065 4065 4065 4065 4065 4065 4065
849 1683289725 145 3717 3691 3670 3606 3648 3648 3616 16 4065 4064 4064 4064 4064 4064 4064
850 1683289725 172 3715 3690 3669 3605 3648 3647 3615 16 4065 4065 4065 4065 4065 4065 4065
851 1683289725 146 3715 3689 3668 3604 3646 3646 3614 16 4065 4065 4065 4065 4065 4065 4065
852 1683289726 171 3714 3689 3669 3604 3646 3647 3615 16 4065 4065 4065 4065 4065 4065 4065
853 1683289726 148 3715 3689 3669 3605 3647 3647 3615 16 4065 4065 4065 4065 4065 4065 4065
854 1683289726 179 3716 3690 3669 3604 3647 3647 3616 16 4065 4065 4065 4065 4065 4065 4065
855 1683289726 102 3714 3689 3668 3603 3647 3646 3614 16 4067 4066 4066 4066 4066 4066 4066
856 1683289726 144 3713 3689 3669 3604 3647 3646 3615 16 4065 4065 4065 4065 4065 4065 4065
857 1683289727 161 3715 3690 3669 3604 3647 3646 3615 16 4065 4065 4065 4065 4065 4065 4065
858 1683289727 152 3715 462 3666 3604 3647 3647 3615 16 4065 4065 4065 4065 4065 4065 4065
859 1683289727 160 3713 3688 3667 3603 3646 3645 3614 16 4067 4066 4066 4066 4066 4066 4066
860 1683289727 160 3714 3689 3668 3603 3646 3646 3614 16 4065 4065 4065 4065 4065 4065 4065
861 1683289727 151 3714 3690 3668 3604 3647 3646 3615 16 4067 4066 4066 4066 4066 4066 4066
862 1683289728 167 3714 3689 3669 3604 3646 3647 3615 16 4067 4066 4066 4066 4066 4066 4066
863 1683289728 144 3715 3690 3669 3604 3647 3647 3615 16 4067 4066 4066 4066 4066 4066 4066
864 1683289728 155 3715 3690 3669 3605 3648 3647 3615 16 4065 4065 4065 4065 4065 4065 4065
865 1683289728 162 3715 3690 3670 3606 3648 3648 3616 16 4065 4065 4065 4065 4065 4065 4065
866 1683289728 153 3714 3690 3669 3604 3647 3647 3615 16 4067 4066 4066 4066 4066 4066 4066
867 1683289728 158 3715 3691 3670 3605 3648 3647 3615 16 4067 4066 4066 4066 4066 4066 4066
868 1683289728 156 3715 3690 3670 3605 3648 3647 3616 16 4065 4065 4065 4065 4065 4065 4065
869 1683289728 160 3715 3690 3669 3605 3648 3647 3615 16 4065 4065 4065 4065 4065 4065 4065
870 1683289728 160 3715 3690 3669 3604 3647 3646 3615 16 4067 4066 4066 4066 4066 4066 4066
871 1683289728 150 3715 3690 3669 3604 3648 3647 3615 16 4067 4066 4066 4066 4066 4066 4066
872 1683289728 159 3716 3691 3671 3606 3648 3648 3616 16 4065 4065 4065 4065 4065 4065 4065
873 1683289729 161 3715 3690 3669 3605 3647 3647 3615 16 4065 4065 4065 4065 4065 4065 4065
874 1683289729 156 3715 3691 3670 3605 3648 3648 3615 16 4065 4065 4065 4065 4065 4065 4065
875 1683289729 146 3715 3690 3669 3604 3648 3647 3616 16 4065 4065 4065 4065 4065 4065 4065
876 1683289729 155 3714 3689 3669 3604 3646 3646 3615 16 4061 4060 4060 4060 4060 4060 4060
877 1683289729 162 3713 3688 3668 3603 3646 3646 3614 16 4065 4065 4065 4065 4065 4065 4065
878 1683289729 150 3716 3691 3669 3605 3648 3647 3616 16 4065 4065 4065 4065 4065 4065 4065
879 1683289730 159 3714 3690 3669 3604 3646 3646 3614 16 4065 4065 4065 4065 4065 4065 4065
880 1683289730 155 3715 3690 3669 3604 3647 3647 3615 16 4065 4065 4065 4065 4065 4065 4065
881 1683289730 158 3714 3689 3668 3604 3646 3646 3615 16 4065 4065 4065 4065 4065 4065 4065
882 1683289730 150 3715 3689 3668 3604 3647 3646 3615 16 4066 4066 4066 4066 4066 4066 4066
883 1683289730 154 3715 3690 3669 3605 3647 3647 3615 16 4065 4065 4065 4065 4065 4065 4065
884 1683289730 156 3715 3690 3669 3605 3647 3647 3615 16 4065 4065 4065 4065 4065 4065 4065
885 1683289731 147 3715 3689 3669 3604 3647 3647 3615 16 4067 4066 4066 4066 4066 4066 4066
886 1683289731 143 3715 3690 3669 3605 3647 3647 3615 16 4065 4065 4065 4065 4065 4065 4065
887 1683289731 154 3715 3690 3669 3605 3648 3647 3615 16 4065 4065 4065 4065 4065 4065 4065
888 1683289731 164 3714 3689 3668 3603 3646 3646 3614 16 4065 4065 4065 4065 4065 4065 4065
889 1683289731 143 3715 3690 3669 3605 3648 3647 3615 16 4065 4064 4064 4064 4064 4064 4064
890 1683289731 162 3715 3690 3669 3604 3647 3647 3616 16 4065 4065 4065 4065 4065 4065 4065
891 1683289731 163 3715 3690 3669 3605 3647 3646 3615 16 4065 4065 4065 4065 4065 4065 4065
892 1683289731 159 3715 3690 3669 3605 3647 3647 3615 16 4067 4066 4066 4066 4066 4066 4066
893 1683289732 191 3715 3689 3668 3604 3646 3646 3614 16 4065 4065 4065 4065 4065 4065 4065
894 1683289732 171 3714 3689 3668 3604 3646 3646 3615 16 4065 4065 4065 4065 4065 4065 4065
895 1683289732 156 3715 3690 3669 3604 3647 3646 3615 16 4065 4065 4065 4065 4065 4065 4065
896 1683289732 154 3714 3689 3668 3603 3646 3646 3614 16 4067 4066 4066 4066 4066 4066 4066
897 1683289732 150 3715 3690 3670 3605 3648 3647 3615 16 4065 4065 4065 4065 4065 4065 4065
898 1683289732 170 3715 3690 3670 3605 3648 3647 3615 16 4065 4065 4065 4065 4065 4065 4065
899 1683289732 138 3715 3690 3668 3604 3647 3647 3615 16 4067 4066 4066 4066 4066 4066 4066
900 1683289733 149 3715 3690 3669 3605 3647 3648 3616 16 4065 4064 4064 4064 4064 4064 4064
901 1683289733 172 3714 3689 3669 3604 3647 3647 3615 16 4067 4066 4066 4066 4066 4066 4066
902 1683289733 145 3716 3691 3669 3605 3648 3648 3616 16 4067 4066 4066 4066 4066 4066 4066
903 1683289733 160 3715 3690 3669 3605 3647 3647 3615 16 4067 4066 4066 4066 4066 4066 4066
904 1683289733 155 3715 3691 3669 3605 3647 3647 3615 16 4067 4066 4066 4066 4066 4066 4066
905 1683289733 156 3715 3690 3669 3605 3647 3647 3615 16 4065 4065 4065 4065 4065 4065 4065
906 1683289733 159 3715 3690 3669 3604 3647 3647 3615 16 4067 4066 4066 4066 4066 4066 4066
907 1683289733 161 3715 3691 3670 3605 3648 3648 3616 16 4067 4066 4066 4066 4066 4066 4066
908 1683289733 146 3715 3690 3669 3605 3647 3647 3615 16 4065 4065 4065 4065 4065 4065 4065
909 1683289733 141 3715 3690 3669 3605 3647 3647 3615 16 4067 4066 4066 4066 4066 4066 4066
910 1683289733 142 3715 3690 3669 3604 3647 3647 3615 16 4065 4065 4065 4065 4065 4065 4065
911 1683289734 157 3714 3689 3668 3603 3646 3646 3615 16 4065 4065 4065 4065 4065 4065 4065
912 1683289734 162 3716 3691 3670 3606 3648 3648 3616 16 4067 4066 4066 4066 4066 4066 4066
913 1683289734 158 3715 3690 3668 3604 3647 3646 3615 16 4065 4064 4064 4064 4064 4064 4064
914 1683289734 145 3716 3691 3670 3605 3648 3648 3616 16 4065 4064 4064 4064 4064 4064 4064
915 1683289734 160 3715 3689 3669 3604 3647 3646 3615 16 4067 4066 4066 4066 4066 4066 4066
916 1683289734 143 3716 3691 3670 3605 3648 3648 3616 16 4067 4066 4066 4066 4066 4066 4066
917 1683289734 154 3715 3690 3669 3605 3648 3647 3616 16 4065 4064 4064 4064 4064 4064 4064
918 1683289734 160 3715 3690 3669 3604 3647 3647 3615 16 4065 4065 4065 4065 4065 4065 4065
919 1683289734 148 3715 3691 3669 3605 3647 3647 3616 16 4067 4066 4066 4066 4066 4066 4066
920 1683289734 142 3714 3690 3669 3604 3647 3647 3615 16 4065 4065 4065 4065 4065 4065 4065
921 1683289735 163 3713 3690 3669 3604 3647 3647 3616 16 4065 4065 4065 4065 4065 4065 4065
922 1683289735 160 3712 3690 3669 3604 3647 3647 3615 16 4065 4065 4065 4065 4065 4065 4065
923 1683289735 157 3715 3691 3670 3605 3648 3648 3616 16 4067 4066 4066 4066 4066 4066 4066
924 1683289735 158 3715 3690 3669 3605 3647 3647 3615 16 4065 4065 4065 4065 4065 4065 4065
925 1683289735 149 3716 3691 3670 3605 3648 3648 3616 16 4065 4065 4065 4065 4065 4065 4065
926 1683289735 144 3714 3689 3669 3604 3646 3646 3615 16 4065 4065 4065 4065 4065 4065 4065
927 1683289735 166 3716 3691 3670 3605 3648 3647 3616 16 4067 4066 4066 4066 4066 4066 4066
928 1683289735 153 3716 3691 3670 3605 3648 3648 3616 16 4067 4066 4066 4066 4066 4066 4066
929 1683289735 153 3715 3690 3669 3604 3648 3647 3616 16 4067 4066 4066 4066 4066 4066 4066
930 1683289735 152 3715 3690 3669 3605 3648 3647 3615 16 4067 4066 4066 4066 4066 4066 4066
931 1683289735 141 3715 3690 3669 3605 3648 3647 3616 16 4065 4065 4065 4065 4065 4065 4065
932 1683289736 152 3716 3691 3670 3605 3648 3648 3616 16 4065 4065 4065 4065 4065 4065 4065
933 1683289736 137 3716 3691 3670 3606 3648 3648 3617 16 4065 4065 4065 4065 4065 4065 4065
934 1683289736 152 3716 3690 3670 3605 3648 3648 3616 16 4065 4064 4064 4064 4064 4064 4064
935 1683289736 163 3715 3690 3669 3605 3648 3648 3616 16 4065 4065 4065 4065 4065 4065 4065
936 1683289736 153 3716 3691 3670 3606 3648 3648 3616 16 4065 4065 4065 4065 4065 4065 4065
937 1683289736 147 3716 3691 3670 3605 3647 3647 3616 16 4065 4065 4065 4065 4065 4065 4065
938 1683289737 145 3716 3690 3669 3605 3647 3647 3616 16 4067 4066 4066 4066 4066 4066 4066
939 1683289737 151 3715 3689 3668 3604 3647 3646 3615 16 4065 4065 4065 4065 4065 4065 4065
940 1683289737 155 3715 3689 3669 3604 3647 3647 3615 16 4065 4065 4065 4065 4065 4065 4065
941 1683289737 145 3715 3691 3670 3605 3648 3647 3615 16 4065 4065 4065 4065 4065 4065 4065
942 1683289737 143 3715 3690 3669 3605 3647 3647 3615 16 4067 4066 4066 4066 4066 4066 4066
943 1683289737 154 3715 3690 3669 3604 3647 3646 3615 16 4067 4066 4066 4066 4066 4066 4066
944 1683289737 154 3716 3691 3670 3605 3648 3648 3616 16 4067 4066 4066 4066 4066 4066 4066
945 1683289737 163 3715 3690 3669 3605 3648 3647 3615 16 4065 4065 4065 4065 4065 4065 4065
946 1683289737 150 3715 3690 3669 3605 3648 3647 3616 16 4065 4065 4065 4065 4065 4065 4065
947 1683289738 158 3715 3691 3670 3605 3648 3648 3616 16 4067 4066 4066 4066 4066 4066 4066
948 1683289738 152 3716 3690 3670 3605 3648 3647 3615 16 4065 4065 4065 4065 4065 4065 4065
949 1683289738 155 3716 3691 3670 3606 3649 3648 3617 16 4067 4066 4066 4066 4066 4066 4066
950 1683289738 146 3716 3691 3670 3606 3649 3648 3616 16 4065 4065 4065 4065 4065 4065 4065
951 1683289738 164 3715 3690 3670 3604 3647 3647 3615 16 4065 4065 4065 4065 4065 4065 4065
952 1683289738 162 3714 3690 3669 3605 3648 3648 3616 16 4065 4065 4065 4065 4065 4065 4065
953 1683289738 151 3716 3691 3670 3605 3648 3648 3616 16 4065 4065 4065 4065 4065 4065 4065
954 1683289738 133 3716 3690 3669 3605 3648 3648 3616 16 4065 4065 4065 4065 4065 4065 4065
955 1683289738 150 3715 3691 3669 3605 3647 3647 3616 16 4065 4065 4065 4065 4065 4065 4065
956 1683289738 181 3714 3690 3669 3605 3648 3647 3615 16 4065 4065 4065 4065 4065 4065 4065
957 1683289738 136 3716 3691 3670 3606 3649 3649 3617 16 4065 4065 4065 4065 4065 4065 4065
958 1683289738 153 3716 3690 3670 3605 3648 3648 3615 16 4065 4065 4065 4065 4065 4065 4065
959 1683289738 165 3715 3691 3670 3605 3648 3648 3616 16 4067 4066 4066 4066 4066 4066 4066
960 1683289739 150 3714 3690 3669 3604 3647 3647 3615 16 4067 4066 4066 4066 4066 4066 4066
961 1683289739 174 3715 3691 3670 3605 3648 3648 3616 16 4065 4065 4065 4065 4065 4065 4065
962 1683289739 155 3715 3690 3670 3605 3648 3648 3616 16 4067 4066 4066 4066 4066 4066 4066
963 1683289739 149 3716 3691 3670 3605 3648 3647 3616 16 4067 4066 4066 4066 4066 4066 4066
964 1683289739 180 3715 3690 3669 3604 3647 3647 3616 16 4067 4066 4066 4066 4066 4066 4066
965 1683289740 134 3716 3691 3670 3605 3648 3648 3616 16 4065 4065 4065 4065 4065 4065 4065
966 1683289740 166 3716 3691 3670 3605 3648 3648 3616 16 4067 4066 4066 4066 4066 4066 4066
967 1683289740 158 3715 3690 3669 3605 3647 3647 3616 16 4067 4066 4066 4066 4066 4066 4066
968 1683289740 159 3716 3691 3670 3606 3648 3648 3616 16 4065 4065 4065 4065 4065 4065 4065
969 1683289740 149 3716 3691 3670 3606 3648 3648 3616 16 4065 4065 4065 4065 4065 4065 4065
970 1683289740 141 3716 3690 3670 3605 3648 3648 3617 16 4065 4065 4065 4065 4065 4065 4065
971 1683289740 155 3716 3691 3670 3606 3649 3649 3617 16 4065 4065 4065 4065 4065 4065 4065
972 1683289740 171 3714 3691 3669 3606 3648 3648 3616 16 4065 4064 4064 4064 4064 4064 4064
973 1683289740 156 3715 3690 3669 3605 3648 3648 3615 16 4067 4066 4066 4066 4066 4066 4066
974 1683289740 149 3715 3690 3669 3605 3648 3648 3616 16 4067 4066 4066 4066 4066 4066 4066
975 1683289740 152 3715 3691 3669 3604 3648 3647 3616 16 4065 4065 4065 4065 4065 4065 4065
976 1683289740 155 3715 3690 3669 3605 3647 3647 3615 16 4065 4065 4065 4065 4065 4065 4065
977 1683289740 150 3716 3691 3670 3606 3648 3648 3616 16 4067 4066 4066 4066 4066 4066 4066
978 1683289741 125 3717 3692 3671 3607 3649 3650 3618 16 4067 4066 4066 4066 4066 4066 4066
979 1683289741 152 3715 3690 3670 3605 3648 3648 3616 16 4065 4065 4065 4065 4065 4065 4065
980 1683289741 156 3715 3690 3669 3605 3647 3647 3615 16 4067 4066 4066 4066 4066 4066 4066
981 1683289741 159 3715 3690 3670 3605 3648 3648 3615 16 4065 4065 4065 4065 4065 4065 4065
982 1683289741 154 3715 3691 3670 3605 3648 3648 3616 16 4067 4066 4066 4066 4066 4066 4066
983 1683289742 158 3715 3691 3670 3606 3648 3648 3616 16 4065 4065 4065 4065 4065 4065 4065
984 1683289742 152 3714 3690 3669 3605 3648 3647 3615 16 4065 4065 4065 4065 4065 4065 4065
985 1683289742 160 3715 3690 3669 3605 3648 3648 3617 16 4067 4066 4066 4066 4066 4066 4066
986 1683289742 149 3716 3690 3670 3605 3649 3648 3615 16 4065 4064 4064 4064 4064 4064 4064
987 1683289742 163 3717 3692 3671 3607 3649 3649 3617 16 4067 4066 4066 4066 4066 4066 4066
988 1683289742 145 3716 3691 3669 3605 3648 3648 3616 16 4067 4066 4066 4066 4066 4066 4066
989 1683289742 177 3716 3690 3670 3605 3648 3648 3616 16 4067 4066 4066 4066 4066 4066 4066
990 1683289742 175 3716 3689 3669 3605 3647 3647 3615 16 4067 4066 4066 4066 4066 4066 4066
991 1683289742 144 3716 3691 3670 3606 3648 3648 3616 16 4065 4065 4065 4065 4065 4065 4065
992 1683289742 173 3714 3690 3670 3605 3648 3648 3616 16 4065 4065 4065 4065 4065 4065 4065
993 1683289742 171 3716 3691 3670 3605 3647 3647 3615 16 4065 4065 4065 4065 4065 4065 4065
994 1683289743 157 3716 3691 3670 3605 3649 3648 3617 16 4067 4066 4066 4066 4066 4066 4066
995 1683289743 161 3716 3690 3670 3606 3648 3648 3616 16 4065 4065 4065 4065 4065 4065 4065
996 1683289743 156 3717 3691 3671 3606 3649 3648 3616 16 4065 4065 4065 4065 4065 4065 4065
997 1683289743 134 3717 3692 3671 3606 3649 3649 3618 16 4067 4066 4066 4066 4066 4066 4066
998 1683289743 178 3715 3690 3670 3605 3647 3647 3615 16 4067 4066 4066 4066 4066 4066 4066
999 1683289743 146 3715 3691 3670 3605 3648 3648 3616 16 4065 4065 4065 4065 4065 4065 4065
1000 1683289743 162 3716 3691 3670 3605 3648 3648 3617 16 4067 4066 4066 4066 4066 4066 4066
