1 1683121248 3560 216 3676 3657 3593 3636 3636 3604 4063 4063 4063 4063 4063 4063 4063 4063
2 1683121248 3561 217 3676 3657 3594 3636 3636 3604 4063 4063 4063 4063 4063 4063 4063 4063
3 1683121248 3561 216 3676 3658 3594 3636 3636 3605 4063 4063 4063 4063 4063 4063 4063 4063
4 1683121248 3560 216 3676 3657 3593 3636 3636 3603 4063 4063 4063 4063 4063 4063 4063 4063
5 1683121248 3561 216 3677 3658 3594 3637 3637 3605 4063 4063 4063 4063 4063 4063 4063 4063
6 1683121248 3561 216 3676 3658 3594 3636 3636 3605 4065 4065 4065 4065 4065 4065 4065 4065
7 1683121248 3561 216 3676 3658 3594 3636 3636 3604 4065 4065 4065 4065 4065 4065 4065 4065
8 1683121248 3561 216 3676 3658 3593 3636 3636 3604 4065 4065 4064 4064 4064 4064 4064 4064
9 1683121248 3561 216 3677 3658 3595 3638 3637 3605 4059 4059 4058 4058 4058 4058 4058 4058
10 1683121248 3561 216 3676 3658 3593 3636 3636 3604 4065 4065 4065 4065 4065 4065 4065 4065
11 1683121248 3561 216 3676 3658 3594 3637 3636 3604 4065 4063 4063 4063 4063 4063 4063 4063
12 1683121248 3561 216 3676 3658 3594 3637 3636 3605 4061 4061 4061 4061 4061 4061 4061 4061
13 1683121248 3562 216 3677 3658 3594 3637 3637 3604 4065 4065 4064 4064 4064 4064 4064 4064
14 1683121248 3562 216 3676 3659 3595 3637 3637 3604 4065 4065 4064 4064 4064 4064 4064 4064
15 1683121248 3563 216 3677 3659 3595 3637 3637 3605 4065 4065 4065 4065 4065 4065 4065 4065
16 1683121248 3561 216 3676 3658 3594 3636 3636 3604 4065 4065 4064 4064 4064 4064 4064 4064
17 1683121248 3561 216 3677 3658 3594 3636 3637 3604 4063 4063 4063 4063 4063 4063 4063 4063
18 1683121248 3561 217 3676 3659 3594 3638 3637 3605 4063 4063 4063 4063 4063 4063 4063 4063
19 1683121248 3562 216 3677 3658 3594 3637 3637 3605 4065 4065 4064 4064 4064 4064 4064 4064
20 1683121248 3562 216 3677 3658 3595 3638 3638 3605 4065 4065 4064 4064 4064 4064 4064 4064
21 1683121248 3561 216 3677 3658 3595 3637 3636 3605 4065 4065 4064 4064 4064 4064 4064 4064
22 1683121248 3561 216 3676 3658 3595 3637 3636 3605 4065 4065 4064 4064 4064 4064 4064 4064
23 1683121248 3561 216 3676 3657 3594 3636 3636 3604 4065 4065 4064 4064 4064 4064 4064 4064
24 1683121248 3560 216 3676 3657 3593 3636 3635 3604 4063 4063 4063 4063 4063 4063 4063 4063
25 1683121248 3561 216 3676 3658 3594 3637 3637 3605 4065 4065 4065 4065 4065 4065 4065 4065
26 1683121248 3561 217 3676 3658 3595 3637 3637 3605 4065 4065 4064 4064 4064 4064 4064 4064
27 1683121248 3562 216 3678 3659 3595 3638 3637 3605 4065 4065 4064 4064 4064 4064 4064 4064
28 1683121248 3561 216 3676 3658 3595 3637 3637 3604 4067 4065 4065 4065 4065 4065 4065 4065
29 1683121248 3561 216 3677 3658 3595 3637 3637 3605 4063 4063 4063 4063 4063 4063 4063 4063
30 1683121248 3562 217 3676 3659 3595 3638 3638 3606 4063 4063 4063 4063 4063 4063 4063 4063
31 1683121248 3562 216 3675 3659 3595 3637 3637 3604 4065 4065 4065 4065 4065 4065 4065 4065
32 1683121248 3562 216 3677 3659 3595 3637 3637 3605 4065 4065 4064 4064 4064 4064 4064 4064
33 1683121248 3562 218 3677 3658 3594 3637 3637 3605 4065 4065 4064 4064 4064 4064 4064 4064
34 1683121248 3561 217 3677 3659 3594 3637 3637 3605 4065 4065 4065 4065 4065 4065 4065 4065
35 1683121248 3562 216 3677 3659 3595 3638 3638 3606 4065 4065 4065 4065 4065 4065 4065 4065
36 1683121248 3562 216 3677 3659 3595 3638 3637 3605 4063 4063 4063 4063 4063 4063 4063 4063
37 1683121248 3561 216 3677 3658 3594 3637 3637 3605 4065 4065 4064 4064 4064 4064 4064 4064
38 1683121248 3561 216 3676 3658 3595 3637 3637 3605 4065 4065 4064 4064 4064 4064 4064 4064
39 1683121248 3563 216 3678 3660 3596 3638 3638 3606 4063 4063 4063 4063 4063 4063 4063 4063
40 1683121248 3561 216 3676 3658 3594 3637 3636 3604 4065 4065 4064 4064 4064 4064 4064 4064
41 1683121248 3562 216 3678 3659 3596 3638 3638 3606 4067 4065 4065 4065 4065 4065 4065 4065
42 1683121248 3561 216 3676 3658 3594 3637 3637 3605 4065 4065 4064 4064 4064 4064 4064 4064
43 1683121248 3562 216 3677 3659 3595 3638 3637 3605 4065 4065 4064 4064 4064 4064 4064 4064
44 1683121248 3562 216 3677 3659 3595 3637 3637 3605 4063 4063 4063 4063 4063 4063 4063 4063
45 1683121248 3562 217 3677 3659 3595 3638 3638 3606 4065 4065 4064 4064 4064 4064 4064 4064
46 1683121248 3562 217 3676 3659 3595 3638 3637 3605 4065 4065 4065 4065 4065 4065 4065 4065
47 1683121248 3562 216 3677 3659 3595 3637 3637 3605 4063 4063 4063 4063 4063 4063 4063 4063
48 1683121248 3562 216 3678 3659 3595 3638 3637 3606 4065 4065 4064 4064 4064 4064 4064 4064
49 1683121248 3562 216 3678 3660 3596 3638 3638 3606 4065 4065 4064 4064 4064 4064 4064 4064
50 1683121248 3562 217 3678 3659 3595 3638 3638 3606 4063 4063 4063 4063 4063 4063 4063 4063
51 1683121248 3562 216 3678 3659 3595 3638 3637 3605 4063 4063 4063 4063 4063 4063 4063 4063
52 1683121249 3562 217 3677 3659 3595 3638 3637 3605 4065 4065 4065 4065 4065 4065 4065 4065
53 1683121249 3563 216 3678 3659 3595 3638 3638 3606 4063 4063 4063 4063 4063 4063 4063 4063
54 1683121249 3563 216 3678 3660 3596 3638 3637 3606 4065 4065 4064 4064 4064 4064 4064 4064
55 1683121249 3562 216 3677 3659 3595 3637 3637 3605 4065 4065 4065 4065 4065 4065 4065 4065
56 1683121249 3562 216 3678 3659 3595 3638 3637 3605 4063 4063 4063 4063 4063 4063 4063 4063
57 1683121249 3561 216 3676 3658 3594 3637 3636 3604 4063 4063 4063 4063 4063 4063 4063 4063
58 1683121249 3563 216 3678 3660 3596 3639 3639 3606 4063 4063 4063 4063 4063 4063 4063 4063
59 1683121249 3563 216 3678 3659 3596 3639 3638 3606 4063 4063 4063 4063 4063 4063 4063 4063
60 1683121249 3561 216 3676 3658 3595 3637 3637 3605 4065 4065 4064 4064 4064 4064 4064 4064
61 1683121249 3562 216 3677 3659 3595 3638 3637 3605 4063 4063 4063 4063 4063 4063 4063 4063
62 1683121249 3562 217 3676 3659 3596 3638 3638 3606 4063 4063 4063 4063 4063 4063 4063 4063
63 1683121249 3563 216 3678 3660 3595 3638 3638 3606 4065 4065 4064 4064 4064 4064 4064 4064
64 1683121249 3563 216 3678 3660 3596 3638 3638 3606 4065 4065 4065 4065 4065 4065 4065 4065
65 1683121249 3562 216 3677 3659 3595 3638 3638 3606 4065 4065 4064 4064 4064 4064 4064 4064
66 1683121249 3562 217 3676 3658 3595 3637 3637 3605 4065 4065 4064 4064 4064 4064 4064 4064
67 1683121249 3563 216 3678 3660 3596 3638 3638 3606 4065 4065 4064 4064 4064 4064 4064 4064
68 1683121249 3561 217 3676 3658 3594 3637 3637 3604 4065 4065 4064 4064 4064 4064 4064 4064
69 1683121249 3563 216 3678 3660 3596 3639 3638 3606 4063 4063 4063 4063 4063 4063 4063 4063
70 1683121249 3563 216 3678 3660 3596 3639 3639 3606 4063 4063 4063 4063 4063 4063 4063 4063
71 1683121249 3562 216 3677 3659 3595 3638 3638 3606 4065 4065 4064 4064 4064 4064 4064 4064
72 1683121249 3562 216 3678 3659 3595 3638 3638 3605 4065 4065 4065 4065 4065 4065 4065 4065
73 1683121249 3563 216 3678 3659 3595 3638 3638 3606 4065 4065 4064 4064 4064 4064 4064 4064
74 1683121249 3562 217 3677 3659 3595 3638 3637 3605 4065 4065 4064 4064 4064 4064 4064 4064
75 1683121249 3563 216 3679 3661 3596 3639 3639 3606 4063 4063 4063 4063 4063 4063 4063 4063
76 1683121249 3563 216 3678 3660 3596 3638 3638 3606 4065 4065 4065 4065 4065 4065 4065 4065
77 1683121249 3561 217 3676 3658 3595 3637 3636 3605 4065 4065 4064 4064 4064 4064 4064 4064
78 1683121249 3562 217 3676 3660 3596 3638 3637 3606 4063 4063 4063 4063 4063 4063 4063 4063
79 1683121249 3566 217 3682 3663 3599 3642 3641 3609 4067 4065 4065 4065 4065 4065 4065 4065
80 1683121249 3563 217 3678 3660 3596 3638 3638 3606 4065 4065 4064 4064 4064 4064 4064 4064
81 1683121249 3562 217 3677 3659 3596 3638 3638 3606 4063 4063 4063 4063 4063 4063 4063 4063
82 1683121249 3562 217 3678 3659 3596 3638 3637 3606 4063 4063 4063 4063 4063 4063 4063 4063
83 1683121249 3561 216 3677 3659 3595 3637 3637 3605 4065 4065 4064 4064 4064 4064 4064 4064
84 1683121249 3562 216 3678 3659 3595 3638 3637 3605 4065 4065 4064 4064 4064 4064 4064 4064
85 1683121249 3562 217 3677 3660 3596 3638 3638 3606 4063 4063 4063 4063 4063 4063 4063 4063
86 1683121249 3562 217 3677 3659 3595 3638 3638 3606 4065 4063 4063 4063 4063 4063 4063 4063
87 1683121249 3563 216 3679 3660 3596 3639 3639 3606 4063 4063 4063 4063 4063 4063 4063 4063
88 1683121249 3562 217 3677 3659 3595 3638 3638 3606 4065 4063 4063 4063 4063 4063 4063 4063
89 1683121249 3562 217 3678 3660 3596 3639 3638 3606 4065 4065 4064 4064 4064 4064 4064 4064
90 1683121249 3563 217 3678 3659 3595 3638 3638 3606 4065 4065 4064 4064 4064 4064 4064 4064
91 1683121249 3561 216 3677 3658 3595 3637 3636 3605 4065 4065 4064 4064 4064 4064 4064 4064
92 1683121249 3562 216 3677 3659 3595 3638 3637 3606 4065 4063 4063 4063 4063 4063 4063 4063
93 1683121249 3563 216 3677 3659 3595 3638 3638 3606 4065 4065 4065 4065 4065 4065 4065 4065
94 1683121249 3562 217 3676 3660 3595 3638 3638 3605 4063 4063 4063 4063 4063 4063 4063 4063
95 1683121249 3562 217 3675 3659 3595 3638 3637 3605 4065 4065 4064 4064 4064 4064 4064 4064
96 1683121249 3563 217 3678 3660 3596 3638 3638 3606 4065 4065 4064 4064 4064 4064 4064 4064
97 1683121249 3562 217 3677 3659 3595 3638 3637 3605 4065 4065 4065 4065 4065 4065 4065 4065
98 1683121249 3562 217 3678 3659 3596 3638 3638 3605 4065 4065 4064 4064 4064 4064 4064 4064
99 1683121249 3563 217 3679 3660 3596 3639 3639 3607 4065 4065 4064 4064 4064 4064 4064 4064
100 1683121249 3563 217 3678 3660 3596 3638 3639 3607 4065 4065 4064 4064 4064 4064 4064 4064
101 1683121249 3562 217 3677 3659 3596 3638 3637 3605 4065 4065 4064 4064 4064 4064 4064 4064
102 1683121249 3562 217 3676 3659 3595 3637 3637 3605 4065 4065 4065 4065 4065 4065 4065 4065
103 1683121249 3563 216 3679 3660 3596 3639 3639 3607 4063 4063 4063 4063 4063 4063 4063 4063
104 1683121249 3563 217 3678 3660 3596 3639 3638 3607 4065 4065 4064 4064 4064 4064 4064 4064
105 1683121249 3562 216 3677 3659 3595 3638 3637 3605 4065 4065 4064 4064 4064 4064 4064 4064
106 1683121249 3563 217 3678 3660 3596 3639 3638 3606 4065 4065 4065 4065 4065 4065 4065 4065
107 1683121249 3562 216 3678 3659 3595 3638 3638 3605 4063 4063 4063 4063 4063 4063 4063 4063
108 1683121249 3563 217 3678 3660 3596 3639 3638 3607 4063 4063 4063 4063 4063 4063 4063 4063
109 1683121249 3563 217 3679 3660 3596 3639 3638 3606 4065 4065 4064 4064 4064 4064 4064 4064
110 1683121249 3563 217 3677 3659 3595 3638 3637 3606 4065 4065 4064 4064 4064 4064 4064 4064
111 1683121249 3563 217 3678 3660 3596 3638 3638 3606 4065 4065 4065 4065 4065 4065 4065 4065
112 1683121249 3563 217 3678 3659 3595 3638 3638 3606 4065 4065 4064 4064 4064 4064 4064 4064
113 1683121249 3563 217 3678 3660 3596 3639 3639 3606 4065 4065 4064 4064 4064 4064 4064 4064
114 1683121249 3562 217 3677 3660 3595 3637 3638 3606 4065 4065 4064 4064 4064 4064 4064 4064
115 1683121249 3563 216 3678 3660 3596 3638 3638 3606 4065 4065 4065 4065 4065 4065 4065 4065
116 1683121249 3563 216 3678 3660 3596 3639 3638 3606 4065 4065 4064 4064 4064 4064 4064 4064
117 1683121249 3564 217 3679 3660 3597 3639 3639 3607 4065 4065 4064 4064 4064 4064 4064 4064
118 1683121249 3563 217 3678 3660 3597 3639 3638 3607 4063 4063 4063 4063 4063 4063 4063 4063
119 1683121249 3563 217 3679 3660 3596 3638 3639 3607 4065 4065 4065 4065 4065 4065 4065 4065
120 1683121249 3564 216 3679 3660 3596 3639 3639 3606 4063 4063 4063 4063 4063 4063 4063 4063
121 1683121250 3562 217 3678 3660 3596 3639 3638 3606 4063 4063 4063 4063 4063 4063 4063 4063
122 1683121250 3563 217 3678 3660 3596 3639 3638 3606 4065 4065 4064 4064 4064 4064 4064 4064
123 1683121250 3561 215 3675 3657 3594 3636 3636 3604 4065 4065 4064 4064 4064 4064 4064 4064
124 1683121250 3561 215 3676 3657 3593 3637 3636 3604 4065 4065 4065 4065 4065 4065 4065 4065
125 1683121250 3560 215 3676 3657 3593 3636 3636 3604 4063 4063 4063 4063 4063 4063 4063 4063
126 1683121250 3561 215 3676 3658 3595 3637 3637 3604 4063 4063 4063 4063 4063 4063 4063 4063
127 1683121250 3560 215 3675 3657 3593 3636 3636 3604 4065 4064 4064 4064 4064 4064 4064 4064
128 1683121250 3561 215 3676 3658 3594 3637 3637 3605 4065 4065 4064 4064 4064 4064 4064 4064
129 1683121250 3561 215 3677 3658 3594 3637 3637 3605 4065 4065 4064 4064 4064 4064 4064 4064
130 1683121250 3562 215 3677 3659 3595 3637 3637 3605 4065 4065 4064 4064 4064 4064 4064 4064
131 1683121250 3561 216 3676 3658 3594 3637 3637 3605 4065 4065 4064 4064 4064 4064 4064 4064
132 1683121250 3561 215 3676 3658 3594 3636 3636 3604 4065 4065 4064 4064 4064 4064 4064 4064
133 1683121250 3560 216 3676 3657 3594 3636 3636 3604 4065 4065 4064 4064 4064 4064 4064 4064
134 1683121250 3560 215 3675 3657 3593 3636 3636 3604 4065 4065 4064 4064 4064 4064 4064 4064
135 1683121250 3561 215 3677 3658 3594 3637 3637 3605 4063 4063 4063 4063 4063 4063 4063 4063
136 1683121250 3562 215 3677 3658 3595 3637 3637 3605 4063 4063 4062 4062 4062 4062 4062 4062
137 1683121250 3561 215 3677 3658 3594 3637 3636 3604 4065 4065 4064 4064 4064 4064 4064 4064
138 1683121250 3561 215 3676 3657 3593 3636 3636 3604 4065 4065 4064 4064 4064 4064 4064 4064
139 1683121250 3561 216 3676 3658 3594 3637 3636 3604 4065 4063 4063 4063 4063 4063 4063 4063
140 1683121250 3560 215 3675 3657 3593 3636 3635 3603 4065 4065 4064 4064 4064 4064 4064 4064
141 1683121250 3560 215 3676 3657 3593 3636 3636 3604 4065 4065 4064 4064 4064 4064 4064 4064
142 1683121250 3561 215 3676 3657 3593 3637 3636 3604 4063 4063 4063 4063 4063 4063 4063 4063
143 1683121250 3560 215 3675 3658 3594 3637 3636 3604 4065 4065 4064 4064 4064 4064 4064 4064
144 1683121250 3561 215 3676 3658 3594 3636 3636 3604 4065 4065 4065 4065 4065 4065 4065 4065
145 1683121250 3560 215 3676 3658 3594 3636 3636 3604 4065 4065 4064 4064 4064 4064 4064 4064
146 1683121250 3561 215 3676 3658 3594 3637 3637 3605 4065 4065 4064 4064 4064 4064 4064 4064
147 1683121250 3561 216 3676 3658 3593 3636 3636 3604 4065 4065 4064 4064 4064 4064 4064 4064
148 1683121250 3561 215 3677 3659 3595 3637 3636 3604 4063 4063 4063 4063 4063 4063 4063 4063
149 1683121250 3561 215 3676 3658 3594 3636 3636 3604 4063 4063 4063 4063 4063 4063 4063 4063
150 1683121250 3562 215 3678 3659 3595 3638 3637 3605 4065 4065 4065 4065 4065 4065 4065 4065
151 1683121250 3560 216 3675 3657 3594 3636 3636 3604 4065 4065 4064 4064 4064 4064 4064 4064
152 1683121250 3560 215 3676 3657 3594 3636 3636 3604 4065 4065 4064 4064 4064 4064 4064 4064
153 1683121250 3561 216 3677 3658 3595 3637 3637 3605 4065 4065 4064 4064 4064 4064 4064 4064
154 1683121250 3561 215 3676 3658 3594 3637 3636 3604 4063 4063 4063 4063 4063 4063 4063 4063
155 1683121250 3562 215 3677 3659 3595 3637 3637 3605 4061 4061 4061 4061 4061 4061 4061 4061
156 1683121250 3561 215 3676 3658 3595 3637 3637 3604 4065 4065 4065 4065 4065 4065 4065 4065
157 1683121250 3561 215 3677 3657 3594 3636 3636 3604 4063 4063 4063 4063 4063 4063 4063 4063
158 1683121250 3561 215 3676 3658 3594 3637 3636 3604 4065 4065 4064 4064 4064 4064 4064 4064
159 1683121250 3561 215 3675 3658 3595 3638 3637 3605 4065 4065 4064 4064 4064 4064 4064 4064
160 1683121250 3561 215 3674 3657 3593 3636 3635 3603 4063 4063 4063 4063 4063 4063 4063 4063
161 1683121250 3560 215 3675 3657 3593 3636 3635 3604 4065 4065 4064 4064 4064 4064 4064 4064
162 1683121250 3561 217 3677 3658 3594 3637 3637 3605 4065 4065 4065 4065 4065 4065 4065 4065
163 1683121250 3561 216 3676 3658 3594 3637 3637 3604 4065 4065 4065 4065 4065 4065 4065 4065
164 1683121250 3562 215 3677 3658 3595 3637 3637 3605 4065 4063 4063 4063 4063 4063 4063 4063
165 1683121250 3561 215 3677 3657 3594 3636 3636 3603 4063 4063 4063 4063 4063 4063 4063 4063
166 1683121250 3561 215 3676 3658 3594 3637 3637 3604 4065 4065 4064 4064 4064 4064 4064 4064
167 1683121258 3560 215 3676 3657 3593 3635 3635 3603 4065 4065 4064 4064 4064 4064 4064 4064
168 1683121258 3560 215 3675 3657 3593 3636 3635 3603 4065 4065 4064 4064 4064 4064 4064 4064
169 1683121258 3561 215 3676 3658 3594 3636 3636 3604 4065 4065 4064 4064 4064 4064 4064 4064
170 1683121258 3560 216 3675 3657 3593 3636 3635 3603 4065 4065 4064 4064 4064 4064 4064 4064
171 1683121258 3561 215 3676 3657 3594 3636 3636 3604 4063 4063 4063 4063 4063 4063 4063 4063
172 1683121258 3561 216 3677 3658 3594 3637 3637 3605 4065 4065 4064 4064 4064 4064 4064 4064
173 1683121258 3562 216 3678 3659 3596 3638 3638 3606 4067 4065 4065 4065 4065 4065 4065 4065
174 1683121258 3562 216 3677 3658 3594 3637 3636 3605 4063 4063 4063 4063 4063 4063 4063 4063
175 1683121258 3561 215 3676 3658 3594 3637 3636 3604 4061 4061 4061 4061 4061 4061 4061 4061
176 1683121258 3561 216 3676 3657 3594 3637 3636 3604 4065 4064 4064 4064 4064 4064 4064 4064
177 1683121258 3561 215 3677 3658 3594 3637 3637 3604 4065 4065 4064 4064 4064 4064 4064 4064
178 1683121258 3561 216 3676 3658 3594 3637 3636 3604 4063 4063 4063 4063 4063 4063 4063 4063
179 1683121258 3561 215 3677 3658 3594 3637 3637 3605 4065 4065 4064 4064 4064 4064 4064 4064
180 1683121258 3561 215 3677 3657 3593 3636 3636 3603 4065 4065 4064 4064 4064 4064 4064 4064
181 1683121258 3561 216 3676 3658 3595 3637 3637 3604 4063 4063 4063 4063 4063 4063 4063 4063
182 1683121258 3561 216 3676 3658 3594 3637 3637 3605 4065 4065 4065 4065 4065 4065 4065 4065
183 1683121258 3562 215 3677 3658 3595 3637 3637 3605 4065 4065 4064 4064 4064 4064 4064 4064
184 1683121258 3562 215 3677 3658 3594 3637 3637 3605 4065 4065 4064 4064 4064 4064 4064 4064
185 1683121258 3562 216 3676 3658 3594 3637 3636 3605 4065 4065 4064 4064 4064 4064 4064 4064
186 1683121258 3561 216 3676 3657 3594 3636 3636 3604 4063 4063 4063 4063 4063 4063 4063 4063
187 1683121258 3562 216 3678 3659 3595 3638 3637 3606 4065 4065 4064 4064 4064 4064 4064 4064
188 1683121258 3562 215 3677 3658 3594 3637 3637 3605 4065 4065 4064 4064 4064 4064 4064 4064
189 1683121258 3561 215 3676 3658 3594 3636 3636 3605 4065 4065 4064 4064 4064 4064 4064 4064
190 1683121258 3560 216 3675 3658 3594 3636 3636 3604 4065 4065 4064 4064 4064 4064 4064 4064
191 1683121258 3562 216 3677 3658 3595 3638 3637 3605 4065 4065 4064 4064 4064 4064 4064 4064
192 1683121258 3562 215 3677 3658 3595 3637 3637 3605 4065 4065 4064 4064 4064 4064 4064 4064
193 1683121258 3562 215 3677 3659 3595 3637 3637 3605 4065 4065 4064 4064 4064 4064 4064 4064
194 1683121258 3562 216 3677 3659 3595 3637 3637 3605 4065 4065 4064 4064 4064 4064 4064 4064
195 1683121258 3562 216 3678 3659 3595 3638 3637 3605 4065 4065 4065 4065 4065 4065 4065 4065
196 1683121258 3562 215 3677 3659 3595 3638 3638 3606 4065 4065 4064 4064 4064 4064 4064 4064
197 1683121258 3563 215 3678 3660 3596 3638 3638 3606 4065 4065 4064 4064 4064 4064 4064 4064
198 1683121258 3562 216 3677 3659 3595 3637 3637 3605 4065 4065 4064 4064 4064 4064 4064 4064
199 1683121258 3561 215 3676 3658 3594 3636 3636 3604 4065 4065 4064 4064 4064 4064 4064 4064
200 1683121258 3562 215 3677 3658 3594 3637 3637 3605 4065 4065 4064 4064 4064 4064 4064 4064
201 1683121258 3561 216 3677 3658 3595 3637 3637 3605 4063 4063 4063 4063 4063 4063 4063 4063
202 1683121258 3562 216 3677 3658 3594 3637 3636 3605 4065 4065 4064 4064 4064 4064 4064 4064
203 1683121258 3561 216 3677 3658 3594 3637 3637 3605 4063 4063 4063 4063 4063 4063 4063 4063
204 1683121258 3561 216 3677 3658 3595 3637 3637 3605 4065 4065 4064 4064 4064 4064 4064 4064
205 1683121258 3562 216 3677 3659 3595 3638 3638 3606 4065 4065 4064 4064 4064 4064 4064 4064
206 1683121258 3562 216 3677 3658 3594 3637 3637 3605 4065 4065 4065 4065 4065 4065 4065 4065
207 1683121258 3562 215 3678 3659 3595 3638 3637 3605 4065 4065 4065 4065 4065 4065 4065 4065
208 1683121258 3561 215 3677 3658 3594 3637 3636 3605 4065 4065 4064 4064 4064 4064 4064 4064
209 1683121258 3562 215 3677 3659 3595 3638 3638 3606 4065 4065 4065 4065 4065 4065 4065 4065
210 1683121258 3562 216 3678 3659 3596 3638 3637 3606 4063 4063 4063 4063 4063 4063 4063 4063
211 1683121258 3562 215 3678 3659 3596 3638 3638 3606 4063 4063 4062 4062 4062 4062 4062 4062
212 1683121258 3561 216 3677 3658 3594 3637 3637 3605 4065 4065 4065 4065 4065 4065 4065 4065
213 1683121258 3561 215 3676 3658 3594 3637 3636 3604 4065 4065 4064 4064 4064 4064 4064 4064
214 1683121258 3562 216 3677 3659 3595 3637 3637 3605 4065 4065 4064 4064 4064 4064 4064 4064
215 1683121258 3560 216 3676 3658 3594 3637 3636 3604 4063 4063 4063 4063 4063 4063 4063 4063
216 1683121258 3561 216 3677 3659 3595 3637 3637 3605 4065 4065 4064 4064 4064 4064 4064 4064
217 1683121258 3562 216 3677 3659 3595 3637 3637 3605 4065 4065 4064 4064 4064 4064 4064 4064
218 1683121259 3563 216 3678 3660 3595 3638 3637 3605 4065 4065 4064 4064 4064 4064 4064 4064
219 1683121259 3562 216 3678 3659 3595 3638 3638 3606 4065 4065 4064 4064 4064 4064 4064 4064
220 1683121259 3561 216 3676 3658 3594 3636 3636 3604 4065 4065 4064 4064 4064 4064 4064 4064
221 1683121259 3562 216 3676 3659 3595 3637 3637 3605 4065 4065 4064 4064 4064 4064 4064 4064
222 1683121259 3562 216 3677 3659 3595 3637 3637 3605 4065 4065 4064 4064 4064 4064 4064 4064
223 1683121259 3562 215 3678 3659 3595 3638 3637 3606 4065 4065 4064 4064 4064 4064 4064 4064
224 1683121259 3562 216 3677 3659 3595 3637 3637 3605 4065 4065 4064 4064 4064 4064 4064 4064
225 1683121259 3562 217 3678 3659 3595 3638 3637 3605 4065 4065 4064 4064 4064 4064 4064 4064
226 1683121259 3562 216 3677 3659 3595 3637 3637 3605 4065 4065 4065 4065 4065 4065 4065 4065
227 1683121259 3562 215 3677 3659 3594 3638 3637 3605 4065 4065 4064 4064 4064 4064 4064 4064
228 1683121259 3562 216 3677 3659 3595 3638 3638 3606 4065 4065 4064 4064 4064 4064 4064 4064
229 1683121259 3561 216 3676 3658 3594 3637 3637 3605 4065 4065 4064 4064 4064 4064 4064 4064
230 1683121259 3562 216 3677 3659 3595 3638 3637 3606 4063 4063 4063 4063 4063 4063 4063 4063
231 1683121259 3562 215 3677 3659 3595 3637 3637 3605 4063 4063 4063 4063 4063 4063 4063 4063
232 1683121259 3562 216 3677 3658 3594 3637 3637 3605 4065 4065 4064 4064 4064 4064 4064 4064
233 1683121259 3562 217 3677 3659 3595 3638 3637 3606 4063 4063 4063 4063 4063 4063 4063 4063
234 1683121259 3563 216 3678 3659 3596 3638 3638 3606 4063 4063 4063 4063 4063 4063 4063 4063
235 1683121259 3562 215 3678 3659 3595 3637 3638 3606 4065 4065 4065 4065 4065 4065 4065 4065
236 1683121259 3562 216 3677 3659 3596 3638 3638 3606 4063 4063 4063 4063 4063 4063 4063 4063
237 1683121259 3562 216 3678 3659 3595 3638 3638 3606 4065 4065 4064 4064 4064 4064 4064 4064
238 1683121259 3562 216 3678 3659 3595 3638 3638 3605 4065 4065 4065 4065 4065 4065 4065 4065
239 1683121259 3562 216 3678 3659 3595 3638 3637 3606 4063 4063 4063 4063 4063 4063 4063 4063
240 1683121259 3561 216 3677 3659 3595 3638 3638 3605 4063 4063 4063 4063 4063 4063 4063 4063
241 1683121259 3562 217 3678 3659 3595 3638 3638 3605 4065 4065 4065 4065 4065 4065 4065 4065
242 1683121259 3563 216 3678 3660 3596 3638 3638 3606 4065 4065 4065 4065 4065 4065 4065 4065
243 1683121259 3562 216 3678 3659 3595 3639 3638 3606 4065 4065 4065 4065 4065 4065 4065 4065
244 1683121259 3562 216 3677 3658 3594 3637 3637 3605 4065 4065 4064 4064 4064 4064 4064 4064
245 1683121259 3563 216 3678 3660 3596 3639 3639 3607 4067 4065 4065 4065 4065 4065 4065 4065
246 1683121259 3562 216 3677 3659 3595 3638 3638 3606 4065 4065 4064 4064 4064 4064 4064 4064
247 1683121259 3562 215 3678 3659 3594 3637 3637 3605 4065 4065 4065 4065 4065 4065 4065 4065
248 1683121259 3562 216 3677 3659 3595 3638 3637 3605 4065 4065 4064 4064 4064 4064 4064 4064
249 1683121259 3562 215 3677 3659 3595 3638 3637 3605 4063 4063 4063 4063 4063 4063 4063 4063
250 1683121259 3561 216 3677 3659 3595 3638 3637 3606 4065 4065 4064 4064 4064 4064 4064 4064
251 1683121259 3562 216 3677 3658 3595 3637 3637 3605 4065 4065 4065 4065 4065 4065 4065 4065
252 1683121259 3562 216 3677 3659 3595 3638 3637 3605 4065 4065 4064 4064 4064 4064 4064 4064
253 1683121259 3563 216 3679 3660 3596 3639 3638 3606 4065 4063 4063 4063 4063 4063 4063 4063
254 1683121259 3561 216 3677 3659 3595 3638 3638 3606 4063 4063 4063 4063 4063 4063 4063 4063
255 1683121259 3563 216 3678 3659 3596 3639 3638 3607 4065 4065 4064 4064 4064 4064 4064 4064
256 1683121259 3563 216 3679 3660 3596 3639 3638 3606 4065 4065 4064 4064 4064 4064 4064 4064
257 1683121259 3563 217 3678 3659 3595 3638 3637 3606 4063 4063 4063 4063 4063 4063 4063 4063
258 1683121259 3563 216 3679 3659 3596 3639 3639 3607 4065 4065 4064 4064 4064 4064 4064 4064
259 1683121259 3563 216 3678 3660 3596 3639 3639 3606 4065 4065 4064 4064 4064 4064 4064 4064
260 1683121259 3562 216 3677 3659 3595 3638 3638 3605 4065 4065 4064 4064 4064 4064 4064 4064
261 1683121259 3563 216 3678 3660 3596 3638 3638 3606 4065 4065 4064 4064 4064 4064 4064 4064
262 1683121259 3562 216 3677 3659 3594 3638 3637 3605 4063 4063 4063 4063 4063 4063 4063 4063
263 1683121259 3563 217 3678 3659 3595 3638 3638 3606 4063 4063 4063 4063 4063 4063 4063 4063
264 1683121259 3563 216 3678 3659 3595 3638 3638 3606 4065 4065 4064 4064 4064 4064 4064 4064
265 1683121259 3562 217 3678 3659 3596 3639 3638 3607 4063 4063 4063 4063 4063 4063 4063 4063
266 1683121259 3563 216 3679 3660 3596 3639 3639 3606 4065 4065 4064 4064 4064 4064 4064 4064
267 1683121259 3562 216 3678 3659 3595 3638 3638 3606 4065 4064 4064 4064 4064 4064 4064 4064
268 1683121259 3562 216 3677 3659 3596 3639 3638 3606 4065 4065 4065 4065 4065 4065 4065 4065
269 1683121259 3564 216 3678 3660 3596 3638 3638 3606 4063 4063 4063 4063 4063 4063 4063 4063
270 1683121259 3563 216 3678 3659 3595 3638 3638 3606 4065 4065 4064 4064 4064 4064 4064 4064
271 1683121259 3562 217 3678 3659 3595 3639 3638 3606 4063 4063 4063 4063 4063 4063 4063 4063
272 1683121259 3561 216 3677 3659 3595 3638 3638 3606 4063 4063 4063 4063 4063 4063 4063 4063
273 1683121259 3563 217 3678 3660 3596 3639 3638 3606 4065 4065 4064 4064 4064 4064 4064 4064
274 1683121259 3562 216 3677 3659 3595 3638 3637 3606 4063 4063 4063 4063 4063 4063 4063 4063
275 1683121259 3563 216 3678 3660 3596 3638 3638 3606 4065 4065 4064 4064 4064 4064 4064 4064
276 1683121259 3562 216 3677 3659 3595 3638 3638 3606 4063 4063 4063 4063 4063 4063 4063 4063
277 1683121259 3563 216 3678 3660 3596 3638 3638 3606 4065 4065 4064 4064 4064 4064 4064 4064
278 1683121259 3563 216 3679 3660 3596 3639 3638 3607 4063 4063 4063 4063 4063 4063 4063 4063
279 1683121259 3564 216 3678 3660 3596 3639 3639 3607 4065 4065 4064 4064 4064 4064 4064 4064
280 1683121259 3563 216 3679 3660 3596 3639 3638 3606 4065 4065 4064 4064 4064 4064 4064 4064
281 1683121259 3562 216 3678 3659 3595 3638 3638 3605 4065 4065 4064 4064 4064 4064 4064 4064
282 1683121259 3563 216 3678 3659 3596 3638 3638 3606 4063 4063 4063 4063 4063 4063 4063 4063
283 1683121259 3563 217 3678 3660 3596 3639 3639 3607 4063 4063 4063 4063 4063 4063 4063 4063
284 1683121259 3563 216 3677 3660 3597 3639 3639 3607 4065 4065 4064 4064 4064 4064 4064 4064
285 1683121259 3562 216 3676 3659 3596 3638 3638 3606 4063 4063 4063 4063 4063 4063 4063 4063
286 1683121259 3563 216 3675 3659 3595 3638 3637 3605 4065 4065 4064 4064 4064 4064 4064 4064
287 1683121259 3563 216 3678 3659 3595 3638 3638 3606 4063 4063 4063 4063 4063 4063 4063 4063
288 1683121259 3563 218 3678 3660 3596 3638 3638 3606 4065 4065 4064 4064 4064 4064 4064 4064
289 1683121259 3562 217 3678 3660 3596 3639 3638 3606 4065 4065 4064 4064 4064 4064 4064 4064
290 1683121259 3563 216 3678 3659 3596 3638 3638 3606 4065 4065 4064 4064 4064 4064 4064 4064
291 1683121259 3562 216 3678 3659 3596 3638 3638 3606 4065 4065 4064 4064 4064 4064 4064 4064
292 1683121259 3563 216 3678 3660 3596 3639 3638 3606 4065 4065 4064 4064 4064 4064 4064 4064
293 1683121259 3562 216 3677 3659 3595 3638 3638 3606 4065 4065 4064 4064 4064 4064 4064 4064
294 1683121259 3563 216 3679 3660 3596 3638 3638 3606 4063 4063 4063 4063 4063 4063 4063 4063
295 1683121259 3563 216 3678 3660 3595 3638 3638 3606 4065 4065 4065 4065 4065 4065 4065 4065
296 1683121260 3563 216 3679 3660 3596 3639 3638 3607 4065 4063 4063 4063 4063 4063 4063 4063
297 1683121260 3563 216 3679 3661 3596 3639 3638 3607 4065 4065 4064 4064 4064 4064 4064 4064
298 1683121260 3564 216 3679 3660 3596 3638 3638 3606 4065 4065 4064 4064 4064 4064 4064 4064
299 1683121260 3563 216 3678 3660 3596 3639 3638 3606 4063 4063 4063 4063 4063 4063 4063 4063
300 1683121260 3564 216 3679 3661 3597 3639 3639 3607 4063 4063 4063 4063 4063 4063 4063 4063
301 1683121260 3563 216 3678 3660 3596 3639 3639 3607 4065 4065 4065 4065 4065 4065 4065 4065
302 1683121260 3562 216 3678 3660 3596 3638 3638 3606 4065 4065 4065 4065 4065 4065 4065 4065
303 1683121260 3562 216 3678 3659 3595 3638 3638 3606 4063 4063 4063 4063 4063 4063 4063 4063
304 1683121260 3561 216 3677 3659 3595 3638 3638 3606 4065 4065 4064 4064 4064 4064 4064 4064
305 1683121260 3564 217 3679 3661 3597 3639 3639 3607 4065 4065 4064 4064 4064 4064 4064 4064
306 1683121260 3562 216 3677 3659 3596 3638 3638 3606 4065 4065 4065 4065 4065 4065 4065 4065
307 1683121260 3563 216 3678 3661 3596 3640 3639 3607 4063 4063 4063 4063 4063 4063 4063 4063
308 1683121260 3562 216 3678 3659 3596 3638 3638 3606 4063 4063 4063 4063 4063 4063 4063 4063
309 1683121260 94 215 3680 3662 3599 3641 3640 1377 4065 4065 4064 4064 4064 4064 4064 4064
310 1683121260 3564 216 3679 3660 3596 3639 3639 3607 4065 4065 4064 4064 4064 4064 4064 4064
311 1683121260 3563 217 3678 3660 3596 3639 3639 3606 4065 4065 4064 4064 4064 4064 4064 4064
312 1683121260 3564 216 3679 3661 3597 3639 3639 3607 4065 4065 4065 4065 4065 4065 4065 4065
313 1683121260 3563 216 3679 3660 3597 3639 3639 3607 4063 4063 4063 4063 4063 4063 4063 4063
314 1683121260 3563 216 3679 3660 3596 3639 3639 3606 4063 4063 4063 4063 4063 4063 4063 4063
315 1683121260 3564 216 3678 3660 3596 3639 3639 3607 4065 4065 4064 4064 4064 4064 4064 4064
316 1683121260 3562 216 3677 3659 3595 3638 3638 3606 4063 4063 4063 4063 4063 4063 4063 4063
317 1683121260 3562 217 3678 3659 3596 3639 3638 3606 4065 4065 4064 4064 4064 4064 4064 4064
318 1683121260 3563 216 3678 3660 3596 3638 3638 3606 4065 4064 4064 4064 4064 4064 4064 4064
319 1683121260 3563 216 3678 3660 3596 3639 3638 3607 4063 4063 4063 4063 4063 4063 4063 4063
320 1683121260 3563 218 3679 3660 3596 3639 3639 3607 4063 4063 4063 4063 4063 4063 4063 4063
321 1683121260 3563 217 3678 3660 3596 3639 3638 3607 4063 4063 4063 4063 4063 4063 4063 4063
322 1683121260 3563 216 3678 3660 3596 3639 3638 3607 4063 4063 4063 4063 4063 4063 4063 4063
323 1683121260 3562 216 3678 3659 3595 3638 3637 3606 4063 4063 4063 4063 4063 4063 4063 4063
324 1683121260 3563 217 3678 3660 3596 3639 3639 3607 4065 4065 4064 4064 4064 4064 4064 4064
325 1683121260 3564 216 3680 3661 3597 3639 3639 3607 4065 4065 4064 4064 4064 4064 4064 4064
326 1683121260 3563 216 3679 3660 3596 3639 3639 3607 4065 4065 4064 4064 4064 4064 4064 4064
327 1683121260 3563 217 3678 3660 3596 3639 3638 3606 4065 4065 4064 4064 4064 4064 4064 4064
328 1683121260 3563 217 3678 3659 3595 3638 3638 3606 4065 4065 4065 4065 4065 4065 4065 4065
329 1683121260 3563 217 3678 3660 3596 3639 3638 3606 4065 4065 4064 4064 4064 4064 4064 4064
330 1683121260 3564 216 3679 3660 3597 3639 3639 3607 4065 4065 4065 4065 4065 4065 4065 4065
331 1683121260 3563 216 3678 3660 3596 3639 3639 3607 4065 4065 4064 4064 4064 4064 4064 4064
332 1683121260 3563 216 3678 3660 3595 3638 3638 3606 4063 4063 4063 4063 4063 4063 4063 4063
333 1683121260 3564 217 3679 3660 3597 3639 3639 3606 4063 4063 4062 4062 4062 4062 4062 4062
334 1683121260 3563 216 3678 3659 3595 3638 3638 3606 4063 4063 4063 4063 4063 4063 4063 4063
335 1683121260 3563 216 3678 3660 3597 3639 3638 3607 4065 4065 4064 4064 4064 4064 4064 4064
336 1683121260 3563 218 3678 3660 3596 3639 3639 3607 4061 4061 4061 4061 4061 4061 4061 4061
337 1683121260 3562 217 3677 3659 3595 3637 3637 3606 4063 4063 4063 4063 4063 4063 4063 4063
338 1683121260 3563 217 3678 3659 3596 3639 3638 3606 4063 4063 4063 4063 4063 4063 4063 4063
339 1683121260 3563 217 3678 3660 3597 3639 3639 3607 4065 4065 4064 4064 4064 4064 4064 4064
340 1683121260 3563 216 3679 3661 3597 3640 3639 3607 4063 4063 4063 4063 4063 4063 4063 4063
341 1683121260 3563 217 3678 3660 3596 3638 3638 3606 4065 4063 4063 4063 4063 4063 4063 4063
342 1683121260 3564 216 3679 3661 3597 3640 3639 3607 4065 4065 4064 4064 4064 4064 4064 4064
343 1683121260 3563 216 3678 3660 3596 3639 3638 3606 4065 4065 4064 4064 4064 4064 4064 4064
344 1683121260 3563 217 3679 3660 3597 3640 3639 3607 4063 4063 4063 4063 4063 4063 4063 4063
345 1683121260 3564 217 3679 3661 3597 3640 3639 3607 4065 4065 4064 4064 4064 4064 4064 4064
346 1683121260 3563 216 3679 3661 3596 3640 3639 3607 4065 4065 4064 4064 4064 4064 4064 4064
347 1683121260 3563 217 3678 3661 3597 3639 3639 3608 4063 4063 4063 4063 4063 4063 4063 4063
348 1683121260 3564 217 3677 3661 3597 3639 3638 3606 4063 4063 4063 4063 4063 4063 4063 4063
349 1683121260 3563 217 3678 3660 3596 3639 3639 3607 4065 4065 4064 4064 4064 4064 4064 4064
350 1683121260 3563 217 3679 3661 3596 3640 3640 3607 4065 4065 4064 4064 4064 4064 4064 4064
351 1683121260 3564 217 3678 3660 3597 3639 3638 3607 4065 4065 4064 4064 4064 4064 4064 4064
352 1683121260 3563 218 3679 3660 3596 3639 3638 3607 4063 4063 4063 4063 4063 4063 4063 4063
353 1683121260 3564 217 3679 3660 3597 3640 3639 3606 4065 4065 4064 4064 4064 4064 4064 4064
354 1683121260 3562 217 3678 3660 3596 3639 3638 3607 4065 4065 4064 4064 4064 4064 4064 4064
355 1683121260 3564 217 3680 3661 3597 3640 3639 3608 4063 4063 4063 4063 4063 4063 4063 4063
356 1683121260 3563 216 3679 3660 3597 3639 3639 3607 4063 4063 4063 4063 4063 4063 4063 4063
357 1683121260 3563 217 3678 3660 3596 3638 3638 3606 4065 4065 4064 4064 4064 4064 4064 4064
358 1683121260 3563 216 3678 3660 3596 3639 3638 3606 4065 4065 4064 4064 4064 4064 4064 4064
359 1683121260 3563 217 3679 3660 3596 3639 3639 3607 4065 4065 4064 4064 4064 4064 4064 4064
360 1683121260 3564 217 3680 3662 3598 3640 3640 3607 4065 4065 4064 4064 4064 4064 4064 4064
361 1683121260 3563 217 3678 3660 3596 3639 3638 3606 4065 4065 4064 4064 4064 4064 4064 4064
362 1683121260 3563 217 3679 3660 3596 3638 3639 3607 4063 4063 4063 4063 4063 4063 4063 4063
363 1683121260 3563 217 3678 3661 3597 3639 3639 3607 4067 4065 4065 4065 4065 4065 4065 4065
364 1683121260 3564 217 3679 3660 3597 3639 3639 3607 4065 4065 4064 4064 4064 4064 4064 4064
365 1683121260 3563 217 3679 3660 3597 3639 3638 3607 4065 4065 4065 4065 4065 4065 4065 4065
366 1683121260 3564 217 3679 3661 3598 3640 3640 3608 4065 4065 4064 4064 4064 4064 4064 4064
367 1683121260 3564 217 3680 3661 3598 3640 3640 3608 4065 4065 4064 4064 4064 4064 4064 4064
368 1683121260 3564 217 3680 3661 3597 3640 3639 3608 4067 4065 4065 4065 4065 4065 4065 4065
369 1683121260 3565 217 3680 3662 3598 3641 3640 3608 4065 4065 4064 4064 4064 4064 4064 4064
370 1683121260 3564 216 3679 3661 3596 3639 3639 3607 4065 4065 4064 4064 4064 4064 4064 4064
371 1683121260 3563 217 3678 3660 3596 3639 3639 3607 4065 4065 4064 4064 4064 4064 4064 4064
372 1683121261 3564 216 3679 3661 3597 3640 3639 3607 4063 4063 4063 4063 4063 4063 4063 4063
373 1683121261 3564 217 3679 3661 3597 3639 3639 3607 4063 4063 4063 4063 4063 4063 4063 4063
374 1683121261 3564 217 3679 3661 3597 3640 3639 3607 4065 4065 4064 4064 4064 4064 4064 4064
375 1683121261 3564 216 3679 3661 3597 3639 3639 3607 4065 4065 4064 4064 4064 4064 4064 4064
376 1683121261 3564 216 3679 3660 3596 3639 3638 3607 4065 4065 4064 4064 4064 4064 4064 4064
377 1683121261 3564 217 3679 3661 3597 3639 3639 3607 4065 4065 4064 4064 4064 4064 4064 4064
378 1683121261 3561 215 3677 3658 3595 3637 3636 3605 4065 4065 4064 4064 4064 4064 4064 4064
379 1683121261 3561 215 3677 3658 3594 3637 3637 3605 4065 4065 4064 4064 4064 4064 4064 4064
380 1683121261 3561 215 3677 3658 3594 3637 3637 3604 4065 4065 4064 4064 4064 4064 4064 4064
381 1683121261 3562 215 3676 3659 3595 3638 3637 3605 4065 4065 4065 4065 4065 4065 4065 4065
382 1683121261 3561 216 3677 3659 3595 3637 3637 3605 4065 4065 4064 4064 4064 4064 4064 4064
383 1683121261 3562 215 3678 3659 3595 3637 3637 3605 4065 4065 4064 4064 4064 4064 4064 4064
384 1683121261 3562 216 3677 3659 3595 3638 3637 3605 4063 4063 4063 4063 4063 4063 4063 4063
385 1683121261 3562 215 3676 3658 3594 3637 3636 3604 4065 4065 4064 4064 4064 4064 4064 4064
386 1683121261 3562 216 3677 3658 3595 3637 3637 3605 4065 4065 4064 4064 4064 4064 4064 4064
387 1683121261 3561 215 3676 3658 3594 3637 3636 3604 4065 4065 4064 4064 4064 4064 4064 4064
388 1683121261 3561 215 3677 3659 3595 3638 3637 3605 4065 4065 4065 4065 4065 4065 4065 4065
389 1683121261 3562 215 3678 3659 3595 3638 3638 3606 4063 4063 4063 4063 4063 4063 4063 4063
390 1683121261 3561 215 3677 3659 3594 3637 3637 3605 4065 4065 4064 4064 4064 4064 4064 4064
391 1683121261 3561 215 3677 3659 3595 3638 3637 3605 4063 4063 4063 4063 4063 4063 4063 4063
392 1683121261 3562 215 3678 3659 3595 3638 3637 3606 4065 4065 4065 4065 4065 4065 4065 4065
393 1683121261 3562 215 3677 3659 3595 3637 3637 3605 4065 4065 4064 4064 4064 4064 4064 4064
394 1683121261 3561 216 3676 3657 3594 3636 3636 3604 4065 4065 4064 4064 4064 4064 4064 4064
395 1683121261 3562 215 3677 3659 3595 3638 3637 3605 4065 4065 4064 4064 4064 4064 4064 4064
396 1683121261 3561 216 3677 3658 3594 3637 3637 3605 4065 4065 4064 4064 4064 4064 4064 4064
397 1683121261 3562 215 3677 3659 3595 3638 3638 3606 4063 4063 4063 4063 4063 4063 4063 4063
398 1683121261 3562 215 3678 3659 3595 3638 3637 3605 4065 4065 4065 4065 4065 4065 4065 4065
399 1683121261 3562 215 3678 3659 3596 3638 3637 3606 4065 4065 4064 4064 4064 4064 4064 4064
400 1683121261 3562 215 3677 3659 3594 3638 3637 3605 4065 4065 4065 4065 4065 4065 4065 4065
401 1683121261 3562 215 3677 3659 3595 3638 3637 3605 4065 4065 4065 4065 4065 4065 4065 4065
402 1683121261 3562 216 3677 3659 3595 3637 3637 3605 4063 4063 4063 4063 4063 4063 4063 4063
403 1683121261 3561 215 3676 3658 3594 3636 3636 3604 4063 4063 4063 4063 4063 4063 4063 4063
404 1683121261 3563 215 3678 3660 3596 3638 3638 3606 4063 4063 4063 4063 4063 4063 4063 4063
405 1683121261 3561 215 3676 3659 3594 3637 3637 3605 4065 4065 4064 4064 4064 4064 4064 4064
406 1683121261 3563 215 3678 3659 3595 3638 3638 3606 4065 4065 4065 4065 4065 4065 4065 4065
407 1683121261 3563 215 3678 3659 3595 3638 3637 3605 4065 4065 4065 4065 4065 4065 4065 4065
408 1683121261 3562 215 3678 3659 3595 3638 3638 3606 4065 4065 4064 4064 4064 4064 4064 4064
409 1683121269 3560 216 3676 3657 3594 3636 3635 3603 4065 4065 4065 4065 4065 4065 4065 4065
410 1683121269 3561 215 3677 3658 3594 3636 3636 3605 4065 4065 4064 4064 4064 4064 4064 4064
411 1683121269 3560 215 3676 3658 3594 3636 3636 3604 4065 4065 4065 4065 4065 4065 4065 4065
412 1683121269 3562 215 3676 3659 3595 3638 3638 3606 4065 4065 4065 4065 4065 4065 4065 4065
413 1683121269 3561 215 3675 3658 3593 3636 3636 3604 4065 4065 4065 4065 4065 4065 4065 4065
414 1683121269 3561 215 3674 3658 3594 3636 3636 3605 4065 4065 4064 4064 4064 4064 4064 4064
415 1683121269 3561 216 3677 3658 3594 3637 3637 3605 4067 4065 4065 4065 4065 4065 4065 4065
416 1683121269 3560 217 3676 3658 3594 3637 3636 3604 4065 4065 4064 4064 4064 4064 4064 4064
417 1683121269 3561 216 3676 3658 3594 3637 3636 3604 4065 4065 4065 4065 4065 4065 4065 4065
418 1683121269 3561 216 3676 3658 3594 3637 3637 3605 4065 4065 4064 4064 4064 4064 4064 4064
419 1683121269 3562 215 3677 3658 3595 3638 3637 3605 4065 4065 4065 4065 4065 4065 4065 4065
420 1683121269 3561 216 3676 3658 3595 3637 3637 3605 4065 4065 4064 4064 4064 4064 4064 4064
421 1683121269 3561 215 3676 3658 3594 3637 3636 3604 4065 4065 4064 4064 4064 4064 4064 4064
422 1683121269 3562 215 3677 3658 3595 3637 3637 3605 4065 4065 4064 4064 4064 4064 4064 4064
423 1683121269 3561 216 3677 3658 3594 3637 3637 3604 4065 4065 4064 4064 4064 4064 4064 4064
424 1683121269 3562 215 3677 3659 3595 3637 3637 3605 4065 4065 4065 4065 4065 4065 4065 4065
425 1683121269 3561 216 3676 3658 3594 3637 3636 3604 4063 4063 4063 4063 4063 4063 4063 4063
426 1683121269 3561 216 3676 3657 3594 3636 3636 3605 4065 4065 4064 4064 4064 4064 4064 4064
427 1683121269 3562 215 3677 3659 3596 3638 3638 3606 4063 4063 4063 4063 4063 4063 4063 4063
428 1683121269 3563 215 3678 3659 3595 3638 3637 3605 4065 4065 4064 4064 4064 4064 4064 4064
429 1683121269 3562 216 3677 3659 3595 3637 3637 3605 4065 4065 4065 4065 4065 4065 4065 4065
430 1683121269 3561 215 3676 3658 3594 3637 3637 3605 4065 4065 4064 4064 4064 4064 4064 4064
431 1683121269 3563 215 3678 3659 3596 3638 3638 3606 4065 4065 4064 4064 4064 4064 4064 4064
432 1683121269 3562 215 3678 3659 3595 3637 3637 3605 4065 4065 4065 4065 4065 4065 4065 4065
433 1683121269 3563 216 3678 3659 3596 3638 3638 3606 4065 4065 4064 4064 4064 4064 4064 4064
434 1683121269 3561 215 3677 3658 3595 3637 3637 3605 4065 4063 4063 4063 4063 4063 4063 4063
435 1683121269 3561 215 3676 3658 3594 3636 3636 3604 4063 4063 4063 4063 4063 4063 4063 4063
436 1683121269 3562 215 3676 3659 3595 3637 3637 3605 4063 4063 4063 4063 4063 4063 4063 4063
437 1683121269 3562 215 3677 3658 3595 3638 3638 3605 4065 4065 4064 4064 4064 4064 4064 4064
438 1683121269 3562 215 3677 3658 3595 3637 3637 3605 4065 4065 4064 4064 4064 4064 4064 4064
439 1683121269 3561 215 3677 3658 3594 3637 3637 3605 4065 4065 4064 4064 4064 4064 4064 4064
440 1683121269 3562 216 3676 3658 3594 3636 3636 3604 4063 4063 4063 4063 4063 4063 4063 4063
441 1683121269 3562 216 3677 3659 3595 3637 3637 3605 4065 4065 4065 4065 4065 4065 4065 4065
442 1683121269 3562 215 3678 3659 3595 3637 3637 3605 4065 4065 4065 4065 4065 4065 4065 4065
443 1683121277 3561 216 3676 3657 3594 3637 3636 3605 4063 4063 4063 4063 4063 4063 4063 4063
444 1683121277 3561 216 3677 3659 3595 3637 3637 3604 4065 4065 4065 4065 4065 4065 4065 4065
445 1683121277 3561 215 3676 3657 3593 3636 3635 3604 4065 4065 4064 4064 4064 4064 4064 4064
446 1683121277 3562 215 3677 3659 3595 3638 3638 3606 4065 4065 4065 4065 4065 4065 4065 4065
447 1683121277 3561 215 3676 3658 3594 3637 3636 3605 4063 4063 4063 4063 4063 4063 4063 4063
448 1683121277 3562 216 3677 3658 3594 3637 3637 3604 4065 4065 4064 4064 4064 4064 4064 4064
449 1683121277 3562 215 3677 3659 3595 3637 3637 3605 4065 4065 4064 4064 4064 4064 4064 4064
450 1683121277 3561 216 3677 3658 3594 3637 3637 3605 4065 4065 4064 4064 4064 4064 4064 4064
451 1683121277 3562 215 3676 3659 3595 3638 3637 3605 4065 4063 4063 4063 4063 4063 4063 4063
452 1683121277 3561 216 3676 3658 3594 3637 3636 3604 4065 4065 4064 4064 4064 4064 4064 4064
453 1683121277 3562 215 3678 3659 3595 3637 3637 3605 4063 4063 4062 4062 4062 4062 4062 4062
454 1683121277 3562 216 3678 3659 3596 3638 3638 3605 4065 4065 4064 4064 4064 4064 4064 4064
455 1683121277 3562 215 3677 3659 3594 3637 3636 3605 4065 4065 4064 4064 4064 4064 4064 4064
456 1683121277 3562 216 3677 3659 3595 3637 3637 3604 4065 4065 4065 4065 4065 4065 4065 4065
457 1683121277 3562 215 3677 3659 3595 3638 3637 3605 4065 4065 4064 4064 4064 4064 4064 4064
458 1683121277 3562 217 3677 3659 3595 3638 3638 3606 4065 4064 4064 4064 4064 4064 4064 4064
459 1683121277 3562 216 3676 3659 3594 3637 3637 3605 4065 4065 4064 4064 4064 4064 4064 4064
460 1683121277 3562 216 3678 3659 3596 3637 3638 3605 4065 4065 4064 4064 4064 4064 4064 4064
461 1683121277 3562 215 3677 3659 3595 3638 3637 3605 4065 4065 4065 4065 4065 4065 4065 4065
462 1683121277 3562 216 3677 3659 3595 3638 3637 3606 4065 4063 4063 4063 4063 4063 4063 4063
463 1683121277 3562 217 3678 3659 3596 3638 3638 3606 4065 4065 4064 4064 4064 4064 4064 4064
464 1683121277 3562 216 3677 3658 3595 3637 3637 3605 4067 4065 4065 4065 4065 4065 4065 4065
465 1683121277 3562 216 3677 3659 3595 3638 3637 3605 4065 4065 4065 4065 4065 4065 4065 4065
466 1683121277 3561 216 3677 3658 3595 3638 3637 3605 4063 4063 4063 4063 4063 4063 4063 4063
467 1683121277 3562 215 3678 3659 3595 3637 3637 3605 4065 4065 4064 4064 4064 4064 4064 4064
468 1683121277 3562 216 3677 3658 3594 3637 3637 3605 4065 4065 4065 4065 4065 4065 4065 4065
469 1683121277 3562 216 3677 3659 3595 3638 3638 3606 4063 4063 4063 4063 4063 4063 4063 4063
470 1683121278 3562 216 3677 3659 3595 3638 3637 3605 4063 4063 4063 4063 4063 4063 4063 4063
471 1683121278 3561 216 3676 3658 3594 3637 3636 3605 4065 4065 4064 4064 4064 4064 4064 4064
472 1683121278 3562 216 3677 3658 3594 3637 3636 3604 4065 4065 4064 4064 4064 4064 4064 4064
473 1683121278 3562 216 3677 3659 3595 3637 3637 3605 4063 4063 4063 4063 4063 4063 4063 4063
474 1683121278 3562 216 3677 3659 3595 3637 3637 3606 4065 4065 4064 4064 4064 4064 4064 4064
475 1683121278 3562 216 3676 3659 3595 3638 3637 3605 4061 4061 4061 4061 4061 4061 4061 4061
476 1683121278 3562 216 3678 3659 3596 3638 3638 3605 4065 4065 4064 4064 4064 4064 4064 4064
477 1683121278 3562 216 3678 3659 3595 3638 3637 3605 4065 4065 4064 4064 4064 4064 4064 4064
478 1683121278 3563 216 3678 3659 3595 3638 3638 3606 4065 4065 4065 4065 4065 4065 4065 4065
479 1683121278 3561 217 3677 3658 3594 3637 3637 3605 4063 4063 4063 4063 4063 4063 4063 4063
480 1683121278 3562 216 3678 3659 3595 3638 3637 3605 4063 4063 4063 4063 4063 4063 4063 4063
481 1683121278 3563 216 3678 3660 3596 3639 3638 3607 4063 4063 4063 4063 4063 4063 4063 4063
482 1683121278 3561 216 3677 3659 3595 3638 3638 3606 4063 4063 4063 4063 4063 4063 4063 4063
483 1683121278 3562 216 3676 3659 3594 3637 3637 3604 4065 4065 4064 4064 4064 4064 4064 4064
484 1683121278 3563 216 3678 3659 3595 3638 3638 3605 4065 4063 4063 4063 4063 4063 4063 4063
485 1683121278 3561 216 3676 3658 3594 3636 3636 3605 4065 4065 4064 4064 4064 4064 4064 4064
486 1683121278 3563 216 3677 3659 3595 3638 3638 3606 4061 4061 4061 4061 4061 4061 4061 4061
487 1683121278 3562 215 3678 3659 3595 3638 3637 3605 4063 4063 4062 4062 4062 4062 4062 4062
488 1683121278 3562 216 3677 3659 3595 3638 3637 3605 4065 4065 4064 4064 4064 4064 4064 4064
489 1683121278 3561 217 3677 3659 3595 3638 3637 3606 4063 4063 4063 4063 4063 4063 4063 4063
490 1683121278 3562 216 3677 3659 3595 3638 3637 3605 4063 4063 4063 4063 4063 4063 4063 4063
491 1683121278 3562 216 3676 3659 3595 3638 3638 3605 4065 4065 4065 4065 4065 4065 4065 4065
492 1683121278 3562 216 3677 3659 3596 3638 3637 3605 4065 4065 4064 4064 4064 4064 4064 4064
493 1683121278 3563 216 3678 3659 3595 3638 3638 3606 4063 4063 4063 4063 4063 4063 4063 4063
494 1683121278 3562 216 3677 3659 3595 3638 3638 3606 4063 4063 4063 4063 4063 4063 4063 4063
495 1683121278 3562 217 3677 3659 3595 3638 3637 3606 4065 4065 4064 4064 4064 4064 4064 4064
496 1683121278 3563 216 3678 3659 3595 3638 3637 3606 4065 4065 4064 4064 4064 4064 4064 4064
497 1683121278 3563 216 3678 3660 3596 3639 3638 3606 4065 4065 4065 4065 4065 4065 4065 4065
498 1683121278 3562 216 3677 3659 3595 3638 3637 3605 4063 4063 4063 4063 4063 4063 4063 4063
499 1683121278 3562 216 3677 3659 3595 3638 3637 3605 4065 4065 4065 4065 4065 4065 4065 4065
500 1683121278 3562 216 3678 3659 3595 3638 3637 3606 4065 4065 4065 4065 4065 4065 4065 4065
501 1683121278 3562 216 3678 3659 3596 3639 3638 3605 4065 4065 4064 4064 4064 4064 4064 4064
502 1683121278 3563 216 3678 3660 3596 3638 3638 3606 4065 4065 4064 4064 4064 4064 4064 4064
503 1683121278 3563 215 3679 3660 3596 3639 3638 3607 4065 4065 4064 4064 4064 4064 4064 4064
504 1683121278 3563 216 3679 3660 3596 3638 3638 3606 4063 4063 4063 4063 4063 4063 4063 4063
505 1683121278 3563 216 3678 3661 3596 3639 3639 3607 4065 4065 4065 4065 4065 4065 4065 4065
506 1683121278 3563 216 3677 3660 3596 3639 3638 3606 4065 4065 4064 4064 4064 4064 4064 4064
507 1683121278 3562 216 3678 3660 3596 3638 3638 3606 4063 4063 4063 4063 4063 4063 4063 4063
508 1683121278 3564 216 3679 3660 3596 3639 3638 3607 4065 4065 4064 4064 4064 4064 4064 4064
509 1683121278 3564 216 3679 3660 3597 3639 3639 3607 4065 4065 4064 4064 4064 4064 4064 4064
510 1683121278 3562 216 3678 3659 3595 3638 3638 3606 4065 4065 4064 4064 4064 4064 4064 4064
511 1683121278 3564 217 3679 3661 3597 3640 3639 3607 4063 4063 4063 4063 4063 4063 4063 4063
512 1683121278 3563 216 3678 3660 3595 3638 3637 3606 4065 4065 4065 4065 4065 4065 4065 4065
513 1683121278 3563 215 3678 3660 3596 3639 3639 3607 4065 4065 4064 4064 4064 4064 4064 4064
514 1683121278 3562 216 3678 3660 3596 3638 3638 3606 4065 4065 4065 4065 4065 4065 4065 4065
515 1683121278 3563 216 3678 3660 3596 3638 3638 3605 4063 4063 4063 4063 4063 4063 4063 4063
516 1683121278 3563 216 3678 3660 3596 3639 3639 3606 4065 4065 4064 4064 4064 4064 4064 4064
517 1683121278 3562 216 3678 3660 3596 3639 3639 3606 4065 4063 4063 4063 4063 4063 4063 4063
518 1683121278 3562 216 3678 3659 3595 3638 3638 3606 4063 4063 4063 4063 4063 4063 4063 4063
519 1683121278 3564 217 3679 3660 3597 3639 3639 3607 4065 4065 4064 4064 4064 4064 4064 4064
520 1683121278 3563 216 3678 3660 3596 3638 3638 3606 4065 4063 4063 4063 4063 4063 4063 4063
521 1683121278 3562 216 3677 3659 3595 3638 3637 3605 4065 4065 4064 4064 4064 4064 4064 4064
522 1683121278 3563 216 3678 3660 3596 3639 3638 3606 4065 4065 4064 4064 4064 4064 4064 4064
523 1683121278 3563 217 3678 3659 3595 3638 3638 3606 4065 4065 4064 4064 4064 4064 4064 4064
524 1683121278 3563 216 3679 3661 3597 3640 3639 3607 4065 4065 4064 4064 4064 4064 4064 4064
525 1683121278 3562 216 3678 3660 3596 3639 3639 3607 4063 4063 4063 4063 4063 4063 4063 4063
526 1683121278 3563 216 3679 3660 3596 3638 3638 3606 4063 4063 4063 4063 4063 4063 4063 4063
527 1683121278 3563 217 3678 3660 3596 3639 3638 3606 4065 4065 4065 4065 4065 4065 4065 4065
528 1683121278 3563 216 3678 3659 3596 3638 3638 3606 4065 4065 4064 4064 4064 4064 4064 4064
529 1683121278 3564 215 3678 3661 3596 3639 3638 3606 4065 4065 4064 4064 4064 4064 4064 4064
530 1683121278 3563 216 3679 3660 3597 3639 3638 3606 4063 4063 4063 4063 4063 4063 4063 4063
531 1683121278 3563 217 3679 3661 3597 3640 3639 3608 4063 4063 4063 4063 4063 4063 4063 4063
532 1683121278 3563 216 3677 3659 3595 3638 3638 3606 4065 4065 4064 4064 4064 4064 4064 4064
533 1683121278 3562 216 3678 3660 3596 3639 3638 3606 4065 4065 4064 4064 4064 4064 4064 4064
534 1683121278 3562 216 3678 3660 3596 3638 3638 3606 4063 4063 4062 4062 4062 4062 4062 4062
535 1683121278 3563 217 3679 3660 3596 3639 3639 3607 4065 4065 4065 4065 4065 4065 4065 4065
536 1683121278 3562 216 3677 3658 3594 3637 3637 3605 4065 4065 4064 4064 4064 4064 4064 4064
537 1683121278 3562 216 3678 3660 3596 3638 3637 3606 4063 4063 4063 4063 4063 4063 4063 4063
538 1683121278 3562 216 3677 3659 3595 3638 3638 3606 4065 4065 4065 4065 4065 4065 4065 4065
539 1683121278 3563 216 3678 3661 3596 3639 3638 3606 4065 4065 4065 4065 4065 4065 4065 4065
540 1683121278 3563 216 3679 3660 3596 3638 3638 3607 4065 4065 4064 4064 4064 4064 4064 4064
541 1683121278 3563 216 3678 3660 3596 3639 3639 3607 4065 4065 4064 4064 4064 4064 4064 4064
542 1683121278 3563 218 3678 3660 3596 3639 3638 3607 4065 4065 4064 4064 4064 4064 4064 4064
543 1683121278 3562 217 3677 3660 3595 3638 3638 3606 4063 4063 4063 4063 4063 4063 4063 4063
544 1683121278 3562 216 3677 3659 3595 3639 3637 3606 4065 4065 4064 4064 4064 4064 4064 4064
545 1683121279 3564 216 3680 3661 3597 3640 3639 3608 4063 4063 4063 4063 4063 4063 4063 4063
546 1683121279 3563 216 3678 3660 3596 3638 3638 3606 4063 4063 4063 4063 4063 4063 4063 4063
547 1683121279 3563 216 3678 3659 3595 3637 3638 3606 4065 4065 4064 4064 4064 4064 4064 4064
548 1683121279 3563 216 3679 3660 3596 3639 3638 3607 4063 4063 4063 4063 4063 4063 4063 4063
549 1683121279 3564 216 3678 3660 3596 3639 3638 3606 4063 4063 4063 4063 4063 4063 4063 4063
550 1683121279 3562 216 3677 3659 3595 3638 3637 3606 4065 4065 4064 4064 4064 4064 4064 4064
551 1683121279 3563 217 3679 3661 3597 3639 3639 3607 4065 4065 4064 4064 4064 4064 4064 4064
552 1683121279 3562 216 3677 3659 3595 3637 3637 3605 4065 4065 4064 4064 4064 4064 4064 4064
553 1683121279 3563 216 3678 3660 3595 3639 3638 3606 4065 4065 4064 4064 4064 4064 4064 4064
554 1683121279 3563 217 3677 3659 3595 3638 3638 3606 4065 4065 4064 4064 4064 4064 4064 4064
555 1683121279 3563 217 3678 3660 3596 3639 3638 3606 4065 4065 4065 4065 4065 4065 4065 4065
556 1683121279 3563 216 3679 3660 3596 3639 3638 3607 4063 4063 4063 4063 4063 4063 4063 4063
557 1683121279 3563 216 3678 3659 3596 3639 3638 3606 4065 4065 4064 4064 4064 4064 4064 4064
558 1683121279 3563 216 3679 3660 3596 3639 3639 3607 4063 4063 4063 4063 4063 4063 4063 4063
559 1683121279 3563 217 3678 3660 3596 3638 3638 3606 4063 4063 4062 4062 4062 4062 4062 4062
560 1683121279 3563 216 3678 3659 3596 3638 3638 3606 4065 4063 4063 4063 4063 4063 4063 4063
561 1683121279 3563 216 3678 3660 3596 3639 3638 3606 4065 4065 4064 4064 4064 4064 4064 4064
562 1683121279 3563 216 3679 3660 3597 3639 3639 3606 4065 4065 4065 4065 4065 4065 4065 4065
563 1683121279 3563 217 3678 3660 3597 3640 3639 3607 4065 4063 4063 4063 4063 4063 4063 4063
564 1683121279 3563 216 3679 3660 3596 3639 3638 3606 4065 4065 4064 4064 4064 4064 4064 4064
565 1683121279 3563 217 3679 3660 3596 3639 3639 3607 4065 4065 4064 4064 4064 4064 4064 4064
566 1683121279 3563 217 3679 3660 3596 3639 3639 3607 4063 4063 4063 4063 4063 4063 4063 4063
567 1683121279 3563 216 3679 3660 3596 3639 3639 3607 4065 4065 4064 4064 4064 4064 4064 4064
568 1683121279 3562 216 3678 3660 3596 3638 3638 3606 4065 4065 4064 4064 4064 4064 4064 4064
569 1683121279 3564 216 3678 3661 3597 3640 3640 3607 4063 4063 4063 4063 4063 4063 4063 4063
570 1683121279 3564 217 3679 3660 3597 3640 3639 3607 4065 4065 4064 4064 4064 4064 4064 4064
571 1683121279 3563 216 3679 3660 3597 3639 3638 3606 4065 4065 4064 4064 4064 4064 4064 4064
572 1683121279 3563 217 3678 3659 3596 3639 3638 3606 4063 4063 4063 4063 4063 4063 4063 4063
573 1683121279 3563 217 3678 3660 3596 3639 3638 3607 4065 4063 4063 4063 4063 4063 4063 4063
574 1683121279 3563 217 3679 3661 3597 3640 3639 3607 4065 4065 4064 4064 4064 4064 4064 4064
575 1683121279 3563 217 3678 3660 3595 3639 3638 3606 4063 4063 4063 4063 4063 4063 4063 4063
576 1683121279 3563 216 3679 3660 3596 3639 3638 3606 4065 4065 4064 4064 4064 4064 4064 4064
577 1683121279 3562 216 3678 3660 3595 3639 3637 3606 4065 4065 4065 4065 4065 4065 4065 4065
578 1683121279 3563 217 3678 3660 3597 3639 3639 3606 4065 4065 4064 4064 4064 4064 4064 4064
579 1683121279 3563 217 3678 3660 3596 3639 3639 3607 4065 4064 4064 4064 4064 4064 4064 4064
580 1683121279 3564 216 3679 3661 3596 3639 3639 3607 4065 4065 4064 4064 4064 4064 4064 4064
581 1683121279 3563 216 3678 3660 3596 3639 3638 3606 4065 4065 4064 4064 4064 4064 4064 4064
582 1683121279 3563 216 3679 3661 3597 3640 3639 3607 4063 4063 4063 4063 4063 4063 4063 4063
583 1683121279 3563 217 3679 3660 3596 3639 3639 3607 4065 4063 4063 4063 4063 4063 4063 4063
584 1683121279 3563 216 3678 3660 3596 3638 3638 3606 4061 4061 4061 4061 4061 4061 4061 4061
585 1683121279 3563 217 3678 3661 3597 3640 3639 3607 4065 4065 4065 4065 4065 4065 4065 4065
586 1683121279 3563 216 3678 3659 3596 3638 3638 3606 4063 4063 4063 4063 4063 4063 4063 4063
587 1683121279 3563 217 3679 3660 3597 3639 3638 3607 4065 4063 4063 4063 4063 4063 4063 4063
588 1683121279 3564 216 3679 3660 3596 3639 3639 3607 4063 4063 4063 4063 4063 4063 4063 4063
589 1683121279 3563 216 3679 3661 3596 3639 3639 3607 4065 4065 4064 4064 4064 4064 4064 4064
590 1683121279 3563 217 3679 3660 3596 3638 3638 3606 4065 4065 4065 4065 4065 4065 4065 4065
591 1683121279 3563 217 3678 3660 3596 3639 3639 3607 4065 4065 4065 4065 4065 4065 4065 4065
592 1683121279 3563 216 3679 3660 3596 3639 3638 3606 4065 4065 4064 4064 4064 4064 4064 4064
593 1683121279 3563 216 3679 3660 3596 3639 3638 3607 4067 4063 4063 4063 4063 4063 4063 4063
594 1683121279 3564 216 3679 3661 3597 3640 3639 3607 4063 4063 4063 4063 4063 4063 4063 4063
595 1683121279 3563 217 3678 3661 3597 3639 3639 3607 4065 4065 4064 4064 4064 4064 4064 4064
596 1683121279 3563 216 3679 3660 3597 3639 3639 3607 4065 4065 4065 4065 4065 4065 4065 4065
597 1683121279 3563 217 3679 3660 3596 3639 3638 3607 4065 4065 4065 4065 4065 4065 4065 4065
598 1683121279 3563 216 3678 3660 3596 3639 3638 3607 4065 4065 4065 4065 4065 4065 4065 4065
599 1683121279 3564 217 3679 3661 3597 3640 3639 3608 4063 4063 4063 4063 4063 4063 4063 4063
600 1683121279 3563 217 3678 3660 3596 3639 3639 3607 4065 4065 4064 4064 4064 4064 4064 4064
601 1683121279 3563 216 3678 3660 3597 3639 3639 3607 4063 4063 4063 4063 4063 4063 4063 4063
602 1683121279 3563 217 3677 3660 3596 3639 3639 3606 4063 4063 4062 4062 4062 4062 4062 4062
603 1683121279 3564 217 3679 3660 3597 3639 3639 3607 4063 4063 4063 4063 4063 4063 4063 4063
604 1683121279 3563 217 3678 3660 3596 3639 3639 3607 4065 4065 4064 4064 4064 4064 4064 4064
605 1683121279 3563 216 3678 3660 3596 3639 3639 3607 4065 4065 4064 4064 4064 4064 4064 4064
606 1683121279 3564 218 3679 3661 3597 3639 3640 3608 4063 4063 4063 4063 4063 4063 4063 4063
607 1683121279 3564 217 3680 3661 3597 3640 3640 3608 4065 4063 4063 4063 4063 4063 4063 4063
608 1683121279 3564 216 3679 3660 3597 3639 3639 3607 4065 4065 4064 4064 4064 4064 4064 4064
609 1683121279 3563 216 3678 3661 3597 3639 3638 3607 4063 4063 4063 4063 4063 4063 4063 4063
610 1683121279 3564 217 3679 3661 3597 3639 3639 3607 4065 4065 4065 4065 4065 4065 4065 4065
611 1683121279 3563 217 3678 3660 3597 3640 3639 3607 4065 4065 4064 4064 4064 4064 4064 4064
612 1683121279 3564 217 3679 3661 3596 3639 3639 3607 4065 4065 4064 4064 4064 4064 4064 4064
613 1683121279 3564 217 3680 3661 3598 3641 3640 3609 4065 4065 4064 4064 4064 4064 4064 4064
614 1683121279 3563 216 3678 3660 3596 3638 3638 3606 4065 4065 4064 4064 4064 4064 4064 4064
615 1683121279 3564 217 3679 3660 3596 3639 3639 3607 4065 4065 4064 4064 4064 4064 4064 4064
616 1683121279 3563 217 3678 3660 3596 3639 3639 3607 4067 4065 4065 4065 4065 4065 4065 4065
617 1683121279 3564 217 3678 3660 3597 3639 3638 3607 4065 4065 4065 4065 4065 4065 4065 4065
618 1683121279 3564 217 3679 3660 3596 3639 3639 3607 4065 4065 4065 4065 4065 4065 4065 4065
619 1683121279 3563 217 3679 3660 3596 3639 3639 3607 4065 4064 4064 4064 4064 4064 4064 4064
620 1683121279 3562 216 3678 3659 3595 3638 3638 3606 4065 4065 4064 4064 4064 4064 4064 4064
621 1683121279 3563 217 3678 3660 3597 3639 3639 3607 4065 4065 4065 4065 4065 4065 4065 4065
622 1683121279 3563 216 3679 3660 3596 3638 3638 3606 4065 4065 4064 4064 4064 4064 4064 4064
623 1683121279 3564 217 3679 3660 3596 3639 3639 3607 4067 4065 4065 4065 4065 4065 4065 4065
624 1683121280 3564 216 3679 3662 3597 3640 3640 3608 4065 4065 4064 4064 4064 4064 4064 4064
625 1683121280 3563 217 3678 3659 3595 3638 3638 3606 4065 4065 4064 4064 4064 4064 4064 4064
626 1683121280 3563 217 3679 3660 3597 3639 3639 3607 4065 4065 4064 4064 4064 4064 4064 4064
627 1683121280 3563 216 3679 3661 3596 3640 3639 3607 4065 4065 4065 4065 4065 4065 4065 4065
628 1683121280 3564 217 3679 3661 3597 3639 3639 3607 4063 4063 4063 4063 4063 4063 4063 4063
629 1683121280 3564 217 3679 3660 3597 3639 3639 3607 4065 4065 4064 4064 4064 4064 4064 4064
630 1683121280 3563 217 3679 3660 3596 3639 3638 3606 4063 4063 4063 4063 4063 4063 4063 4063
631 1683121280 3565 217 3680 3661 3597 3639 3638 3607 4063 4063 4063 4063 4063 4063 4063 4063
632 1683121280 3562 215 3677 3659 3595 3638 3637 3605 4065 4065 4064 4064 4064 4064 4064 4064
633 1683121280 3562 215 3677 3659 3595 3638 3637 3605 4063 4063 4063 4063 4063 4063 4063 4063
634 1683121280 3562 214 3677 3658 3595 3638 3637 3605 4065 4065 4064 4064 4064 4064 4064 4064
635 1683121280 3561 215 3676 3658 3594 3637 3636 3605 4065 4065 4064 4064 4064 4064 4064 4064
636 1683121280 3561 216 3675 3658 3594 3637 3636 3605 4065 4065 4065 4065 4065 4065 4065 4065
637 1683121280 3562 215 3677 3659 3595 3638 3637 3605 4063 4063 4063 4063 4063 4063 4063 4063
638 1683121280 3561 215 3677 3658 3594 3637 3637 3605 4065 4065 4065 4065 4065 4065 4065 4065
639 1683121280 3561 215 3676 3658 3594 3637 3636 3604 4065 4065 4064 4064 4064 4064 4064 4064
640 1683121280 3561 216 3677 3659 3594 3637 3636 3605 4065 4065 4064 4064 4064 4064 4064 4064
641 1683121280 3563 215 3678 3660 3596 3638 3638 3606 4064 4065 4064 4064 4064 4064 4064 4064
642 1683121280 3563 215 3677 3659 3595 3638 3637 3605 4065 4065 4065 4065 4065 4065 4065 4065
643 1683121280 3562 215 3677 3659 3595 3638 3637 3605 4065 4063 4063 4063 4063 4063 4063 4063
644 1683121280 3561 215 3677 3658 3595 3637 3636 3604 4065 4065 4064 4064 4064 4064 4064 4064
645 1683121280 3563 215 3678 3659 3595 3638 3638 3606 4063 4063 4063 4063 4063 4063 4063 4063
646 1683121280 3562 215 3677 3659 3595 3637 3638 3605 4065 4065 4064 4064 4064 4064 4064 4064
647 1683121280 3563 215 3678 3659 3595 3637 3637 3605 4061 4061 4061 4061 4061 4061 4061 4061
648 1683121280 3561 214 3677 3658 3594 3637 3636 3604 4063 4063 4063 4063 4063 4063 4063 4063
649 1683121280 3562 215 3677 3659 3595 3637 3637 3605 4063 4063 4063 4063 4063 4063 4063 4063
650 1683121288 3560 215 3674 3656 3592 3635 3634 3602 4065 4065 4065 4065 4065 4065 4065 4065
651 1683121288 3560 216 3675 3658 3593 3636 3636 3604 4065 4063 4063 4063 4063 4063 4063 4063
652 1683121288 3560 215 3676 3657 3594 3636 3636 3604 4061 4061 4060 4060 4060 4060 4060 4060
653 1683121288 3560 215 3675 3657 3593 3635 3635 3603 4065 4065 4064 4064 4064 4064 4064 4064
654 1683121288 3560 216 3676 3657 3593 3636 3636 3604 4065 4065 4064 4064 4064 4064 4064 4064
655 1683121288 3561 215 3677 3658 3594 3637 3637 3604 4061 4061 4060 4060 4060 4060 4060 4060
656 1683121288 3560 215 3676 3658 3593 3636 3635 3603 4065 4065 4064 4064 4064 4064 4064 4064
657 1683121288 3561 215 3676 3658 3594 3637 3636 3604 4065 4065 4065 4065 4065 4065 4065 4065
658 1683121288 3561 215 3676 3659 3594 3637 3637 3605 4065 4065 4064 4064 4064 4064 4064 4064
659 1683121288 3560 215 3675 3657 3592 3635 3635 3604 4065 4065 4064 4064 4064 4064 4064 4064
660 1683121288 3561 215 3676 3657 3594 3637 3636 3604 4063 4063 4063 4063 4063 4063 4063 4063
661 1683121288 3561 215 3676 3658 3593 3636 3636 3604 4065 4065 4065 4065 4065 4065 4065 4065
662 1683121288 3560 215 3676 3657 3594 3636 3636 3604 4063 4063 4063 4063 4063 4063 4063 4063
663 1683121288 3561 216 3676 3657 3594 3636 3636 3604 4067 4065 4065 4065 4065 4065 4065 4065
664 1683121288 3560 215 3676 3657 3594 3636 3636 3604 4065 4063 4063 4063 4063 4063 4063 4063
665 1683121288 3562 215 3677 3658 3595 3638 3637 3605 4065 4065 4064 4064 4064 4064 4064 4064
666 1683121288 3561 215 3676 3658 3594 3637 3636 3605 4065 4065 4064 4064 4064 4064 4064 4064
667 1683121288 3561 216 3675 3657 3594 3636 3636 3604 4065 4065 4064 4064 4064 4064 4064 4064
668 1683121288 3561 215 3674 3658 3594 3636 3636 3604 4063 4063 4063 4063 4063 4063 4063 4063
669 1683121288 3561 215 3676 3658 3594 3637 3636 3604 4065 4065 4064 4064 4064 4064 4064 4064
670 1683121288 3561 217 3676 3658 3594 3637 3636 3604 4061 4061 4061 4061 4061 4061 4061 4061
671 1683121288 3561 216 3676 3657 3594 3637 3636 3604 4065 4065 4064 4064 4064 4064 4064 4064
672 1683121288 3561 215 3677 3658 3594 3637 3636 3604 4065 4064 4064 4064 4064 4064 4064 4064
673 1683121288 3561 215 3676 3657 3594 3636 3636 3604 4065 4065 4064 4064 4064 4064 4064 4064
674 1683121288 3561 215 3676 3658 3594 3637 3636 3605 4065 4065 4064 4064 4064 4064 4064 4064
675 1683121288 3561 215 3675 3658 3594 3637 3636 3605 4065 4065 4064 4064 4064 4064 4064 4064
676 1683121288 3561 215 3676 3657 3593 3636 3636 3604 4065 4065 4064 4064 4064 4064 4064 4064
677 1683121288 3561 215 3677 3658 3594 3637 3636 3604 4065 4065 4064 4064 4064 4064 4064 4064
678 1683121288 3561 215 3677 3658 3594 3637 3636 3605 4065 4065 4064 4064 4064 4064 4064 4064
679 1683121288 3562 216 3677 3660 3596 3638 3638 3606 4065 4065 4065 4065 4065 4065 4065 4065
680 1683121288 3562 215 3677 3659 3595 3638 3637 3605 4065 4065 4064 4064 4064 4064 4064 4064
681 1683121288 3561 216 3677 3658 3595 3637 3637 3605 4065 4065 4064 4064 4064 4064 4064 4064
682 1683121288 3561 216 3676 3658 3594 3637 3637 3605 4065 4065 4065 4065 4065 4065 4065 4065
683 1683121288 3561 216 3675 3658 3594 3637 3636 3604 4063 4063 4063 4063 4063 4063 4063 4063
684 1683121288 3562 215 3677 3658 3595 3637 3637 3605 4065 4065 4065 4065 4065 4065 4065 4065
685 1683121288 3560 216 3675 3656 3593 3635 3635 3603 4065 4065 4064 4064 4064 4064 4064 4064
686 1683121288 3562 215 3676 3658 3594 3637 3637 3605 4063 4063 4063 4063 4063 4063 4063 4063
687 1683121288 3562 216 3677 3659 3595 3637 3637 3604 4065 4065 4064 4064 4064 4064 4064 4064
688 1683121288 3561 215 3676 3658 3594 3637 3636 3604 4065 4065 4064 4064 4064 4064 4064 4064
689 1683121288 3561 215 3677 3658 3594 3637 3637 3604 4063 4063 4063 4063 4063 4063 4063 4063
690 1683121288 3562 215 3676 3658 3594 3637 3637 3605 4063 4063 4063 4063 4063 4063 4063 4063
691 1683121288 3560 216 3675 3657 3593 3636 3635 3603 4063 4063 4063 4063 4063 4063 4063 4063
692 1683121288 3562 215 3677 3658 3594 3637 3636 3604 4065 4065 4064 4064 4064 4064 4064 4064
693 1683121288 3560 216 3676 3657 3594 3636 3636 3604 4065 4065 4064 4064 4064 4064 4064 4064
694 1683121288 3561 215 3676 3658 3595 3637 3637 3605 4067 4065 4065 4065 4065 4065 4065 4065
695 1683121288 3562 216 3677 3659 3594 3637 3636 3605 4065 4065 4064 4064 4064 4064 4064 4064
696 1683121288 3560 215 3676 3657 3593 3636 3636 3604 4065 4065 4064 4064 4064 4064 4064 4064
697 1683121288 3563 216 3677 3660 3597 3639 3638 23 4067 4063 4063 4063 4063 4063 4063 4063
698 1683121288 3561 215 3676 3658 3594 3637 3637 3605 4063 4063 4063 4063 4063 4063 4063 4063
699 1683121288 3562 216 3677 3659 3595 3637 3637 3605 4065 4065 4064 4064 4064 4064 4064 4064
700 1683121288 3560 216 3674 3657 3593 3636 3636 3604 4061 4061 4061 4061 4061 4061 4061 4061
701 1683121288 3562 216 3677 3659 3595 3637 3637 3605 4065 4065 4064 4064 4064 4064 4064 4064
702 1683121288 3562 216 3676 3658 3594 3637 3637 3605 4067 4065 4065 4065 4065 4065 4065 4065
703 1683121288 3561 216 3676 3658 3594 3636 3636 3604 4063 4063 4062 4062 4062 4062 4062 4062
704 1683121288 3562 216 3677 3659 3595 3637 3637 3605 4065 4065 4064 4064 4064 4064 4064 4064
705 1683121289 3561 216 3677 3658 3594 3637 3637 3605 4063 4063 4063 4063 4063 4063 4063 4063
706 1683121289 3561 215 3676 3658 3594 3637 3637 3605 4065 4065 4064 4064 4064 4064 4064 4064
707 1683121289 3561 216 3677 3658 3594 3637 3637 3605 4063 4063 4063 4063 4063 4063 4063 4063
708 1683121289 3562 215 3677 3659 3595 3638 3637 3605 4065 4063 4063 4063 4063 4063 4063 4063
709 1683121289 3561 216 3676 3658 3594 3637 3636 3605 4065 4065 4064 4064 4064 4064 4064 4064
710 1683121289 3561 216 3676 3658 3594 3637 3636 3605 4065 4065 4064 4064 4064 4064 4064 4064
711 1683121289 3561 216 3676 3658 3594 3637 3636 3604 4065 4063 4063 4063 4063 4063 4063 4063
712 1683121289 3562 216 3677 3659 3595 3638 3637 3605 4063 4063 4063 4063 4063 4063 4063 4063
713 1683121289 3563 216 3677 3660 3595 3638 3637 3606 4063 4063 4063 4063 4063 4063 4063 4063
714 1683121289 3562 215 3677 3659 3595 3637 3637 3605 4065 4065 4064 4064 4064 4064 4064 4064
715 1683121289 3561 215 3677 3658 3594 3637 3637 3605 4065 4065 4064 4064 4064 4064 4064 4064
716 1683121289 3562 215 3678 3659 3596 3638 3638 3606 4065 4065 4064 4064 4064 4064 4064 4064
717 1683121289 3561 215 3677 3658 3594 3637 3637 3604 4065 4065 4064 4064 4064 4064 4064 4064
718 1683121289 3562 217 3678 3659 3596 3638 3638 3606 4065 4065 4065 4065 4065 4065 4065 4065
719 1683121289 3560 216 3675 3658 3594 3636 3636 3604 4065 4065 4064 4064 4064 4064 4064 4064
720 1683121289 3561 215 3676 3658 3594 3637 3637 3604 4063 4063 4063 4063 4063 4063 4063 4063
721 1683121289 3561 215 3677 3658 3594 3637 3637 3605 4065 4065 4065 4065 4065 4065 4065 4065
722 1683121289 3562 216 3678 3660 3596 3638 3637 3605 4065 4065 4064 4064 4064 4064 4064 4064
723 1683121289 3562 216 3677 3658 3595 3637 3637 3605 4065 4065 4065 4065 4065 4065 4065 4065
724 1683121289 3563 215 3678 3660 3596 3639 3638 3606 4065 4065 4064 4064 4064 4064 4064 4064
725 1683121289 3561 216 3677 3658 3594 3637 3637 3605 4065 4065 4064 4064 4064 4064 4064 4064
726 1683121289 3561 215 3676 3658 3594 3637 3636 3605 4065 4065 4065 4065 4065 4065 4065 4065
727 1683121289 3562 216 3677 3659 3595 3638 3637 3606 4065 4065 4064 4064 4064 4064 4064 4064
728 1683121289 3562 215 3677 3659 3595 3638 3638 3606 4065 4065 4064 4064 4064 4064 4064 4064
729 1683121289 3561 216 3677 3658 3594 3637 3637 3605 4063 4063 4063 4063 4063 4063 4063 4063
730 1683121289 3562 215 3676 3659 3595 3638 3637 3605 4063 4063 4063 4063 4063 4063 4063 4063
731 1683121289 3560 216 3675 3658 3594 3637 3637 3605 4065 4065 4064 4064 4064 4064 4064 4064
732 1683121289 3562 215 3677 3659 3595 3637 3637 3605 4065 4063 4063 4063 4063 4063 4063 4063
733 1683121289 3561 216 3677 3658 3594 3637 3637 3605 4063 4063 4063 4063 4063 4063 4063 4063
734 1683121289 3562 217 3677 3658 3594 3637 3637 3605 4063 4063 4063 4063 4063 4063 4063 4063
735 1683121297 3565 216 3680 3661 3598 3640 3639 3608 4065 4065 4064 4064 4064 4064 4064 4064
736 1683121297 3566 216 3681 3663 3599 3642 3641 3609 4065 4065 4064 4064 4064 4064 4064 4064
737 1683121297 3564 216 3680 3662 3598 3641 3641 3609 4063 4063 4063 4063 4063 4063 4063 4063
738 1683121297 3566 216 3681 3662 3598 3641 3641 3608 4065 4065 4064 4064 4064 4064 4064 4064
739 1683121297 3565 216 3680 3662 3598 3641 3640 3608 4063 4063 4063 4063 4063 4063 4063 4063
740 1683121297 3566 216 3681 3662 3599 3642 3641 3609 4065 4065 4064 4064 4064 4064 4064 4064
741 1683121297 3565 217 3680 3663 3599 3641 3642 3609 4063 4063 4063 4063 4063 4063 4063 4063
742 1683121297 3566 216 3681 3663 3598 3641 3641 3609 4065 4065 4064 4064 4064 4064 4064 4064
743 1683121297 3566 216 3681 3663 3599 3641 3640 3608 4065 4065 4064 4064 4064 4064 4064 4064
744 1683121297 3566 216 3681 3663 3599 3641 3641 3609 4065 4064 4064 4064 4064 4064 4064 4064
745 1683121297 3565 215 3680 3662 3598 3641 3641 3609 4065 4065 4064 4064 4064 4064 4064 4064
746 1683121297 3564 216 3680 3662 3598 3641 3640 3609 4065 4065 4064 4064 4064 4064 4064 4064
747 1683121297 3566 216 3682 3663 3599 3642 3642 3609 4065 4065 4064 4064 4064 4064 4064 4064
748 1683121297 3567 215 3683 3664 3600 3643 3642 3610 4065 4065 4064 4064 4064 4064 4064 4064
749 1683121297 3566 216 3681 3663 3599 3642 3641 3610 4065 4065 4064 4064 4064 4064 4064 4064
750 1683121297 3566 216 3681 3663 3599 3641 3640 3608 4063 4063 4063 4063 4063 4063 4063 4063
751 1683121297 3565 216 3681 3662 3598 3641 3641 3608 4065 4065 4064 4064 4064 4064 4064 4064
752 1683121297 3566 216 3682 3663 3599 3642 3642 3610 4065 4065 4064 4064 4064 4064 4064 4064
753 1683121297 3566 215 3681 3663 3598 3641 3641 3609 4065 4065 4064 4064 4064 4064 4064 4064
754 1683121297 3565 216 3681 3663 3599 3641 3641 3609 4065 4065 4065 4065 4065 4065 4065 4065
755 1683121297 3566 216 3681 3663 3599 3641 3641 3609 4065 4065 4064 4064 4064 4064 4064 4064
756 1683121297 3566 216 3681 3664 3600 3642 3642 3610 4065 4065 4065 4065 4065 4065 4065 4065
757 1683121297 3566 217 3682 3663 3599 3642 3642 3610 4065 4065 4064 4064 4064 4064 4064 4064
758 1683121297 3566 216 3682 3663 3599 3642 3642 3610 4065 4065 4064 4064 4064 4064 4064 4064
759 1683121297 3566 216 3681 3663 3599 3642 3641 3609 4063 4063 4063 4063 4063 4063 4063 4063
760 1683121297 3565 216 3681 3663 3599 3642 3641 3609 4065 4065 4064 4064 4064 4064 4064 4064
761 1683121297 3567 216 3682 3664 3600 3642 3642 3610 4065 4063 4063 4063 4063 4063 4063 4063
762 1683121297 3566 216 3681 3663 3598 3641 3641 3609 4063 4063 4063 4063 4063 4063 4063 4063
763 1683121297 3566 217 3682 3664 3600 3643 3642 3610 4065 4065 4064 4064 4064 4064 4064 4064
764 1683121297 3566 216 3681 3662 3599 3642 3641 3609 4063 4063 4063 4063 4063 4063 4063 4063
765 1683121297 3566 216 3680 3663 3599 3641 3641 3608 4065 4065 4065 4065 4065 4065 4065 4065
766 1683121297 3565 216 3679 3662 3598 3641 3640 3609 4063 4063 4063 4063 4063 4063 4063 4063
767 1683121297 3566 216 3682 3663 3600 3642 3642 3610 4063 4063 4063 4063 4063 4063 4063 4063
768 1683121297 3566 215 3681 3663 3599 3641 3641 3609 4065 4065 4064 4064 4064 4064 4064 4064
769 1683121297 3566 216 3682 3663 3599 3642 3641 3610 4065 4065 4064 4064 4064 4064 4064 4064
770 1683121297 3567 216 3682 3664 3600 3642 3642 3610 4065 4065 4064 4064 4064 4064 4064 4064
771 1683121297 3566 216 3682 3663 3599 3642 3642 3609 4063 4063 4063 4063 4063 4063 4063 4063
772 1683121297 3566 216 3681 3663 3599 3641 3641 3609 4065 4064 4064 4064 4064 4064 4064 4064
773 1683121297 3566 216 3682 3663 3599 3642 3642 3609 4065 4065 4064 4064 4064 4064 4064 4064
774 1683121297 3566 216 3682 3663 3599 3642 3642 3609 4065 4065 4064 4064 4064 4064 4064 4064
775 1683121297 3567 216 3682 3664 3599 3642 3642 3610 4063 4063 4063 4063 4063 4063 4063 4063
776 1683121297 3566 216 3681 3663 3599 3642 3642 3609 4063 4063 4063 4063 4063 4063 4063 4063
777 1683121297 3565 216 3680 3663 3598 3641 3641 3609 4065 4065 4065 4065 4065 4065 4065 4065
778 1683121297 3566 216 3681 3663 3599 3642 3642 3609 4063 4063 4063 4063 4063 4063 4063 4063
779 1683121297 3566 216 3682 3664 3600 3642 3642 3610 4065 4065 4064 4064 4064 4064 4064 4064
780 1683121297 3566 216 3682 3663 3599 3642 3642 3610 4065 4065 4064 4064 4064 4064 4064 4064
781 1683121297 3566 217 3682 3663 3599 3642 3642 3610 4065 4065 4064 4064 4064 4064 4064 4064
782 1683121297 3566 216 3681 3663 3599 3641 3641 3609 4063 4063 4063 4063 4063 4063 4063 4063
783 1683121297 3566 216 3681 3662 3598 3641 3641 3609 4063 4063 4063 4063 4063 4063 4063 4063
784 1683121297 3566 216 3682 3664 3600 3642 3642 3610 4065 4065 4064 4064 4064 4064 4064 4064
785 1683121297 3566 216 3682 3664 3600 3642 3642 3609 4063 4063 4063 4063 4063 4063 4063 4063
786 1683121297 3566 216 3682 3663 3599 3642 3641 3609 4063 4063 4063 4063 4063 4063 4063 4063
787 1683121297 3566 217 3682 3663 3599 3642 3641 3610 4065 4065 4064 4064 4064 4064 4064 4064
788 1683121297 3566 216 3681 3664 3600 3642 3642 3609 4065 4065 4064 4064 4064 4064 4064 4064
789 1683121297 3566 217 3680 3664 3600 3643 3642 3610 4063 4063 4063 4063 4063 4063 4063 4063
790 1683121297 3566 216 3682 3663 3599 3642 3642 3609 4065 4065 4064 4064 4064 4064 4064 4064
791 1683121297 3566 216 3682 3663 3599 3642 3641 3609 4065 4065 4064 4064 4064 4064 4064 4064
792 1683121297 3566 216 3681 3663 3599 3642 3642 3609 4065 4065 4065 4065 4065 4065 4065 4065
793 1683121298 3567 216 3682 3664 3600 3643 3642 3610 4065 4065 4064 4064 4064 4064 4064 4064
794 1683121298 3567 216 3682 3664 3600 3643 3642 3610 4063 4063 4063 4063 4063 4063 4063 4063
795 1683121298 3568 216 3684 3666 3601 3644 3643 3611 4063 4063 4063 4063 4063 4063 4063 4063
796 1683121298 3566 216 3681 3664 3600 3642 3642 3610 4065 4065 4064 4064 4064 4064 4064 4064
797 1683121298 3566 217 3682 3663 3599 3642 3642 3609 4063 4063 4063 4063 4063 4063 4063 4063
798 1683121298 3567 216 3682 3664 3599 3642 3642 3610 4063 4063 4063 4063 4063 4063 4063 4063
799 1683121298 3567 216 3682 3663 3599 3642 3641 3610 4065 4065 4064 4064 4064 4064 4064 4064
800 1683121298 3567 217 3682 3664 3600 3643 3642 3610 4065 4065 4064 4064 4064 4064 4064 4064
801 1683121298 3566 217 3682 3663 3599 3642 3641 3609 4065 4065 4064 4064 4064 4064 4064 4064
802 1683121298 3567 217 3682 3664 3599 3642 3642 3610 4065 4065 4065 4065 4065 4065 4065 4065
803 1683121298 3566 216 3682 3663 3599 3642 3642 3610 4065 4065 4064 4064 4064 4064 4064 4064
804 1683121298 3567 216 3683 3664 3600 3643 3642 3611 4065 4065 4064 4064 4064 4064 4064 4064
805 1683121298 3567 217 3683 3665 3600 3643 3643 3611 4065 4065 4065 4065 4065 4065 4065 4065
806 1683121298 3567 216 3682 3664 3600 3642 3642 3610 4065 4065 4064 4064 4064 4064 4064 4064
807 1683121298 3567 216 3682 3664 3600 3642 3642 3610 4065 4065 4064 4064 4064 4064 4064 4064
808 1683121298 3568 216 3683 3665 3600 3643 3642 3610 4063 4063 4063 4063 4063 4063 4063 4063
809 1683121306 3566 216 3682 3663 3600 3642 3642 3609 4065 4065 4064 4064 4064 4064 4064 4064
810 1683121306 3566 216 3682 3664 3599 3643 3642 3610 4063 4063 4063 4063 4063 4063 4063 4063
811 1683121306 3567 216 3683 3664 3600 3643 3642 3610 4063 4063 4063 4063 4063 4063 4063 4063
812 1683121306 3568 217 3683 3664 3601 3643 3643 3611 4065 4065 4064 4064 4064 4064 4064 4064
813 1683121306 3568 216 3683 3665 3600 3643 3642 3610 4063 4063 4063 4063 4063 4063 4063 4063
814 1683121306 3567 216 3682 3663 3599 3642 3642 3610 4065 4065 4064 4064 4064 4064 4064 4064
815 1683121306 3567 217 3683 3664 3600 3643 3643 3610 4065 4065 4065 4065 4065 4065 4065 4065
816 1683121306 3567 217 3683 3665 3601 3644 3643 3611 4063 4063 4063 4063 4063 4063 4063 4063
817 1683121306 3567 217 3683 3664 3600 3643 3643 3611 4063 4063 4063 4063 4063 4063 4063 4063
818 1683121306 3567 217 3682 3663 3600 3643 3642 3610 4065 4065 4064 4064 4064 4064 4064 4064
819 1683121306 3567 216 3683 3665 3600 3643 3643 3611 4063 4063 4063 4063 4063 4063 4063 4063
820 1683121306 3566 217 3682 3663 3600 3642 3642 3610 4065 4065 4065 4065 4065 4065 4065 4065
821 1683121306 3568 216 3683 3665 3601 3644 3644 3611 4065 4065 4065 4065 4065 4065 4065 4065
822 1683121306 3567 216 3682 3664 3601 3643 3643 3611 4065 4065 4064 4064 4064 4064 4064 4064
823 1683121306 3568 217 3683 3665 3601 3644 3643 3611 4065 4065 4064 4064 4064 4064 4064 4064
824 1683121306 3567 217 3683 3664 3600 3643 3643 3611 4065 4065 4064 4064 4064 4064 4064 4064
825 1683121306 3567 216 3683 3665 3600 3644 3642 3611 4065 4065 4064 4064 4064 4064 4064 4064
826 1683121306 3567 216 3682 3664 3600 3643 3643 3610 4065 4065 4064 4064 4064 4064 4064 4064
827 1683121306 3568 216 3683 3665 3601 3644 3643 3611 4065 4065 4064 4064 4064 4064 4064 4064
828 1683121306 3569 217 3684 3665 3601 3644 3644 3611 4063 4063 4063 4063 4063 4063 4063 4063
829 1683121306 3568 216 3683 3665 3600 3643 3643 3611 4065 4065 4064 4064 4064 4064 4064 4064
830 1683121306 3568 216 3684 3666 3601 3644 3644 3611 4065 4065 4064 4064 4064 4064 4064 4064
831 1683121306 3568 216 3683 3665 3601 3644 3644 3611 4065 4065 4064 4064 4064 4064 4064 4064
832 1683121306 3567 217 3683 3665 3601 3643 3643 3611 4065 4065 4065 4065 4065 4065 4065 4065
833 1683121306 3569 216 3684 3666 3602 3644 3643 3611 4065 4065 4064 4064 4064 4064 4064 4064
834 1683121314 3563 216 3679 3661 3597 3639 3639 3607 4065 4065 4064 4064 4064 4064 4064 4064
835 1683121314 3565 217 3680 3661 3597 3640 3640 3608 4065 4063 4063 4063 4063 4063 4063 4063
836 1683121314 3565 216 3679 3662 3598 3641 3640 3608 4065 4065 4065 4065 4065 4065 4065 4065
837 1683121314 3564 217 3680 3662 3598 3641 3640 3608 4065 4063 4063 4063 4063 4063 4063 4063
838 1683121314 3565 216 3680 265 3595 3640 3640 3608 4065 4065 4065 4065 4065 4065 4065 4065
839 1683121314 3565 217 3680 3662 3598 3640 3640 3608 4065 4065 4064 4064 4064 4064 4064 4064
840 1683121314 3565 216 3679 3661 3597 3640 3640 3608 4063 4063 4062 4062 4062 4062 4062 4062
841 1683121314 3566 216 3682 3663 3599 3642 3641 3609 4063 4063 4063 4063 4063 4063 4063 4063
842 1683121314 3565 217 3680 3662 3597 3641 3640 3608 4065 4065 4064 4064 4064 4064 4064 4064
843 1683121314 3565 217 3680 3662 3598 3641 3640 3608 4065 4065 4065 4065 4065 4065 4065 4065
844 1683121314 3564 216 3679 3661 3597 3640 3639 3607 4065 4065 4064 4064 4064 4064 4064 4064
845 1683121314 3565 217 3680 3662 3597 3640 3640 3607 4065 4065 4065 4065 4065 4065 4065 4065
846 1683121314 3565 217 3681 3662 3598 3641 3640 3608 4063 4063 4063 4063 4063 4063 4063 4063
847 1683121314 3565 217 3680 3662 3598 3641 3641 3608 4065 4065 4065 4065 4065 4065 4065 4065
848 1683121314 3565 216 3681 3662 3598 3641 3640 3608 4063 4063 4063 4063 4063 4063 4063 4063
849 1683121314 3565 217 3681 3663 3598 3641 3640 3608 4065 4065 4064 4064 4064 4064 4064 4064
850 1683121314 3565 217 3680 3662 3598 3641 3640 3608 4065 4065 4064 4064 4064 4064 4064 4064
851 1683121314 3565 217 3680 3662 3599 3641 3641 3608 4065 4065 4064 4064 4064 4064 4064 4064
852 1683121314 3566 217 3681 3663 3599 3641 3641 3609 4063 4063 4063 4063 4063 4063 4063 4063
853 1683121314 3565 217 3680 3662 3598 3641 3640 3608 4063 4063 4063 4063 4063 4063 4063 4063
854 1683121314 3565 217 3681 3662 3598 3640 3640 3608 4063 4063 4063 4063 4063 4063 4063 4063
855 1683121314 3566 217 3682 3664 3600 3643 3642 3610 4063 4063 4063 4063 4063 4063 4063 4063
856 1683121314 3565 217 3681 3662 3598 3641 3640 3608 4067 4065 4065 4065 4065 4065 4065 4065
857 1683121314 3566 217 3681 3662 3598 3641 3641 3608 4059 4059 4059 4059 4059 4059 4059 4059
858 1683121314 3564 218 3680 3662 3598 3641 3640 3608 4063 4063 4063 4063 4063 4063 4063 4063
859 1683121314 3565 217 3681 3663 3599 3642 3641 3609 4065 4065 4064 4064 4064 4064 4064 4064
860 1683121314 3565 216 3681 3662 3598 3641 3640 3608 4065 4065 4064 4064 4064 4064 4064 4064
861 1683121314 3565 217 3681 3663 3599 3642 3641 3609 4065 4065 4065 4065 4065 4065 4065 4065
862 1683121314 3565 217 3681 3662 3599 3642 3641 3609 4061 4061 4061 4061 4061 4061 4061 4061
863 1683121314 3564 217 3680 3661 3598 3641 3640 3608 4067 4065 4065 4065 4065 4065 4065 4065
864 1683121314 3565 217 3681 3662 3599 3641 3641 3609 4063 4063 4063 4063 4063 4063 4063 4063
865 1683121314 3563 217 3679 3661 3597 3639 3639 3607 4065 4065 4064 4064 4064 4064 4064 4064
866 1683121314 3566 218 3681 3662 3599 3641 3641 3608 4065 4065 4065 4065 4065 4065 4065 4065
867 1683121314 3565 217 3680 3661 3598 3640 3640 3608 4065 4065 4064 4064 4064 4064 4064 4064
868 1683121314 3565 217 3681 3662 3598 3641 3641 3608 4063 4063 4063 4063 4063 4063 4063 4063
869 1683121314 3565 217 3681 3663 3599 3642 3641 3609 4065 4065 4064 4064 4064 4064 4064 4064
870 1683121314 3565 217 3681 3663 3599 3641 3640 3608 4065 4065 4064 4064 4064 4064 4064 4064
871 1683121314 3565 217 3680 3662 3598 3641 3640 3608 4065 4065 4064 4064 4064 4064 4064 4064
872 1683121314 3566 217 3682 3663 3599 3641 3641 3609 4065 4065 4064 4064 4064 4064 4064 4064
873 1683121314 3565 217 3681 3663 3599 3641 3640 3608 4065 4063 4063 4063 4063 4063 4063 4063
874 1683121314 3565 217 3681 3663 3598 3641 3640 3608 4065 4065 4064 4064 4064 4064 4064 4064
875 1683121314 3564 217 3680 3661 3598 3641 3640 3608 4065 4065 4065 4065 4065 4065 4065 4065
876 1683121314 3565 217 3680 3661 3598 3640 3640 3608 4065 4065 4064 4064 4064 4064 4064 4064
877 1683121314 3566 217 3681 3663 3599 3642 3642 3609 4063 4063 4063 4063 4063 4063 4063 4063
878 1683121314 3566 217 3681 3663 3599 3642 3641 3609 4065 4065 4064 4064 4064 4064 4064 4064
879 1683121314 3566 217 3681 3662 3598 3641 3640 3608 4065 4065 4064 4064 4064 4064 4064 4064
880 1683121314 3565 217 3680 3662 3599 3641 3641 3608 4065 4065 4064 4064 4064 4064 4064 4064
881 1683121314 3565 217 3680 3661 3597 3640 3640 3608 4065 4065 4064 4064 4064 4064 4064 4064
882 1683121314 3565 217 3681 3662 3599 3642 3641 3609 4063 4063 4063 4063 4063 4063 4063 4063
883 1683121314 3566 217 3680 3664 3599 3642 3642 3610 4065 4065 4065 4065 4065 4065 4065 4065
884 1683121314 3564 215 3679 3661 3597 3640 3640 3608 4065 4065 4064 4064 4064 4064 4064 4064
885 1683121314 3564 215 3678 3661 3597 3639 3639 3607 4065 4065 4064 4064 4064 4064 4064 4064
886 1683121314 3564 215 3679 3661 3596 3639 3639 3607 4063 4063 4063 4063 4063 4063 4063 4063
887 1683121314 3564 215 3679 3660 3597 3639 3639 3607 4061 4061 4060 4060 4060 4060 4060 4060
888 1683121314 3564 214 3679 3661 3597 3640 3639 3607 4063 4063 4063 4063 4063 4063 4063 4063
889 1683121314 3564 215 3678 3661 3597 3639 3639 3607 4063 4063 4062 4062 4062 4062 4062 4062
890 1683121315 3563 214 3678 3659 3596 3638 3638 3606 4065 4065 4064 4064 4064 4064 4064 4064
891 1683121315 3563 215 3679 3660 3596 3639 3638 3607 4065 4065 4065 4065 4065 4065 4065 4065
892 1683121315 3563 216 3679 3660 3596 3639 3638 3606 4065 4065 4064 4064 4064 4064 4064 4064
893 1683121315 3562 215 3678 3659 3596 3639 3638 3606 4065 4065 4064 4064 4064 4064 4064 4064
894 1683121315 3564 215 3679 3661 3597 3640 3639 3608 4065 4065 4064 4064 4064 4064 4064 4064
895 1683121315 3564 215 3680 3662 3597 3640 3639 3607 4065 4065 4064 4064 4064 4064 4064 4064
896 1683121315 3562 215 3678 3660 3595 3638 3638 3606 4063 4063 4063 4063 4063 4063 4063 4063
897 1683121315 3564 215 3679 3661 3597 3640 3640 3607 4065 4065 4065 4065 4065 4065 4065 4065
898 1683121315 3563 215 3680 3661 3597 3640 3639 3607 4065 4065 4064 4064 4064 4064 4064 4064
899 1683121315 3564 215 3680 3661 3597 3640 3639 3607 4065 4065 4064 4064 4064 4064 4064 4064
900 1683121315 3564 216 3679 3661 3597 3640 3639 3607 4065 4065 4064 4064 4064 4064 4064 4064
901 1683121315 3564 215 3680 3661 3597 3640 3639 3607 4065 4065 4065 4065 4065 4065 4065 4065
902 1683121315 3564 215 3679 3660 3596 3639 3638 3607 4063 4063 4063 4063 4063 4063 4063 4063
903 1683121315 3564 215 3679 3661 3597 3639 3639 3606 4065 4065 4064 4064 4064 4064 4064 4064
904 1683121315 3562 216 3677 3659 3595 3638 3637 3605 4065 4065 4064 4064 4064 4064 4064 4064
905 1683121315 3564 215 3678 3660 3597 3639 3639 3607 4063 4063 4062 4062 4062 4062 4062 4062
906 1683121315 3563 216 3678 3660 3596 3639 3638 3606 4065 4065 4064 4064 4064 4064 4064 4064
907 1683121315 3563 215 3680 3661 3597 3640 3639 3607 4065 4065 4064 4064 4064 4064 4064 4064
908 1683121315 3563 215 3679 3660 3596 3639 3638 3606 4065 4065 4064 4064 4064 4064 4064 4064
909 1683121315 3564 215 3679 3660 3597 3639 3638 3607 4065 4065 4064 4064 4064 4064 4064 4064
910 1683121315 3564 215 3679 3660 3596 3639 3639 3607 4065 4065 4065 4065 4065 4065 4065 4065
911 1683121315 3564 215 3679 3661 3597 3640 3639 3607 4063 4063 4063 4063 4063 4063 4063 4063
912 1683121315 3564 215 3679 3660 3596 3639 3639 3607 4065 4065 4065 4065 4065 4065 4065 4065
913 1683121315 3563 215 3678 3661 3596 3639 3639 3607 4063 4063 4063 4063 4063 4063 4063 4063
914 1683121315 3564 215 3679 3661 3597 3640 3639 3607 4065 4065 4064 4064 4064 4064 4064 4064
915 1683121315 3564 215 3679 3661 3596 3640 3639 3607 4065 4065 4064 4064 4064 4064 4064 4064
916 1683121315 3565 216 3679 3661 3598 3640 3640 3608 4065 4065 4064 4064 4064 4064 4064 4064
917 1683121315 3564 216 3678 3661 3597 3640 3639 3607 4065 4065 4064 4064 4064 4064 4064 4064
918 1683121315 3563 215 3677 3660 3596 3639 3638 3606 4065 4065 4064 4064 4064 4064 4064 4064
919 1683121315 3565 215 3680 3662 3597 3640 3639 3608 4065 4065 4064 4064 4064 4064 4064 4064
920 1683121315 3564 215 3679 3661 3597 3640 3639 3607 4065 4065 4064 4064 4064 4064 4064 4064
921 1683121315 3564 215 3680 3661 3598 3641 3640 3608 4065 4065 4064 4064 4064 4064 4064 4064
922 1683121315 3564 214 3680 3661 3597 3640 3639 3607 4065 4065 4064 4064 4064 4064 4064 4064
923 1683121315 3564 217 3680 3661 3597 3640 3639 3607 4065 4065 4064 4064 4064 4064 4064 4064
924 1683121315 3558 216 3674 3656 3592 3635 3634 3602 4065 4065 4064 4064 4064 4064 4064 4064
925 1683121315 3563 216 3678 3661 3597 3640 3639 3607 4065 4065 4065 4065 4065 4065 4065 4065
926 1683121315 3564 216 3679 3660 3596 3639 3638 3607 4065 4064 4064 4064 4064 4064 4064 4064
927 1683121315 3564 216 3680 3661 3597 3641 3640 3608 4065 4065 4064 4064 4064 4064 4064 4064
928 1683121315 3564 216 3679 3660 3597 3639 3639 3606 4063 4063 4063 4063 4063 4063 4063 4063
929 1683121315 3564 215 3680 3661 3597 3640 3639 3607 4065 4065 4064 4064 4064 4064 4064 4064
930 1683121315 3564 216 3679 3661 3597 3640 3640 3607 4065 4065 4064 4064 4064 4064 4064 4064
931 1683121315 3564 216 3679 3661 3597 3640 3639 3607 4067 4065 4065 4065 4065 4065 4065 4065
932 1683121315 3564 216 3679 3661 3597 3640 3639 3607 4065 4065 4064 4064 4064 4064 4064 4064
933 1683121315 3563 215 3678 3661 3596 3639 3638 3607 4065 4065 4064 4064 4064 4064 4064 4064
934 1683121315 3564 215 3680 3661 3597 3639 3639 3607 4067 4065 4065 4065 4065 4065 4065 4065
935 1683121315 3563 216 3678 3660 3596 3640 3640 3607 4065 4065 4064 4064 4064 4064 4064 4064
936 1683121315 3563 216 3679 3660 3596 3639 3639 3606 4065 4065 4064 4064 4064 4064 4064 4064
937 1683121315 3563 216 3678 3660 3597 3639 3639 3607 4065 4065 4064 4064 4064 4064 4064 4064
938 1683121315 3565 216 3680 3662 3598 3640 3640 3608 4065 4065 4064 4064 4064 4064 4064 4064
939 1683121315 3563 216 3679 3660 3597 3639 3639 3606 4065 4065 4064 4064 4064 4064 4064 4064
940 1683121315 3564 216 3679 3661 3597 3640 3639 3607 4065 4065 4064 4064 4064 4064 4064 4064
941 1683121315 3563 215 3678 3660 3596 3639 3638 3606 4065 4065 4064 4064 4064 4064 4064 4064
942 1683121315 3563 215 3679 3660 3597 3639 3638 3607 4065 4065 4065 4065 4065 4065 4065 4065
943 1683121315 3563 215 3678 3659 3596 3638 3638 3606 4065 4065 4064 4064 4064 4064 4064 4064
944 1683121315 3564 216 3679 3661 3597 3640 3640 3607 4065 4065 4064 4064 4064 4064 4064 4064
945 1683121315 3564 216 3679 3661 3597 3640 3640 3607 4065 4063 4063 4063 4063 4063 4063 4063
946 1683121315 3564 216 3680 3661 3597 3640 3639 3607 4065 4065 4064 4064 4064 4064 4064 4064
947 1683121315 3563 215 3679 3661 3596 3639 3638 3606 4065 4065 4064 4064 4064 4064 4064 4064
948 1683121315 3565 216 3679 3661 3597 3640 3639 3607 4065 4065 4065 4065 4065 4065 4065 4065
949 1683121315 3564 215 3678 3661 3597 3639 3639 3607 4065 4065 4064 4064 4064 4064 4064 4064
950 1683121315 3563 215 3679 3661 3597 3640 3639 3607 4065 4065 4064 4064 4064 4064 4064 4064
951 1683121315 3563 216 3678 3660 3596 3639 3638 3607 4063 4063 4063 4063 4063 4063 4063 4063
952 1683121315 3564 215 3679 3661 3597 3640 3640 3607 4065 4065 4064 4064 4064 4064 4064 4064
953 1683121315 3563 215 3678 3661 3596 3639 3639 3607 4065 4065 4064 4064 4064 4064 4064 4064
954 1683121315 3563 216 3679 3660 3596 3639 3639 3606 4065 4065 4064 4064 4064 4064 4064 4064
955 1683121315 3564 215 3680 3661 3597 3639 3639 3607 4065 4063 4063 4063 4063 4063 4063 4063
956 1683121315 3564 216 3679 3660 3596 3639 3639 3607 4063 4063 4063 4063 4063 4063 4063 4063
957 1683121315 3564 216 3679 3661 3597 3640 3639 3607 4065 4065 4064 4064 4064 4064 4064 4064
958 1683121315 3564 216 3680 3661 3597 3640 3639 3607 4065 4065 4064 4064 4064 4064 4064 4064
959 1683121315 3564 215 3679 3660 3597 3639 3638 3606 4067 4065 4065 4065 4065 4065 4065 4065
960 1683121315 3563 216 3679 3661 3597 3639 3639 3607 4065 4065 4064 4064 4064 4064 4064 4064
961 1683121315 3563 215 3678 3660 3596 3638 3638 3606 4065 4065 4064 4064 4064 4064 4064 4064
962 1683121315 3564 216 3679 3661 3597 3639 3639 3607 4065 4065 4064 4064 4064 4064 4064 4064
963 1683121315 3563 216 3679 3660 3597 3639 3639 3606 4065 4065 4064 4064 4064 4064 4064 4064
964 1683121315 3563 216 3679 3661 3597 3640 3639 3607 4065 4065 4064 4064 4064 4064 4064 4064
965 1683121315 3564 215 3679 3661 3597 3640 3639 3607 4065 4065 4064 4064 4064 4064 4064 4064
966 1683121315 3563 216 3679 3661 3597 3640 3639 3607 4065 4065 4064 4064 4064 4064 4064 4064
967 1683121316 3563 216 3678 3660 3596 3639 3638 3606 4065 4065 4064 4064 4064 4064 4064 4064
968 1683121316 3564 216 3679 3661 3597 3640 3640 3608 4063 4063 4063 4063 4063 4063 4063 4063
969 1683121316 3564 216 3679 3661 3598 3640 3640 3608 4065 4065 4065 4065 4065 4065 4065 4065
970 1683121316 3564 216 3679 3661 3597 3639 3639 3607 4063 4063 4063 4063 4063 4063 4063 4063
971 1683121316 3563 216 3679 3660 3596 3639 3638 3606 4065 4065 4065 4065 4065 4065 4065 4065
972 1683121316 3565 216 3679 3662 3598 3641 3640 3608 4065 4065 4065 4065 4065 4065 4065 4065
973 1683121316 3564 216 3680 3661 3597 3640 3639 3607 4061 4061 4061 4061 4061 4061 4061 4061
974 1683121316 3564 216 3679 3660 3597 3640 3639 3607 4065 4065 4065 4065 4065 4065 4065 4065
975 1683121316 3563 216 3679 3660 3596 3639 3638 3606 4065 4065 4064 4064 4064 4064 4064 4064
976 1683121316 3564 216 3679 3661 3597 3639 3639 3607 4063 4063 4063 4063 4063 4063 4063 4063
977 1683121316 3563 215 3678 3660 3596 3639 3638 3606 4063 4063 4063 4063 4063 4063 4063 4063
978 1683121316 3564 216 3679 3661 3597 3640 3639 3607 4065 4063 4063 4063 4063 4063 4063 4063
979 1683121316 3564 215 3679 3660 3597 3639 3639 3607 4065 4065 4064 4064 4064 4064 4064 4064
980 1683121316 3564 216 3679 3661 3597 3640 3640 3608 4065 4065 4064 4064 4064 4064 4064 4064
981 1683121316 3564 216 3678 3661 3597 3639 3639 3607 4063 4063 4063 4063 4063 4063 4063 4063
982 1683121316 3564 216 3679 3661 3597 3640 3639 3608 4063 4063 4063 4063 4063 4063 4063 4063
983 1683121316 3564 216 3680 3662 3597 3640 3640 3608 4065 4065 4064 4064 4064 4064 4064 4064
984 1683121316 3565 216 3680 3662 3598 3640 3640 3608 4063 4063 4063 4063 4063 4063 4063 4063
985 1683121316 3563 216 3679 3661 3597 3640 3639 3607 4065 4065 4065 4065 4065 4065 4065 4065
986 1683121316 3564 216 3680 3661 3597 3640 3639 3607 4065 4065 4064 4064 4064 4064 4064 4064
987 1683121316 3564 217 3680 3661 3597 3640 3639 3607 4063 4063 4063 4063 4063 4063 4063 4063
988 1683121316 3563 216 3679 3661 3597 3639 3639 3607 4065 4064 4064 4064 4064 4064 4064 4064
989 1683121316 3563 216 3679 3661 3597 3639 3639 3607 4065 4065 4065 4065 4065 4065 4065 4065
990 1683121316 3564 216 3679 3661 3597 3640 3638 3607 4065 4065 4065 4065 4065 4065 4065 4065
991 1683121316 3563 216 3678 3660 3596 3639 3639 3606 4065 4065 4065 4065 4065 4065 4065 4065
992 1683121316 3564 216 3679 3661 3597 3640 3639 3607 4063 4063 4063 4063 4063 4063 4063 4063
993 1683121316 3563 216 3679 3661 3597 3640 3639 3607 4063 4063 4063 4063 4063 4063 4063 4063
994 1683121316 3564 216 3680 3661 3597 3639 3639 3607 4065 4065 4064 4064 4064 4064 4064 4064
995 1683121316 3564 216 3680 3661 3597 3639 3639 3607 4065 4065 4064 4064 4064 4064 4064 4064
996 1683121316 3564 216 3679 3660 3597 3640 3639 3607 4063 4063 4063 4063 4063 4063 4063 4063
997 1683121316 3564 216 3678 3661 3597 3640 3639 3607 4061 4061 4061 4061 4061 4061 4061 4061
998 1683121316 3564 216 3679 3661 3597 3639 3639 3607 4063 4063 4063 4063 4063 4063 4063 4063
999 1683121316 3563 216 3679 3660 3597 3639 3638 3606 4063 4063 4063 4063 4063 4063 4063 4063
1000 1683121316 3564 216 3679 3661 3597 3640 3639 3607 4065 4065 4065 4065 4065 4065 4065 4065
