1 1683121911 3563 603 3679 3660 3596 3639 3639 3607 4065 4065 4064 4064 4064 4064 4064 4064
2 1683121911 3564 602 3680 3661 3596 3639 3639 3608 4065 4063 4063 4063 4063 4063 4063 4063
3 1683121911 3563 601 3679 3660 3596 3638 3638 3607 4065 4065 4064 4064 4064 4064 4064 4064
4 1683121911 3564 601 3680 3661 3596 3639 3639 3607 4065 4065 4064 4064 4064 4064 4064 4064
5 1683121911 3564 602 3680 3661 3597 3639 3639 3607 4065 4065 4065 4065 4065 4065 4065 4065
6 1683121911 3563 602 3679 3660 3596 3639 3639 3607 4065 4065 4064 4064 4064 4064 4064 4064
7 1683121911 3563 602 3678 3660 3596 3639 3639 3607 4063 4063 4063 4063 4063 4063 4063 4063
8 1683121911 3563 602 3679 3661 3596 3639 3639 3607 4063 4063 4063 4063 4063 4063 4063 4063
9 1683121911 3564 602 3680 3660 3597 3639 3639 3607 4065 4065 4064 4064 4064 4064 4064 4064
10 1683121911 3564 602 3679 3661 3597 3639 3639 3606 4063 4063 4063 4063 4063 4063 4063 4063
11 1683121911 3564 602 3680 3661 3597 3640 3640 3608 4065 4065 4064 4064 4064 4064 4064 4064
12 1683121911 3564 602 3679 3661 3597 3640 3639 3607 4065 4065 4065 4065 4065 4065 4065 4065
13 1683121911 3565 602 3680 3661 3597 3639 3639 3607 4065 4065 4064 4064 4064 4064 4064 4064
14 1683121911 3563 602 3677 3660 3596 3639 3638 3607 4065 4065 4064 4064 4064 4064 4064 4064
15 1683121911 3563 601 3679 3660 3596 3638 3639 3607 4065 4065 4064 4064 4064 4064 4064 4064
16 1683121911 3563 602 3679 3660 3596 3639 3639 3607 4065 4065 4064 4064 4064 4064 4064 4064
17 1683121911 3563 603 3680 3661 3597 3640 3639 3607 4063 4063 4063 4063 4063 4063 4063 4063
18 1683121911 3564 602 3679 3661 3597 3640 3639 3607 4065 4065 4064 4064 4064 4064 4064 4064
19 1683121911 3564 602 3680 3661 3597 3640 3640 3608 4065 4065 4064 4064 4064 4064 4064 4064
20 1683121911 3564 602 3679 3661 3597 3639 3640 3608 4065 4065 4064 4064 4064 4064 4064 4064
21 1683121911 3564 602 3680 3661 3597 3640 3640 3608 4065 4065 4064 4064 4064 4064 4064 4064
22 1683121911 3564 602 3680 3662 3597 3640 3640 3608 4065 4065 4064 4064 4064 4064 4064 4064
23 1683121911 3565 602 3680 3662 3598 3640 3640 3608 4065 4065 4065 4065 4065 4065 4065 4065
24 1683121911 3564 602 3680 3661 3597 3640 3639 3608 4063 4063 4063 4063 4063 4063 4063 4063
25 1683121911 3565 601 3681 3662 3598 3640 3640 3608 4065 4065 4064 4064 4064 4064 4064 4064
26 1683121911 3565 602 3680 3661 3598 3640 3640 3608 4063 4063 4063 4063 4063 4063 4063 4063
27 1683121911 3565 601 3680 3662 3598 3640 3640 3608 4065 4065 4064 4064 4064 4064 4064 4064
28 1683121912 3563 602 3679 3661 3597 3639 3640 3608 4065 4065 4065 4065 4065 4065 4065 4065
29 1683121912 3565 602 3680 3662 3598 3641 3641 3609 4065 4065 4064 4064 4064 4064 4064 4064
30 1683121912 3565 602 3680 3662 3597 3639 3639 3607 4065 4065 4065 4065 4065 4065 4065 4065
31 1683121912 3564 602 3680 3661 3597 3639 3639 3608 4065 4065 4065 4065 4065 4065 4065 4065
32 1683121912 3564 602 3680 3661 3597 3640 3640 3608 4063 4063 4063 4063 4063 4063 4063 4063
33 1683121912 3564 602 3680 3661 3597 3640 3640 3608 4065 4065 4064 4064 4064 4064 4064 4064
34 1683121912 3565 602 3680 3662 3597 3640 3640 3608 4065 4063 4063 4063 4063 4063 4063 4063
35 1683121912 3564 602 3680 3661 3598 3640 3640 3608 4065 4065 4064 4064 4064 4064 4064 4064
36 1683121912 3564 602 3680 3661 3597 3639 3638 3607 4065 4065 4065 4065 4065 4065 4065 4065
37 1683121912 3564 602 3680 3661 3598 3640 3640 3608 4063 4063 4062 4062 4062 4062 4062 4062
38 1683121912 3564 602 3680 3661 3596 3639 3639 3607 4065 4065 4064 4064 4064 4064 4064 4064
39 1683121912 3564 602 3680 3661 3597 3640 3640 3608 4065 4065 4064 4064 4064 4064 4064 4064
40 1683121912 3564 602 3679 3661 3597 3639 3639 3608 4063 4063 4063 4063 4063 4063 4063 4063
41 1683121912 3564 601 3681 3661 3597 3639 3639 3607 4065 4065 4064 4064 4064 4064 4064 4064
42 1683121912 3565 602 3680 3661 3598 3640 3640 3608 4063 4063 4063 4063 4063 4063 4063 4063
43 1683121912 3566 602 3680 3662 3598 3641 3641 3609 4063 4063 4063 4063 4063 4063 4063 4063
44 1683121912 3565 602 3681 3662 3597 3640 3640 3608 4065 4065 4064 4064 4064 4064 4064 4064
45 1683121912 3564 602 3679 3661 3596 3639 3639 3607 4065 4065 4064 4064 4064 4064 4064 4064
46 1683121912 3564 602 3680 3661 3597 3640 3639 3608 4065 4065 4064 4064 4064 4064 4064 4064
47 1683121912 3564 602 3680 3660 3597 3639 3639 3607 4065 4065 4064 4064 4064 4064 4064 4064
48 1683121912 3565 602 3681 3662 3598 3641 3640 3609 4063 4063 4063 4063 4063 4063 4063 4063
49 1683121912 3565 602 3681 3662 3598 3640 3640 3608 4063 4063 4063 4063 4063 4063 4063 4063
50 1683121912 3565 602 3681 3662 3598 3641 3641 3609 4065 4063 4063 4063 4063 4063 4063 4063
51 1683121912 3564 602 3680 3661 3597 3640 3640 3608 4065 4065 4064 4064 4064 4064 4064 4064
52 1683121912 3565 602 3681 3662 3598 3641 3640 3609 4065 4065 4064 4064 4064 4064 4064 4064
53 1683121912 3563 602 3680 3661 3597 3639 3639 3607 4065 4065 4064 4064 4064 4064 4064 4064
54 1683121912 3565 602 3681 3662 3598 3641 3640 3609 4065 4065 4064 4064 4064 4064 4064 4064
55 1683121912 3564 603 3680 3661 3597 3640 3640 3608 4063 4063 4063 4063 4063 4063 4063 4063
56 1683121912 3564 602 3680 3661 3597 3640 3640 3608 4063 4063 4063 4063 4063 4063 4063 4063
57 1683121912 3564 602 3680 3662 3598 3640 3640 3608 4065 4065 4064 4064 4064 4064 4064 4064
58 1683121912 3565 602 3681 3662 3598 3641 3640 3609 4063 4063 4063 4063 4063 4063 4063 4063
59 1683121912 3564 602 3680 3661 3597 3640 3639 3607 4063 4063 4062 4062 4062 4062 4062 4062
60 1683121912 3564 602 3681 3662 3598 3640 3640 3608 4065 4065 4064 4064 4064 4064 4064 4064
61 1683121912 3565 603 3680 3662 3597 3640 3640 3608 4063 4063 4063 4063 4063 4063 4063 4063
62 1683121912 3565 602 3681 3662 3598 3641 3640 3609 4063 4063 4063 4063 4063 4063 4063 4063
63 1683121912 3565 602 3680 3662 3598 3640 3640 3608 4065 4065 4064 4064 4064 4064 4064 4064
64 1683121912 3564 602 3680 3662 3598 3640 3640 3608 4065 4065 4064 4064 4064 4064 4064 4064
65 1683121912 3565 603 3680 3661 3597 3640 3640 3607 4065 4065 4064 4064 4064 4064 4064 4064
66 1683121912 3564 602 3680 3661 3597 3640 3640 3608 4065 4063 4063 4063 4063 4063 4063 4063
67 1683121912 3565 602 3680 3662 3597 3641 3640 3608 4065 4065 4065 4065 4065 4065 4065 4065
68 1683121912 3564 602 3680 3661 3597 3640 3640 3608 4065 4065 4064 4064 4064 4064 4064 4064
69 1683121912 3565 602 3680 3662 3597 3640 3640 3608 4063 4063 4063 4063 4063 4063 4063 4063
70 1683121912 3565 602 3681 3662 3598 3641 3641 3609 4063 4063 4063 4063 4063 4063 4063 4063
71 1683121912 3565 602 3681 3662 3598 3640 3641 3609 4065 4065 4064 4064 4064 4064 4064 4064
72 1683121912 3564 602 3680 3661 3597 3640 3639 3608 4063 4063 4063 4063 4063 4063 4063 4063
73 1683121912 3564 603 3681 3662 3598 3641 3640 3609 4063 4063 4063 4063 4063 4063 4063 4063
74 1683121912 3566 602 3681 3663 3599 3641 3641 3609 4063 4063 4063 4063 4063 4063 4063 4063
75 1683121912 3565 602 3680 3663 3599 3641 3641 3609 4063 4063 4063 4063 4063 4063 4063 4063
76 1683121912 3566 602 3681 3663 3599 3641 3641 3609 4065 4063 4063 4063 4063 4063 4063 4063
77 1683121912 3565 602 3680 3662 3598 3640 3640 3608 4065 4065 4065 4065 4065 4065 4065 4065
78 1683121912 3564 602 3680 3662 3597 3640 3639 3608 4065 4065 4065 4065 4065 4065 4065 4065
79 1683121912 3564 602 3680 3661 3597 3640 3640 3608 4065 4065 4065 4065 4065 4065 4065 4065
80 1683121912 3565 604 3680 3662 3597 3640 3640 3608 4065 4065 4064 4064 4064 4064 4064 4064
81 1683121912 3566 603 3682 3663 3599 3642 3641 3610 4065 4065 4064 4064 4064 4064 4064 4064
82 1683121912 3566 602 3681 3663 3599 3642 3641 3609 4065 4065 4064 4064 4064 4064 4064 4064
83 1683121912 3565 602 3680 3662 3598 3640 3641 3609 4065 4065 4064 4064 4064 4064 4064 4064
84 1683121912 3565 602 3681 3662 3598 3640 3640 3608 4063 4063 4063 4063 4063 4063 4063 4063
85 1683121912 3565 603 3680 3662 3598 3641 3641 3609 4063 4063 4063 4063 4063 4063 4063 4063
86 1683121912 3565 602 3681 3662 3598 3640 3640 3608 4063 4063 4063 4063 4063 4063 4063 4063
87 1683121912 3565 602 3680 3662 3598 3640 3640 3608 4065 4065 4064 4064 4064 4064 4064 4064
88 1683121912 3565 602 3680 3662 3598 3640 3640 3608 4063 4063 4062 4062 4062 4062 4062 4062
89 1683121912 3565 603 3682 3663 3598 3641 3641 3609 4065 4065 4064 4064 4064 4064 4064 4064
90 1683121912 3565 602 3681 3662 3598 3641 3640 3609 4063 4063 4063 4063 4063 4063 4063 4063
91 1683121912 3565 602 3680 3662 3598 3641 3640 3609 4065 4065 4064 4064 4064 4064 4064 4064
92 1683121912 3565 603 3681 3663 3599 3641 3641 3610 4063 4063 4063 4063 4063 4063 4063 4063
93 1683121912 3565 603 3680 3662 3598 3640 3640 3608 4065 4065 4064 4064 4064 4064 4064 4064
94 1683121912 3565 602 3681 3662 3598 3640 3640 3609 4065 4065 4064 4064 4064 4064 4064 4064
95 1683121912 3565 602 3681 3662 3598 3641 3641 3609 4065 4065 4064 4064 4064 4064 4064 4064
96 1683121912 3565 602 3681 3663 3598 3641 3640 3609 4067 4065 4065 4065 4065 4065 4065 4065
97 1683121912 3565 603 3681 3662 3598 3641 3641 3609 4065 4065 4064 4064 4064 4064 4064 4064
98 1683121912 3565 602 3681 3662 3598 3640 3640 3608 4063 4063 4063 4063 4063 4063 4063 4063
99 1683121912 3565 602 3680 3662 3598 3640 3640 3608 4063 4063 4063 4063 4063 4063 4063 4063
100 1683121912 3565 602 3681 3662 3598 3641 3641 3608 4065 4065 4064 4064 4064 4064 4064 4064
101 1683121912 3564 603 3680 3661 3597 3640 3640 3608 4065 4065 4064 4064 4064 4064 4064 4064
102 1683121912 3565 602 3681 3662 3598 3640 3640 3608 4065 4065 4064 4064 4064 4064 4064 4064
103 1683121912 3565 603 3680 3662 3598 3640 3640 3609 4063 4063 4063 4063 4063 4063 4063 4063
104 1683121912 3566 602 3681 3663 3598 3641 3641 3609 4065 4065 4064 4064 4064 4064 4064 4064
105 1683121912 3565 603 3681 3663 3599 3642 3641 3610 4065 4065 4064 4064 4064 4064 4064 4064
106 1683121913 3566 602 3681 3663 3599 3642 3641 3610 4065 4065 4064 4064 4064 4064 4064 4064
107 1683121913 3565 602 3680 3662 3598 3641 3641 3609 4063 4063 4063 4063 4063 4063 4063 4063
108 1683121913 3565 602 3681 3662 3598 3641 3640 3609 4065 4064 4064 4064 4064 4064 4064 4064
109 1683121913 3565 602 3681 3662 3598 3641 3641 3609 4065 4065 4065 4065 4065 4065 4065 4065
110 1683121913 3565 602 3681 3662 3598 3640 3640 3608 4065 4065 4064 4064 4064 4064 4064 4064
111 1683121913 3566 602 3681 3662 3598 3641 3641 3609 4065 4065 4064 4064 4064 4064 4064 4064
112 1683121913 3565 602 3681 3663 3598 3641 3641 3610 4065 4065 4064 4064 4064 4064 4064 4064
113 1683121913 3566 603 3682 3663 3599 3641 3641 3609 4063 4063 4063 4063 4063 4063 4063 4063
114 1683121913 3565 603 3681 3663 3598 3641 3641 3609 4063 4063 4063 4063 4063 4063 4063 4063
115 1683121913 3565 603 3681 3663 3598 3641 3641 3609 4063 4063 4063 4063 4063 4063 4063 4063
116 1683121913 3565 602 3680 3662 3598 3640 3640 3609 4063 4063 4062 4062 4062 4062 4062 4062
117 1683121913 3565 603 3680 3662 3598 3641 3640 3608 4065 4065 4064 4064 4064 4064 4064 4064
118 1683121913 3566 602 3682 3663 3599 3641 3641 3610 4067 4065 4065 4065 4065 4065 4065 4065
119 1683121913 3566 602 3681 3663 3598 3641 3641 3609 4065 4065 4064 4064 4064 4064 4064 4064
120 1683121913 3565 602 3680 3661 3598 3640 3640 3608 4065 4065 4064 4064 4064 4064 4064 4064
121 1683121913 3565 603 3681 3662 3599 3641 3640 3609 4065 4065 4064 4064 4064 4064 4064 4064
122 1683121913 3566 602 3681 3662 3598 3642 3641 3610 4065 4065 4064 4064 4064 4064 4064 4064
123 1683121913 3565 602 3680 3662 3598 3641 3641 3609 4065 4063 4063 4063 4063 4063 4063 4063
124 1683121913 3566 602 3682 3663 3599 3641 3642 3610 4065 4065 4065 4065 4065 4065 4065 4065
125 1683121913 3565 603 3681 3662 3598 3640 3640 3609 4065 4065 4064 4064 4064 4064 4064 4064
126 1683121913 3565 603 3681 3662 3598 3641 3641 3609 4063 4063 4063 4063 4063 4063 4063 4063
127 1683121913 3565 603 3680 3661 3598 3641 3641 3609 4065 4065 4064 4064 4064 4064 4064 4064
128 1683121913 3565 603 3681 3663 3599 3642 3641 3610 4065 4065 4064 4064 4064 4064 4064 4064
129 1683121913 3565 603 3681 3662 3598 3641 3641 3609 4063 4063 4063 4063 4063 4063 4063 4063
130 1683121913 3566 602 3681 3663 3599 3641 3641 3609 4063 4063 4063 4063 4063 4063 4063 4063
131 1683121913 3566 603 3682 3663 3598 3641 3641 3609 4065 4065 4064 4064 4064 4064 4064 4064
132 1683121913 3565 602 3681 3662 3598 3640 3641 3609 4065 4065 4065 4065 4065 4065 4065 4065
133 1683121913 3565 603 3681 3662 3598 3641 3641 3609 4063 4063 4063 4063 4063 4063 4063 4063
134 1683121913 3566 602 3682 3663 3598 3641 3641 3609 4065 4065 4064 4064 4064 4064 4064 4064
135 1683121913 3566 603 3681 3663 3598 3641 3641 3609 4065 4065 4064 4064 4064 4064 4064 4064
136 1683121913 3565 602 3681 3662 3598 3641 3641 3609 4065 4065 4064 4064 4064 4064 4064 4064
137 1683121913 3566 603 3682 3663 3599 3641 3641 3610 4065 4065 4065 4065 4065 4065 4065 4065
138 1683121913 3565 603 3681 3662 3598 3641 3641 3609 4063 4063 4063 4063 4063 4063 4063 4063
139 1683121913 3566 602 3682 3663 3599 3642 3641 3610 4063 4063 4063 4063 4063 4063 4063 4063
140 1683121913 3566 603 3682 3663 3599 3641 3641 3610 4065 4065 4064 4064 4064 4064 4064 4064
141 1683121913 3565 603 3681 3662 3599 3641 3640 3608 4063 4063 4063 4063 4063 4063 4063 4063
142 1683121913 3565 603 3681 3662 3598 3641 3641 3609 4065 4065 4064 4064 4064 4064 4064 4064
143 1683121913 3566 603 3681 3662 3598 3641 3641 3609 4063 4063 4063 4063 4063 4063 4063 4063
144 1683121913 3566 604 3681 3663 3599 3642 3641 3609 4063 4063 4063 4063 4063 4063 4063 4063
145 1683121913 3565 603 3681 3662 3598 3641 3640 3609 4065 4065 4065 4065 4065 4065 4065 4065
146 1683121913 3567 603 3683 3664 3600 3642 3642 3610 4063 4063 4063 4063 4063 4063 4063 4063
147 1683121913 3565 602 3681 3662 3599 3641 3640 3609 4065 4065 4064 4064 4064 4064 4064 4064
148 1683121913 3566 603 3681 3662 3598 3641 3641 3609 4065 4065 4064 4064 4064 4064 4064 4064
149 1683121913 3565 603 3681 3662 3598 3641 3640 3609 4065 4065 4064 4064 4064 4064 4064 4064
150 1683121913 3566 602 3681 3663 3598 3641 3640 3609 4065 4063 4063 4063 4063 4063 4063 4063
151 1683121913 3566 603 3681 3662 3599 3641 3641 3609 4063 4063 4063 4063 4063 4063 4063 4063
152 1683121913 3566 603 3681 3662 3599 3641 3641 3609 4061 4061 4061 4061 4061 4061 4061 4061
153 1683121913 3566 603 3681 3663 3598 3641 3641 3609 4065 4065 4064 4064 4064 4064 4064 4064
154 1683121913 3566 603 3681 3663 3598 3641 3641 3609 4065 4065 4064 4064 4064 4064 4064 4064
155 1683121913 3565 603 3680 3662 3598 3641 3640 3609 4065 4065 4064 4064 4064 4064 4064 4064
156 1683121913 3565 603 3681 3662 3598 3641 3641 3609 4065 4065 4064 4064 4064 4064 4064 4064
157 1683121913 3566 603 3682 3663 3599 3642 3642 3610 4065 4063 4063 4063 4063 4063 4063 4063
158 1683121913 3565 603 3681 3662 3599 3641 3641 3609 4065 4065 4064 4064 4064 4064 4064 4064
159 1683121913 3566 603 3681 3663 3598 3641 3641 3609 4065 4065 4064 4064 4064 4064 4064 4064
160 1683121913 3566 604 3683 3663 3599 3642 3642 3609 4065 4065 4064 4064 4064 4064 4064 4064
161 1683121913 3566 603 3681 3663 3598 3641 3641 3609 4065 4063 4063 4063 4063 4063 4063 4063
162 1683121913 3566 603 3681 3663 3598 3641 3641 3609 4063 4063 4063 4063 4063 4063 4063 4063
163 1683121913 3566 602 3682 3663 3599 3641 3641 3609 4063 4063 4063 4063 4063 4063 4063 4063
164 1683121913 3566 603 3682 3663 3599 3642 3642 3610 4065 4065 4064 4064 4064 4064 4064 4064
165 1683121913 3566 603 3682 3663 3599 3641 3641 3609 4065 4065 4064 4064 4064 4064 4064 4064
166 1683121913 3567 603 3682 3663 3599 3642 3642 3610 4065 4065 4064 4064 4064 4064 4064 4064
167 1683121913 3567 603 3682 3663 3599 3641 3641 3610 4063 4063 4062 4062 4062 4062 4062 4062
168 1683121913 3567 603 3682 3664 3600 3643 3642 3611 4067 4065 4065 4065 4065 4065 4065 4065
169 1683121913 3566 603 3682 3663 3599 3641 3641 3610 4065 4065 4064 4064 4064 4064 4064 4064
170 1683121913 3567 603 3683 3663 3599 3642 3642 3610 4065 4065 4064 4064 4064 4064 4064 4064
171 1683121913 3565 603 3680 3663 3598 3641 3641 3609 4065 4063 4063 4063 4063 4063 4063 4063
172 1683121913 3563 601 3679 3660 3596 3638 3638 3607 4065 4065 4064 4064 4064 4064 4064 4064
173 1683121913 3564 602 3680 3661 3597 3639 3640 3608 4065 4065 4064 4064 4064 4064 4064 4064
174 1683121913 3564 601 3679 3660 3596 3639 3638 3607 4063 4063 4063 4063 4063 4063 4063 4063
175 1683121913 3564 601 3680 3661 3597 3640 3639 3608 4063 4063 4063 4063 4063 4063 4063 4063
176 1683121913 3565 601 3681 3661 3597 3640 3640 3608 4063 4063 4063 4063 4063 4063 4063 4063
177 1683121913 3564 601 3680 3661 3597 3639 3639 3607 4063 4063 4063 4063 4063 4063 4063 4063
178 1683121913 3564 602 3680 3661 3597 3640 3639 3608 4063 4063 4063 4063 4063 4063 4063 4063
179 1683121913 3563 601 3679 3660 3596 3639 3639 3607 4063 4063 4062 4062 4062 4062 4062 4062
180 1683121914 3564 601 3679 3661 3597 3640 3640 3607 4065 4065 4064 4064 4064 4064 4064 4064
181 1683121914 3565 601 3680 3662 3597 3640 3640 3608 4065 4065 4064 4064 4064 4064 4064 4064
182 1683121914 3565 601 3681 3662 3598 3640 3640 3608 4063 4063 4063 4063 4063 4063 4063 4063
183 1683121914 3563 601 3679 3660 3596 3639 3638 3607 4063 4063 4063 4063 4063 4063 4063 4063
184 1683121914 3564 601 3680 3662 3597 3640 3640 3608 4065 4065 4064 4064 4064 4064 4064 4064
185 1683121914 3564 602 3679 3661 3597 3639 3639 3607 4065 4065 4064 4064 4064 4064 4064 4064
186 1683121914 3564 602 3679 3661 3596 3638 3639 3607 4063 4063 4063 4063 4063 4063 4063 4063
187 1683121914 3564 601 3680 3661 3597 3639 3639 3607 4065 4065 4064 4064 4064 4064 4064 4064
188 1683121914 3564 601 3679 3661 3597 3639 3640 3608 4063 4063 4063 4063 4063 4063 4063 4063
189 1683121914 3564 602 3680 3661 3597 3639 3639 3607 4065 4065 4064 4064 4064 4064 4064 4064
190 1683121914 3564 601 3680 3661 3597 3639 3639 3607 4065 4065 4064 4064 4064 4064 4064 4064
191 1683121914 3565 601 3680 3662 3597 3640 3640 3608 4065 4065 4064 4064 4064 4064 4064 4064
192 1683121914 3565 601 3680 3661 3597 3640 3640 3608 4065 4065 4064 4064 4064 4064 4064 4064
193 1683121914 3564 601 3680 3661 3597 3639 3639 3607 4063 4063 4063 4063 4063 4063 4063 4063
194 1683121914 3563 602 3679 3661 3597 3639 3639 3607 4063 4063 4063 4063 4063 4063 4063 4063
195 1683121914 3564 601 3680 3661 3597 3640 3639 3608 4065 4065 4064 4064 4064 4064 4064 4064
196 1683121914 3565 601 3680 3661 3597 3639 3639 3608 4065 4065 4064 4064 4064 4064 4064 4064
197 1683121914 3564 601 3680 3661 3597 3639 3639 3608 4065 4065 4064 4064 4064 4064 4064 4064
198 1683121914 3564 601 3680 3661 3597 3639 3639 3607 4063 4063 4063 4063 4063 4063 4063 4063
199 1683121914 3564 601 3680 3661 3597 3639 3639 3607 4063 4063 4062 4062 4062 4062 4062 4062
200 1683121914 3564 601 3679 3661 3596 3639 3639 3607 4059 4059 4059 4059 4059 4059 4059 4059
201 1683121914 3565 601 3681 3662 3598 3641 3641 3608 4063 4063 4063 4063 4063 4063 4063 4063
202 1683121914 3565 602 3680 3662 3597 3640 3640 3608 4063 4063 4063 4063 4063 4063 4063 4063
203 1683121914 448 599 3680 3662 3597 3640 3640 3608 4065 4065 4064 4064 4064 4064 4064 4064
204 1683121914 3565 601 3679 3662 3597 3640 3640 3609 4065 4065 4064 4064 4064 4064 4064 4064
205 1683121914 3564 601 3678 3661 3597 3639 3639 3607 4065 4065 4064 4064 4064 4064 4064 4064
206 1683121914 3564 601 3681 3662 3598 3641 3641 3609 4063 4063 4063 4063 4063 4063 4063 4063
207 1683121914 3564 601 3680 3661 3597 3640 3639 3607 4065 4065 4065 4065 4065 4065 4065 4065
208 1683121914 3564 601 3681 3661 3597 3640 3639 3607 4065 4065 4064 4064 4064 4064 4064 4064
209 1683121914 3564 603 3680 3661 3597 3640 3639 3607 4063 4063 4062 4062 4062 4062 4062 4062
210 1683121914 3564 602 3680 3660 3597 3640 3639 3608 4063 4063 4063 4063 4063 4063 4063 4063
211 1683121914 3563 601 3680 3661 3596 3639 3639 3607 4065 4065 4064 4064 4064 4064 4064 4064
212 1683121914 3565 602 3680 3662 3598 3640 3640 3609 4065 4065 4064 4064 4064 4064 4064 4064
213 1683121914 3565 601 3680 3662 3597 3640 3640 3607 4065 4065 4065 4065 4065 4065 4065 4065
214 1683121914 3564 602 3681 3661 3597 3640 3640 3608 4065 4065 4064 4064 4064 4064 4064 4064
215 1683121914 3564 601 3680 3660 3597 3639 3639 3608 4065 4065 4064 4064 4064 4064 4064 4064
216 1683121914 3564 601 3680 3661 3597 3640 3639 3608 4065 4065 4064 4064 4064 4064 4064 4064
217 1683121914 3564 601 3681 3662 3598 3640 3640 3607 4065 4065 4064 4064 4064 4064 4064 4064
218 1683121914 3563 602 3679 3660 3596 3639 3639 3607 4065 4063 4063 4063 4063 4063 4063 4063
219 1683121914 3563 601 3679 3660 3596 3639 3638 3607 4063 4063 4063 4063 4063 4063 4063 4063
220 1683121914 3564 602 3679 3661 3597 3639 3640 3608 4063 4063 4063 4063 4063 4063 4063 4063
221 1683121914 3564 601 3680 3661 3597 3640 3640 3608 4065 4065 4064 4064 4064 4064 4064 4064
222 1683121914 3564 602 3680 3661 3597 3640 3640 3608 4065 4065 4064 4064 4064 4064 4064 4064
223 1683121914 3565 601 3680 3661 3598 3640 3640 3608 4063 4063 4063 4063 4063 4063 4063 4063
224 1683121914 3564 602 3680 3661 3598 3640 3640 3608 4063 4063 4063 4063 4063 4063 4063 4063
225 1683121914 3565 601 3680 3661 3597 3639 3639 3607 4065 4065 4065 4065 4065 4065 4065 4065
226 1683121914 3565 602 3681 3663 3599 3642 3641 3610 4065 4065 4065 4065 4065 4065 4065 4065
227 1683121914 3564 601 3680 3661 3597 3640 3640 3608 4065 4065 4064 4064 4064 4064 4064 4064
228 1683121914 3564 602 3679 3661 3598 3640 3640 3608 4063 4063 4063 4063 4063 4063 4063 4063
229 1683121914 3564 601 3680 3661 3597 3640 3639 3608 4065 4065 4064 4064 4064 4064 4064 4064
230 1683121914 3565 602 3680 3662 3597 3640 3641 3609 4065 4065 4064 4064 4064 4064 4064 4064
231 1683121914 3564 601 3680 3661 3597 3640 3640 3608 4065 4065 4064 4064 4064 4064 4064 4064
232 1683121914 3564 602 3680 3662 3597 3640 3639 3608 4065 4065 4065 4065 4065 4065 4065 4065
233 1683121914 3564 602 3680 3661 3597 3640 3640 3608 4065 4065 4064 4064 4064 4064 4064 4064
234 1683121914 3564 602 3680 3662 3598 3640 3640 3609 4063 4063 4063 4063 4063 4063 4063 4063
235 1683121914 3565 601 3680 3661 3597 3639 3639 3608 4065 4065 4064 4064 4064 4064 4064 4064
236 1683121914 3565 601 3681 3662 3598 3640 3640 3608 4065 4065 4064 4064 4064 4064 4064 4064
237 1683121914 3565 602 3681 3662 3598 3640 3641 3609 4065 4065 4064 4064 4064 4064 4064 4064
238 1683121914 3564 602 3679 3661 3597 3640 3639 3608 4065 4065 4064 4064 4064 4064 4064 4064
239 1683121914 3564 601 3680 3662 3597 3640 3640 3608 4065 4065 4064 4064 4064 4064 4064 4064
240 1683121914 3564 602 3680 3661 3597 3640 3640 3608 4065 4065 4064 4064 4064 4064 4064 4064
241 1683121914 3565 601 3681 3662 3598 3640 3640 3608 4065 4065 4064 4064 4064 4064 4064 4064
242 1683121914 3564 602 3680 3661 3597 3640 3639 3608 4065 4063 4063 4063 4063 4063 4063 4063
243 1683121914 3564 601 3680 3662 3597 3640 3640 3608 4063 4063 4063 4063 4063 4063 4063 4063
244 1683121914 3564 601 3679 3661 3597 3639 3639 3607 4065 4065 4064 4064 4064 4064 4064 4064
245 1683121914 3564 601 3680 3660 3597 3640 3639 3608 4065 4065 4064 4064 4064 4064 4064 4064
246 1683121914 3564 602 3681 3662 3598 3641 3641 3609 4065 4065 4064 4064 4064 4064 4064 4064
247 1683121914 3564 601 3680 3662 3598 3640 3640 3608 4063 4063 4063 4063 4063 4063 4063 4063
248 1683121914 3564 602 3681 3661 3598 3640 3640 3608 4063 4063 4062 4062 4062 4062 4062 4062
249 1683121914 3565 601 3680 3662 3598 3641 3640 3609 4065 4065 4064 4064 4064 4064 4064 4064
250 1683121914 3564 602 3680 3662 3597 3640 3640 3608 4063 4063 4063 4063 4063 4063 4063 4063
251 1683121914 3565 602 3680 3662 3598 3640 3640 3608 4065 4065 4064 4064 4064 4064 4064 4064
252 1683121914 3565 601 3681 3662 3598 3641 3641 3608 4063 4063 4062 4062 4062 4062 4062 4062
253 1683121914 3565 601 3680 3661 3597 3639 3639 3608 4065 4065 4065 4065 4065 4065 4065 4065
254 1683121914 3565 601 3681 3662 3598 3640 3640 3608 4065 4065 4064 4064 4064 4064 4064 4064
255 1683121914 3565 602 3681 3662 3598 3641 3640 3609 4065 4065 4064 4064 4064 4064 4064 4064
256 1683121914 3564 602 3680 3662 3597 3640 3640 3608 4063 4063 4063 4063 4063 4063 4063 4063
257 1683121914 3565 602 3681 3662 3598 3640 3640 3609 4063 4063 4063 4063 4063 4063 4063 4063
258 1683121914 3565 602 3680 3661 3598 3640 3639 3607 4067 4065 4065 4065 4065 4065 4065 4065
259 1683121914 3565 602 3680 3663 3598 3640 3640 3608 4065 4065 4064 4064 4064 4064 4064 4064
260 1683121915 3564 602 3681 3662 3598 3640 3640 3608 4063 4063 4063 4063 4063 4063 4063 4063
261 1683121915 3564 602 3680 3662 3597 3640 3640 3608 4063 4063 4062 4062 4062 4062 4062 4062
262 1683121915 3565 602 3681 3662 3598 3640 3640 3609 4065 4065 4064 4064 4064 4064 4064 4064
263 1683121915 3565 602 3681 3662 3598 3641 3640 3609 4063 4063 4063 4063 4063 4063 4063 4063
264 1683121915 3565 601 3681 3662 3598 3640 3640 3608 4065 4065 4064 4064 4064 4064 4064 4064
265 1683121915 3565 601 3681 3662 3598 3641 3640 3609 4065 4065 4064 4064 4064 4064 4064 4064
266 1683121915 3566 602 3681 3662 3599 3641 3641 3609 4063 4063 4063 4063 4063 4063 4063 4063
267 1683121915 3565 601 3680 3661 3597 3640 3639 3608 4065 4065 4064 4064 4064 4064 4064 4064
268 1683121915 3565 602 3679 3662 3598 3640 3640 3608 4065 4065 4064 4064 4064 4064 4064 4064
269 1683121915 3565 602 3680 3662 3598 3640 3640 3608 4063 4063 4063 4063 4063 4063 4063 4063
270 1683121915 3564 602 3680 3662 3598 3640 3640 3608 4065 4065 4064 4064 4064 4064 4064 4064
271 1683121915 3565 601 3680 3662 3597 3641 3640 3608 4065 4065 4065 4065 4065 4065 4065 4065
272 1683121915 3565 602 3680 3661 3597 3639 3639 3607 4065 4063 4063 4063 4063 4063 4063 4063
273 1683121915 3565 603 3681 3662 3598 3640 3640 3609 4067 4065 4065 4065 4065 4065 4065 4065
274 1683121915 3564 602 3680 3661 3597 3639 3639 3607 4065 4063 4063 4063 4063 4063 4063 4063
275 1683121915 3564 602 3680 3661 3597 3640 3640 3608 4065 4065 4064 4064 4064 4064 4064 4064
276 1683121915 3566 602 3681 3662 3598 3640 3640 3608 4067 4065 4065 4065 4065 4065 4065 4065
277 1683121915 3564 602 3680 3661 3596 3639 3639 3607 4065 4065 4064 4064 4064 4064 4064 4064
278 1683121915 3565 602 3681 3662 3598 3641 3640 3608 4065 4065 4064 4064 4064 4064 4064 4064
279 1683121915 3565 602 3680 3662 3598 3641 3640 3609 4065 4065 4064 4064 4064 4064 4064 4064
280 1683121915 3564 602 3680 3662 3598 3640 3640 3608 4063 4063 4063 4063 4063 4063 4063 4063
281 1683121915 3564 601 3680 3661 3598 3640 3640 3608 4065 4065 4064 4064 4064 4064 4064 4064
282 1683121915 3565 602 3680 3662 3597 3640 3639 3608 4065 4065 4065 4065 4065 4065 4065 4065
283 1683121915 3564 602 3680 3662 3598 3640 3640 3608 4065 4065 4065 4065 4065 4065 4065 4065
284 1683121915 3566 602 3681 3662 3598 3641 3640 3609 4063 4063 4063 4063 4063 4063 4063 4063
285 1683121915 3565 602 3681 3663 3598 3640 3641 3609 4065 4065 4064 4064 4064 4064 4064 4064
286 1683121915 3565 602 3681 3662 3598 3641 3641 3609 4065 4065 4064 4064 4064 4064 4064 4064
287 1683121915 3565 602 3680 3662 3598 3640 3639 3608 4065 4065 4064 4064 4064 4064 4064 4064
288 1683121915 3565 602 3681 3662 3598 3641 3640 3609 4063 4063 4063 4063 4063 4063 4063 4063
289 1683121915 3565 603 3681 3662 3598 3641 3641 3609 4065 4065 4064 4064 4064 4064 4064 4064
290 1683121915 3565 602 3681 3662 3598 3641 3640 3608 4065 4065 4064 4064 4064 4064 4064 4064
291 1683121915 3565 602 3681 3662 3598 3640 3641 3608 4065 4065 4064 4064 4064 4064 4064 4064
292 1683121915 3565 602 3681 3662 3598 3640 3640 3608 4065 4065 4065 4065 4065 4065 4065 4065
293 1683121915 3565 602 3681 3663 3598 3641 3641 3609 4065 4065 4064 4064 4064 4064 4064 4064
294 1683121915 3565 602 3680 3661 3598 3641 3641 3609 4065 4065 4064 4064 4064 4064 4064 4064
295 1683121915 3564 602 3681 3662 3598 3641 3640 3608 4065 4065 4064 4064 4064 4064 4064 4064
296 1683121915 3567 602 3682 3664 3599 3642 3641 3610 4063 4063 4063 4063 4063 4063 4063 4063
297 1683121915 3565 603 3681 3662 3598 3641 3641 3609 4065 4065 4064 4064 4064 4064 4064 4064
298 1683121915 3565 602 3681 3662 3598 3641 3640 3609 4063 4063 4062 4062 4062 4062 4062 4062
299 1683121915 3565 602 3680 3662 3598 3641 3641 3609 4065 4065 4065 4065 4065 4065 4065 4065
300 1683121915 3565 602 3681 3662 3598 3640 3640 3608 4063 4063 4063 4063 4063 4063 4063 4063
301 1683121915 3565 602 3681 3662 3598 3641 3640 3609 4065 4065 4065 4065 4065 4065 4065 4065
302 1683121915 3565 602 3680 3662 3598 3641 3640 3609 4063 4063 4063 4063 4063 4063 4063 4063
303 1683121915 3564 602 3680 3662 3597 3639 3639 3608 4065 4065 4064 4064 4064 4064 4064 4064
304 1683121915 3565 602 3681 3662 3598 3641 3641 3609 4065 4065 4064 4064 4064 4064 4064 4064
305 1683121915 3565 603 3682 3662 3599 3641 3641 3609 4063 4063 4062 4062 4062 4062 4062 4062
306 1683121915 3565 602 3681 3662 3598 3641 3640 3608 4065 4065 4064 4064 4064 4064 4064 4064
307 1683121915 3566 602 3682 3663 3599 3641 3641 3609 4063 4063 4063 4063 4063 4063 4063 4063
308 1683121915 3565 602 3680 3662 3598 3641 3640 3609 4063 4063 4063 4063 4063 4063 4063 4063
309 1683121915 3565 602 3680 3662 3597 3640 3639 3608 4065 4065 4064 4064 4064 4064 4064 4064
310 1683121915 3565 602 3681 3662 3598 3641 3640 3609 4063 4063 4063 4063 4063 4063 4063 4063
311 1683121915 3566 602 3682 3663 3599 3641 3642 3610 4063 4063 4063 4063 4063 4063 4063 4063
312 1683121915 3566 602 3682 3663 3599 3641 3641 3610 4065 4065 4064 4064 4064 4064 4064 4064
313 1683121915 3565 602 3682 3663 3599 3641 3641 3609 4065 4064 4064 4064 4064 4064 4064 4064
314 1683121915 3565 602 3681 3662 3598 3641 3641 3609 4065 4065 4065 4065 4065 4065 4065 4065
315 1683121915 3564 602 3680 3661 3597 3640 3640 3608 4065 4065 4064 4064 4064 4064 4064 4064
316 1683121915 3565 602 3681 3662 3598 3641 3641 3609 4065 4065 4064 4064 4064 4064 4064 4064
317 1683121915 3565 602 3681 3663 3598 3641 3641 3609 4065 4065 4064 4064 4064 4064 4064 4064
318 1683121915 3565 602 3682 3663 3599 3642 3642 3610 4063 4063 4063 4063 4063 4063 4063 4063
319 1683121915 3564 602 3680 3661 3598 3641 3640 3608 4065 4065 4064 4064 4064 4064 4064 4064
320 1683121915 3565 602 3681 3661 3598 3640 3640 3608 4063 4063 4063 4063 4063 4063 4063 4063
321 1683121915 3564 603 3681 3662 3597 3640 3640 3608 4063 4063 4063 4063 4063 4063 4063 4063
322 1683121915 3565 602 3681 3662 3598 3640 3640 3608 4063 4063 4063 4063 4063 4063 4063 4063
323 1683121915 3566 602 3681 3663 3599 3641 3641 3610 4065 4065 4064 4064 4064 4064 4064 4064
324 1683121915 3566 602 3682 3662 3599 3642 3641 3610 4065 4065 4065 4065 4065 4065 4065 4065
325 1683121915 3565 602 3681 3663 3598 3641 3640 3608 4065 4065 4064 4064 4064 4064 4064 4064
326 1683121915 3565 602 3681 3662 3598 3640 3640 3609 4065 4065 4064 4064 4064 4064 4064 4064
327 1683121915 3565 602 3681 3662 3598 3641 3640 3608 4065 4065 4065 4065 4065 4065 4065 4065
328 1683121916 3565 602 3681 3662 3599 3641 3641 3609 4065 4065 4064 4064 4064 4064 4064 4064
329 1683121916 3566 602 3681 3663 3599 3641 3641 3609 4065 4065 4064 4064 4064 4064 4064 4064
330 1683121916 3566 602 3681 3662 3598 3641 3641 3609 4065 4065 4064 4064 4064 4064 4064 4064
331 1683121916 3565 602 3680 3661 3598 3641 3641 3609 4065 4065 4064 4064 4064 4064 4064 4064
332 1683121916 3565 602 3679 3662 3598 3641 3641 3609 4065 4065 4064 4064 4064 4064 4064 4064
333 1683121916 3565 602 3681 3662 3598 3641 3640 3609 4065 4065 4064 4064 4064 4064 4064 4064
334 1683121916 3565 602 3681 3662 3598 3640 3640 3608 4065 4065 4064 4064 4064 4064 4064 4064
335 1683121916 3565 602 3681 3662 3598 3640 3640 3608 4065 4065 4064 4064 4064 4064 4064 4064
336 1683121916 3566 604 3681 3663 3598 3641 3641 3609 4065 4065 4064 4064 4064 4064 4064 4064
337 1683121916 3566 603 3682 3663 3599 3642 3641 3610 4063 4063 4063 4063 4063 4063 4063 4063
338 1683121916 3565 602 3681 3662 3598 3640 3640 3608 4063 4063 4063 4063 4063 4063 4063 4063
339 1683121916 3566 602 3682 3663 3599 3642 3641 3609 4065 4063 4063 4063 4063 4063 4063 4063
340 1683121916 3565 602 3681 3663 3599 3641 3641 3609 4065 4065 4064 4064 4064 4064 4064 4064
341 1683121916 3565 602 3681 3662 3598 3641 3641 3609 4065 4065 4064 4064 4064 4064 4064 4064
342 1683121916 3566 602 3681 3662 3599 3641 3641 3610 4065 4065 4064 4064 4064 4064 4064 4064
343 1683121916 3565 602 3681 3662 3598 3640 3640 3608 4065 4065 4064 4064 4064 4064 4064 4064
344 1683121916 3566 602 3681 3663 3599 3641 3642 3609 4065 4065 4064 4064 4064 4064 4064 4064
345 1683121916 3565 602 3681 3662 3598 3640 3640 3608 4063 4063 4062 4062 4062 4062 4062 4062
346 1683121916 3565 602 3681 3662 3598 3641 3640 3609 4065 4065 4064 4064 4064 4064 4064 4064
347 1683121916 3565 602 3681 3662 3598 3640 3640 3608 4065 4065 4064 4064 4064 4064 4064 4064
348 1683121916 3565 602 3681 3663 3598 3641 3641 3609 4063 4063 4062 4062 4062 4062 4062 4062
349 1683121916 3566 602 3681 3662 3598 3640 3641 3609 4065 4065 4064 4064 4064 4064 4064 4064
350 1683121916 3565 602 3681 3662 3598 3640 3640 3608 4065 4065 4064 4064 4064 4064 4064 4064
351 1683121916 3565 603 3682 3663 3599 3641 3641 3609 4063 4063 4063 4063 4063 4063 4063 4063
352 1683121916 3566 602 3681 3663 3598 3641 3641 3610 4065 4065 4064 4064 4064 4064 4064 4064
353 1683121916 3566 603 3681 3663 3598 3641 3641 3609 4065 4065 4064 4064 4064 4064 4064 4064
354 1683121916 3564 602 3680 3662 3597 3640 3640 3608 4065 4065 4064 4064 4064 4064 4064 4064
355 1683121916 3566 602 3682 3663 3599 3641 3641 3609 4063 4063 4063 4063 4063 4063 4063 4063
356 1683121916 3566 603 3682 3663 3598 3641 3641 3609 4065 4065 4065 4065 4065 4065 4065 4065
357 1683121916 3566 602 3681 3662 3598 3640 3641 3609 4063 4063 4063 4063 4063 4063 4063 4063
358 1683121916 3565 602 3681 3663 3598 3641 3641 3609 4065 4065 4065 4065 4065 4065 4065 4065
359 1683121916 3565 603 3680 3662 3598 3640 3640 3609 4065 4065 4064 4064 4064 4064 4064 4064
360 1683121916 3565 602 3681 3662 3598 3640 3640 3608 4065 4065 4064 4064 4064 4064 4064 4064
361 1683121916 3567 603 3682 3663 3599 3642 3642 3610 4063 4063 4063 4063 4063 4063 4063 4063
362 1683121916 3566 602 3681 3663 3599 3642 3641 3610 4065 4065 4064 4064 4064 4064 4064 4064
363 1683121916 3566 602 3682 3663 3599 3641 3641 3610 4063 4063 4063 4063 4063 4063 4063 4063
364 1683121916 3566 603 3681 3663 3598 3641 3641 3609 4065 4065 4064 4064 4064 4064 4064 4064
365 1683121916 3565 603 3681 3662 3598 3641 3640 3608 4065 4063 4063 4063 4063 4063 4063 4063
366 1683121916 3566 602 3681 3663 3598 3641 3641 3609 4063 4063 4063 4063 4063 4063 4063 4063
367 1683121916 3565 602 3680 3662 3598 3640 3640 3608 4067 4065 4065 4065 4065 4065 4065 4065
368 1683121916 3565 604 3681 3663 3599 3642 3641 3609 4064 4065 4064 4064 4064 4064 4064 4064
369 1683121916 3566 603 3682 3663 3599 3642 3642 3610 4065 4065 4064 4064 4064 4064 4064 4064
370 1683121916 3566 603 3682 3664 3599 3642 3642 3610 4065 4065 4064 4064 4064 4064 4064 4064
371 1683121916 3566 602 3682 3663 3599 3641 3641 3610 4065 4065 4065 4065 4065 4065 4065 4065
372 1683121916 3566 602 3682 3663 3599 3641 3641 3609 4065 4065 4064 4064 4064 4064 4064 4064
373 1683121916 3565 603 3681 3662 3598 3640 3641 3609 4063 4063 4063 4063 4063 4063 4063 4063
374 1683121916 3566 602 3681 3663 3599 3642 3641 3610 4063 4063 4063 4063 4063 4063 4063 4063
375 1683121916 3566 603 3682 3663 3599 3641 3641 3609 4065 4065 4064 4064 4064 4064 4064 4064
376 1683121916 3565 602 3681 3663 3598 3641 3640 3609 4063 4063 4063 4063 4063 4063 4063 4063
377 1683121916 3566 603 3681 3662 3598 3641 3641 3609 4065 4065 4064 4064 4064 4064 4064 4064
378 1683121916 3565 602 3681 3663 3598 3641 3640 3609 4065 4065 4064 4064 4064 4064 4064 4064
379 1683121916 3566 602 3682 3663 3599 3641 3641 3609 4065 4065 4064 4064 4064 4064 4064 4064
380 1683121916 3566 602 3681 3663 3599 3641 3641 3609 4065 4065 4064 4064 4064 4064 4064 4064
381 1683121916 3566 603 3682 3663 3598 3641 3640 3609 4065 4065 4064 4064 4064 4064 4064 4064
382 1683121916 3566 602 3682 3663 3599 3642 3642 3610 4065 4065 4064 4064 4064 4064 4064 4064
383 1683121916 3566 603 3681 3663 3599 3642 3641 3609 4065 4065 4064 4064 4064 4064 4064 4064
384 1683121916 3566 603 3681 3662 3599 3641 3641 3610 4065 4065 4064 4064 4064 4064 4064 4064
385 1683121916 3567 603 3682 3664 3599 3641 3641 3609 4065 4065 4064 4064 4064 4064 4064 4064
386 1683121916 3566 603 3681 3663 3599 3641 3641 3609 4063 4063 4063 4063 4063 4063 4063 4063
387 1683121916 3566 603 3682 3663 3599 3642 3642 3610 4063 4063 4063 4063 4063 4063 4063 4063
388 1683121916 3566 603 3683 3664 3600 3642 3642 3609 4065 4065 4064 4064 4064 4064 4064 4064
389 1683121916 3566 603 3682 3663 3599 3642 3641 3609 4065 4065 4064 4064 4064 4064 4064 4064
390 1683121916 3566 602 3682 3663 3599 3642 3642 3610 4065 4065 4064 4064 4064 4064 4064 4064
391 1683121916 3566 603 3681 3662 3598 3641 3641 3609 4065 4065 4064 4064 4064 4064 4064 4064
392 1683121916 3566 602 3682 3663 3599 3641 3641 3609 4065 4065 4064 4064 4064 4064 4064 4064
393 1683121916 3565 603 3681 3663 3599 3641 3641 3609 4065 4063 4063 4063 4063 4063 4063 4063
394 1683121916 3566 602 3681 3663 3599 3642 3642 3610 4063 4063 4063 4063 4063 4063 4063 4063
395 1683121916 3566 603 3680 3663 3599 3642 3641 3609 4065 4063 4063 4063 4063 4063 4063 4063
396 1683121916 3567 603 3682 3664 3600 3643 3642 3610 4065 4065 4065 4065 4065 4065 4065 4065
397 1683121916 3566 602 3682 3663 3599 3641 3641 3609 4065 4065 4065 4065 4065 4065 4065 4065
398 1683121916 3567 603 3683 3665 3600 3643 3643 3611 4065 4065 4064 4064 4064 4064 4064 4064
399 1683121916 3566 602 3682 3663 3599 3641 3642 3610 4065 4065 4064 4064 4064 4064 4064 4064
400 1683121916 3567 604 3683 3664 3600 3643 3642 3610 4065 4065 4064 4064 4064 4064 4064 4064
401 1683121916 3567 603 3682 3664 3600 3643 3642 3611 4065 4065 4064 4064 4064 4064 4064 4064
402 1683121916 3566 603 3681 3662 3598 3641 3641 3610 4065 4065 4065 4065 4065 4065 4065 4065
403 1683121916 3566 603 3682 3664 3599 3642 3642 3609 4065 4065 4064 4064 4064 4064 4064 4064
404 1683121916 3566 603 3682 3664 3600 3642 3641 3610 4065 4065 4064 4064 4064 4064 4064 4064
405 1683121916 3566 603 3682 3663 3599 3641 3642 3610 4065 4063 4063 4063 4063 4063 4063 4063
406 1683121917 3568 602 3683 3665 3601 3643 3642 3611 4065 4063 4063 4063 4063 4063 4063 4063
407 1683121917 3565 603 3682 3663 3599 3641 3642 3610 4063 4063 4063 4063 4063 4063 4063 4063
408 1683121917 3565 603 3681 3662 3598 3641 3640 3608 4063 4063 4063 4063 4063 4063 4063 4063
409 1683121917 3566 603 3682 3663 3599 3643 3642 3610 4065 4065 4064 4064 4064 4064 4064 4064
410 1683121917 3566 603 3681 3663 3598 3641 3641 3609 4065 4065 4065 4065 4065 4065 4065 4065
411 1683121917 3566 603 3682 3664 3600 3642 3642 3609 4065 4065 4064 4064 4064 4064 4064 4064
412 1683121917 3566 602 3682 3663 3599 3641 3641 3609 4065 4065 4064 4064 4064 4064 4064 4064
413 1683121917 3566 603 3682 3663 3599 3641 3641 3609 4063 4063 4062 4062 4062 4062 4062 4062
414 1683121917 3566 603 3682 3663 3599 3642 3641 3610 4065 4065 4064 4064 4064 4064 4064 4064
415 1683121917 3566 603 3683 3664 3599 3642 3642 3610 4065 4065 4065 4065 4065 4065 4065 4065
416 1683121917 3566 603 3681 3663 3599 3641 3641 3609 4063 4063 4063 4063 4063 4063 4063 4063
417 1683121917 3566 603 3682 3664 3599 3642 3642 3610 4067 4065 4065 4065 4065 4065 4065 4065
418 1683121917 3567 603 3682 3664 3599 3642 3642 3610 4065 4065 4065 4065 4065 4065 4065 4065
419 1683121917 3565 603 3681 3663 3599 3641 3641 3609 4065 4065 4064 4064 4064 4064 4064 4064
420 1683121917 3566 603 3682 3664 3599 3642 3642 3610 4065 4065 4064 4064 4064 4064 4064 4064
421 1683121917 3566 603 3682 3663 3598 3641 3641 3609 4065 4065 4064 4064 4064 4064 4064 4064
422 1683121917 3566 603 3681 3663 3599 3641 3641 3609 4063 4063 4063 4063 4063 4063 4063 4063
423 1683121917 3568 603 3683 3665 3600 3643 3642 3610 4065 4063 4063 4063 4063 4063 4063 4063
424 1683121917 3567 603 3683 3664 3600 3643 3642 3610 4065 4065 4064 4064 4064 4064 4064 4064
425 1683121917 3566 603 3682 3664 3599 3642 3642 3610 4063 4063 4063 4063 4063 4063 4063 4063
426 1683121917 3566 603 3681 3663 3599 3642 3642 3610 4063 4063 4063 4063 4063 4063 4063 4063
427 1683121917 3566 603 3682 3663 3599 3641 3641 3609 4065 4065 4064 4064 4064 4064 4064 4064
428 1683121917 3564 601 3679 3662 3598 3640 3640 3608 4065 4063 4063 4063 4063 4063 4063 4063
429 1683121917 3564 601 3680 3661 3597 3640 3640 3608 4065 4065 4064 4064 4064 4064 4064 4064
430 1683121917 3565 601 3680 3661 3597 3640 3640 3608 4065 4065 4064 4064 4064 4064 4064 4064
431 1683121917 3564 601 3680 3661 3597 3639 3640 3608 4065 4065 4064 4064 4064 4064 4064 4064
432 1683121917 3564 601 3680 3662 3597 3640 3640 3608 4065 4065 4064 4064 4064 4064 4064 4064
433 1683121917 3565 601 3681 3662 3598 3640 3640 3608 4065 4065 4065 4065 4065 4065 4065 4065
434 1683121917 3565 602 3681 3662 3598 3640 3640 3608 4063 4063 4063 4063 4063 4063 4063 4063
435 1683121917 3565 601 3680 3662 3598 3641 3640 3609 4063 4063 4063 4063 4063 4063 4063 4063
436 1683121917 3565 601 3681 3662 3597 3640 3639 3608 4063 4063 4063 4063 4063 4063 4063 4063
437 1683121917 3564 601 3680 3661 3597 3639 3639 3607 4065 4065 4064 4064 4064 4064 4064 4064
438 1683121917 3565 601 3680 3662 3597 3640 3639 3608 4065 4063 4063 4063 4063 4063 4063 4063
439 1683121917 3565 601 3680 3661 3597 3640 3640 3608 4065 4065 4065 4065 4065 4065 4065 4065
440 1683121917 3565 601 3680 3661 3598 3640 3639 3608 4065 4065 4064 4064 4064 4064 4064 4064
441 1683121917 3564 601 3679 3661 3597 3639 3639 3607 4065 4065 4064 4064 4064 4064 4064 4064
442 1683121917 3564 602 3680 3662 3597 3639 3640 3607 4063 4063 4063 4063 4063 4063 4063 4063
443 1683121917 3564 601 3680 3662 3597 3640 3639 3608 4065 4065 4064 4064 4064 4064 4064 4064
444 1683121917 3564 601 3679 3661 3596 3639 3639 3607 4065 4065 4064 4064 4064 4064 4064 4064
445 1683121917 3564 601 3680 3661 3597 3640 3639 3608 4065 4065 4064 4064 4064 4064 4064 4064
446 1683121917 3564 602 3680 3662 3597 3640 3639 3608 4065 4065 4064 4064 4064 4064 4064 4064
447 1683121917 3564 601 3680 3661 3597 3640 3640 3608 4065 4065 4064 4064 4064 4064 4064 4064
448 1683121917 3564 601 3680 3661 3598 3640 3640 3608 4065 4065 4064 4064 4064 4064 4064 4064
449 1683121917 3564 601 3681 3662 3597 3640 3639 3608 4065 4065 4064 4064 4064 4064 4064 4064
450 1683121917 3564 602 3681 3662 3598 3640 3640 3609 4065 4065 4064 4064 4064 4064 4064 4064
451 1683121917 3564 601 3680 3661 3597 3639 3639 3607 4065 4065 4064 4064 4064 4064 4064 4064
452 1683121917 3565 601 3681 3662 3598 3641 3641 3609 4065 4065 4064 4064 4064 4064 4064 4064
453 1683121917 3564 601 3680 3661 3597 3639 3639 3608 4065 4063 4063 4063 4063 4063 4063 4063
454 1683121917 3565 601 3680 3661 3597 3640 3640 3608 4065 4065 4064 4064 4064 4064 4064 4064
455 1683121917 3564 601 3680 3661 3597 3640 3640 3608 4065 4065 4065 4065 4065 4065 4065 4065
456 1683121917 3565 601 3681 3662 3598 3640 3640 3608 4065 4065 4064 4064 4064 4064 4064 4064
457 1683121917 3564 601 3680 3662 3597 3639 3639 3608 4065 4065 4064 4064 4064 4064 4064 4064
458 1683121917 3565 602 3680 3661 3597 3640 3640 3608 4063 4063 4063 4063 4063 4063 4063 4063
459 1683121917 3564 601 3680 3662 3598 3640 3640 3608 4065 4065 4064 4064 4064 4064 4064 4064
460 1683121917 3564 602 3679 3662 3597 3639 3639 3608 4065 4065 4065 4065 4065 4065 4065 4065
461 1683121917 3564 601 3680 3662 3598 3640 3640 3608 4065 4065 4064 4064 4064 4064 4064 4064
462 1683121917 3565 601 3681 3663 3598 3641 3641 3609 4065 4065 4064 4064 4064 4064 4064 4064
463 1683121917 3565 601 3681 3662 3598 3640 3640 3608 4065 4065 4064 4064 4064 4064 4064 4064
464 1683121917 3563 601 3679 3660 3597 3639 3639 3608 4063 4063 4062 4062 4062 4062 4062 4062
465 1683121917 3564 603 3680 3662 3598 3640 3640 3608 4065 4065 4064 4064 4064 4064 4064 4064
466 1683121917 3565 602 3680 3662 3597 3640 3641 3609 4063 4063 4063 4063 4063 4063 4063 4063
467 1683121917 3564 601 3680 3661 3597 3640 3640 3608 4063 4063 4063 4063 4063 4063 4063 4063
468 1683121917 3564 601 3679 3660 3596 3639 3639 3607 4063 4063 4063 4063 4063 4063 4063 4063
469 1683121917 3563 602 3679 3661 3597 3639 3639 3607 4065 4065 4064 4064 4064 4064 4064 4064
470 1683121917 3565 601 3680 3662 3598 3640 3639 3608 4065 4065 4064 4064 4064 4064 4064 4064
471 1683121917 3565 601 3681 3662 3597 3640 3640 3608 4065 4065 4064 4064 4064 4064 4064 4064
472 1683121917 3564 602 3680 3662 3597 3640 3640 3609 4065 4065 4065 4065 4065 4065 4065 4065
473 1683121917 3564 602 3680 3662 3597 3640 3640 3608 4063 4063 4063 4063 4063 4063 4063 4063
474 1683121917 3565 602 3680 3661 3597 3640 3640 3608 4067 4065 4065 4065 4065 4065 4065 4065
475 1683121917 3564 601 3680 3662 3598 3640 3640 3608 4063 4063 4063 4063 4063 4063 4063 4063
476 1683121917 3564 602 3679 3661 3597 3640 3640 3608 4065 4065 4064 4064 4064 4064 4064 4064
477 1683121917 3565 602 3681 3662 3598 3641 3641 3609 4063 4063 4063 4063 4063 4063 4063 4063
478 1683121917 3564 602 3679 3661 3597 3640 3640 3608 4063 4063 4063 4063 4063 4063 4063 4063
479 1683121918 3565 601 3680 3662 3598 3640 3640 3608 4061 4061 4061 4061 4061 4061 4061 4061
480 1683121918 3565 602 3681 3662 3598 3640 3640 3609 4065 4065 4064 4064 4064 4064 4064 4064
481 1683121918 3564 601 3680 3661 3597 3639 3639 3607 4065 4065 4065 4065 4065 4065 4065 4065
482 1683121918 3565 602 3681 3662 3598 3640 3640 3608 4067 4065 4065 4065 4065 4065 4065 4065
483 1683121918 3565 602 3680 3661 3597 3639 3640 3608 4063 4063 4063 4063 4063 4063 4063 4063
484 1683121918 3565 602 3681 3662 3597 3640 3640 3608 4063 4063 4063 4063 4063 4063 4063 4063
485 1683121918 3565 601 3681 3662 3598 3641 3640 3608 4063 4063 4063 4063 4063 4063 4063 4063
486 1683121918 3564 602 3680 3661 3597 3640 3640 3608 4065 4065 4064 4064 4064 4064 4064 4064
487 1683121918 3565 601 3680 3662 3597 3639 3640 3608 4065 4065 4064 4064 4064 4064 4064 4064
488 1683121918 3564 601 3680 3661 3597 3639 3639 3607 4063 4063 4063 4063 4063 4063 4063 4063
489 1683121918 3564 602 3680 3662 3597 3640 3639 3607 4065 4065 4064 4064 4064 4064 4064 4064
490 1683121918 3564 602 3680 3662 3598 3640 3640 3609 4065 4065 4064 4064 4064 4064 4064 4064
491 1683121918 3564 601 3680 3661 3597 3639 3640 3608 4063 4063 4063 4063 4063 4063 4063 4063
492 1683121918 3564 601 3679 3661 3597 3640 3640 3608 4065 4065 4064 4064 4064 4064 4064 4064
493 1683121918 3564 602 3678 3661 3597 3640 3640 3608 4065 4065 4064 4064 4064 4064 4064 4064
494 1683121918 3564 602 3680 3661 3597 3639 3639 3607 4065 4065 4064 4064 4064 4064 4064 4064
495 1683121918 3565 601 3681 3662 3598 3640 3640 3609 4065 4065 4064 4064 4064 4064 4064 4064
496 1683121918 3565 601 3681 3662 3598 3640 3641 3608 4065 4065 4064 4064 4064 4064 4064 4064
497 1683121918 3563 601 3679 3660 3597 3639 3639 3608 4065 4065 4064 4064 4064 4064 4064 4064
498 1683121918 3565 602 3681 3662 3597 3640 3640 3608 4065 4065 4064 4064 4064 4064 4064 4064
499 1683121918 3565 602 3680 3662 3598 3641 3641 3609 4065 4065 4065 4065 4065 4065 4065 4065
500 1683121918 3564 601 3680 3662 3597 3640 3639 3608 4065 4065 4064 4064 4064 4064 4064 4064
501 1683121918 3565 601 3681 3662 3598 3640 3640 3608 4065 4065 4064 4064 4064 4064 4064 4064
502 1683121918 3565 601 3681 3662 3598 3641 3641 3608 4065 4065 4064 4064 4064 4064 4064 4064
503 1683121918 3564 601 3680 3661 3597 3640 3640 3608 4065 4065 4064 4064 4064 4064 4064 4064
504 1683121918 3565 602 3681 3662 3598 3641 3640 3609 4065 4065 4064 4064 4064 4064 4064 4064
505 1683121918 3565 601 3681 3662 3598 3641 3640 3609 4065 4065 4064 4064 4064 4064 4064 4064
506 1683121918 3564 602 3680 3661 3597 3640 3640 3608 4065 4065 4064 4064 4064 4064 4064 4064
507 1683121918 3565 601 3680 3662 3598 3640 3640 3608 4065 4065 4064 4064 4064 4064 4064 4064
508 1683121918 3564 601 3680 3661 3597 3640 3640 3608 4065 4065 4064 4064 4064 4064 4064 4064
509 1683121918 3566 601 3681 3662 3598 3641 3640 3609 4065 4065 4064 4064 4064 4064 4064 4064
510 1683121918 3564 602 3680 3662 3598 3640 3640 3608 4063 4063 4063 4063 4063 4063 4063 4063
511 1683121918 3564 602 3680 3661 3597 3640 3640 3608 4065 4065 4064 4064 4064 4064 4064 4064
512 1683121918 3565 601 3681 3662 3598 3640 3640 3609 4065 4065 4064 4064 4064 4064 4064 4064
513 1683121918 3565 603 3681 3662 3598 3640 3640 3609 4065 4065 4064 4064 4064 4064 4064 4064
514 1683121918 3565 602 3681 3662 3598 3640 3640 3609 4063 4063 4063 4063 4063 4063 4063 4063
515 1683121918 3564 601 3680 3661 3597 3640 3640 3608 4065 4065 4064 4064 4064 4064 4064 4064
516 1683121918 3566 602 3681 3663 3598 3641 3640 3609 4065 4065 4064 4064 4064 4064 4064 4064
517 1683121918 3565 601 3680 3661 3598 3640 3640 3608 4065 4065 4064 4064 4064 4064 4064 4064
518 1683121918 3565 601 3681 3662 3598 3640 3640 3608 4065 4065 4064 4064 4064 4064 4064 4064
519 1683121918 3565 601 3680 3661 3597 3640 3640 3608 4065 4065 4064 4064 4064 4064 4064 4064
520 1683121918 3565 602 3680 3662 3597 3639 3639 3608 4065 4065 4064 4064 4064 4064 4064 4064
521 1683121918 3565 601 3681 3662 3598 3640 3640 3608 4065 4065 4064 4064 4064 4064 4064 4064
522 1683121918 3564 602 3680 3661 3598 3640 3640 3608 4065 4065 4064 4064 4064 4064 4064 4064
523 1683121918 3566 602 3680 3663 3599 3641 3641 3610 4065 4065 4064 4064 4064 4064 4064 4064
524 1683121918 3564 602 3679 3662 3598 3640 3640 3608 4063 4063 4063 4063 4063 4063 4063 4063
525 1683121918 3564 602 3678 3661 3597 3640 3639 3608 4065 4065 4064 4064 4064 4064 4064 4064
526 1683121918 3565 601 3681 3663 3598 3641 3640 3608 4065 4065 4065 4065 4065 4065 4065 4065
527 1683121918 3565 601 3681 3662 3598 3641 3641 3608 4065 4065 4065 4065 4065 4065 4065 4065
528 1683121918 3565 602 3681 3662 3597 3640 3640 3608 4065 4065 4064 4064 4064 4064 4064 4064
529 1683121918 3565 603 3680 3662 3598 3640 3640 3609 4063 4063 4063 4063 4063 4063 4063 4063
530 1683121918 3565 602 3681 3662 3598 3641 3641 3609 4063 4063 4063 4063 4063 4063 4063 4063
531 1683121918 3565 602 3682 3663 3599 3642 3642 3610 4063 4063 4063 4063 4063 4063 4063 4063
532 1683121918 3566 601 3682 3663 3599 3641 3641 3609 4065 4065 4064 4064 4064 4064 4064 4064
533 1683121918 3565 602 3681 3663 3598 3641 3641 3609 4065 4065 4064 4064 4064 4064 4064 4064
534 1683121918 3565 602 3681 3662 3598 3641 3641 3609 4063 4063 4063 4063 4063 4063 4063 4063
535 1683121918 3565 601 3680 3662 3597 3640 3640 3608 4063 4063 4063 4063 4063 4063 4063 4063
536 1683121918 3566 602 3682 3662 3598 3641 3641 3609 4065 4065 4064 4064 4064 4064 4064 4064
537 1683121918 3565 602 3681 3662 3598 3641 3640 3609 4063 4063 4063 4063 4063 4063 4063 4063
538 1683121918 3566 602 3681 3662 3598 3641 3641 3609 4063 4063 4063 4063 4063 4063 4063 4063
539 1683121918 3565 602 3680 3661 3597 3640 3640 3608 4065 4065 4064 4064 4064 4064 4064 4064
540 1683121918 3566 602 3682 3663 3599 3641 3641 3609 4065 4065 4064 4064 4064 4064 4064 4064
541 1683121918 3565 602 3682 3663 3598 3640 3641 3609 4067 4063 4063 4063 4063 4063 4063 4063
542 1683121918 3565 602 3681 3662 3598 3641 3640 3609 4065 4065 4065 4065 4065 4065 4065 4065
543 1683121918 3566 602 3681 3662 3598 3641 3641 3608 4063 4063 4063 4063 4063 4063 4063 4063
544 1683121918 3564 602 3681 3662 3598 3640 3640 3608 4065 4065 4065 4065 4065 4065 4065 4065
545 1683121918 3565 602 3682 3663 3598 3641 3640 3609 4065 4065 4065 4065 4065 4065 4065 4065
546 1683121918 3565 602 3681 3662 3598 3642 3641 3609 4063 4063 4063 4063 4063 4063 4063 4063
547 1683121918 3565 602 3680 3662 3598 3641 3641 3609 4065 4065 4064 4064 4064 4064 4064 4064
548 1683121918 3565 602 3681 3662 3598 3641 3641 3609 4065 4065 4064 4064 4064 4064 4064 4064
549 1683121918 3565 602 3680 3662 3598 3640 3640 3608 4065 4065 4064 4064 4064 4064 4064 4064
550 1683121918 3566 602 3682 3663 3599 3642 3641 3610 4065 4065 4064 4064 4064 4064 4064 4064
551 1683121918 3565 602 3680 3662 3597 3640 3640 3608 4065 4065 4064 4064 4064 4064 4064 4064
552 1683121918 3564 602 3679 3661 3597 3639 3639 3607 4065 4065 4064 4064 4064 4064 4064 4064
553 1683121919 3565 602 3681 3662 3598 3640 3641 3608 4063 4063 4063 4063 4063 4063 4063 4063
554 1683121919 3566 602 3681 3662 3598 3641 3641 3609 4065 4065 4065 4065 4065 4065 4065 4065
555 1683121919 3565 602 3680 3662 3598 3641 3641 3609 4063 4063 4063 4063 4063 4063 4063 4063
556 1683121919 3564 602 3681 3662 3598 3641 3641 3609 4065 4065 4064 4064 4064 4064 4064 4064
557 1683121919 3565 602 3681 3662 3598 3640 3640 3608 4065 4065 4064 4064 4064 4064 4064 4064
558 1683121919 3566 602 3681 3663 3599 3641 3641 3609 4065 4065 4064 4064 4064 4064 4064 4064
559 1683121919 3565 602 3681 3662 3598 3641 3641 3609 4063 4063 4063 4063 4063 4063 4063 4063
560 1683121919 3565 602 3681 3662 3598 3640 3640 3608 4065 4065 4064 4064 4064 4064 4064 4064
561 1683121919 3565 602 3681 3662 3598 3641 3640 3609 4065 4065 4064 4064 4064 4064 4064 4064
562 1683121919 3564 602 3680 3662 3598 3641 3640 3609 4065 4065 4064 4064 4064 4064 4064 4064
563 1683121919 3565 602 3680 3662 3598 3641 3640 3608 4065 4065 4064 4064 4064 4064 4064 4064
564 1683121919 3564 602 3679 3662 3598 3640 3640 3608 4065 4065 4064 4064 4064 4064 4064 4064
565 1683121919 3565 602 3681 3663 3599 3641 3641 3609 4063 4063 4063 4063 4063 4063 4063 4063
566 1683121919 3566 602 3682 3664 3600 3642 3642 3610 4065 4065 4064 4064 4064 4064 4064 4064
567 1683121919 3565 602 3681 3662 3598 3641 3641 3609 4063 4063 4063 4063 4063 4063 4063 4063
568 1683121919 3566 602 3682 3663 3599 3641 3641 3609 4063 4063 4063 4063 4063 4063 4063 4063
569 1683121919 3564 602 3681 3662 3598 3641 3640 3608 4065 4065 4064 4064 4064 4064 4064 4064
570 1683121919 3565 602 3681 3662 3598 3641 3641 3609 4063 4063 4063 4063 4063 4063 4063 4063
571 1683121919 3566 602 3682 3663 3599 3642 3641 3609 4065 4065 4064 4064 4064 4064 4064 4064
572 1683121919 3565 602 3681 3662 3598 3640 3640 3609 4065 4065 4064 4064 4064 4064 4064 4064
573 1683121919 3566 602 3681 3662 3599 3641 3641 3609 4063 4063 4063 4063 4063 4063 4063 4063
574 1683121919 3565 602 3681 3662 3598 3641 3641 3609 4065 4065 4064 4064 4064 4064 4064 4064
575 1683121919 3565 602 3682 3663 3598 3641 3641 3609 4065 4065 4064 4064 4064 4064 4064 4064
576 1683121919 3565 602 3681 3662 3598 3641 3640 3608 4065 4063 4063 4063 4063 4063 4063 4063
577 1683121919 3564 603 3680 3662 3597 3640 3640 3608 4065 4065 4065 4065 4065 4065 4065 4065
578 1683121919 3566 602 3681 3662 3598 3641 3641 3610 4067 4065 4065 4065 4065 4065 4065 4065
579 1683121919 3565 602 3680 3661 3598 3641 3640 3608 4065 4065 4064 4064 4064 4064 4064 4064
580 1683121919 3565 602 3681 3662 3598 3640 3640 3609 4065 4065 4064 4064 4064 4064 4064 4064
581 1683121919 3566 602 3681 3663 3599 3641 3641 3609 4065 4065 4064 4064 4064 4064 4064 4064
582 1683121919 3565 602 3681 3662 3598 3640 3640 3609 4061 4061 4061 4061 4061 4061 4061 4061
583 1683121919 3566 602 3681 3663 3598 3641 3641 3609 4065 4065 4064 4064 4064 4064 4064 4064
584 1683121919 3565 602 3680 3662 3598 3641 3641 3609 4065 4064 4064 4064 4064 4064 4064 4064
585 1683121919 3565 602 3681 3662 3598 3641 3641 3609 4065 4063 4063 4063 4063 4063 4063 4063
586 1683121919 3566 602 3681 3663 3598 3641 3641 3609 4065 4065 4064 4064 4064 4064 4064 4064
587 1683121919 3566 602 3680 3663 3598 3641 3641 3609 4063 4063 4063 4063 4063 4063 4063 4063
588 1683121919 3565 602 3679 3662 3598 3641 3640 3608 4063 4063 4063 4063 4063 4063 4063 4063
589 1683121919 3566 602 3681 3663 3599 3641 3641 3609 4065 4063 4063 4063 4063 4063 4063 4063
590 1683121919 3565 602 3681 3663 3598 3641 3641 3609 4065 4063 4063 4063 4063 4063 4063 4063
591 1683121919 3565 602 3681 3662 3598 3641 3641 3609 4063 4063 4063 4063 4063 4063 4063 4063
592 1683121919 3566 604 3681 3663 3598 3641 3640 3609 4065 4063 4063 4063 4063 4063 4063 4063
593 1683121919 3565 603 3681 3662 3598 3641 3641 3609 4065 4065 4064 4064 4064 4064 4064 4064
594 1683121919 3565 602 3681 3662 3598 3641 3640 3609 4063 4063 4063 4063 4063 4063 4063 4063
595 1683121919 3565 601 3682 3663 3598 3641 3641 3609 4065 4065 4064 4064 4064 4064 4064 4064
596 1683121919 3565 602 3681 3662 3598 3640 3640 3608 4065 4065 4064 4064 4064 4064 4064 4064
597 1683121919 3566 602 3682 3664 3599 3642 3642 3610 4063 4063 4063 4063 4063 4063 4063 4063
598 1683121919 3565 602 3681 3662 3598 3641 3640 3608 4065 4065 4064 4064 4064 4064 4064 4064
599 1683121919 3565 602 3680 3662 3597 3641 3640 3609 4065 4065 4064 4064 4064 4064 4064 4064
600 1683121919 3566 602 3682 3663 3598 3641 3641 3609 4063 4063 4063 4063 4063 4063 4063 4063
601 1683121919 3566 603 3681 3662 3598 3641 3640 3609 4065 4065 4065 4065 4065 4065 4065 4065
602 1683121919 3566 602 3681 3663 3599 3641 3641 3610 4065 4065 4064 4064 4064 4064 4064 4064
603 1683121919 3565 602 3680 3662 3598 3640 3640 3609 4065 4065 4064 4064 4064 4064 4064 4064
604 1683121919 3565 602 3681 3662 3598 3641 3641 3609 4065 4065 4064 4064 4064 4064 4064 4064
605 1683121919 3566 602 3682 3663 3599 3641 3641 3609 4065 4065 4064 4064 4064 4064 4064 4064
606 1683121919 3565 602 3681 3662 3598 3640 3640 3608 4063 4063 4063 4063 4063 4063 4063 4063
607 1683121919 3566 602 3682 3663 3599 3641 3641 3609 4063 4063 4063 4063 4063 4063 4063 4063
608 1683121919 3566 602 3682 3664 3600 3642 3642 3610 4065 4065 4064 4064 4064 4064 4064 4064
609 1683121919 3565 602 3680 3662 3598 3640 3640 3608 4065 4065 4064 4064 4064 4064 4064 4064
610 1683121919 3566 602 3682 3663 3599 3642 3642 3609 4065 4065 4064 4064 4064 4064 4064 4064
611 1683121919 3566 602 3682 3663 3599 3642 3641 3610 4065 4065 4064 4064 4064 4064 4064 4064
612 1683121919 3565 602 3680 3661 3597 3640 3639 3607 4065 4065 4064 4064 4064 4064 4064 4064
613 1683121919 3566 602 3682 3663 3599 3641 3642 3610 4065 4065 4064 4064 4064 4064 4064 4064
614 1683121919 3566 602 3682 3663 3599 3642 3641 3610 4065 4065 4064 4064 4064 4064 4064 4064
615 1683121919 3565 603 3681 3662 3598 3641 3641 3609 4065 4065 4064 4064 4064 4064 4064 4064
616 1683121919 3566 603 3681 3663 3599 3641 3641 3609 4065 4065 4064 4064 4064 4064 4064 4064
617 1683121919 3567 603 3682 3664 3600 3642 3642 3611 4063 4063 4063 4063 4063 4063 4063 4063
618 1683121919 3566 602 3681 3663 3598 3641 3641 3609 4065 4065 4064 4064 4064 4064 4064 4064
619 1683121919 3565 603 3680 3663 3599 3642 3641 3610 4065 4065 4064 4064 4064 4064 4064 4064
620 1683121919 3565 603 3681 3662 3598 3641 3640 3609 4063 4063 4063 4063 4063 4063 4063 4063
621 1683121919 3566 603 3682 3663 3599 3642 3641 3610 4063 4063 4063 4063 4063 4063 4063 4063
622 1683121919 3565 602 3681 3662 3598 3641 3641 3608 4065 4065 4064 4064 4064 4064 4064 4064
623 1683121919 3566 602 3681 3663 3598 3641 3641 3608 4063 4063 4063 4063 4063 4063 4063 4063
624 1683121919 3566 604 3681 3663 3599 3641 3641 3609 4065 4065 4065 4065 4065 4065 4065 4065
625 1683121919 3565 603 3681 3662 3599 3641 3641 3609 4063 4063 4063 4063 4063 4063 4063 4063
626 1683121919 3566 603 3681 3662 3599 3642 3642 3610 4065 4065 4065 4065 4065 4065 4065 4065
627 1683121919 3566 603 3680 3663 3598 3641 3641 3609 4065 4065 4064 4064 4064 4064 4064 4064
628 1683121919 3566 603 3682 3663 3599 3642 3642 3610 4065 4065 4064 4064 4064 4064 4064 4064
629 1683121919 3565 603 3681 3662 3598 3641 3641 3609 4063 4063 4063 4063 4063 4063 4063 4063
630 1683121919 3566 603 3681 3663 3599 3642 3641 3609 4063 4063 4063 4063 4063 4063 4063 4063
631 1683121920 3565 603 3681 3662 3598 3641 3641 3609 4065 4065 4064 4064 4064 4064 4064 4064
632 1683121920 3565 603 3681 3663 3598 3641 3640 3609 4065 4065 4064 4064 4064 4064 4064 4064
633 1683121927 3564 602 3680 3661 3597 3639 3639 3608 4065 4065 4064 4064 4064 4064 4064 4064
634 1683121927 3564 602 3680 3661 3597 3639 3639 3608 4065 4065 4065 4065 4065 4065 4065 4065
635 1683121927 3564 603 3679 3661 3597 3640 3640 3608 4065 4065 4065 4065 4065 4065 4065 4065
636 1683121927 3563 603 3679 3660 3596 3638 3638 3607 4065 4065 4064 4064 4064 4064 4064 4064
637 1683121927 3564 603 3680 3661 3597 3641 3640 3608 4063 4063 4063 4063 4063 4063 4063 4063
638 1683121927 3566 602 3681 3662 3598 3641 3640 3609 4065 4063 4063 4063 4063 4063 4063 4063
639 1683121928 3565 604 3681 3662 3598 3641 3640 3609 4063 4063 4063 4063 4063 4063 4063 4063
640 1683121928 3565 603 3681 3662 3598 3641 3640 3609 4065 4065 4064 4064 4064 4064 4064 4064
641 1683121928 3565 603 3680 3662 3598 3640 3640 3608 4063 4063 4063 4063 4063 4063 4063 4063
642 1683121928 3565 603 3680 3662 3598 3641 3641 3609 4065 4065 4064 4064 4064 4064 4064 4064
643 1683121928 3565 603 3681 3662 3599 3641 3641 3609 4065 4065 4065 4065 4065 4065 4065 4065
644 1683121928 3565 602 3681 3663 3598 3641 3640 3609 4065 4065 4064 4064 4064 4064 4064 4064
645 1683121928 3566 602 3681 3663 3598 3641 3641 3609 4065 4065 4064 4064 4064 4064 4064 4064
646 1683121928 3565 602 3680 3661 3597 3640 3640 3608 4063 4063 4063 4063 4063 4063 4063 4063
647 1683121928 3564 602 3681 3662 3598 3640 3640 3608 4065 4065 4064 4064 4064 4064 4064 4064
648 1683121928 3565 603 3680 3662 3598 3640 3641 3609 4065 4065 4064 4064 4064 4064 4064 4064
649 1683121928 3565 603 3681 3662 3598 3641 3641 3609 4063 4063 4063 4063 4063 4063 4063 4063
650 1683121928 3566 603 3680 3662 3598 3641 3641 3609 4065 4065 4064 4064 4064 4064 4064 4064
651 1683121928 3564 602 3679 3661 3597 3640 3640 3608 4063 4063 4063 4063 4063 4063 4063 4063
652 1683121928 3566 603 3681 3662 3598 3641 3641 3608 4065 4063 4063 4063 4063 4063 4063 4063
653 1683121928 3566 603 3681 3662 3598 3641 3640 3609 4063 4063 4062 4062 4062 4062 4062 4062
654 1683121928 3565 603 3680 3662 3598 3641 3641 3609 4065 4065 4064 4064 4064 4064 4064 4064
655 1683121928 3565 604 3681 3662 3598 3641 3640 3608 4065 4063 4063 4063 4063 4063 4063 4063
656 1683121928 3566 603 3681 3662 3598 3641 3641 3609 4065 4065 4064 4064 4064 4064 4064 4064
657 1683121928 3566 603 3681 3662 3598 3641 3640 3609 4063 4063 4063 4063 4063 4063 4063 4063
658 1683121928 3565 602 3680 3662 3599 3641 3641 3609 4065 4065 4064 4064 4064 4064 4064 4064
659 1683121928 3564 603 3680 3661 3597 3640 3640 3608 4065 4065 4064 4064 4064 4064 4064 4064
660 1683121928 3564 603 3680 3662 3598 3640 3640 3608 4065 4065 4064 4064 4064 4064 4064 4064
661 1683121928 3565 603 3681 3662 3598 3641 3640 3609 4063 4063 4063 4063 4063 4063 4063 4063
662 1683121928 3565 603 3681 3662 3598 3641 3641 3609 4065 4065 4065 4065 4065 4065 4065 4065
663 1683121928 3565 602 3681 3662 3598 3640 3640 3608 4063 4063 4062 4062 4062 4062 4062 4062
664 1683121928 3565 603 3681 3662 3599 3641 3641 3609 4065 4065 4064 4064 4064 4064 4064 4064
665 1683121928 3565 603 3681 3662 3598 3640 3640 3608 4065 4065 4064 4064 4064 4064 4064 4064
666 1683121928 3565 602 3680 3662 3598 3640 3640 3608 4065 4065 4064 4064 4064 4064 4064 4064
667 1683121928 3564 603 3680 3661 3597 3640 3639 3608 4065 4065 4064 4064 4064 4064 4064 4064
668 1683121928 3566 603 3681 3663 3599 3641 3641 3610 4065 4065 4064 4064 4064 4064 4064 4064
669 1683121928 3565 603 3681 3662 3598 3641 3640 3609 4065 4065 4064 4064 4064 4064 4064 4064
670 1683121928 3565 603 3681 3662 3598 3641 3641 3609 4065 4065 4064 4064 4064 4064 4064 4064
671 1683121928 3565 603 3681 3662 3599 3641 3641 3608 4065 4065 4064 4064 4064 4064 4064 4064
672 1683121928 3565 603 3681 3662 3598 3641 3641 3609 4063 4063 4063 4063 4063 4063 4063 4063
673 1683121928 3566 603 3681 3662 3598 3641 3641 3609 4065 4065 4064 4064 4064 4064 4064 4064
674 1683121928 3565 603 3680 3662 3598 3641 3641 3609 4065 4065 4064 4064 4064 4064 4064 4064
675 1683121928 3566 602 3682 3663 3599 3641 3641 3609 4065 4065 4064 4064 4064 4064 4064 4064
676 1683121928 3566 603 3682 3663 3599 3642 3641 3610 4065 4065 4065 4065 4065 4065 4065 4065
677 1683121928 3565 603 3681 3662 3598 3640 3640 3609 4065 4063 4063 4063 4063 4063 4063 4063
678 1683121928 3566 603 3681 3662 3598 3641 3640 3608 4065 4065 4065 4065 4065 4065 4065 4065
679 1683121928 3565 603 3681 3662 3598 3641 3640 3608 4065 4065 4065 4065 4065 4065 4065 4065
680 1683121928 3565 603 3682 3663 3599 3642 3641 3609 4063 4063 4063 4063 4063 4063 4063 4063
681 1683121928 3566 603 3681 3662 3598 3641 3641 3609 4065 4063 4063 4063 4063 4063 4063 4063
682 1683121928 3565 603 3680 3662 3598 3641 3640 3609 4063 4063 4063 4063 4063 4063 4063 4063
683 1683121928 3563 602 3679 3660 3596 3639 3639 3607 4065 4065 4065 4065 4065 4065 4065 4065
684 1683121928 3563 601 3678 3660 3596 3639 3638 3607 4065 4065 4064 4064 4064 4064 4064 4064
685 1683121928 3563 601 3679 3660 3596 3638 3638 3606 4065 4065 4064 4064 4064 4064 4064 4064
686 1683121928 3563 601 3679 3660 3596 3639 3639 3607 4063 4063 4063 4063 4063 4063 4063 4063
687 1683121928 3563 601 3679 3660 3597 3639 3639 3607 4067 4065 4065 4065 4065 4065 4065 4065
688 1683121928 3564 601 3680 3661 3597 3639 3639 3607 4063 4063 4063 4063 4063 4063 4063 4063
689 1683121928 3563 602 3679 3660 3596 3639 3639 3607 4063 4063 4063 4063 4063 4063 4063 4063
690 1683121928 3563 601 3678 3660 3596 3639 3639 3606 4065 4065 4064 4064 4064 4064 4064 4064
691 1683121928 3563 602 3678 3660 3596 3638 3638 3607 4063 4063 4063 4063 4063 4063 4063 4063
692 1683121928 3563 601 3678 3661 3596 3639 3638 3606 4065 4065 4064 4064 4064 4064 4064 4064
693 1683121928 3564 602 3679 3661 3596 3639 3639 3607 4063 4063 4063 4063 4063 4063 4063 4063
694 1683121928 3565 601 3680 3661 3597 3640 3640 3608 4065 4065 4064 4064 4064 4064 4064 4064
695 1683121928 3563 601 3679 3660 3595 3638 3638 3606 4063 4063 4063 4063 4063 4063 4063 4063
696 1683121928 3564 602 3679 3660 3596 3639 3639 3607 4065 4065 4064 4064 4064 4064 4064 4064
697 1683121928 3564 601 3680 3661 3596 3639 3639 3607 4065 4065 4064 4064 4064 4064 4064 4064
698 1683121928 3564 601 3680 3661 3596 3639 3639 3607 4065 4063 4063 4063 4063 4063 4063 4063
699 1683121928 3564 601 3679 3661 3596 3639 3639 3606 4065 4063 4063 4063 4063 4063 4063 4063
700 1683121928 3564 601 3680 3662 3598 3640 3640 3608 4067 4065 4065 4065 4065 4065 4065 4065
701 1683121928 3564 602 3680 3661 3596 3639 3639 3608 4065 4065 4064 4064 4064 4064 4064 4064
702 1683121928 3564 601 3679 3661 3596 3639 3639 3608 4065 4065 4065 4065 4065 4065 4065 4065
703 1683121928 3564 600 3680 3661 3597 3640 3639 3607 4063 4063 4063 4063 4063 4063 4063 4063
704 1683121928 3565 601 3680 3661 3597 3640 3640 3608 4065 4065 4064 4064 4064 4064 4064 4064
705 1683121928 3563 601 3679 3660 3596 3639 3638 3607 4063 4063 4063 4063 4063 4063 4063 4063
706 1683121928 3564 601 3680 3661 3597 3640 3639 3608 4065 4065 4064 4064 4064 4064 4064 4064
707 1683121928 3563 601 3679 3660 3596 3639 3639 3607 4065 4065 4064 4064 4064 4064 4064 4064
708 1683121928 3564 601 3680 3661 3597 3639 3639 3607 4065 4065 4064 4064 4064 4064 4064 4064
709 1683121928 3564 601 3680 3661 3597 3640 3640 3607 4065 4065 4064 4064 4064 4064 4064 4064
710 1683121928 3564 601 3680 3661 3597 3639 3639 3608 4065 4065 4065 4065 4065 4065 4065 4065
711 1683121928 3564 601 3679 3661 3597 3640 3640 3607 4065 4065 4064 4064 4064 4064 4064 4064
712 1683121928 3564 601 3680 3661 3597 3639 3639 3607 4065 4065 4064 4064 4064 4064 4064 4064
713 1683121928 3563 602 3679 3661 3597 3640 3640 3607 4065 4065 4064 4064 4064 4064 4064 4064
714 1683121928 3565 601 3680 3661 3597 3640 3639 3607 4063 4063 4063 4063 4063 4063 4063 4063
715 1683121928 3565 601 3679 3661 3597 3640 3640 3608 4065 4065 4064 4064 4064 4064 4064 4064
716 1683121928 3564 601 3678 3661 3598 3640 3639 3608 4065 4063 4063 4063 4063 4063 4063 4063
717 1683121928 3564 602 3680 3661 3597 3639 3639 3608 4065 4065 4065 4065 4065 4065 4065 4065
718 1683121928 3564 601 3680 3661 3597 3640 3639 3608 4065 4065 4064 4064 4064 4064 4064 4064
719 1683121929 3564 601 3680 3661 3597 3640 3639 3608 4065 4065 4064 4064 4064 4064 4064 4064
720 1683121929 3564 603 3679 3661 3597 3639 3639 3607 4065 4065 4064 4064 4064 4064 4064 4064
721 1683121929 3564 602 3679 3661 3596 3639 3639 3607 4065 4065 4064 4064 4064 4064 4064 4064
722 1683121929 3565 601 3680 3661 3597 3640 3639 3608 4065 4065 4064 4064 4064 4064 4064 4064
723 1683121929 3564 602 3679 3660 3597 3639 3639 3607 4063 4063 4063 4063 4063 4063 4063 4063
724 1683121929 3563 602 3678 3660 3596 3639 3639 3607 4065 4065 4064 4064 4064 4064 4064 4064
725 1683121929 3564 602 3679 3661 3597 3639 3640 3608 4067 4065 4065 4065 4065 4065 4065 4065
726 1683121929 3564 601 3680 3661 3597 3639 3639 3608 4065 4065 4064 4064 4064 4064 4064 4064
727 1683121929 3564 602 3679 3661 3597 3639 3639 3607 4065 4065 4064 4064 4064 4064 4064 4064
728 1683121929 3564 601 3680 3662 3597 3639 3639 3608 4065 4065 4064 4064 4064 4064 4064 4064
729 1683121929 3563 601 3680 3661 3597 3640 3639 3607 4065 4065 4064 4064 4064 4064 4064 4064
730 1683121929 3564 601 3680 3661 3597 3640 3639 3607 4065 4065 4064 4064 4064 4064 4064 4064
731 1683121929 3564 602 3679 3662 3597 3640 3639 3607 4065 4065 4064 4064 4064 4064 4064 4064
732 1683121929 3565 602 3680 3661 3597 3640 3640 3608 4065 4065 4065 4065 4065 4065 4065 4065
733 1683121929 3563 601 3679 3660 3596 3639 3639 3607 4065 4065 4064 4064 4064 4064 4064 4064
734 1683121929 3564 601 3680 3662 3597 3640 3640 3608 4065 4065 4065 4065 4065 4065 4065 4065
735 1683121929 3564 601 3679 3661 3597 3640 3639 3607 4065 4065 4064 4064 4064 4064 4064 4064
736 1683121929 3563 601 3679 3660 3596 3639 3639 3607 4065 4065 4064 4064 4064 4064 4064 4064
737 1683121929 3565 602 3680 3662 3598 3640 3640 3608 4065 4065 4064 4064 4064 4064 4064 4064
738 1683121929 3566 602 3682 3663 3599 3642 3642 3610 4065 4065 4064 4064 4064 4064 4064 4064
739 1683121929 3564 602 3679 3661 3597 3639 3639 3607 4065 4065 4064 4064 4064 4064 4064 4064
740 1683121929 3564 601 3680 3661 3597 3639 3640 3608 4063 4063 4063 4063 4063 4063 4063 4063
741 1683121929 3565 602 3681 3661 3597 3640 3640 3608 4065 4065 4064 4064 4064 4064 4064 4064
742 1683121929 3564 601 3680 3661 3597 3640 3640 3608 4065 4065 4065 4065 4065 4065 4065 4065
743 1683121929 3565 602 3681 3661 3597 3640 3640 3608 4065 4065 4065 4065 4065 4065 4065 4065
744 1683121929 3564 601 3679 3660 3596 3639 3639 3607 4065 4065 4064 4064 4064 4064 4064 4064
745 1683121929 3564 602 3680 3662 3597 3640 3640 3608 4065 4065 4064 4064 4064 4064 4064 4064
746 1683121929 3563 602 3679 3660 3596 3639 3639 3607 4065 4065 4064 4064 4064 4064 4064 4064
747 1683121929 3564 602 3679 3661 3597 3639 3639 3607 4065 4065 4065 4065 4065 4065 4065 4065
748 1683121929 3565 602 3680 3662 3597 3640 3639 3608 4065 4065 4064 4064 4064 4064 4064 4064
749 1683121929 3565 602 3681 3662 3598 3641 3641 3609 4063 4063 4063 4063 4063 4063 4063 4063
750 1683121929 3565 601 3680 3662 3598 3640 3640 3609 4063 4063 4063 4063 4063 4063 4063 4063
751 1683121929 3564 601 3679 3661 3597 3639 3639 3607 4067 4065 4065 4065 4065 4065 4065 4065
752 1683121929 3565 603 3681 3662 3598 3640 3640 3609 4065 4065 4064 4064 4064 4064 4064 4064
753 1683121929 3564 602 3680 3661 3597 3640 3639 3608 4065 4065 4064 4064 4064 4064 4064 4064
754 1683121929 3564 601 3680 3661 3597 3639 3639 3607 4063 4063 4063 4063 4063 4063 4063 4063
755 1683121929 3563 602 3679 3661 3597 3639 3639 3608 4065 4065 4064 4064 4064 4064 4064 4064
756 1683121929 3565 602 3680 3662 3598 3640 3641 3609 4063 4063 4063 4063 4063 4063 4063 4063
757 1683121929 3564 602 3679 3661 3598 3640 3640 3608 4065 4065 4064 4064 4064 4064 4064 4064
758 1683121929 3564 601 3680 3661 3597 3640 3640 3608 4059 4059 4059 4059 4059 4059 4059 4059
759 1683121929 3564 602 3680 3661 3598 3640 3640 3608 4067 4065 4065 4065 4065 4065 4065 4065
760 1683121929 3564 601 3680 3661 3597 3639 3639 3607 4063 4063 4063 4063 4063 4063 4063 4063
761 1683121929 3564 602 3680 3661 3597 3640 3640 3608 4063 4063 4063 4063 4063 4063 4063 4063
762 1683121929 3564 602 3680 3661 3597 3640 3639 3607 4065 4065 4064 4064 4064 4064 4064 4064
763 1683121929 3563 602 3679 3660 3597 3639 3638 3607 4063 4063 4063 4063 4063 4063 4063 4063
764 1683121929 3564 602 3680 3661 3597 3640 3640 3608 4065 4065 4064 4064 4064 4064 4064 4064
765 1683121929 3565 602 3680 3662 3597 3640 3640 3608 4065 4065 4064 4064 4064 4064 4064 4064
766 1683121929 3564 602 3680 3661 3597 3640 3640 3608 4065 4064 4064 4064 4064 4064 4064 4064
767 1683121929 3565 601 3681 3662 3598 3641 3640 3608 4063 4063 4063 4063 4063 4063 4063 4063
768 1683121929 3565 601 3680 3662 3597 3640 3640 3608 4063 4063 4063 4063 4063 4063 4063 4063
769 1683121929 3565 602 3681 3662 3597 3640 3640 3608 4063 4063 4063 4063 4063 4063 4063 4063
770 1683121929 3564 602 3680 3661 3597 3640 3640 3608 4065 4065 4064 4064 4064 4064 4064 4064
771 1683121929 3563 602 3679 3661 3597 3640 3640 3608 4063 4063 4062 4062 4062 4062 4062 4062
772 1683121929 3565 602 3680 3661 3597 3640 3640 3608 4065 4065 4065 4065 4065 4065 4065 4065
773 1683121929 3564 602 3681 3662 3598 3641 3640 3608 4067 4065 4065 4065 4065 4065 4065 4065
774 1683121929 3565 602 3680 3661 3598 3640 3640 3608 4065 4065 4064 4064 4064 4064 4064 4064
775 1683121929 3564 601 3681 3662 3597 3640 3640 3608 4065 4065 4064 4064 4064 4064 4064 4064
776 1683121929 3565 601 3681 3661 3597 3640 3640 3608 4063 4063 4063 4063 4063 4063 4063 4063
777 1683121929 3565 602 3681 3662 3598 3640 3640 3608 4065 4065 4064 4064 4064 4064 4064 4064
778 1683121929 3564 602 3680 3661 3597 3640 3639 3608 4065 4065 4064 4064 4064 4064 4064 4064
779 1683121929 3565 601 3681 3662 3598 3641 3640 3608 4065 4065 4064 4064 4064 4064 4064 4064
780 1683121929 3565 602 3680 3661 3598 3640 3640 3608 4065 4065 4064 4064 4064 4064 4064 4064
781 1683121929 3565 602 3681 3662 3598 3640 3640 3608 4065 4065 4064 4064 4064 4064 4064 4064
782 1683121929 3564 602 3681 3662 3598 3640 3640 3609 4065 4065 4064 4064 4064 4064 4064 4064
783 1683121929 3564 602 3680 3661 3598 3640 3640 3608 4065 4065 4064 4064 4064 4064 4064 4064
784 1683121929 3565 601 3681 3663 3598 3641 3641 3609 4065 4065 4064 4064 4064 4064 4064 4064
785 1683121929 3565 602 3680 3661 3597 3640 3640 3608 4065 4065 4064 4064 4064 4064 4064 4064
786 1683121929 3565 602 3681 3662 3598 3641 3641 3609 4065 4063 4063 4063 4063 4063 4063 4063
787 1683121929 3564 602 3680 3661 3597 3640 3639 3607 4065 4065 4064 4064 4064 4064 4064 4064
788 1683121929 3565 602 3680 3662 3597 3640 3640 3608 4065 4065 4064 4064 4064 4064 4064 4064
789 1683121929 3565 602 3680 3662 3598 3640 3641 3609 4063 4063 4063 4063 4063 4063 4063 4063
790 1683121929 3564 602 3680 3661 3597 3640 3640 3608 4065 4065 4064 4064 4064 4064 4064 4064
791 1683121929 3565 602 3680 3662 3597 3640 3640 3608 4063 4063 4063 4063 4063 4063 4063 4063
792 1683121929 3564 602 3680 3661 3598 3640 3640 3609 4065 4065 4064 4064 4064 4064 4064 4064
793 1683121929 3565 602 3681 3662 3597 3640 3640 3609 4065 4065 4064 4064 4064 4064 4064 4064
794 1683121929 3565 601 3680 3663 3598 3640 3641 3609 4063 4063 4063 4063 4063 4063 4063 4063
795 1683121929 3565 602 3680 3662 3598 3640 3640 3608 4065 4065 4064 4064 4064 4064 4064 4064
796 1683121929 3564 602 3680 3661 3597 3639 3639 3607 4065 4065 4064 4064 4064 4064 4064 4064
797 1683121930 3564 602 3680 3662 3598 3640 3640 3608 4065 4065 4064 4064 4064 4064 4064 4064
798 1683121930 3565 602 3681 3662 3598 3641 3640 3609 4065 4065 4064 4064 4064 4064 4064 4064
799 1683121930 3564 602 3680 3661 3597 3640 3639 3608 4063 4063 4063 4063 4063 4063 4063 4063
800 1683121930 3564 602 3680 3662 3598 3640 3640 3608 4065 4065 4064 4064 4064 4064 4064 4064
801 1683121930 3565 602 3681 3662 3598 3640 3640 3608 4063 4063 4063 4063 4063 4063 4063 4063
802 1683121930 3565 602 3681 3663 3598 3641 3641 3609 4063 4063 4063 4063 4063 4063 4063 4063
803 1683121930 3565 602 3681 3662 3598 3640 3640 3608 4063 4063 4063 4063 4063 4063 4063 4063
804 1683121930 3565 602 3681 3662 3598 3640 3640 3608 4065 4065 4064 4064 4064 4064 4064 4064
805 1683121930 3565 602 3681 3662 3598 3640 3640 3608 4065 4063 4063 4063 4063 4063 4063 4063
806 1683121930 3564 602 3680 3662 3598 3640 3640 3608 4063 4063 4063 4063 4063 4063 4063 4063
807 1683121930 3564 602 3680 3661 3597 3640 3640 3608 4063 4063 4063 4063 4063 4063 4063 4063
808 1683121930 3564 602 3680 3662 3597 3640 3640 3608 4065 4065 4064 4064 4064 4064 4064 4064
809 1683121930 3565 602 3681 3662 3598 3640 3640 3608 4063 4063 4063 4063 4063 4063 4063 4063
810 1683121930 3564 601 3680 3662 3597 3640 3640 3608 4063 4063 4063 4063 4063 4063 4063 4063
811 1683121930 3565 602 3679 3661 3598 3640 3640 3608 4063 4063 4063 4063 4063 4063 4063 4063
812 1683121930 3565 602 3681 3662 3598 3641 3640 3608 4063 4063 4063 4063 4063 4063 4063 4063
813 1683121930 3565 602 3680 3662 3598 3641 3641 3609 4065 4065 4064 4064 4064 4064 4064 4064
814 1683121930 3565 602 3681 3662 3598 3641 3641 3609 4065 4065 4064 4064 4064 4064 4064 4064
815 1683121930 3565 602 3681 3662 3598 3640 3640 3608 4065 4065 4064 4064 4064 4064 4064 4064
816 1683121930 3565 603 3681 3662 3598 3640 3640 3608 4063 4063 4063 4063 4063 4063 4063 4063
817 1683121930 3565 602 3680 3662 3598 3640 3640 3609 4063 4063 4063 4063 4063 4063 4063 4063
818 1683121930 3564 602 3680 3662 3598 3640 3640 3608 4063 4063 4063 4063 4063 4063 4063 4063
819 1683121930 3565 602 3681 3662 3598 3641 3641 3608 4065 4065 4064 4064 4064 4064 4064 4064
820 1683121938 3564 602 3679 3661 3596 3639 3639 3608 4065 4065 4064 4064 4064 4064 4064 4064
821 1683121938 3565 602 3681 3662 3598 3640 3640 3608 4063 4063 4063 4063 4063 4063 4063 4063
822 1683121938 3564 603 3680 3662 3597 3640 3640 3608 4065 4065 4064 4064 4064 4064 4064 4064
823 1683121938 3564 602 3679 3661 3597 3640 3639 3608 4065 4065 4064 4064 4064 4064 4064 4064
824 1683121938 3564 602 3679 3661 3597 3640 3640 3608 4063 4063 4063 4063 4063 4063 4063 4063
825 1683121938 3564 602 3679 3660 3596 3639 3639 3608 4065 4065 4064 4064 4064 4064 4064 4064
826 1683121938 3565 602 3681 3661 3597 3640 3640 3608 4065 4065 4065 4065 4065 4065 4065 4065
827 1683121938 3564 603 3679 3661 3597 3639 3639 3608 4063 4063 4063 4063 4063 4063 4063 4063
828 1683121938 3564 602 3680 3662 3597 3640 3640 3608 4065 4065 4064 4064 4064 4064 4064 4064
829 1683121938 3568 602 3683 3664 3601 3643 3643 3611 4063 4063 4063 4063 4063 4063 4063 4063
830 1683121938 3564 602 3679 3661 3597 3640 3639 3608 4065 4065 4064 4064 4064 4064 4064 4064
831 1683121938 3564 603 3680 3661 3597 3640 3640 3608 4067 4065 4065 4065 4065 4065 4065 4065
832 1683121938 3563 602 3679 3661 3597 3639 3639 3607 4063 4063 4063 4063 4063 4063 4063 4063
833 1683121938 3565 602 3680 3662 3597 3640 3640 3609 4063 4063 4062 4062 4062 4062 4062 4062
834 1683121938 3564 602 3679 3661 3597 3640 3639 3608 4065 4065 4064 4064 4064 4064 4064 4064
835 1683121938 3564 602 3680 3662 3598 3640 3640 3608 4063 4063 4063 4063 4063 4063 4063 4063
836 1683121938 3564 602 3680 3661 3597 3640 3640 3608 4065 4065 4064 4064 4064 4064 4064 4064
837 1683121938 3565 602 3681 3663 3598 3641 3641 3609 4065 4065 4064 4064 4064 4064 4064 4064
838 1683121938 3565 602 3680 3662 3597 3640 3640 3608 4065 4065 4064 4064 4064 4064 4064 4064
839 1683121938 3565 602 3680 3662 3598 3640 3640 3608 4063 4063 4063 4063 4063 4063 4063 4063
840 1683121938 3564 602 3679 3661 3597 3639 3640 3608 4065 4063 4063 4063 4063 4063 4063 4063
841 1683121938 3564 602 3680 3661 3597 3640 3640 3608 4065 4065 4064 4064 4064 4064 4064 4064
842 1683121938 3565 602 3679 3662 3598 3640 3640 3609 4065 4065 4064 4064 4064 4064 4064 4064
843 1683121938 3565 602 3680 3661 3598 3640 3640 3609 4065 4065 4064 4064 4064 4064 4064 4064
844 1683121938 3564 602 3681 3662 3597 3639 3639 3608 4063 4063 4063 4063 4063 4063 4063 4063
845 1683121938 3565 602 3681 3662 3598 3641 3640 3609 4065 4065 4064 4064 4064 4064 4064 4064
846 1683121938 3565 604 3680 3662 3598 3640 3640 3608 4063 4063 4063 4063 4063 4063 4063 4063
847 1683121938 3565 603 3681 3662 3598 3640 3640 3609 4063 4063 4063 4063 4063 4063 4063 4063
848 1683121938 3565 602 3681 3662 3598 3640 3640 3609 4065 4065 4064 4064 4064 4064 4064 4064
849 1683121938 3565 602 3680 3662 3598 3641 3640 3609 4065 4065 4064 4064 4064 4064 4064 4064
850 1683121938 3565 602 3681 3662 3598 3640 3640 3608 4065 4065 4064 4064 4064 4064 4064 4064
851 1683121938 3565 603 3681 3662 3598 3640 3640 3608 4063 4063 4063 4063 4063 4063 4063 4063
852 1683121938 3565 603 3680 3662 3598 3640 3640 3608 4063 4063 4063 4063 4063 4063 4063 4063
853 1683121938 3565 602 3680 3662 3597 3640 3640 3609 4063 4063 4062 4062 4062 4062 4062 4062
854 1683121938 3565 602 3681 3662 3598 3640 3640 3608 4065 4065 4064 4064 4064 4064 4064 4064
855 1683121938 3564 602 3680 3662 3598 3640 3640 3608 4065 4065 4064 4064 4064 4064 4064 4064
856 1683121938 3565 602 3680 3662 3598 3640 3640 3608 4065 4065 4064 4064 4064 4064 4064 4064
857 1683121938 3564 602 3680 3661 3598 3640 3640 3608 4063 4063 4062 4062 4062 4062 4062 4062
858 1683121938 3565 602 3681 3662 3598 3640 3640 3609 4065 4065 4064 4064 4064 4064 4064 4064
859 1683121938 3565 602 3680 3662 3598 3640 3640 3608 4065 4065 4064 4064 4064 4064 4064 4064
860 1683121938 3565 602 3681 3663 3598 3641 3640 3609 4065 4065 4064 4064 4064 4064 4064 4064
861 1683121946 3563 602 3679 3661 3596 3639 3639 3607 4065 4065 4064 4064 4064 4064 4064 4064
862 1683121946 3564 603 3680 3662 3598 3639 3639 3608 4067 4065 4065 4065 4065 4065 4065 4065
863 1683121946 3564 602 3680 3661 3597 3640 3639 3607 4065 4065 4064 4064 4064 4064 4064 4064
864 1683121946 3564 602 3680 3661 3597 3639 3639 3608 4065 4065 4064 4064 4064 4064 4064 4064
865 1683121946 3565 602 3681 3662 3598 3640 3640 3608 4065 4065 4064 4064 4064 4064 4064 4064
866 1683121946 3565 603 3680 3662 3598 3640 3640 3608 4065 4065 4065 4065 4065 4065 4065 4065
867 1683121954 3564 602 3679 3661 3596 3639 3639 3606 4065 4065 4064 4064 4064 4064 4064 4064
868 1683121954 3564 602 3680 3662 3598 3640 3640 3608 4065 4065 4064 4064 4064 4064 4064 4064
869 1683121954 3564 603 3680 3662 3597 3640 3640 3607 4063 4063 4062 4062 4062 4062 4062 4062
870 1683121954 3565 602 3680 3661 3597 3640 3639 3607 4065 4065 4064 4064 4064 4064 4064 4064
871 1683121954 3565 603 3680 3662 3598 3640 3640 3608 4065 4065 4065 4065 4065 4065 4065 4065
872 1683121954 3565 602 3681 3662 3598 3640 3640 3608 4063 4063 4063 4063 4063 4063 4063 4063
873 1683121954 3565 603 3680 3662 3598 3640 3640 3608 4065 4065 4064 4064 4064 4064 4064 4064
874 1683121954 3565 602 3681 3662 3598 3641 3640 3609 4065 4065 4065 4065 4065 4065 4065 4065
875 1683121954 3564 603 3680 3662 3598 3640 3640 3608 4065 4063 4063 4063 4063 4063 4063 4063
876 1683121954 3565 602 3681 3662 3598 3640 3640 3608 4063 4063 4063 4063 4063 4063 4063 4063
877 1683121954 3564 603 3679 3661 3597 3639 3639 3607 4065 4065 4064 4064 4064 4064 4064 4064
878 1683121954 3565 602 3681 3662 3598 3640 3640 3608 4065 4065 4064 4064 4064 4064 4064 4064
879 1683121954 3565 602 3680 3662 3598 3641 3641 3609 4063 4063 4063 4063 4063 4063 4063 4063
880 1683121954 3564 603 3679 3661 3598 3640 3640 3608 4065 4065 4064 4064 4064 4064 4064 4064
881 1683121954 3565 603 3680 3661 3597 3640 3640 3608 4065 4065 4064 4064 4064 4064 4064 4064
882 1683121954 3565 603 3680 3662 3598 3640 3640 3609 4063 4063 4063 4063 4063 4063 4063 4063
883 1683121954 3565 603 3681 3662 3599 3641 3641 3609 4065 4065 4065 4065 4065 4065 4065 4065
884 1683121954 3566 603 3682 3663 3599 3641 3641 3609 4065 4065 4064 4064 4064 4064 4064 4064
885 1683121954 3564 603 3681 3662 3598 3641 3640 3609 4063 4063 4063 4063 4063 4063 4063 4063
886 1683121954 3565 603 3680 3662 3598 3640 3640 3608 4065 4065 4064 4064 4064 4064 4064 4064
887 1683121954 3566 602 3681 3662 3598 3641 3641 3609 4065 4065 4065 4065 4065 4065 4065 4065
888 1683121954 3564 603 3679 3661 3597 3639 3640 3608 4063 4063 4063 4063 4063 4063 4063 4063
889 1683121954 3565 603 3682 3663 3598 3641 3640 3608 4067 4063 4063 4063 4063 4063 4063 4063
890 1683121954 3564 602 3680 3662 3598 3640 3640 3608 4065 4065 4064 4064 4064 4064 4064 4064
891 1683121954 3565 602 3680 3662 3598 3641 3641 3609 4065 4065 4064 4064 4064 4064 4064 4064
892 1683121954 3565 602 3681 3662 3598 3641 3641 3609 4063 4063 4063 4063 4063 4063 4063 4063
893 1683121954 3565 603 3681 3663 3599 3642 3641 3609 4065 4065 4064 4064 4064 4064 4064 4064
894 1683121954 3565 603 3681 3663 3599 3642 3641 3610 4065 4065 4065 4065 4065 4065 4065 4065
895 1683121954 3564 603 3680 3661 3597 3640 3640 3607 4065 4065 4065 4065 4065 4065 4065 4065
896 1683121954 3566 603 3681 3662 3598 3640 3641 3608 4063 4063 4063 4063 4063 4063 4063 4063
897 1683121954 3565 603 3681 3662 3598 3640 3640 3609 4065 4065 4064 4064 4064 4064 4064 4064
898 1683121954 3567 603 3682 3663 3599 3642 3641 3610 4065 4065 4064 4064 4064 4064 4064 4064
899 1683121954 3565 603 3681 3662 3599 3641 3641 3609 4065 4065 4064 4064 4064 4064 4064 4064
900 1683121954 3565 602 3681 3662 3598 3640 3640 3609 4065 4065 4064 4064 4064 4064 4064 4064
901 1683121954 3566 603 3681 3663 3599 3641 3640 3609 4065 4065 4064 4064 4064 4064 4064 4064
902 1683121955 3565 603 3681 3662 3598 3640 3641 3609 4065 4065 4064 4064 4064 4064 4064 4064
903 1683121955 3565 603 3680 3662 3598 3640 3640 3609 4065 4065 4064 4064 4064 4064 4064 4064
904 1683121955 3565 603 3681 3662 3598 3641 3640 3609 4063 4063 4063 4063 4063 4063 4063 4063
905 1683121955 3565 603 3682 3662 3598 3641 3641 3609 4065 4065 4064 4064 4064 4064 4064 4064
906 1683121955 3565 603 3681 3663 3599 3641 3641 3610 4065 4065 4064 4064 4064 4064 4064 4064
907 1683121955 3565 603 3681 3662 3598 3641 3641 3609 4065 4065 4064 4064 4064 4064 4064 4064
908 1683121955 3565 604 3681 3663 3598 3641 3641 3609 4063 4063 4063 4063 4063 4063 4063 4063
909 1683121955 3565 603 3682 3663 3599 3641 3641 3610 4065 4065 4064 4064 4064 4064 4064 4064
910 1683121955 3565 603 3680 3662 3597 3640 3640 3608 4063 4063 4063 4063 4063 4063 4063 4063
911 1683121955 3565 603 3681 3662 3598 3641 3640 3609 4063 4063 4063 4063 4063 4063 4063 4063
912 1683121955 3565 603 3681 3663 3599 3641 3641 3609 4065 4065 4064 4064 4064 4064 4064 4064
913 1683121955 3566 603 3681 3662 3599 3641 3641 3609 4065 4065 4064 4064 4064 4064 4064 4064
914 1683121955 3566 603 3681 3662 3598 3641 3640 3609 4063 4063 4062 4062 4062 4062 4062 4062
915 1683121955 3566 603 3682 3663 3599 3641 3641 3609 4065 4065 4064 4064 4064 4064 4064 4064
916 1683121955 3566 603 3682 3663 3599 3642 3641 3610 4065 4063 4063 4063 4063 4063 4063 4063
917 1683121955 3565 603 3681 3663 3599 3641 3641 3609 4065 4063 4063 4063 4063 4063 4063 4063
918 1683121955 3566 603 3682 3664 3600 3642 3642 3609 4065 4065 4064 4064 4064 4064 4064 4064
919 1683121955 3565 603 3680 3663 3599 3641 3641 3609 4063 4063 4063 4063 4063 4063 4063 4063
920 1683121955 3565 603 3681 3662 3598 3640 3640 3608 4065 4065 4064 4064 4064 4064 4064 4064
921 1683121955 3566 603 3682 3663 3599 3641 3641 3609 4065 4065 4064 4064 4064 4064 4064 4064
922 1683121955 3565 603 3681 3663 3598 3641 3641 3609 4065 4065 4065 4065 4065 4065 4065 4065
923 1683121955 3566 603 3681 3663 3598 3641 3641 3609 4065 4065 4064 4064 4064 4064 4064 4064
924 1683121955 3566 603 3682 3663 3600 3642 3642 3610 4065 4065 4064 4064 4064 4064 4064 4064
925 1683121955 3565 603 3681 3662 3598 3641 3641 3609 4063 4063 4063 4063 4063 4063 4063 4063
926 1683121955 3565 603 3680 3662 3598 3641 3640 3609 4065 4065 4065 4065 4065 4065 4065 4065
927 1683121963 3564 603 3679 3661 3597 3639 3639 3607 4065 4064 4064 4064 4064 4064 4064 4064
928 1683121963 3564 603 3680 3662 3598 3640 3640 3608 4065 4065 4064 4064 4064 4064 4064 4064
929 1683121963 3565 602 3681 3662 3598 3640 3639 3608 4065 4065 4064 4064 4064 4064 4064 4064
930 1683121963 3565 603 3680 3662 3598 3640 3640 3608 4065 4065 4064 4064 4064 4064 4064 4064
931 1683121963 3564 603 3680 3661 3597 3640 3640 3608 4065 4065 4064 4064 4064 4064 4064 4064
932 1683121963 3565 603 3681 3663 3598 3641 3641 3609 4063 4063 4063 4063 4063 4063 4063 4063
933 1683121963 3565 603 3681 3662 3598 3640 3640 3609 4063 4063 4063 4063 4063 4063 4063 4063
934 1683121963 3565 603 3680 3662 3598 3641 3641 3609 4065 4065 4064 4064 4064 4064 4064 4064
935 1683121963 3563 601 3679 3660 3596 3639 3638 3607 4067 4065 4065 4065 4065 4065 4065 4065
936 1683121963 3563 601 3679 3660 3596 3639 3639 3607 4065 4065 4064 4064 4064 4064 4064 4064
937 1683121963 3564 601 3680 3661 3596 3639 3639 3608 4067 4063 4063 4063 4063 4063 4063 4063
938 1683121963 3564 601 3680 3661 3597 3639 3639 3607 4065 4065 4064 4064 4064 4064 4064 4064
939 1683121963 3564 601 3679 3660 3596 3639 3639 3607 4063 4063 4063 4063 4063 4063 4063 4063
940 1683121963 3564 601 3680 3661 3596 3639 3638 3607 4065 4065 4064 4064 4064 4064 4064 4064
941 1683121963 3564 602 3679 3661 3596 3639 3639 3607 4065 4065 4064 4064 4064 4064 4064 4064
942 1683121963 3564 601 3679 3661 3597 3639 3638 3607 4065 4065 4064 4064 4064 4064 4064 4064
943 1683121963 3565 601 3680 3662 3598 3640 3640 3608 4063 4063 4063 4063 4063 4063 4063 4063
944 1683121963 3564 601 3680 3661 3597 3640 3640 3607 4063 4063 4062 4062 4062 4062 4062 4062
945 1683121963 3564 601 3679 3661 3596 3639 3639 3608 4063 4063 4063 4063 4063 4063 4063 4063
946 1683121963 3564 601 3680 3661 3596 3639 3639 3607 4065 4065 4064 4064 4064 4064 4064 4064
947 1683121963 3564 602 3680 3661 3596 3639 3639 3607 4065 4065 4064 4064 4064 4064 4064 4064
948 1683121963 3564 601 3679 3661 3596 3639 3639 3607 4065 4065 4064 4064 4064 4064 4064 4064
949 1683121963 3564 602 3680 3661 3598 3640 3639 3608 4063 4063 4063 4063 4063 4063 4063 4063
950 1683121963 3564 601 3680 3662 3598 3640 3640 3608 4063 4063 4063 4063 4063 4063 4063 4063
951 1683121963 3565 601 3681 3662 3598 3640 3640 3608 4065 4065 4064 4064 4064 4064 4064 4064
952 1683121963 3563 602 3678 3660 3596 3639 3639 3607 4063 4063 4063 4063 4063 4063 4063 4063
953 1683121963 3563 602 3679 3660 3596 3639 3639 3607 4063 4063 4063 4063 4063 4063 4063 4063
954 1683121963 3564 601 3680 3661 3597 3639 3639 3607 4065 4065 4064 4064 4064 4064 4064 4064
955 1683121963 3563 601 3679 3661 3596 3639 3639 3607 4065 4065 4064 4064 4064 4064 4064 4064
956 1683121963 3564 601 3680 3660 3597 3639 3639 3607 4063 4063 4063 4063 4063 4063 4063 4063
957 1683121963 3563 602 3679 3660 3596 3638 3638 3606 4063 4063 4062 4062 4062 4062 4062 4062
958 1683121963 3564 601 3680 3661 3597 3640 3639 3608 4065 4065 4064 4064 4064 4064 4064 4064
959 1683121963 3563 602 3679 3661 3596 3639 3639 3608 4065 4065 4064 4064 4064 4064 4064 4064
960 1683121963 3563 601 3679 3660 3596 3638 3638 3606 4065 4065 4064 4064 4064 4064 4064 4064
961 1683121963 3563 602 3679 3661 3596 3639 3639 3607 4063 4063 4063 4063 4063 4063 4063 4063
962 1683121963 3564 601 3680 3661 3597 3640 3639 3607 4065 4065 4064 4064 4064 4064 4064 4064
963 1683121963 3565 601 3681 3662 3598 3640 3640 3608 4065 4065 4064 4064 4064 4064 4064 4064
964 1683121963 3564 601 3680 3661 3597 3639 3639 3607 4061 4061 4061 4061 4061 4061 4061 4061
965 1683121963 3564 602 3680 3661 3597 3639 3639 3607 4065 4065 4064 4064 4064 4064 4064 4064
966 1683121963 3563 601 3679 3660 3596 3639 3639 3607 4065 4065 4064 4064 4064 4064 4064 4064
967 1683121963 3564 601 3679 3661 3597 3640 3639 3607 4063 4063 4063 4063 4063 4063 4063 4063
968 1683121963 3564 602 3678 3661 3597 3639 3639 3608 4065 4065 4064 4064 4064 4064 4064 4064
969 1683121963 3564 602 3679 3660 3597 3639 3639 3608 4065 4065 4064 4064 4064 4064 4064 4064
970 1683121963 3565 602 3680 3662 3597 3640 3640 3608 4063 4063 4063 4063 4063 4063 4063 4063
971 1683121963 3563 602 3679 3661 3597 3639 3639 3607 4063 4063 4063 4063 4063 4063 4063 4063
972 1683121963 3564 603 3679 3661 3597 3639 3639 3607 4065 4065 4064 4064 4064 4064 4064 4064
973 1683121963 3564 602 3680 3661 3597 3640 3640 3608 4063 4061 4061 4061 4061 4061 4061 4061
974 1683121963 3564 601 3679 3661 3596 3639 3639 3607 4063 4063 4063 4063 4063 4063 4063 4063
975 1683121963 3564 601 3679 3660 3596 3639 3639 3607 4065 4065 4064 4064 4064 4064 4064 4064
976 1683121963 3564 602 3680 3661 3597 3639 3639 3608 4065 4065 4064 4064 4064 4064 4064 4064
977 1683121963 3564 602 3679 3661 3596 3640 3639 3607 4065 4065 4064 4064 4064 4064 4064 4064
978 1683121963 3564 602 3680 3661 3597 3639 3640 3608 4065 4065 4064 4064 4064 4064 4064 4064
979 1683121963 3564 602 3679 3661 3596 3639 3639 3607 4065 4065 4064 4064 4064 4064 4064 4064
980 1683121963 3565 601 3681 3661 3597 3640 3640 3608 4065 4065 4064 4064 4064 4064 4064 4064
981 1683121963 3564 602 3680 3661 3597 3640 3639 3607 4065 4065 4064 4064 4064 4064 4064 4064
982 1683121963 3564 602 3680 3662 3597 3640 3640 3608 4065 4065 4064 4064 4064 4064 4064 4064
983 1683121963 3564 601 3679 3661 3597 3639 3639 3608 4063 4063 4063 4063 4063 4063 4063 4063
984 1683121963 3564 601 3680 3661 3597 3640 3640 3608 4065 4065 4064 4064 4064 4064 4064 4064
985 1683121963 3563 602 3679 3660 3596 3639 3639 3607 4065 4065 4064 4064 4064 4064 4064 4064
986 1683121963 3564 602 3680 3661 3598 3640 3640 3608 4065 4065 4064 4064 4064 4064 4064 4064
987 1683121963 3564 601 3679 3661 3597 3640 3639 3608 4065 4065 4065 4065 4065 4065 4065 4065
988 1683121963 3564 602 3680 3661 3597 3639 3640 3608 4065 4063 4063 4063 4063 4063 4063 4063
989 1683121963 3564 602 3680 3661 3597 3639 3639 3607 4063 4063 4063 4063 4063 4063 4063 4063
990 1683121963 3564 601 3680 3661 3597 3640 3640 3608 4063 4063 4063 4063 4063 4063 4063 4063
991 1683121963 3563 602 3680 3661 3597 3640 3639 3608 4065 4065 4064 4064 4064 4064 4064 4064
992 1683121963 3564 601 3680 3662 3598 3640 3640 3608 4065 4065 4064 4064 4064 4064 4064 4064
993 1683121963 3565 602 3680 3662 3597 3640 3640 3608 4065 4065 4065 4065 4065 4065 4065 4065
994 1683121964 3564 601 3680 3661 3597 3640 3639 3608 4063 4063 4063 4063 4063 4063 4063 4063
995 1683121964 3564 602 3679 3661 3597 3640 3640 3608 4063 4063 4063 4063 4063 4063 4063 4063
996 1683121964 3564 601 3680 3661 3598 3640 3640 3607 4063 4063 4063 4063 4063 4063 4063 4063
997 1683121964 3564 602 3680 3661 3597 3639 3640 3607 4063 4063 4063 4063 4063 4063 4063 4063
998 1683121964 3564 601 3680 3662 3597 3639 3639 3608 4065 4063 4063 4063 4063 4063 4063 4063
999 1683121964 3564 601 3679 3662 3597 3640 3640 3608 4063 4063 4063 4063 4063 4063 4063 4063
1000 1683121964 3565 602 3680 3662 3598 3640 3640 3608 4063 4063 4062 4062 4062 4062 4062 4062
