1 1683112847 396 338 3672 3654 3590 3632 3631 3599 4065 4065 4064 4064 4064 4064 4064 4064
2 1683112848 369 409 439 3650 349 3629 3631 3600 4065 4065 4064 4064 4064 4064 4064 4064
3 1683112856 366 411 3671 392 3587 3632 3631 3599 4065 4065 4064 4064 4064 4064 4064 4064
4 1683112882 384 393 3672 3653 3590 3632 3632 3600 4065 4065 4064 4064 4064 4064 4064 4064
5 1683112887 373 405 3672 3653 3589 3631 3630 3599 4065 4065 4064 4064 4064 4064 4064 4064
6 1683112893 374 405 3672 3653 3589 3631 3631 3599 4065 4065 4064 4064 4064 4064 4064 4064
7 1683112900 369 409 3671 3654 3590 3632 3632 3600 4065 4065 4065 4065 4065 4065 4065 4065
8 1683112908 309 418 3672 3654 3590 3632 3631 3599 4065 4065 4064 4064 4064 4064 4064 4064
9 1683112917 311 418 3673 3654 3590 3632 3632 3600 4065 4065 4064 4064 4064 4064 4064 4064
10 1683112924 361 414 3672 3654 3590 3632 3631 3600 4065 4065 4065 4065 4065 4065 4065 4065
11 1683112943 385 391 3671 3653 3588 3631 3631 3599 4065 4065 4065 4065 4065 4065 4065 4065
12 1683112944 363 413 3670 3653 3589 3631 3631 3599 4065 4065 4064 4064 4064 4064 4064 4064
13 1683112952 390 384 442 429 372 3629 3632 3600 4065 4065 4065 4065 4065 4065 4065 4065
14 1683112954 375 403 374 330 3588 3633 3633 3600 4065 4065 4064 4064 4064 4064 4064 4064
15 1683112962 377 401 3673 388 3587 3633 3633 3601 4065 4065 4064 4064 4064 4064 4064 4064
16 1683112969 389 386 3669 3650 3587 3629 3629 3597 4065 4065 4064 4064 4064 4064 4064 4064
17 1683112976 373 406 3668 3649 3585 3627 3628 3596 4065 4065 4065 4065 4065 4065 4065 4065
18 1683112984 384 392 3665 3647 3583 3625 3625 3593 4065 4065 4064 4064 4064 4064 4064 4064
19 1683112989 349 417 3665 3646 3582 3624 3624 3593 4065 4065 4065 4065 4065 4065 4065 4065
20 1683113004 365 410 3669 405 340 3626 3629 3597 4065 4065 4065 4065 4065 4065 4065 4065
21 1683113015 362 413 3667 3648 3584 3627 3626 3595 4065 4065 4064 4064 4064 4064 4064 4064
22 1683113018 312 418 3666 3648 3584 3626 3626 3594 4067 4065 4065 4065 4065 4065 4065 4065
23 1683113022 378 401 3668 3649 3586 3628 3629 3597 4065 4065 4064 4064 4064 4064 4064 4064
24 1683113025 368 409 3668 355 351 3626 3629 3597 4067 4065 4065 4065 4065 4065 4065 4065
25 1683113026 394 358 353 463 465 3627 3629 1667 4065 4065 4064 4064 4064 4064 4064 4064
26 1683113036 397 266 3666 3648 3585 3627 3627 3595 4065 4065 4064 4064 4064 4064 4064 4064
27 1683113061 388 385 3667 3648 3584 3626 3627 3595 4065 4065 4065 4065 4065 4065 4065 4065
28 1683113067 397 272 3667 3649 3585 3627 3627 3595 4065 4065 4064 4064 4064 4064 4064 4064
29 1683113068 363 411 427 3649 3587 3630 3630 1712 4065 4065 4064 4064 4064 4064 4064 4064
30 1683113080 374 404 3667 3648 3585 3626 3627 3595 4067 4065 4065 4065 4065 4065 4065 4065
31 1683113092 331 418 3669 3650 3587 3629 3629 3597 4065 4065 4064 4064 4064 4064 4064 4064
32 1683113096 358 414 3668 3650 3586 3628 3628 3597 4065 4065 4065 4065 4065 4065 4065 4065
33 1683113103 344 417 3669 3650 3587 3629 3629 3597 4065 4065 4064 4064 4064 4064 4064 4064
34 1683113107 352 415 405 3649 349 3628 3630 3598 4065 4065 4065 4065 4065 4065 4065 4065
35 1683113113 391 377 451 431 3586 3631 3631 3599 4065 4065 4065 4065 4065 4065 4065 4065
36 1683113114 367 410 3669 3651 3587 3629 3630 3598 4065 4065 4065 4065 4065 4065 4065 4065
37 1683113115 394 361 3669 3651 3587 3629 3630 3599 4065 4065 4064 4064 4064 4064 4064 4064
38 1683113117 395 346 3670 3651 3587 3630 3630 3598 4065 4065 4065 4065 4065 4065 4065 4065
39 1683113117 394 364 3671 3653 3588 3631 3631 1736 4065 4065 4065 4065 4065 4065 4065 4065
40 1683113129 383 393 3670 3651 3588 3630 3630 3599 4063 4063 4063 4063 4063 4063 4063 4063
41 1683113129 390 381 3671 3653 3589 3631 3631 3600 4065 4065 4065 4065 4065 4065 4065 4065
42 1683113144 384 391 3672 3654 3590 3632 3632 3600 4065 4065 4065 4065 4065 4065 4065 4065
43 1683113145 394 358 3673 3654 3590 1665 3632 3601 4065 4065 4065 4065 4065 4065 4065 4065
44 1683113154 390 379 3673 3655 3591 3633 3633 3601 4065 4065 4065 4065 4065 4065 4065 4065
45 1683113165 287 419 3678 3660 3596 3638 3638 3606 4065 4065 4065 4065 4065 4065 4065 4065
46 1683113181 313 418 3682 3663 3599 3641 3641 3608 4065 4065 4065 4065 4065 4065 4065 4065
47 1683113182 379 399 3681 3662 3597 3640 3640 3608 4065 4065 4065 4065 4065 4065 4065 4065
48 1683113190 383 395 3681 3663 3599 3641 3640 3608 4065 4065 4065 4065 4065 4065 4065 4065
49 1683113192 344 417 3681 3662 3598 3641 3640 3608 4065 4065 4065 4065 4065 4065 4065 4065
50 1683113198 369 410 341 372 438 3640 3642 3611 4065 4065 4065 4065 4065 4065 4065 4065
51 1683113203 359 414 3681 3661 3598 3640 3640 3608 4065 4065 4065 4065 4065 4065 4065 4065
52 1683113209 377 401 3681 3662 3598 3641 3640 3609 4065 4065 4065 4065 4065 4065 4065 4065
53 1683113211 380 399 3681 3663 3599 3642 3641 3609 4063 4063 4063 4063 4063 4063 4063 4063
54 1683113219 340 417 3681 3662 3598 3641 3640 3608 4067 4065 4065 4065 4065 4065 4065 4065
55 1683113224 344 418 3681 3663 3598 3640 3640 3608 4065 4065 4065 4065 4065 4065 4065 4065
56 1683113224 331 419 3680 3662 3598 3640 3640 3608 4065 4065 4065 4065 4065 4065 4065 4065
57 1683113234 372 407 3681 398 3597 3641 3641 1758 4065 4065 4065 4065 4065 4065 4065 4065
58 1683113234 369 410 3680 389 411 3639 3641 3609 4065 4065 4064 4064 4064 4064 4064 4064
59 1683113234 386 389 453 3659 3597 3640 3640 3608 4065 4065 4065 4065 4065 4065 4065 4065
60 1683113239 376 403 3680 3662 3598 3640 3640 3608 4065 4065 4065 4065 4065 4065 4065 4065
61 1683113240 323 417 3681 3662 3597 3640 3640 3607 4065 4065 4065 4065 4065 4065 4065 4065
62 1683113257 331 418 3680 321 296 3637 3639 3608 4067 4065 4065 4065 4065 4065 4065 4065
63 1683113261 351 415 3678 3660 3595 3637 1716 1674 4065 4065 4065 4065 4065 4065 4065 4065
64 1683113266 343 415 3674 3656 3592 3634 3634 3602 4067 4065 4065 4065 4065 4065 4065 4065
65 1683113270 355 413 3672 3654 3590 3632 3632 3601 4065 4065 4064 4064 4064 4064 4064 4064
66 1683113275 371 404 3672 3653 3589 3632 3631 3600 4065 4065 4064 4064 4064 4064 4064 4064
67 1683113281 337 416 3671 3653 3589 3631 3631 3599 4065 4065 4064 4064 4064 4064 4064 4064
68 1683113282 375 400 3672 3653 3589 3631 3631 3599 4065 4065 4064 4064 4064 4064 4064 4064
69 1683113283 384 390 3671 3653 3589 3631 3631 3599 4065 4065 4065 4065 4065 4065 4065 4065
70 1683113302 387 383 3675 3657 3593 3635 3635 3602 4065 4065 4064 4064 4064 4064 4064 4064
71 1683113317 380 394 3677 3658 3594 3636 3636 3604 4065 4065 4064 4064 4064 4064 4064 4064
72 1683113322 328 416 374 307 333 3634 3637 3605 4067 4065 4065 4065 4065 4065 4065 4065
73 1683113322 373 402 3677 3658 3594 3636 3636 3604 4065 4065 4065 4065 4065 4065 4065 4065
74 1683113329 383 390 3678 3659 3595 3637 3636 1680 4065 4065 4064 4064 4064 4064 4064 4064
75 1683113338 352 413 3676 3658 3593 3636 3635 3603 4065 4065 4064 4064 4064 4064 4064 4064
76 1683113343 361 412 3676 344 3592 3637 3636 3604 4065 4065 4064 4064 4064 4064 4064 4064
77 1683113343 365 409 3677 3658 3594 3636 3635 3603 4067 4067 4066 4066 4066 4066 4066 4066
78 1683113363 337 417 3676 3657 3593 3635 3635 3602 4065 4065 4065 4065 4065 4065 4065 4065
79 1683113380 360 412 3675 3656 3592 3634 3634 3602 4065 4065 4064 4064 4064 4064 4064 4064
80 1683113383 378 398 3675 3656 3592 3635 3634 3602 4065 4065 4064 4064 4064 4064 4064 4064
81 1683113383 343 416 3676 3658 3594 3636 3635 3604 4065 4065 4065 4065 4065 4065 4065 4065
82 1683113396 351 414 3676 345 3591 3636 3635 3603 4065 4065 4064 4064 4064 4064 4064 4064
83 1683113404 380 396 379 3654 3592 3635 3635 3603 4065 4065 4064 4064 4064 4064 4064 4064
84 1683113409 373 402 3675 3657 3592 3634 3634 3602 4065 4065 4065 4065 4065 4065 4065 4065
85 1683113420 370 406 3673 3655 3591 3634 3633 3601 4065 4065 4064 4064 4064 4064 4064 4064
86 1683113421 380 396 3675 3656 341 3632 3634 3602 4067 4065 4065 4065 4065 4065 4065 4065
87 1683113422 317 416 3675 3657 340 3632 3634 3602 4065 4065 4065 4065 4065 4065 4065 4065
88 1683113422 383 391 3674 3656 3591 3634 3634 3602 4065 4065 4065 4065 4065 4065 4065 4065
89 1683113431 313 417 3675 3656 3592 3634 3634 3602 4065 4065 4064 4064 4064 4064 4064 4064
90 1683113436 384 390 3674 3656 3592 3634 3634 3602 4065 4065 4064 4064 4064 4064 4064 4064
91 1683113476 394 349 3672 3654 3589 3632 3632 3600 4065 4065 4064 4064 4064 4064 4064 4064
92 1683113477 386 386 3673 3654 3590 3632 3632 3600 4065 4065 4064 4064 4064 4064 4064 4064
93 1683113479 277 418 3673 3654 3590 3632 3632 3600 4065 4065 4064 4064 4064 4064 4064 4064
94 1683113493 359 413 3672 3654 3590 3632 3632 3600 4065 4065 4064 4064 4064 4064 4064 4064
95 1683113513 383 392 3675 3656 3592 3634 3634 1696 4065 4065 4064 4064 4064 4064 4064 4064
96 1683113518 368 407 3673 3654 3590 3632 3632 3600 4065 4065 4064 4064 4064 4064 4064 4064
97 1683113519 365 409 3672 3654 3590 3633 3632 3600 4065 4065 4064 4064 4064 4064 4064 4064
98 1683113522 344 416 3673 3654 3590 3632 3631 3600 4065 4065 4064 4064 4064 4064 4064 4064
99 1683113527 373 403 3673 397 3589 3633 3632 1783 4065 4065 4064 4064 4064 4064 4064 4064
100 1683113540 336 416 333 334 3590 1653 1685 1644 4065 4065 4064 4064 4064 4064 4064 4064
101 1683113548 358 413 3672 3654 3590 3632 3632 3600 4065 4065 4064 4064 4064 4064 4064 4064
102 1683113552 359 413 3672 3654 364 3630 3632 3600 4065 4065 4064 4064 4064 4064 4064 4064
103 1683113552 222 419 3671 3653 3590 3632 3632 3599 4065 4065 4064 4064 4064 4064 4064 4064
104 1683113556 381 395 3670 3654 3589 3632 3632 3600 4065 4065 4065 4065 4065 4065 4065 4065
105 1683113563 313 417 3672 3653 3589 3631 3631 3599 4065 4065 4064 4064 4064 4064 4064 4064
106 1683113563 369 407 3673 3654 3590 3633 3632 3600 4065 4065 4065 4065 4065 4065 4065 4065
107 1683113565 345 416 3674 366 334 3631 3633 3601 4065 4065 4064 4064 4064 4064 4064 4064
108 1683113571 373 403 3672 3654 3589 3631 3631 3599 4065 4065 4064 4064 4064 4064 4064 4064
109 1683113580 396 269 3671 3652 3589 3631 3630 3599 4065 4065 4064 4064 4064 4064 4064 4064
110 1683113596 338 417 3672 3653 3589 3631 3631 3598 4065 4065 4065 4065 4065 4065 4065 4065
111 1683113597 395 339 3671 3653 3589 3632 3632 3600 4065 4065 4064 4064 4064 4064 4064 4064
112 1683113604 360 413 3672 3653 3589 3631 3631 3599 4065 4065 4064 4064 4064 4064 4064 4064
113 1683113609 357 413 3671 3653 3589 3631 3631 3599 4065 4065 4064 4064 4064 4064 4064 4064
114 1683113612 387 385 3672 3653 3589 3632 3631 3600 4065 4065 4064 4064 4064 4064 4064 4064
115 1683113613 356 413 3671 3653 3589 3631 3631 3599 4065 4065 4064 4064 4064 4064 4064 4064
116 1683113624 379 398 3668 379 3584 3628 3628 3596 4065 4065 4064 4064 4064 4064 4064 4064
117 1683113645 305 417 3670 3651 3587 3629 3629 3597 4065 4065 4064 4064 4064 4064 4064 4064
118 1683113651 330 417 3671 3652 3588 3631 3631 3599 4067 4065 4065 4065 4065 4065 4065 4065
119 1683113652 370 407 3671 3654 3590 3632 3631 3599 4065 4065 4064 4064 4064 4064 4064 4064
120 1683113658 390 377 3670 3653 3589 3631 3631 3598 4065 4065 4064 4064 4064 4064 4064 4064
121 1683113660 393 361 3673 3655 3591 3633 3633 1708 4065 4065 4064 4064 4064 4064 4064 4064
122 1683113666 357 413 3671 3652 3588 3631 3631 3599 4065 4065 4064 4064 4064 4064 4064 4064
123 1683113686 388 383 3673 409 346 3631 3632 1712 4065 4065 4064 4064 4064 4064 4064 4064
124 1683113688 390 377 358 3650 3589 3631 3631 3599 4065 4065 4064 4064 4064 4064 4064 4064
125 1683113688 366 409 3672 3653 3589 3632 3631 3600 4065 4065 4064 4064 4064 4064 4064 4064
126 1683113700 394 355 3672 3653 3589 3631 3631 3599 4065 4065 4064 4064 4064 4064 4064 4064
127 1683113714 321 417 3666 3648 3583 3625 3626 3594 4065 4065 4064 4064 4064 4064 4064 4064
128 1683113718 379 397 3667 3648 3584 3627 3626 1724 4065 4065 4065 4065 4065 4065 4065 4065
129 1683113719 305 417 3667 3648 3585 3626 3626 3595 4065 4065 4064 4064 4064 4064 4064 4064
130 1683113723 384 391 376 3648 3587 3629 3629 3597 4065 4065 4064 4064 4064 4064 4064 4064
131 1683113736 382 392 392 420 3588 3633 3632 1686 4065 4065 4065 4065 4065 4065 4065 4065
132 1683113740 364 410 3671 3653 3588 3631 3630 3599 4065 4065 4064 4064 4064 4064 4064 4064
133 1683113745 389 381 3673 452 384 1719 3632 1764 4065 4065 4064 4064 4064 4064 4064 4064
134 1683113745 381 395 3672 3654 3589 3632 3631 3599 4065 4065 4065 4065 4065 4065 4065 4065
135 1683113758 389 380 3671 3653 3589 3632 3631 3600 4065 4065 4064 4064 4064 4064 4064 4064
136 1683113758 374 402 3672 3653 3589 3632 3632 3600 4065 4065 4064 4064 4064 4064 4064 4064
137 1683113760 362 412 3672 3653 3590 3632 3632 3600 4065 4065 4064 4064 4064 4064 4064 4064
138 1683113770 374 402 3671 3653 3589 3631 3631 3599 4065 4065 4064 4064 4064 4064 4064 4064
139 1683113787 386 388 3672 462 3587 3632 3632 3600 4065 4065 4064 4064 4064 4064 4064 4064
140 1683113806 383 391 3673 3655 3590 3633 3632 3600 4065 4065 4064 4064 4064 4064 4064 4064
141 1683113807 377 400 3672 3654 3590 3631 3631 3599 4065 4065 4064 4064 4064 4064 4064 4064
142 1683113815 355 414 3672 3654 3590 3632 3632 3600 4065 4065 4064 4064 4064 4064 4064 4064
143 1683113818 384 391 3673 422 3589 3633 3633 3601 4065 4065 4064 4064 4064 4064 4064 4064
144 1683113822 367 410 408 406 3589 1692 3633 1718 4065 4065 4064 4064 4064 4064 4064 4064
145 1683113831 384 390 3673 3655 3590 3633 3633 3600 4065 4065 4064 4064 4064 4064 4064 4064
146 1683113831 394 334 3673 3654 3590 3632 3632 3599 4067 4067 4066 4066 4066 4066 4066 4066
147 1683113838 307 418 3671 3653 3589 3631 3630 3599 4065 4065 4064 4064 4064 4064 4064 4064
148 1683113852 283 418 3671 3653 3588 3630 3631 3598 4065 4065 4064 4064 4064 4064 4064 4064
149 1683113853 393 369 3672 3654 3590 3632 3631 3599 4065 4065 4064 4064 4064 4064 4064 4064
150 1683113855 369 408 3672 3653 3589 3631 3631 3599 4065 4065 4064 4064 4064 4064 4064 4064
151 1683113856 394 346 3673 3654 3590 3632 3632 3600 4065 4065 4064 4064 4064 4064 4064 4064
152 1683113873 380 398 426 415 384 3632 1763 1741 4065 4065 4064 4064 4064 4064 4064 4064
153 1683113875 372 404 3671 3653 3589 3631 3631 3599 4065 4065 4064 4064 4064 4064 4064 4064
154 1683113891 391 377 3672 3654 3590 3632 3632 3600 4065 4065 4064 4064 4064 4064 4064 4064
155 1683113892 387 386 446 429 366 3631 3633 1746 4065 4065 4064 4064 4064 4064 4064 4064
156 1683113898 362 411 422 3652 3590 3632 3632 3600 4065 4065 4064 4064 4064 4064 4064 4064
157 1683113907 371 405 3671 3653 3589 3631 3631 3598 4065 4065 4064 4064 4064 4064 4064 4064
158 1683113909 362 412 3672 3653 3589 3631 3631 3599 4065 4065 4064 4064 4064 4064 4064 4064
159 1683113913 385 390 3671 3652 3589 3630 3631 3598 4065 4065 4064 4064 4064 4064 4064 4064
160 1683113915 359 414 3672 3653 3590 3632 3632 3600 4065 4065 4064 4064 4064 4064 4064 4064
161 1683113915 379 398 424 394 3589 3634 3634 1762 4065 4065 4064 4064 4064 4064 4064 4064
162 1683113916 391 375 3672 3653 3589 3632 3631 3599 4065 4065 4064 4064 4064 4064 4064 4064
163 1683113917 365 410 389 3654 3592 1650 1721 1671 4067 4067 4066 4066 4066 4066 4066 4066
164 1683113925 367 410 3673 3654 3590 3632 3632 3600 4065 4065 4064 4064 4064 4064 4064 4064
165 1683113929 380 396 3672 3653 3589 3630 3630 3598 4065 4065 4064 4064 4064 4064 4064 4064
166 1683113932 357 414 3671 325 3587 3631 3632 3599 4065 4065 4064 4064 4064 4064 4064 4064
167 1683113933 372 405 3671 3653 3589 3632 3631 3599 4065 4065 4064 4064 4064 4064 4064 4064
168 1683113935 378 399 3670 3653 3588 3631 3631 3599 4065 4065 4064 4064 4064 4064 4064 4064
169 1683113945 382 394 3671 3653 3589 3631 3631 3598 4065 4065 4064 4064 4064 4064 4064 4064
170 1683113946 305 418 3672 3653 3589 3632 3631 3599 4065 4065 4064 4064 4064 4064 4064 4064
171 1683113947 359 414 3671 3653 3589 3632 3631 3599 4065 4065 4065 4065 4065 4065 4065 4065
172 1683113950 381 397 418 426 398 3630 3632 3600 4065 4065 4064 4064 4064 4064 4064 4064
173 1683113960 350 415 358 3653 3590 3633 3632 1668 4065 4065 4064 4064 4064 4064 4064 4064
174 1683113979 384 391 3670 3652 3588 3630 3630 3598 4065 4065 4064 4064 4064 4064 4064 4064
175 1683113991 375 403 3671 3653 3589 3631 3631 3599 4065 4065 4065 4065 4065 4065 4065 4065
176 1683113992 371 406 3672 3653 3589 3631 3631 3599 4065 4065 4064 4064 4064 4064 4064 4064
177 1683113993 320 418 3672 3654 3589 3631 3631 3599 4067 4067 4066 4066 4066 4066 4066 4066
178 1683114000 342 417 3671 3653 3588 3630 3630 3598 4065 4065 4064 4064 4064 4064 4064 4064
179 1683114003 389 384 3671 3652 3589 3631 3630 3598 4065 4065 4064 4064 4064 4064 4064 4064
180 1683114019 396 236 3671 3652 3588 3630 3630 3598 4065 4065 4064 4064 4064 4064 4064 4064
181 1683114027 346 417 3671 3652 3588 3631 3630 3598 4065 4065 4064 4064 4064 4064 4064 4064
182 1683114029 394 359 3672 485 3588 3632 3632 1725 4065 4065 4064 4064 4064 4064 4064 4064
183 1683114031 393 365 3671 3653 3589 3631 3631 3599 4065 4065 4064 4064 4064 4064 4064 4064
184 1683114031 395 346 3672 429 3588 3632 3632 3600 4065 4065 4064 4064 4064 4064 4064 4064
185 1683114037 372 406 425 435 376 3632 3634 1737 4065 4065 4064 4064 4064 4064 4064 4064
186 1683114039 382 394 3672 3654 3590 3632 3631 1715 4067 4065 4065 4065 4065 4065 4065 4065
187 1683114048 381 396 3671 3652 3589 3631 3631 3598 4065 4065 4065 4065 4065 4065 4065 4065
188 1683114064 384 392 3670 3652 3588 3630 3630 3598 4065 4065 4065 4065 4065 4065 4065 4065
189 1683114064 385 391 410 426 399 1709 3633 1746 4065 4065 4064 4064 4064 4064 4064 4064
190 1683114077 381 396 3673 3655 3591 3633 3633 1682 4065 4065 4064 4064 4064 4064 4064 4064
191 1683114083 291 418 3671 3652 3588 3631 3630 3598 4065 4065 4064 4064 4064 4064 4064 4064
192 1683114086 357 414 433 3651 3590 3632 3631 3599 4065 4065 4064 4064 4064 4064 4064 4064
193 1683114087 365 411 3670 3652 3588 3630 3630 3598 4065 4065 4064 4064 4064 4064 4064 4064
194 1683114089 381 396 3672 3653 3589 3631 3630 3599 4065 4065 4065 4065 4065 4065 4065 4065
195 1683114100 369 409 3672 303 3587 3632 3632 3601 4065 4065 4064 4064 4064 4064 4064 4064
196 1683114104 366 410 3672 3654 3589 3631 3631 3599 4065 4065 4064 4064 4064 4064 4064 4064
197 1683114114 345 417 3673 3654 3590 3632 3632 1666 4065 4065 4064 4064 4064 4064 4064 4064
198 1683114124 340 417 3672 3653 3589 3631 3631 3599 4065 4065 4064 4064 4064 4064 4064 4064
199 1683114125 377 401 3671 422 3588 3632 3632 1723 4067 4065 4065 4065 4065 4065 4065 4065
200 1683114131 366 410 355 373 416 3630 3632 3600 4065 4065 4064 4064 4064 4064 4064 4064
201 1683114133 374 405 3671 3653 3589 3631 3631 3599 4065 4065 4064 4064 4064 4064 4064 4064
202 1683114142 388 386 3672 3654 3589 3632 3632 3600 4065 4065 4064 4064 4064 4064 4064 4064
203 1683114149 353 415 3671 3652 3588 1647 3629 3599 4065 4065 4064 4064 4064 4064 4064 4064
204 1683114152 367 410 3672 3653 3589 3631 3631 3599 4065 4065 4064 4064 4064 4064 4064 4064
205 1683114157 336 417 3671 3653 3589 3631 3630 3598 4065 4065 4064 4064 4064 4064 4064 4064
206 1683114163 388 386 3672 3653 3589 3631 3631 3599 4065 4065 4064 4064 4064 4064 4064 4064
207 1683114174 380 398 3671 3652 3588 3631 3630 3598 4065 4065 4065 4065 4065 4065 4065 4065
208 1683114194 381 397 3670 414 378 3627 3630 3598 4065 4065 4064 4064 4064 4064 4064 4064
209 1683114203 343 417 3671 3652 3588 3630 3630 3598 4065 4065 4064 4064 4064 4064 4064 4064
210 1683114215 394 362 3672 323 3588 3633 3632 1655 4065 4065 4064 4064 4064 4064 4064 4064
211 1683114232 379 398 428 437 3587 3631 3631 3599 4065 4065 4064 4064 4064 4064 4064 4064
212 1683114237 350 416 3670 3651 3588 3630 3629 3598 4065 4065 4064 4064 4064 4064 4064 4064
213 1683114249 372 405 387 3651 3589 3632 3631 1696 4065 4065 4065 4065 4065 4065 4065 4065
214 1683114252 394 367 3671 3653 3588 3631 3630 3599 4065 4065 4064 4064 4064 4064 4064 4064
215 1683114263 376 403 3671 3652 3588 3630 3630 3598 4065 4065 4065 4065 4065 4065 4065 4065
216 1683114272 368 409 3672 3653 3589 3631 3631 1683 4065 4065 4065 4065 4065 4065 4065 4065
217 1683114275 395 325 3671 3653 3589 3631 3630 3598 4065 4065 4064 4064 4064 4064 4064 4064
218 1683114276 394 357 3671 3653 3588 3631 3631 3598 4065 4065 4064 4064 4064 4064 4064 4064
219 1683114277 350 417 3672 3653 3589 3632 3632 1736 4065 4065 4064 4064 4064 4064 4064 4064
220 1683114280 326 417 3674 299 3589 1555 1619 1606 4065 4065 4065 4065 4065 4065 4065 4065
221 1683114282 332 417 3673 3655 371 3631 3633 1576 4065 4065 4064 4064 4064 4064 4064 4064
222 1683114297 394 358 3670 3652 3588 3631 3630 3598 4065 4065 4065 4065 4065 4065 4065 4065
223 1683114302 343 417 3671 3652 3588 3630 3630 3598 4065 4065 4065 4065 4065 4065 4065 4065
224 1683114304 387 386 478 448 371 3630 3632 3601 4065 4065 4065 4065 4065 4065 4065 4065
225 1683114306 381 396 3671 3653 3588 3631 3630 3598 4065 4065 4064 4064 4064 4064 4064 4064
226 1683114315 387 387 3671 434 3587 3631 3631 3599 4065 4065 4064 4064 4064 4064 4064 4064
227 1683114324 382 395 3671 3652 3589 3631 3631 3599 4065 4065 4065 4065 4065 4065 4065 4065
228 1683114328 341 418 3671 3652 3588 3631 3630 3598 4065 4065 4065 4065 4065 4065 4065 4065
229 1683114329 346 417 3672 3654 3589 1642 3630 3600 4065 4065 4064 4064 4064 4064 4064 4064
230 1683114331 388 386 3672 3653 3589 3632 3631 1737 4065 4065 4064 4064 4064 4064 4064 4064
231 1683114332 388 384 3671 3652 3588 3631 3630 3598 4065 4065 4064 4064 4064 4064 4064 4064
232 1683114336 302 419 295 253 3587 3632 1607 3598 4065 4065 4065 4065 4065 4065 4065 4065
233 1683114342 380 398 3671 3653 3588 3631 3630 3599 4065 4065 4065 4065 4065 4065 4065 4065
234 1683114352 359 414 3672 3653 3589 3631 3631 3599 4065 4065 4065 4065 4065 4065 4065 4065
235 1683114370 385 392 3671 3652 3589 3631 3631 3599 4065 4065 4065 4065 4065 4065 4065 4065
236 1683114371 366 411 3671 3653 3588 3631 3630 3599 4065 4065 4065 4065 4065 4065 4065 4065
237 1683114381 394 360 3671 3652 3588 3631 3630 3598 4067 4065 4065 4065 4065 4065 4065 4065
238 1683114388 376 402 3672 405 3588 3632 3632 1695 4065 4065 4065 4065 4065 4065 4065 4065
239 1683114399 360 413 3671 3652 3588 3631 3630 3599 4065 4065 4064 4064 4064 4064 4064 4064
240 1683114404 374 404 3672 3653 3589 3631 3631 3599 4065 4065 4065 4065 4065 4065 4065 4065
241 1683114407 327 418 3671 3652 3588 3630 3630 3598 4065 4065 4065 4065 4065 4065 4065 4065
242 1683114409 384 393 371 427 452 3631 3633 1701 4065 4065 4064 4064 4064 4064 4064 4064
243 1683114411 397 236 3671 3653 3589 3631 3630 3599 4065 4065 4065 4065 4065 4065 4065 4065
244 1683114422 351 416 3671 3652 3588 3630 3630 3598 4065 4065 4065 4065 4065 4065 4065 4065
245 1683114433 362 413 3670 397 336 3627 3629 3597 4065 4065 4065 4065 4065 4065 4065 4065
246 1683114433 343 417 3671 3652 3588 3630 3630 2720 4065 4065 4065 4065 4065 4065 4065 4065
247 1683114437 377 401 363 399 433 3628 3631 1693 4065 4065 4065 4065 4065 4065 4065 4065
248 1683114454 357 414 3670 3651 3588 3630 3630 3598 4067 4065 4065 4065 4065 4065 4065 4065
249 1683114455 392 376 3671 3652 3588 3630 3630 3598 4065 4065 4065 4065 4065 4065 4065 4065
250 1683114457 355 415 3671 3653 3588 3630 3630 3598 4065 4065 4065 4065 4065 4065 4065 4065
251 1683114458 357 414 3672 368 3587 3632 3632 1714 4065 4065 4064 4064 4064 4064 4064 4064
252 1683114483 335 418 3672 3654 3589 3632 3632 3599 4067 4065 4065 4065 4065 4065 4065 4065
253 1683114483 384 393 455 430 360 3630 3633 1737 4065 4065 4064 4064 4064 4064 4064 4064
254 1683114484 394 347 3672 3653 3589 3631 3631 3599 4065 4065 4065 4065 4065 4065 4065 4065
255 1683114501 324 418 3671 3653 3589 3632 3632 3599 4065 4065 4065 4065 4065 4065 4065 4065
256 1683114502 366 410 424 391 3588 1713 3631 1724 4065 4065 4065 4065 4065 4065 4065 4065
257 1683114530 397 176 3671 3653 3589 3631 3631 3599 4065 4065 4065 4065 4065 4065 4065 4065
258 1683114536 368 410 3672 373 3587 3631 3631 3599 4067 4065 4065 4065 4065 4065 4065 4065
259 1683114540 366 411 3671 3653 3589 3631 3630 3599 4067 4065 4065 4065 4065 4065 4065 4065
260 1683114541 388 386 3672 3653 3589 3631 3631 3599 4065 4065 4064 4064 4064 4064 4064 4064
261 1683114549 379 401 3671 3653 3589 3631 3631 3599 4067 4065 4065 4065 4065 4065 4065 4065
262 1683114553 359 414 3671 358 3587 3631 3631 3599 4065 4065 4065 4065 4065 4065 4065 4065
263 1683114579 346 417 3671 3652 3588 3631 3631 3599 4065 4065 4065 4065 4065 4065 4065 4065
264 1683114580 380 399 3672 3653 3589 3632 3632 3599 4065 4065 4065 4065 4065 4065 4065 4065
265 1683114588 339 418 3669 3651 3587 3630 3629 3597 4065 4065 4065 4065 4065 4065 4065 4065
266 1683114589 396 327 3670 3652 3588 3630 3629 3598 4065 4065 4065 4065 4065 4065 4065 4065
267 1683114589 388 387 3670 3651 3587 3629 3629 3597 4065 4065 4065 4065 4065 4065 4065 4065
268 1683114593 390 383 3670 3652 3588 3631 3630 3598 4065 4065 4065 4065 4065 4065 4065 4065
269 1683114601 353 416 3671 334 3587 3631 3631 3599 4065 4065 4065 4065 4065 4065 4065 4065
270 1683114607 387 387 3671 3652 3588 3630 3630 3598 4067 4065 4065 4065 4065 4065 4065 4065
271 1683114616 372 406 3673 3655 3591 3633 3632 3600 4065 4065 4065 4065 4065 4065 4065 4065
272 1683114626 371 407 3672 3653 3589 3631 3631 3599 4067 4065 4065 4065 4065 4065 4065 4065
273 1683114635 372 406 3671 3653 3589 3631 3631 3599 4065 4065 4065 4065 4065 4065 4065 4065
274 1683114636 357 415 411 337 360 1673 3633 1694 4065 4065 4065 4065 4065 4065 4065 4065
275 1683114639 369 409 3672 3653 3590 3632 3631 3599 4065 4065 4065 4065 4065 4065 4065 4065
276 1683114642 353 415 3672 3654 3590 3632 3632 3600 4065 4065 4065 4065 4065 4065 4065 4065
277 1683114643 298 419 3671 278 3587 3631 3631 3599 4065 4065 4065 4065 4065 4065 4065 4065
278 1683114644 342 418 3672 3653 337 3628 3631 3599 4065 4065 4065 4065 4065 4065 4065 4065
279 1683114645 344 417 3671 3652 3588 3630 3630 3598 4065 4065 4065 4065 4065 4065 4065 4065
280 1683114645 392 376 3672 3653 3589 3632 3631 3599 4065 4065 4064 4064 4064 4064 4064 4064
281 1683114646 315 418 3670 3652 3588 3630 3630 3598 4065 4065 4065 4065 4065 4065 4065 4065
282 1683114662 317 418 3670 3651 3587 3629 3628 3596 4065 4065 4065 4065 4065 4065 4065 4065
283 1683114665 397 252 3672 1860 3589 3632 3631 1633 4065 4065 4065 4065 4065 4065 4065 4065
284 1683114677 394 367 3672 3653 3589 3631 3631 3599 4065 4065 4065 4065 4065 4065 4065 4065
285 1683114678 351 416 3671 3652 3588 3630 3630 3598 4067 4065 4065 4065 4065 4065 4065 4065
286 1683114680 381 397 3672 3654 3590 3632 3632 3599 4065 4065 4065 4065 4065 4065 4065 4065
287 1683114689 362 414 356 366 3589 3634 3633 1681 4065 4065 4065 4065 4065 4065 4065 4065
288 1683114692 394 355 3672 412 3588 3633 3632 3601 4065 4065 4065 4065 4065 4065 4065 4065
289 1683114700 337 418 3673 3654 3591 3633 3632 3601 4065 4065 4065 4065 4065 4065 4065 4065
290 1683114700 324 418 3672 3654 3589 3632 3632 3599 4065 4065 4064 4064 4064 4064 4064 4064
291 1683114722 347 417 428 340 340 3633 3635 1712 4065 4065 4065 4065 4065 4065 4065 4065
292 1683114729 328 418 3674 3655 3591 3633 3633 3601 4065 4065 4065 4065 4065 4065 4065 4065
293 1683114741 387 390 419 434 401 1693 1757 1720 4065 4065 4065 4065 4065 4065 4065 4065
294 1683114759 311 418 3672 3654 3590 3633 3632 3600 4065 4065 4065 4065 4065 4065 4065 4065
295 1683114766 319 419 3671 3654 3591 3633 3633 3601 4065 4065 4064 4064 4064 4064 4064 4064
296 1683114769 394 370 3670 3652 3589 3631 3631 3599 4065 4065 4065 4065 4065 4065 4065 4065
297 1683114772 342 418 3673 332 3589 1599 1667 1638 4065 4065 4065 4065 4065 4065 4065 4065
298 1683114778 377 401 3668 3649 3585 3628 3628 3596 4065 4065 4064 4064 4064 4064 4064 4064
299 1683114789 394 370 3666 3648 3584 3626 3626 3594 4065 4065 4064 4064 4064 4064 4064 4064
300 1683114790 372 407 3666 3647 3583 3625 3625 3593 4067 4065 4065 4065 4065 4065 4065 4065
301 1683114805 384 395 3669 3651 3587 3630 3629 3597 4065 4065 4065 4065 4065 4065 4065 4065
302 1683114817 306 419 3672 3653 3589 3632 3632 3600 4065 4065 4064 4064 4064 4064 4064 4064
303 1683114818 381 398 3671 3653 3589 3631 3631 3600 4065 4065 4065 4065 4065 4065 4065 4065
304 1683114822 383 394 3674 3655 3591 3633 3632 3601 4065 4065 4064 4064 4064 4064 4064 4064
305 1683114824 372 408 3673 3655 3590 3633 3633 3601 4067 4065 4065 4065 4065 4065 4065 4065
306 1683114825 383 395 3673 3655 3591 3633 3633 3600 4065 4065 4064 4064 4064 4064 4064 4064
307 1683114830 375 404 3673 3655 3591 3633 3633 3601 4065 4065 4065 4065 4065 4065 4065 4065
308 1683114857 396 338 3674 3656 3592 3634 3634 3602 4065 4065 4064 4064 4064 4064 4064 4064
309 1683114862 369 409 3673 3656 3591 3634 3633 3601 4065 4065 4064 4064 4064 4064 4064 4064
310 1683114898 381 398 3674 3655 3591 3633 3633 3601 4065 4065 4065 4065 4065 4065 4065 4065
311 1683114901 353 416 3674 3655 424 3631 3633 3601 4065 4065 4064 4064 4064 4064 4064 4064
312 1683114904 390 382 3674 423 3589 3633 3633 3601 4065 4065 4064 4064 4064 4064 4064 4064
313 1683114905 365 412 3675 3656 3592 3634 3634 3602 4065 4065 4064 4064 4064 4064 4064 4064
314 1683114907 396 320 3674 3656 3592 3634 3634 3602 4065 4065 4065 4065 4065 4065 4065 4065
315 1683114908 391 381 3674 448 3589 3634 3634 3602 4065 4065 4064 4064 4064 4064 4064 4064
316 1683114912 372 406 3674 3656 3592 3634 3634 3602 4065 4065 4064 4064 4064 4064 4064 4064
317 1683114920 123 420 3673 3655 3591 3634 3633 3601 4065 4065 4065 4065 4065 4065 4065 4065
318 1683114930 328 418 3674 3656 3592 3634 3634 3602 4065 4065 4065 4065 4065 4065 4065 4065
319 1683114932 356 413 3673 3655 3590 3632 3632 3600 4065 4065 4065 4065 4065 4065 4065 4065
320 1683114940 318 416 3673 3654 3590 3632 3632 3600 4065 4065 4064 4064 4064 4064 4064 4064
321 1683114942 381 394 3673 3654 3590 3632 3632 3601 4065 4065 4064 4064 4064 4064 4064 4064
322 1683114943 342 416 3672 3653 3590 3632 3631 3600 4065 4065 4064 4064 4064 4064 4064 4064
323 1683114951 388 383 3672 3654 3590 3632 3632 3600 4065 4065 4064 4064 4064 4064 4064 4064
324 1683114963 393 366 3673 3654 423 3630 3632 3600 4065 4065 4064 4064 4064 4064 4064 4064
325 1683114971 391 373 430 445 383 3632 3633 1763 4065 4065 4064 4064 4064 4064 4064 4064
326 1683114973 351 415 347 3650 3589 3631 3631 3600 4065 4065 4064 4064 4064 4064 4064 4064
327 1683114978 355 413 3671 3654 3590 3632 3632 3600 4065 4065 4064 4064 4064 4064 4064 4064
328 1683114987 392 372 3672 284 3588 3632 3632 3601 4065 4065 4064 4064 4064 4064 4064 4064
329 1683115011 393 368 3673 472 385 3631 3633 3601 4065 4065 4064 4064 4064 4064 4064 4064
330 1683115019 374 402 3672 3653 3589 3632 3631 3599 4065 4065 4065 4065 4065 4065 4065 4065
331 1683115026 394 329 3672 3653 3589 3631 3631 3599 4065 4065 4064 4064 4064 4064 4064 4064
332 1683115032 395 266 3671 3653 3589 3631 3631 3599 4065 4065 4064 4064 4064 4064 4064 4064
333 1683115055 363 410 3675 3656 3592 1640 1670 1637 4065 4065 4064 4064 4064 4064 4064 4064
334 1683115057 388 381 3671 3653 3589 3631 3631 3599 4065 4065 4065 4065 4065 4065 4065 4065
335 1683115062 355 414 3672 3654 3589 3632 3632 3599 4065 4065 4064 4064 4064 4064 4064 4064
336 1683115065 377 399 3672 3653 3589 3632 3631 3599 4065 4065 4064 4064 4064 4064 4064 4064
337 1683115066 382 393 3673 3655 3591 1661 1720 1687 4065 4065 4064 4064 4064 4064 4064 4064
338 1683115075 302 417 3672 3653 3589 3631 3631 3599 4067 4067 4066 4066 4066 4066 4066 4066
339 1683115078 361 412 412 3651 396 3630 3632 1692 4065 4065 4064 4064 4064 4064 4064 4064
340 1683115082 392 366 3671 3652 3588 3630 3630 1625 4065 4065 4064 4064 4064 4064 4064 4064
341 1683115094 382 393 3670 3651 3588 3630 3630 3597 4065 4065 4064 4064 4064 4064 4064 4064
342 1683115106 388 384 3672 3654 3590 1675 1738 1707 4065 4065 4064 4064 4064 4064 4064 4064
343 1683115107 374 403 3671 3653 364 3627 3630 3598 4065 4065 4064 4064 4064 4064 4064 4064
344 1683115110 389 379 3670 3652 3588 3630 3630 3598 4065 4065 4064 4064 4064 4064 4064 4064
345 1683115111 367 409 3671 3653 3588 3631 3630 3599 4065 4065 4064 4064 4064 4064 4064 4064
346 1683115115 376 400 3671 3653 3588 3631 3630 3598 4065 4065 4064 4064 4064 4064 4064 4064
347 1683115117 375 403 3672 394 3587 3632 3632 1685 4065 4065 4064 4064 4064 4064 4064 4064
348 1683115122 376 400 387 386 3586 3632 3631 3599 4065 4065 4064 4064 4064 4064 4064 4064
349 1683115128 342 417 3671 3652 3588 3630 3630 3598 4065 4065 4064 4064 4064 4064 4064 4064
350 1683115138 365 409 3672 3654 390 3630 3632 1726 4065 4065 4064 4064 4064 4064 4064 4064
351 1683115161 382 392 3671 3652 3588 3630 3630 3598 4065 4065 4064 4064 4064 4064 4064 4064
352 1683115163 310 417 3672 3653 3588 3630 3630 3598 4065 4065 4065 4065 4065 4065 4065 4065
353 1683115165 389 380 3671 3652 3588 3630 3630 3598 4065 4065 4065 4065 4065 4065 4065 4065
354 1683115171 393 357 3670 3651 3587 3630 3630 3597 4065 4065 4065 4065 4065 4065 4065 4065
355 1683115180 352 415 379 351 378 3629 3631 3599 4067 4065 4065 4065 4065 4065 4065 4065
356 1683115197 362 411 3670 3651 3588 3630 3630 3598 4065 4065 4064 4064 4064 4064 4064 4064
357 1683115198 206 419 215 63 3588 3633 3632 1416 4065 4065 4064 4064 4064 4064 4064 4064
358 1683115205 346 416 3670 3651 3588 3630 3629 3598 4065 4065 4065 4065 4065 4065 4065 4065
359 1683115216 92 419 3670 3652 3588 3630 3630 3597 4065 4065 4065 4065 4065 4065 4065 4065
360 1683115219 363 410 3670 3651 3587 3630 3629 3597 4065 4065 4065 4065 4065 4065 4065 4065
361 1683115225 385 389 3669 3652 3588 3631 3630 3598 4065 4065 4065 4065 4065 4065 4065 4065
362 1683115226 344 417 3671 3653 3589 3631 3630 3599 4065 4065 4065 4065 4065 4065 4065 4065
363 1683115231 373 404 3671 3652 3588 3630 3630 3598 4065 4065 4065 4065 4065 4065 4065 4065
364 1683115234 370 407 3673 3654 3590 1647 1709 1681 4065 4065 4064 4064 4064 4064 4064 4064
365 1683115244 375 401 3670 380 3585 3630 3630 3599 4065 4065 4064 4064 4064 4064 4064 4064
366 1683115245 373 404 3671 3653 3589 3630 3630 3598 4065 4065 4065 4065 4065 4065 4065 4065
367 1683115249 368 409 3671 3652 3588 3630 3630 3598 4065 4065 4065 4065 4065 4065 4065 4065
368 1683115249 392 369 3670 3652 3587 3629 3629 3598 4065 4065 4065 4065 4065 4065 4065 4065
369 1683115256 357 413 3671 3653 3588 3631 3631 3598 4063 4063 4063 4063 4063 4063 4063 4063
370 1683115262 324 417 3672 3653 3589 3631 3630 3598 4065 4065 4065 4065 4065 4065 4065 4065
371 1683115264 385 390 3671 3653 3589 3631 3631 3598 4065 4065 4065 4065 4065 4065 4065 4065
372 1683115272 379 397 3670 3652 3588 3630 3630 3598 4065 4065 4065 4065 4065 4065 4065 4065
373 1683115273 379 398 3671 3653 3589 3631 3631 3599 4065 4065 4065 4065 4065 4065 4065 4065
374 1683115281 322 417 3671 3652 3588 3630 3630 3598 4065 4065 4065 4065 4065 4065 4065 4065
375 1683115293 378 398 3671 426 363 3628 3630 3598 4065 4065 4065 4065 4065 4065 4065 4065
376 1683115296 344 417 3670 3652 3588 3630 3630 3598 4063 4063 4063 4063 4063 4063 4063 4063
377 1683115301 393 357 3671 3652 3589 3630 3630 3598 4065 4065 4065 4065 4065 4065 4065 4065
378 1683115309 394 344 3670 482 3586 3630 3630 3598 4065 4065 4065 4065 4065 4065 4065 4065
379 1683115318 362 412 3670 3652 3588 3630 3630 3598 4065 4065 4064 4064 4064 4064 4064 4064
380 1683115328 365 411 3671 383 394 3629 3631 3599 4065 4065 4065 4065 4065 4065 4065 4065
381 1683115331 390 378 3669 3650 3587 3629 3629 3597 4065 4065 4065 4065 4065 4065 4065 4065
382 1683115333 304 418 3669 3650 3586 3629 3629 3597 4065 4065 4065 4065 4065 4065 4065 4065
383 1683115333 217 419 3668 3650 3586 3628 3628 3596 4065 4065 4064 4064 4064 4064 4064 4064
384 1683115339 386 387 3666 3648 3584 3626 3626 3594 4065 4065 4065 4065 4065 4065 4065 4065
385 1683115340 370 406 3668 3649 3585 3627 3627 3595 4067 4065 4065 4065 4065 4065 4065 4065
386 1683115362 396 265 3669 3651 3587 3629 3629 3597 4065 4065 4065 4065 4065 4065 4065 4065
387 1683115386 383 393 3669 3651 3587 3629 3629 3597 4067 4065 4065 4065 4065 4065 4065 4065
388 1683115388 383 392 451 3652 3589 1687 1764 1734 4065 4065 4065 4065 4065 4065 4065 4065
389 1683115390 370 406 3670 3652 3588 3630 3629 3597 4065 4065 4065 4065 4065 4065 4065 4065
390 1683115391 319 417 3669 3651 3587 3629 3629 3597 4065 4065 4064 4064 4064 4064 4064 4064
391 1683115392 386 389 3671 3653 3589 3630 3631 3599 4065 4065 4065 4065 4065 4065 4065 4065
392 1683115397 387 384 3670 3652 3588 3630 3630 3598 4065 4065 4065 4065 4065 4065 4065 4065
393 1683115428 353 415 3672 3654 3590 3632 3631 3600 4067 4065 4065 4065 4065 4065 4065 4065
394 1683115433 367 409 3671 3653 3588 3630 3630 3598 4065 4065 4065 4065 4065 4065 4065 4065
395 1683115446 395 327 3671 3653 3589 3632 3632 3600 4065 4065 4065 4065 4065 4065 4065 4065
396 1683115448 377 401 384 388 416 1677 1731 1696 4065 4065 4065 4065 4065 4065 4065 4065
397 1683115449 395 320 3671 3653 3589 3631 3631 3599 4065 4065 4065 4065 4065 4065 4065 4065
398 1683115462 349 416 3671 3653 3589 3631 3631 3599 4067 4065 4065 4065 4065 4065 4065 4065
399 1683115466 383 393 3671 3652 3588 3631 3630 3598 4065 4065 4065 4065 4065 4065 4065 4065
400 1683115474 321 418 3671 3652 313 3628 3631 3599 4067 4065 4065 4065 4065 4065 4065 4065
401 1683115485 183 419 3671 3652 3588 3630 3630 3598 4065 4065 4065 4065 4065 4065 4065 4065
402 1683115486 382 394 3672 3653 3589 3631 3630 3598 4065 4065 4065 4065 4065 4065 4065 4065
403 1683115498 390 378 3671 3652 3589 3631 3631 3598 4065 4065 4065 4065 4065 4065 4065 4065
404 1683115501 385 389 3671 3652 3588 3630 3630 3598 4065 4065 4065 4065 4065 4065 4065 4065
405 1683115505 339 417 3672 3653 3589 3631 3630 3598 4065 4065 4065 4065 4065 4065 4065 4065
406 1683115515 378 400 3670 3651 3588 3630 3629 3598 4065 4065 4065 4065 4065 4065 4065 4065
407 1683115527 391 376 3670 3652 3588 3630 3629 3598 4065 4065 4065 4065 4065 4065 4065 4065
408 1683115528 394 358 3672 3653 3589 3631 3631 3599 4065 4065 4065 4065 4065 4065 4065 4065
409 1683115533 287 418 3671 3652 3588 3630 3630 3598 4065 4065 4065 4065 4065 4065 4065 4065
410 1683115540 368 409 3670 3652 3588 3630 3630 3598 4065 4065 4065 4065 4065 4065 4065 4065
411 1683115542 313 418 3671 3653 3589 3631 3631 3599 4065 4065 4065 4065 4065 4065 4065 4065
412 1683115545 355 414 3672 3653 3589 3631 3631 3599 4063 4063 4063 4063 4063 4063 4063 4063
413 1683115562 326 418 3671 3652 3588 3631 3631 3598 4065 4065 4065 4065 4065 4065 4065 4065
414 1683115566 372 404 3672 406 3587 3632 3631 1763 4065 4065 4065 4065 4065 4065 4065 4065
415 1683115576 373 403 3671 3652 3588 3631 3630 3598 4065 4065 4065 4065 4065 4065 4065 4065
416 1683115597 364 410 3671 3652 3587 3629 3629 3597 4063 4063 4063 4063 4063 4063 4063 4063
417 1683115606 358 414 3670 3652 3588 3630 3630 3598 4067 4065 4065 4065 4065 4065 4065 4065
418 1683115614 393 366 3670 3651 3587 3630 3629 3598 4065 4065 4065 4065 4065 4065 4065 4065
419 1683115615 344 417 3671 3653 3588 3631 3631 3599 4065 4065 4065 4065 4065 4065 4065 4065
420 1683115625 376 403 3670 3652 3588 3631 3630 1716 4065 4065 4065 4065 4065 4065 4065 4065
421 1683115649 371 405 3671 3652 430 3628 3630 3598 4065 4065 4065 4065 4065 4065 4065 4065
422 1683115654 352 415 3670 3651 3587 3630 3629 3597 4065 4065 4065 4065 4065 4065 4065 4065
423 1683115671 368 409 3670 3652 3588 3630 3629 3597 4065 4065 4064 4064 4064 4064 4064 4064
424 1683115681 362 413 3670 3651 3587 3630 3629 3597 4065 4065 4065 4065 4065 4065 4065 4065
425 1683115689 386 389 3669 426 442 3628 3630 3599 4065 4065 4065 4065 4065 4065 4065 4065
426 1683115695 381 397 369 3650 3589 3631 3631 3599 4065 4065 4065 4065 4065 4065 4065 4065
427 1683115695 385 390 3670 3652 3588 3630 3629 3597 4065 4065 4065 4065 4065 4065 4065 4065
428 1683115699 340 418 3670 3652 3588 3630 3629 3598 4065 4065 4065 4065 4065 4065 4065 4065
429 1683115706 386 389 3672 442 425 3629 3631 1738 4065 4065 4065 4065 4065 4065 4065 4065
430 1683115710 372 406 3673 379 3588 1652 1728 1690 4065 4065 4065 4065 4065 4065 4065 4065
431 1683115717 395 345 3671 477 3587 3631 3631 1747 4065 4065 4065 4065 4065 4065 4065 4065
432 1683115723 372 405 378 415 3588 1665 3631 1684 4065 4065 4065 4065 4065 4065 4065 4065
433 1683115729 380 398 446 3652 391 3629 3631 1742 4065 4065 4064 4064 4064 4064 4064 4064
434 1683115738 355 414 3666 3647 3583 3625 3625 3593 4065 4065 4065 4065 4065 4065 4065 4065
435 1683115738 370 407 3666 3648 3584 3626 3625 3594 4065 4065 4065 4065 4065 4065 4065 4065
436 1683115742 311 418 3667 3649 3585 3627 3627 3595 4065 4063 4063 4063 4063 4063 4063 4063
437 1683115754 353 416 3669 3651 3587 3629 3629 3597 4067 4065 4065 4065 4065 4065 4065 4065
438 1683115756 348 416 3668 3650 3585 3628 3627 3596 4065 4065 4065 4065 4065 4065 4065 4065
439 1683115766 355 414 3671 357 3586 3630 3630 1680 4065 4065 4065 4065 4065 4065 4065 4065
440 1683115768 360 414 3668 3650 3587 3629 3629 3597 4065 4065 4065 4065 4065 4065 4065 4065
441 1683115794 374 403 3664 300 3581 3625 3625 3593 4065 4065 4065 4065 4065 4065 4065 4065
442 1683115804 366 410 3664 453 344 3622 3625 3593 4065 4065 4065 4065 4065 4065 4065 4065
443 1683115805 350 416 3665 337 321 3623 3625 1680 4065 4065 4065 4065 4065 4065 4065 4065
444 1683115806 362 412 3664 3645 3581 3623 3623 3591 4065 4065 4065 4065 4065 4065 4065 4065
445 1683115811 379 397 3662 3644 3580 3622 3622 3590 4065 4065 4065 4065 4065 4065 4065 4065
446 1683115816 389 382 3666 459 3581 3625 3625 3594 4065 4065 4065 4065 4065 4065 4065 4065
447 1683115837 339 417 3666 3648 3584 3626 3625 3594 4067 4065 4065 4065 4065 4065 4065 4065
448 1683115847 382 395 3664 3646 3582 3624 3624 3593 4065 4065 4065 4065 4065 4065 4065 4065
449 1683115847 365 410 3665 3646 3583 3625 3625 3594 4065 4065 4064 4064 4064 4064 4064 4064
450 1683115859 379 397 3665 3646 3582 3625 3625 3593 4065 4065 4064 4064 4064 4064 4064 4064
451 1683115869 388 383 3671 3652 3588 3630 3630 3598 4065 4065 4065 4065 4065 4065 4065 4065
452 1683115878 394 354 3672 3654 3590 3632 3632 3600 4065 4065 4065 4065 4065 4065 4065 4065
453 1683115887 387 385 3673 3655 3591 3633 3634 3602 4063 4063 4063 4063 4063 4063 4063 4063
454 1683115888 365 410 3672 3655 3591 3634 3634 3602 4065 4065 4065 4065 4065 4065 4065 4065
455 1683115893 387 387 3675 426 3591 3636 3636 3604 4065 4065 4065 4065 4065 4065 4065 4065
456 1683115916 351 415 3676 349 3592 3636 3636 3604 4065 4065 4065 4065 4065 4065 4065 4065
457 1683115923 367 409 356 370 436 1633 3635 1671 4063 4063 4063 4063 4063 4063 4063 4063
458 1683115927 364 410 397 3651 3589 3632 3631 3599 4065 4065 4065 4065 4065 4065 4065 4065
459 1683115947 374 403 377 428 3591 3635 3636 1707 4065 4065 4064 4064 4064 4064 4064 4064
460 1683115971 374 403 3674 3655 3591 3635 3634 3602 4063 4063 4063 4063 4063 4063 4063 4063
461 1683115974 362 412 3674 398 3589 3634 3634 3602 4065 4065 4065 4065 4065 4065 4065 4065
462 1683115976 370 408 3674 3656 3592 3634 3634 3602 4065 4065 4065 4065 4065 4065 4065 4065
463 1683115977 397 143 3675 3656 3592 3635 3635 3603 4063 4063 4063 4063 4063 4063 4063 4063
464 1683115995 353 415 3674 3655 3592 3634 3634 3601 4065 4065 4065 4065 4065 4065 4065 4065
465 1683116000 394 356 3673 3655 3591 3634 3634 3602 4067 4065 4065 4065 4065 4065 4065 4065
466 1683116000 365 410 3676 3657 3593 3635 3634 3603 4065 4065 4064 4064 4064 4064 4064 4064
467 1683116011 352 415 350 359 3591 3635 3635 3603 4065 4065 4064 4064 4064 4064 4064 4064
468 1683116024 375 404 3677 3659 3594 1623 1676 1649 4065 4065 4064 4064 4064 4064 4064 4064
469 1683116029 375 402 346 398 450 3635 3637 1661 4065 4065 4064 4064 4064 4064 4064 4064
470 1683116041 376 402 434 437 3591 1711 3635 3604 4065 4065 4064 4064 4064 4064 4064 4064
471 1683116042 397 238 3675 3656 3592 3634 3634 3602 4067 4065 4065 4065 4065 4065 4065 4065
472 1683116050 382 396 3674 3656 3591 3634 3634 3601 4065 4065 4065 4065 4065 4065 4065 4065
473 1683116050 345 417 3674 3655 3591 3633 3633 3601 4065 4065 4065 4065 4065 4065 4065 4065
474 1683116054 352 416 3675 328 352 3632 3634 3603 4065 4065 4065 4065 4065 4065 4065 4065
475 1683116065 370 407 3675 3656 3591 3633 3634 3601 4063 4063 4063 4063 4063 4063 4063 4063
476 1683116067 395 323 3674 3655 3591 3634 3633 3601 4065 4065 4065 4065 4065 4065 4065 4065
477 1683116067 309 417 3675 3656 3592 3634 3634 3602 4065 4065 4065 4065 4065 4065 4065 4065
478 1683116069 378 400 3673 3655 3591 3633 3632 3601 4065 4065 4065 4065 4065 4065 4065 4065
479 1683116076 391 377 3675 3656 3592 3635 3634 3603 4065 4065 4065 4065 4065 4065 4065 4065
480 1683116080 331 418 3674 3655 3591 3634 3634 3602 4065 4065 4065 4065 4065 4065 4065 4065
481 1683116083 369 409 3674 3655 3590 3633 3633 3601 4063 4063 4063 4063 4063 4063 4063 4063
482 1683116099 388 385 3672 3654 3590 3632 3632 3599 4065 4065 4065 4065 4065 4065 4065 4065
483 1683116100 391 376 3672 3653 3589 3632 3631 3599 4065 4065 4065 4065 4065 4065 4065 4065
484 1683116104 336 418 3670 3651 3587 3629 3629 3597 4063 4063 4063 4063 4063 4063 4063 4063
485 1683116110 391 377 3671 3653 3588 3631 3630 3599 4065 4065 4065 4065 4065 4065 4065 4065
486 1683116112 335 417 344 3650 3589 3632 3631 3599 4065 4065 4065 4065 4065 4065 4065 4065
487 1683116114 336 417 310 291 411 3631 3633 3601 4065 4065 4064 4064 4064 4064 4064 4064
488 1683116115 314 418 3670 3653 3589 3632 3631 3599 4067 4065 4065 4065 4065 4065 4065 4065
489 1683116116 330 418 3673 3654 3590 3632 3632 3600 4067 4067 4066 4066 4066 4066 4066 4066
490 1683116119 52 419 3673 3654 3590 3633 3632 3601 4065 4065 4065 4065 4065 4065 4065 4065
491 1683116120 354 416 3673 3655 3591 3633 3633 3601 4065 4065 4065 4065 4065 4065 4065 4065
492 1683116124 388 383 3673 3654 3590 3632 3632 3600 4065 4065 4065 4065 4065 4065 4065 4065
493 1683116138 383 394 3675 3656 3592 3634 3634 1787 4065 4065 4065 4065 4065 4065 4065 4065
494 1683116150 352 416 3673 3655 3591 3633 3633 3600 4065 4065 4065 4065 4065 4065 4065 4065
495 1683116164 307 419 3672 3654 3590 3632 3632 3600 4065 4065 4065 4065 4065 4065 4065 4065
496 1683116174 22 419 3674 3656 3592 3634 3634 3602 4065 4065 4065 4065 4065 4065 4065 4065
497 1683116191 395 348 3674 3655 3592 3634 3633 1718 4065 4065 4065 4065 4065 4065 4065 4065
498 1683116202 386 391 3671 373 3586 3631 3631 3599 4063 4063 4063 4063 4063 4063 4063 4063
499 1683116204 389 383 3674 3655 3591 3634 3633 3601 4065 4065 4065 4065 4065 4065 4065 4065
500 1683116207 313 418 3673 3654 3590 3633 3632 3600 4065 4065 4065 4065 4065 4065 4065 4065
501 1683116209 393 371 3673 3655 3591 3633 3632 3601 4065 4065 4065 4065 4065 4065 4065 4065
502 1683116220 340 418 3672 3655 3590 3632 3632 3600 4065 4065 4065 4065 4065 4065 4065 4065
503 1683116236 357 414 3671 3654 3589 3632 3632 3600 4063 4063 4063 4063 4063 4063 4063 4063
504 1683116247 370 408 3672 3654 3590 3632 3632 3600 4065 4065 4065 4065 4065 4065 4065 4065
505 1683116255 363 413 3672 390 424 3629 3631 3600 4065 4065 4065 4065 4065 4065 4065 4065
506 1683116265 366 411 3673 3655 3590 3633 3632 3600 4065 4065 4064 4064 4064 4064 4064 4064
507 1683116278 355 415 3671 3653 3589 3632 3631 3599 4067 4065 4065 4065 4065 4065 4065 4065
508 1683116284 384 393 3673 3654 3590 3633 3632 1741 4065 4065 4065 4065 4065 4065 4065 4065
509 1683116289 329 418 3672 3653 3589 3632 3631 1695 4065 4065 4065 4065 4065 4065 4065 4065
510 1683116292 395 332 3671 3653 3589 3631 3631 3599 4065 4065 4065 4065 4065 4065 4065 4065
511 1683116293 392 377 356 440 3587 3632 3632 3600 4065 4065 4064 4064 4064 4064 4064 4064
512 1683116295 381 397 3672 433 3588 3632 3632 3600 4065 4065 4065 4065 4065 4065 4065 4065
513 1683116296 362 413 3671 3653 3589 3632 3631 3599 4065 4065 4064 4064 4064 4064 4064 4064
514 1683116299 387 389 3672 3653 3588 3631 3631 3599 4065 4065 4064 4064 4064 4064 4064 4064
515 1683116300 319 418 3672 3653 3589 3632 3632 3599 4065 4065 4065 4065 4065 4065 4065 4065
516 1683116313 369 409 3674 3655 379 3630 3632 1715 4065 4065 4065 4065 4065 4065 4065 4065
517 1683116323 395 347 3672 3654 3589 3631 3631 3599 4065 4065 4064 4064 4064 4064 4064 4064
518 1683116369 340 418 3672 3654 3590 3632 3632 3600 4065 4065 4064 4064 4064 4064 4064 4064
519 1683116370 323 418 3671 3653 3589 3631 3631 3599 4065 4065 4064 4064 4064 4064 4064 4064
520 1683116379 330 418 3670 3653 3589 3631 3631 3599 4065 4065 4064 4064 4064 4064 4064 4064
521 1683116379 381 398 3671 3653 3589 3631 3630 3599 4065 4065 4064 4064 4064 4064 4064 4064
522 1683116386 310 419 3672 3653 3589 3632 3632 3600 4065 4065 4064 4064 4064 4064 4064 4064
523 1683116386 383 395 3671 3653 3588 3631 3630 3598 4065 4065 4064 4064 4064 4064 4064 4064
524 1683116402 382 397 3672 3653 3590 3632 3632 3599 4065 4065 4064 4064 4064 4064 4064 4064
525 1683116405 377 402 3672 3653 3589 3632 3631 3599 4065 4065 4064 4064 4064 4064 4064 4064
526 1683116414 379 401 370 405 3586 3631 3631 3599 4065 4065 4064 4064 4064 4064 4064 4064
527 1683116419 377 402 3672 3654 3590 3632 3632 3600 4065 4065 4064 4064 4064 4064 4064 4064
528 1683116428 374 404 3672 3653 3590 3632 3632 3600 4063 4063 4063 4063 4063 4063 4063 4063
529 1683116429 385 393 3672 3653 3589 3632 3631 3600 4065 4063 4063 4063 4063 4063 4063 4063
530 1683116442 294 419 3672 3653 3589 3631 3631 3599 4065 4065 4064 4064 4064 4064 4064 4064
531 1683116453 392 376 3671 3653 3589 3631 3631 3599 4063 4063 4063 4063 4063 4063 4063 4063
532 1683116457 375 404 3671 3652 3589 3631 3631 3598 4063 4063 4063 4063 4063 4063 4063 4063
533 1683116458 328 419 3672 3654 3589 3632 3631 3599 4065 4065 4065 4065 4065 4065 4065 4065
534 1683116459 395 349 3672 3653 3589 3631 3631 3599 4065 4065 4064 4064 4064 4064 4064 4064
535 1683116460 361 414 3673 396 3588 3633 3632 3600 4063 4063 4063 4063 4063 4063 4063 4063
536 1683116461 359 414 3672 3654 3590 3632 3632 3599 4065 4065 4065 4065 4065 4065 4065 4065
537 1683116471 369 410 3671 3653 3589 3631 3631 3598 4063 4063 4063 4063 4063 4063 4063 4063
538 1683116481 378 401 3667 3648 3585 3627 3626 3594 4065 4065 4064 4064 4064 4064 4064 4064
539 1683116508 394 371 3671 3652 3588 3631 3630 3598 4065 4065 4065 4065 4065 4065 4065 4065
540 1683116517 370 408 3669 3650 409 3626 3628 3596 4063 4063 4063 4063 4063 4063 4063 4063
541 1683116533 373 405 3668 3649 3585 3627 3627 3595 4063 4063 4063 4063 4063 4063 4063 4063
542 1683116536 371 409 3670 3651 3587 3629 3629 1716 4063 4063 4063 4063 4063 4063 4063 4063
543 1683116539 352 416 3670 3651 342 3627 3630 3598 4065 4065 4064 4064 4064 4064 4064 4064
544 1683116544 390 384 3670 3652 3588 3630 3630 3597 4065 4065 4065 4065 4065 4065 4065 4065
545 1683116545 396 311 3670 3652 3588 3630 3630 3598 4065 4065 4065 4065 4065 4065 4065 4065
546 1683116546 339 418 3671 3653 3588 3630 3630 3598 4063 4063 4063 4063 4063 4063 4063 4063
547 1683116548 353 416 3670 3651 3588 3630 3629 3598 4065 4065 4065 4065 4065 4065 4065 4065
548 1683116552 386 390 3671 3653 3589 3631 3631 3599 4065 4065 4065 4065 4065 4065 4065 4065
549 1683116558 321 418 3673 3654 3590 3632 3632 3600 4065 4065 4065 4065 4065 4065 4065 4065
550 1683116559 370 408 3672 3655 3591 3633 3633 1700 4065 4065 4064 4064 4064 4064 4064 4064
551 1683116564 392 376 3671 3654 3590 3632 3632 3600 4065 4065 4064 4064 4064 4064 4064 4064
552 1683116569 259 420 3673 3654 3591 3633 3633 3601 4065 4065 4064 4064 4064 4064 4064 4064
553 1683116570 365 412 3673 3654 3591 3633 3632 1719 4065 4065 4065 4065 4065 4065 4065 4065
554 1683116580 351 416 3674 3656 337 3631 3633 3601 4065 4065 4064 4064 4064 4064 4064 4064
555 1683116593 378 402 3673 3654 3590 3633 3633 3601 4063 4063 4063 4063 4063 4063 4063 4063
556 1683116598 239 420 3673 3654 3590 3632 3632 3600 4065 4065 4065 4065 4065 4065 4065 4065
557 1683116609 387 391 3673 3654 3590 3633 3632 3601 4063 4063 4063 4063 4063 4063 4063 4063
558 1683116611 368 410 328 393 448 3632 3636 1668 4065 4065 4065 4065 4065 4065 4065 4065
559 1683116611 375 404 3673 3655 3591 3633 3633 3600 4065 4065 4064 4064 4064 4064 4064 4064
560 1683116611 341 418 3673 3655 3591 3633 3632 3600 4065 4065 4064 4064 4064 4064 4064 4064
561 1683116616 394 360 3673 3654 454 3629 3633 3601 4067 4065 4065 4065 4065 4065 4065 4065
562 1683116631 394 360 3674 3656 347 3632 3634 1653 4065 4065 4065 4065 4065 4065 4065 4065
563 1683116639 395 347 3674 3655 3591 3634 3634 3602 4065 4065 4065 4065 4065 4065 4065 4065
564 1683116642 380 400 3672 3654 3589 3632 3632 3600 4063 4063 4063 4063 4063 4063 4063 4063
565 1683116644 387 390 3673 3654 3590 3633 3632 3601 4065 4065 4065 4065 4065 4065 4065 4065
566 1683116647 386 391 3672 3654 3590 3632 3632 3600 4063 4063 4063 4063 4063 4063 4063 4063
567 1683116658 394 373 3673 3654 3591 3633 3633 3600 4065 4065 4065 4065 4065 4065 4065 4065
568 1683116662 326 418 3672 305 3588 3632 3632 3599 4065 4065 4064 4064 4064 4064 4064 4064
569 1683116671 375 404 3672 3654 3590 3632 3631 3599 4065 4065 4065 4065 4065 4065 4065 4065
570 1683116675 331 418 3673 3654 3591 3633 3633 3601 4063 4063 4063 4063 4063 4063 4063 4063
571 1683116686 357 415 3672 3654 3589 3632 3632 3599 4065 4065 4065 4065 4065 4065 4065 4065
572 1683116690 382 399 3672 3653 3589 3632 3632 3600 4065 4065 4065 4065 4065 4065 4065 4065
573 1683116691 375 405 3673 3654 3590 3632 3631 3599 4065 4065 4064 4064 4064 4064 4064 4064
574 1683116695 350 418 3672 3654 3590 3632 3631 3599 4065 4065 4064 4064 4064 4064 4064 4064
575 1683116702 396 177 3670 3651 3587 3629 3629 3597 4065 4065 4064 4064 4064 4064 4064 4064
576 1683116708 385 388 3670 3651 3587 3630 3629 3597 4065 4065 4064 4064 4064 4064 4064 4064
577 1683116709 372 404 3670 3651 3587 3630 3629 3597 4065 4065 4064 4064 4064 4064 4064 4064
578 1683116716 345 416 3670 3652 3587 3629 3629 3597 4065 4065 4064 4064 4064 4064 4064 4064
579 1683116722 358 413 3671 3652 3588 3630 3629 3598 4065 4065 4064 4064 4064 4064 4064 4064
580 1683116740 216 418 3670 251 3586 3629 3629 3597 4065 4065 4064 4064 4064 4064 4064 4064
581 1683116749 389 380 3670 486 3585 3629 3629 3597 4065 4065 4064 4064 4064 4064 4064 4064
582 1683116763 362 412 3670 3651 3587 3629 3629 3597 4065 4065 4064 4064 4064 4064 4064 4064
583 1683116770 381 395 435 415 374 1686 1756 1716 4065 4065 4064 4064 4064 4064 4064 4064
584 1683116778 281 418 3666 3649 3584 3626 3626 3594 4065 4065 4064 4064 4064 4064 4064 4064
585 1683116781 349 415 3668 3649 3584 3626 3626 3594 4065 4065 4064 4064 4064 4064 4064 4064
586 1683116782 388 383 3668 3649 3585 3628 3627 3595 4065 4065 4064 4064 4064 4064 4064 4064
587 1683116788 390 378 3669 474 3585 3629 3629 3597 4065 4065 4064 4064 4064 4064 4064 4064
588 1683116794 223 419 3669 3650 3586 3629 3629 3597 4065 4065 4064 4064 4064 4064 4064 4064
589 1683116798 318 417 3669 278 375 3627 3630 3598 4065 4065 4064 4064 4064 4064 4064 4064
590 1683116808 357 413 3670 3651 3587 3629 3629 3597 4065 4065 4064 4064 4064 4064 4064 4064
591 1683116810 355 414 3670 343 3586 3630 3630 3598 4065 4065 4064 4064 4064 4064 4064 4064
592 1683116814 314 417 3670 3652 3587 3629 3629 3597 4063 4063 4063 4063 4063 4063 4063 4063
593 1683116825 363 410 3671 3652 3588 3630 3629 3598 4065 4065 4064 4064 4064 4064 4064 4064
594 1683116827 332 417 3670 3651 3587 3629 3629 3597 4063 4063 4063 4063 4063 4063 4063 4063
595 1683116834 396 163 3669 3651 3587 3629 3629 3598 4065 4063 4063 4063 4063 4063 4063 4063
596 1683116841 362 411 3669 3650 3587 3629 3629 3597 4065 4065 4064 4064 4064 4064 4064 4064
597 1683116842 372 405 3669 3650 3586 3628 3627 3595 4065 4065 4064 4064 4064 4064 4064 4064
598 1683116843 356 413 3669 3650 426 3626 3629 3596 4065 4065 4064 4064 4064 4064 4064 4064
599 1683116845 374 402 3667 3648 3584 3626 3626 3594 4065 4065 4065 4065 4065 4065 4065 4065
600 1683116846 386 387 442 395 3584 3628 3628 1735 4065 4065 4064 4064 4064 4064 4064 4064
601 1683116846 332 417 3666 3647 3583 3625 3625 3594 4063 4063 4063 4063 4063 4063 4063 4063
602 1683116847 391 373 3667 3649 3585 3627 3627 1751 4065 4065 4064 4064 4064 4064 4064 4064
603 1683116853 331 416 3665 3646 3582 3624 3624 3592 4065 4065 4064 4064 4064 4064 4064 4064
604 1683116862 372 403 3666 3647 3584 3626 3626 3594 4065 4065 4064 4064 4064 4064 4064 4064
605 1683116872 377 401 3668 488 3584 3628 3628 3596 4065 4065 4064 4064 4064 4064 4064 4064
606 1683116878 389 379 3670 3650 3586 3629 3628 3596 4065 4065 4064 4064 4064 4064 4064 4064
607 1683116879 394 342 3669 3651 3587 3629 3628 3596 4065 4065 4064 4064 4064 4064 4064 4064
608 1683116882 375 402 3670 411 451 3627 3629 3597 4065 4065 4064 4064 4064 4064 4064 4064
609 1683116883 384 391 3669 3651 472 3627 3629 3597 4063 4063 4063 4063 4063 4063 4063 4063
610 1683116885 383 392 3668 3650 3587 3629 3629 3597 4065 4065 4064 4064 4064 4064 4064 4064
611 1683116887 375 402 3670 3652 3588 3630 3630 3598 4063 4063 4063 4063 4063 4063 4063 4063
612 1683116889 393 367 3670 3651 3587 3629 3629 3597 4065 4065 4064 4064 4064 4064 4064 4064
613 1683116893 348 416 383 349 383 3629 3631 3599 4065 4065 4064 4064 4064 4064 4064 4064
614 1683116899 394 355 3672 3654 3590 1667 3631 1682 4065 4065 4064 4064 4064 4064 4064 4064
615 1683116901 340 417 302 316 3585 3630 3629 3598 4065 4065 4064 4064 4064 4064 4064 4064
616 1683116902 373 404 3670 3651 3587 3629 3629 3597 4063 4063 4063 4063 4063 4063 4063 4063
617 1683116909 378 399 3669 3651 3587 3629 3629 3597 4065 4065 4065 4065 4065 4065 4065 4065
618 1683116913 372 404 3671 385 3587 3631 3630 3599 4063 4063 4063 4063 4063 4063 4063 4063
619 1683116919 393 367 3671 3652 3588 3630 3630 3598 4065 4065 4064 4064 4064 4064 4064 4064
620 1683116920 393 370 3670 3652 3588 3630 3630 3598 4065 4065 4064 4064 4064 4064 4064 4064
621 1683116934 359 413 3670 3652 3588 3630 3630 3597 4063 4063 4063 4063 4063 4063 4063 4063
622 1683116941 385 391 3670 3652 3588 3630 3631 3599 4063 4063 4063 4063 4063 4063 4063 4063
623 1683116964 396 199 3669 3652 3587 3630 3629 3597 4065 4065 4064 4064 4064 4064 4064 4064
624 1683116972 379 397 411 3647 3586 3627 3627 1719 4065 4065 4064 4064 4064 4064 4064 4064
625 1683116976 387 384 3664 3645 3582 3624 3623 3591 4065 4065 4064 4064 4064 4064 4064 4064
626 1683116982 267 419 3664 3645 3581 3623 3623 3591 4065 4065 4064 4064 4064 4064 4064 4064
627 1683116985 365 409 3663 3645 3581 3623 3623 3591 4065 4065 4064 4064 4064 4064 4064 4064
628 1683116991 393 355 3663 3644 428 3620 3622 3591 4065 4065 4064 4064 4064 4064 4064 4064
629 1683117004 385 390 437 3647 3585 3628 3627 3595 4063 4063 4063 4063 4063 4063 4063 4063
630 1683117015 361 412 3669 3650 3586 3629 3629 3597 4063 4063 4063 4063 4063 4063 4063 4063
631 1683117015 395 331 3669 3651 3587 3629 3629 3597 4063 4063 4063 4063 4063 4063 4063 4063
632 1683117051 335 417 3667 3649 3585 3627 3627 3595 4063 4063 4063 4063 4063 4063 4063 4063
633 1683117054 296 418 3669 3651 3586 3628 3629 3597 4065 4065 4064 4064 4064 4064 4064 4064
634 1683117060 393 359 3670 3652 3587 3630 3630 3598 4063 4063 4063 4063 4063 4063 4063 4063
635 1683117069 394 354 3671 3652 3589 3631 3631 3598 4065 4065 4064 4064 4064 4064 4064 4064
636 1683117071 367 409 406 429 394 3630 3632 1726 4063 4063 4063 4063 4063 4063 4063 4063
637 1683117078 385 386 342 3649 3589 3632 3631 1671 4063 4063 4063 4063 4063 4063 4063 4063
638 1683117081 285 418 3671 3651 3588 3629 3630 3598 4063 4063 4063 4063 4063 4063 4063 4063
639 1683117084 377 400 3671 3653 3589 3632 3631 3599 4063 4063 4063 4063 4063 4063 4063 4063
640 1683117085 346 416 3671 3652 3588 3631 3630 3599 4063 4063 4063 4063 4063 4063 4063 4063
641 1683117087 362 412 3673 326 3589 3633 3633 1679 4063 4063 4063 4063 4063 4063 4063 4063
642 1683117092 369 408 376 430 3588 3632 3632 3600 4065 4063 4063 4063 4063 4063 4063 4063
643 1683117093 364 411 414 370 370 3633 3635 1703 4063 4063 4063 4063 4063 4063 4063 4063
644 1683117101 356 414 3672 3654 3590 3632 3632 3600 4063 4063 4063 4063 4063 4063 4063 4063
645 1683117105 390 379 3673 3654 3590 3632 3632 3600 4063 4063 4063 4063 4063 4063 4063 4063
646 1683117112 346 416 3672 328 3587 3631 3631 3599 4063 4063 4063 4063 4063 4063 4063 4063
647 1683117114 390 380 3671 3654 3590 3632 3632 3600 4067 4065 4065 4065 4065 4065 4065 4065
648 1683117119 321 417 3672 3653 3589 3631 3631 3599 4065 4065 4064 4064 4064 4064 4064 4064
649 1683117119 396 137 3673 3654 3590 3632 3632 3600 4065 4065 4065 4065 4065 4065 4065 4065
650 1683117123 383 393 3674 3655 3591 3633 3633 1741 4063 4063 4063 4063 4063 4063 4063 4063
651 1683117127 387 384 3674 3655 3591 3634 3633 1718 4063 4063 4063 4063 4063 4063 4063 4063
652 1683117139 376 401 3673 3654 3590 3632 3632 3600 4063 4063 4063 4063 4063 4063 4063 4063
653 1683117144 393 368 3672 3654 3589 3632 3632 3599 4065 4065 4064 4064 4064 4064 4064 4064
654 1683117147 389 381 377 3652 3591 1674 3631 3601 4063 4063 4063 4063 4063 4063 4063 4063
655 1683117148 278 419 3671 3652 3588 3630 3630 3598 4065 4065 4065 4065 4065 4065 4065 4065
656 1683117150 365 410 364 383 3590 1632 1692 1664 4065 4065 4065 4065 4065 4065 4065 4065
657 1683117174 390 377 3671 3652 3588 3630 3630 1712 4063 4063 4063 4063 4063 4063 4063 4063
658 1683117180 375 401 352 3652 3590 3633 3631 1661 4065 4065 4064 4064 4064 4064 4064 4064
659 1683117181 325 417 3671 289 333 3627 3631 3599 4065 4065 4065 4065 4065 4065 4065 4065
660 1683117186 332 417 3674 309 3589 1610 3633 1625 4065 4065 4065 4065 4065 4065 4065 4065
661 1683117194 320 417 3671 282 3587 3631 3631 3600 4063 4063 4063 4063 4063 4063 4063 4063
662 1683117196 144 419 3671 3653 3588 3631 3630 3599 4065 4063 4063 4063 4063 4063 4063 4063
663 1683117223 391 378 374 422 449 3625 3628 3596 4063 4063 4063 4063 4063 4063 4063 4063
664 1683117227 348 416 3667 386 411 3625 3627 3596 4063 4063 4063 4063 4063 4063 4063 4063
665 1683117231 395 308 3665 3647 3584 3626 3626 3594 4065 4063 4063 4063 4063 4063 4063 4063
666 1683117243 352 415 3670 3651 341 3627 3629 3597 4063 4063 4063 4063 4063 4063 4063 4063
667 1683117248 379 399 3671 3652 3588 3630 3630 3598 4065 4063 4063 4063 4063 4063 4063 4063
668 1683117256 331 417 3667 266 3583 3627 3627 3595 4063 4063 4063 4063 4063 4063 4063 4063
669 1683117262 356 414 3665 347 3581 3626 3626 3594 4063 4063 4063 4063 4063 4063 4063 4063
670 1683117272 365 410 3664 355 3580 3625 3625 3593 4063 4063 4063 4063 4063 4063 4063 4063
671 1683117283 364 411 3669 3651 3587 3629 3629 3597 4063 4063 4063 4063 4063 4063 4063 4063
672 1683117291 393 368 3673 456 387 3630 3633 1729 4065 4063 4063 4063 4063 4063 4063 4063
673 1683117295 353 415 3671 3653 3589 3632 3631 3599 4067 4065 4065 4065 4065 4065 4065 4065
674 1683117309 393 365 3669 3651 3587 3629 3629 3597 4063 4063 4063 4063 4063 4063 4063 4063
675 1683117309 323 417 3669 3651 329 3627 3629 3597 4065 4065 4065 4065 4065 4065 4065 4065
676 1683117311 342 417 3669 3651 3587 3630 3629 3597 4065 4063 4063 4063 4063 4063 4063 4063
677 1683117316 383 392 3667 3649 3585 3627 3627 3595 4063 4063 4063 4063 4063 4063 4063 4063
678 1683117321 344 416 3668 3649 3584 3627 3627 3595 4063 4063 4063 4063 4063 4063 4063 4063
679 1683117339 389 380 3665 3647 3583 3625 3625 3594 4063 4063 4063 4063 4063 4063 4063 4063
680 1683117345 387 384 3667 3648 3584 3627 3627 3595 4063 4063 4063 4063 4063 4063 4063 4063
681 1683117352 386 388 3666 3648 3584 3626 3626 3594 4063 4063 4063 4063 4063 4063 4063 4063
682 1683117367 395 317 3667 3648 3585 3627 3627 3595 4065 4065 4065 4065 4065 4065 4065 4065
683 1683117376 388 384 3667 414 3583 3628 3629 3596 4063 4063 4063 4063 4063 4063 4063 4063
684 1683117381 394 347 3668 3649 3586 3628 3628 3596 4063 4063 4063 4063 4063 4063 4063 4063
685 1683117402 371 405 3675 253 378 3633 3635 3603 4067 4065 4065 4065 4065 4065 4065 4065
686 1683117406 380 397 362 385 3591 3636 3636 3604 4063 4063 4063 4063 4063 4063 4063 4063
687 1683117412 361 413 3676 3658 3594 3636 3636 3604 4063 4063 4063 4063 4063 4063 4063 4063
688 1683117422 377 400 3677 3659 3594 3637 3636 3604 4063 4063 4063 4063 4063 4063 4063 4063
689 1683117436 385 389 3677 3658 3595 3637 3637 3605 4063 4063 4063 4063 4063 4063 4063 4063
690 1683117466 386 388 444 421 364 1711 1767 1729 4065 4065 4065 4065 4065 4065 4065 4065
691 1683117470 373 404 3677 3658 3594 3636 3636 3604 4065 4065 4065 4065 4065 4065 4065 4065
692 1683117487 366 410 3676 3657 3593 3635 3635 3603 4065 4065 4065 4065 4065 4065 4065 4065
693 1683117488 366 410 3676 3658 3593 3635 3635 3603 4063 4063 4063 4063 4063 4063 4063 4063
694 1683117488 384 392 3678 458 3592 3638 3638 1724 4063 4063 4063 4063 4063 4063 4063 4063
695 1683117498 395 339 3675 3657 3593 3635 3635 3603 4065 4065 4065 4065 4065 4065 4065 4065
696 1683117510 341 417 3676 3657 3593 3635 3635 3603 4065 4063 4063 4063 4063 4063 4063 4063
697 1683117531 356 414 3675 3656 3592 3634 3634 3602 4065 4065 4065 4065 4065 4065 4065 4065
698 1683117531 371 407 3673 390 3588 3633 3633 3601 4065 4065 4064 4064 4064 4064 4064 4064
699 1683117533 353 415 357 3657 3595 1664 1700 1659 4065 4065 4065 4065 4065 4065 4065 4065
700 1683117536 387 385 3674 389 3590 3635 3634 3602 4065 4065 4064 4064 4064 4064 4064 4064
701 1683117538 365 411 3673 3656 3591 3633 3633 3601 4063 4063 4063 4063 4063 4063 4063 4063
702 1683117539 378 400 3675 410 3591 3635 3635 1727 4065 4065 4065 4065 4065 4065 4065 4065
703 1683117552 368 409 3674 388 3589 3634 3634 3602 4065 4065 4065 4065 4065 4065 4065 4065
704 1683117596 388 386 3673 3655 3591 3633 3633 3600 4065 4065 4064 4064 4064 4064 4064 4064
705 1683117600 386 390 3673 3654 3590 3633 3633 3600 4065 4065 4064 4064 4064 4064 4064 4064
706 1683117605 358 414 3672 3654 3590 3632 3633 3600 4065 4065 4065 4065 4065 4065 4065 4065
707 1683117616 396 119 3672 3654 3589 3631 3631 3599 4065 4065 4064 4064 4064 4064 4064 4064
708 1683117629 390 382 3673 3655 3591 3633 3633 1728 4065 4065 4064 4064 4064 4064 4064 4064
709 1683117635 364 411 3672 369 3587 3632 3632 3599 4065 4065 4065 4065 4065 4065 4065 4065
710 1683117636 347 417 394 332 3588 3632 3632 3600 4065 4065 4065 4065 4065 4065 4065 4065
711 1683117642 369 409 3671 3653 3589 3631 3630 3599 4065 4065 4064 4064 4064 4064 4064 4064
712 1683117644 387 388 3672 3654 3590 3632 3631 3600 4065 4065 4064 4064 4064 4064 4064 4064
713 1683117652 303 418 3671 3653 3589 3631 3631 3599 4065 4065 4064 4064 4064 4064 4064 4064
714 1683117667 395 346 3671 3653 3589 3632 3632 3600 4065 4065 4064 4064 4064 4064 4064 4064
715 1683117682 368 409 3671 3652 3588 3630 3630 3598 4065 4065 4065 4065 4065 4065 4065 4065
716 1683117687 315 418 3671 3653 3589 3630 3630 3598 4065 4065 4064 4064 4064 4064 4064 4064
717 1683117694 377 400 3672 3653 3589 3631 3631 3599 4065 4065 4064 4064 4064 4064 4064 4064
718 1683117702 377 400 3671 3652 3588 3630 3630 3598 4065 4065 4064 4064 4064 4064 4064 4064
719 1683117711 377 403 3671 3653 3589 3631 3631 3599 4065 4065 4065 4065 4065 4065 4065 4065
720 1683117718 362 414 3671 376 3587 3631 3632 3599 4065 4065 4064 4064 4064 4064 4064 4064
721 1683117726 397 225 3671 3652 3588 3630 3630 3598 4065 4065 4064 4064 4064 4064 4064 4064
722 1683117727 367 409 3670 3651 3587 3630 3629 3597 4063 4063 4063 4063 4063 4063 4063 4063
723 1683117729 370 408 3669 364 3585 3629 3629 3597 4065 4065 4064 4064 4064 4064 4064 4064
724 1683117731 22 419 3667 3649 3585 3627 3627 3595 4065 4065 4064 4064 4064 4064 4064 4064
725 1683117771 377 401 3666 3648 3584 3626 3626 3594 4065 4065 4064 4064 4064 4064 4064 4064
726 1683117781 378 399 3665 3647 3583 3625 3625 3593 4065 4065 4064 4064 4064 4064 4064 4064
727 1683117785 338 417 3665 314 381 3623 3625 3593 4065 4065 4065 4065 4065 4065 4065 4065
728 1683117786 376 402 371 403 3580 3625 3625 3593 4067 4065 4065 4065 4065 4065 4065 4065
729 1683117788 377 401 433 371 3581 3625 3625 3593 4065 4065 4064 4064 4064 4064 4064 4064
730 1683117805 357 414 3668 308 3584 3629 3629 3597 4065 4065 4064 4064 4064 4064 4064 4064
731 1683117806 392 373 3670 489 3585 3630 3630 3598 4065 4065 4064 4064 4064 4064 4064 4064
732 1683117824 324 418 3672 3653 3589 3631 3631 3599 4063 4063 4063 4063 4063 4063 4063 4063
733 1683117827 397 116 3673 3654 3590 3632 3632 3600 4065 4065 4065 4065 4065 4065 4065 4065
734 1683117828 385 391 3672 3653 3589 3632 3631 3600 4065 4065 4064 4064 4064 4064 4064 4064
735 1683117834 396 305 3673 3654 3590 3632 3632 3601 4065 4065 4064 4064 4064 4064 4064 4064
736 1683117838 369 410 3673 3654 3590 3633 3633 3600 4065 4065 4064 4064 4064 4064 4064 4064
737 1683117847 279 420 3673 247 3588 3633 3633 3601 4065 4065 4065 4065 4065 4065 4065 4065
738 1683117856 381 397 418 3654 3593 1707 1753 1718 4065 4065 4064 4064 4064 4064 4064 4064
739 1683117861 373 405 3673 3654 3590 3633 3632 3600 4065 4065 4064 4064 4064 4064 4064 4064
740 1683117866 383 395 3673 3655 3590 3633 3632 3600 4065 4065 4065 4065 4065 4065 4065 4065
741 1683117870 354 415 3675 3658 3593 1648 3634 1672 4065 4065 4064 4064 4064 4064 4064 4064
742 1683117872 373 404 3672 3655 3590 3632 3633 3600 4065 4065 4064 4064 4064 4064 4064 4064
743 1683117874 395 321 3671 3655 3590 3632 3632 3600 4065 4065 4064 4064 4064 4064 4064 4064
744 1683117883 374 403 438 3653 3591 3633 3632 3600 4065 4065 4064 4064 4064 4064 4064 4064
745 1683117894 394 359 3672 3654 3590 3631 3631 3599 4065 4065 4065 4065 4065 4065 4065 4065
746 1683117928 387 388 3672 3653 3589 3631 3631 3598 4065 4065 4065 4065 4065 4065 4065 4065
747 1683117968 392 375 3672 3654 3590 3632 3632 3600 4065 4065 4065 4065 4065 4065 4065 4065
748 1683117974 353 416 3670 3652 3587 1617 1675 1659 4063 4063 4063 4063 4063 4063 4063 4063
749 1683117976 306 418 3668 3649 3585 3627 3627 3595 4063 4063 4063 4063 4063 4063 4063 4063
750 1683117991 369 408 3664 3647 3583 3625 3625 1688 4065 4065 4065 4065 4065 4065 4065 4065
751 1683117999 387 386 3663 3645 3581 3623 3623 3592 4063 4063 4063 4063 4063 4063 4063 4063
752 1683118000 351 416 3662 3644 3581 3623 3623 3591 4063 4063 4063 4063 4063 4063 4063 4063
753 1683118004 344 418 3664 3646 3582 3624 3624 3592 4065 4065 4065 4065 4065 4065 4065 4065
754 1683118006 357 415 440 366 352 3625 3628 1824 4065 4065 4065 4065 4065 4065 4065 4065
755 1683118007 285 419 3666 3648 3584 3626 3625 3594 4063 4063 4063 4063 4063 4063 4063 4063
756 1683118013 369 409 3669 3651 3587 3628 3628 3596 4063 4063 4063 4063 4063 4063 4063 4063
757 1683118021 381 397 3670 3651 3587 3629 3629 3598 4063 4063 4063 4063 4063 4063 4063 4063
758 1683118033 347 417 3672 335 358 1660 3631 3600 4065 4063 4063 4063 4063 4063 4063 4063
759 1683118036 371 408 3671 3653 3589 3632 3631 3599 4063 4063 4063 4063 4063 4063 4063 4063
760 1683118054 337 418 3673 3654 3590 3632 3632 3600 4063 4063 4063 4063 4063 4063 4063 4063
761 1683118067 380 398 3667 3649 3585 3627 3627 3595 4065 4063 4063 4063 4063 4063 4063 4063
762 1683118093 340 418 3672 3653 3589 3631 3631 3599 4065 4065 4064 4064 4064 4064 4064 4064
763 1683118094 383 393 3673 3655 3591 3633 3632 3600 4063 4063 4063 4063 4063 4063 4063 4063
764 1683118104 394 371 3673 3655 3591 3633 3633 3601 4063 4063 4063 4063 4063 4063 4063 4063
765 1683118108 323 418 3674 3655 3591 3634 3633 3601 4063 4063 4063 4063 4063 4063 4063 4063
766 1683118113 389 384 3673 3655 3591 3633 3633 3601 4063 4063 4063 4063 4063 4063 4063 4063
767 1683118123 382 397 3674 3656 3592 3634 3634 1690 4063 4063 4063 4063 4063 4063 4063 4063
768 1683118128 392 377 3672 3654 3590 3632 3632 3600 4063 4063 4063 4063 4063 4063 4063 4063
769 1683118133 377 403 406 434 3588 3633 3633 3601 4065 4065 4064 4064 4064 4064 4064 4064
770 1683118160 395 339 3672 3653 3589 3632 3631 3599 4065 4065 4064 4064 4064 4064 4064 4064
771 1683118166 360 414 412 3651 3590 3632 3632 3599 4065 4065 4064 4064 4064 4064 4064 4064
772 1683118172 395 349 3672 3654 3590 3632 3632 3600 4063 4063 4063 4063 4063 4063 4063 4063
773 1683118175 375 405 411 3652 3590 3633 3633 3600 4065 4065 4064 4064 4064 4064 4064 4064
774 1683118175 372 406 344 3654 3592 3634 3633 1634 4065 4065 4064 4064 4064 4064 4064 4064
775 1683118187 383 395 3673 3655 3591 3633 3633 1712 4065 4065 4064 4064 4064 4064 4064 4064
776 1683118197 321 418 3672 3654 3589 3632 3631 3599 4065 4065 4064 4064 4064 4064 4064 4064
777 1683118205 337 418 3672 3653 3589 3631 3631 3599 4065 4065 4064 4064 4064 4064 4064 4064
778 1683118212 394 362 418 448 387 3630 3633 3601 4065 4065 4064 4064 4064 4064 4064 4064
779 1683118217 354 416 3670 3652 3588 3630 3630 3598 4065 4065 4065 4065 4065 4065 4065 4065
780 1683118217 394 363 415 425 362 3630 3631 1766 4063 4063 4063 4063 4063 4063 4063 4063
781 1683118228 385 392 3665 3648 3584 3626 3626 3595 4065 4065 4064 4064 4064 4064 4064 4064
782 1683118230 374 404 3667 425 3584 1691 1759 1714 4065 4065 4064 4064 4064 4064 4064 4064
783 1683118243 379 399 3663 392 3580 3625 3625 3593 4065 4065 4064 4064 4064 4064 4064 4064
784 1683118247 378 401 3664 3646 3582 3625 3625 3593 4063 4063 4063 4063 4063 4063 4063 4063
785 1683118247 352 416 3664 3645 3581 3624 3624 3592 4063 4063 4063 4063 4063 4063 4063 4063
786 1683118254 332 417 3664 3646 3582 3624 3624 3592 4063 4063 4063 4063 4063 4063 4063 4063
787 1683118265 382 395 462 401 3583 3627 3626 1715 4065 4065 4064 4064 4064 4064 4064 4064
788 1683118267 362 412 3666 3647 3583 3626 3625 1653 4063 4063 4063 4063 4063 4063 4063 4063
789 1683118287 385 391 3667 3649 3585 3627 3627 3596 4063 4063 4063 4063 4063 4063 4063 4063
790 1683118304 172 419 3670 3651 3587 3629 3629 3597 4063 4063 4063 4063 4063 4063 4063 4063
791 1683118314 385 391 3671 3652 3588 3630 3630 3598 4065 4065 4064 4064 4064 4064 4064 4064
792 1683118321 386 390 3674 3655 3591 3632 3633 3601 4063 4063 4063 4063 4063 4063 4063 4063
793 1683118321 396 326 3673 3655 3591 3633 3633 3601 4065 4065 4065 4065 4065 4065 4065 4065
794 1683118325 344 417 395 3655 330 1648 3634 1666 4065 4065 4064 4064 4064 4064 4064 4064
795 1683118327 368 409 3674 3655 3591 3633 3633 3601 4065 4065 4064 4064 4064 4064 4064 4064
796 1683118332 393 374 3674 3656 3592 3634 3634 3602 4063 4063 4063 4063 4063 4063 4063 4063
797 1683118333 393 370 3675 354 3591 3635 3635 3604 4065 4065 4064 4064 4064 4064 4064 4064
798 1683118340 397 62 3674 3656 3592 3634 3634 3602 4065 4065 4064 4064 4064 4064 4064 4064
799 1683118347 343 418 3675 3657 3593 3635 3635 3603 4065 4065 4064 4064 4064 4064 4064 4064
800 1683118359 392 375 3675 431 3591 3635 3635 3604 4065 4065 4064 4064 4064 4064 4064 4064
801 1683118361 346 417 3677 3658 3594 3637 3636 1726 4065 4065 4064 4064 4064 4064 4064 4064
802 1683118361 341 419 425 331 3591 3636 3636 3605 4065 4065 4065 4065 4065 4065 4065 4065
803 1683118363 351 417 3675 3658 3594 3636 3636 3604 4065 4065 4064 4064 4064 4064 4064 4064
804 1683118370 391 380 3674 3657 3593 3636 3635 3603 4065 4065 4064 4064 4064 4064 4064 4064
805 1683118372 358 415 3673 3656 3592 3634 3634 3602 4063 4063 4063 4063 4063 4063 4063 4063
806 1683118378 278 420 3675 3657 3593 3635 3635 3603 4065 4065 4064 4064 4064 4064 4064 4064
807 1683118388 379 400 3676 3658 3593 3636 3635 3604 4065 4065 4064 4064 4064 4064 4064 4064
808 1683118392 395 349 3674 3656 3592 3635 3635 3602 4065 4065 4064 4064 4064 4064 4064 4064
809 1683118405 375 404 3674 3656 3592 3634 3634 3602 4065 4065 4064 4064 4064 4064 4064 4064
810 1683118409 366 411 344 356 3590 3635 3635 3603 4065 4065 4064 4064 4064 4064 4064 4064
811 1683118419 369 410 3677 3658 3594 3636 3636 1765 4065 4065 4064 4064 4064 4064 4064 4064
812 1683118434 345 418 389 324 340 3633 3635 3604 4065 4065 4064 4064 4064 4064 4064 4064
813 1683118435 387 390 3675 3657 3592 3635 3634 3602 4065 4065 4064 4064 4064 4064 4064 4064
814 1683118438 82 420 3675 3657 3592 3635 3634 3602 4065 4065 4064 4064 4064 4064 4064 4064
815 1683118445 388 386 3671 3652 3588 3631 3630 3598 4065 4065 4064 4064 4064 4064 4064 4064
816 1683118447 370 410 3670 3651 3587 3629 3629 3597 4065 4065 4064 4064 4064 4064 4064 4064
817 1683118450 395 358 3669 447 3585 3629 3629 1731 4065 4065 4064 4064 4064 4064 4064 4064
818 1683118452 385 391 3668 417 3584 3628 3628 3596 4065 4065 4064 4064 4064 4064 4064 4064
819 1683118452 386 390 3669 3650 3586 3628 3628 3596 4065 4065 4064 4064 4064 4064 4064 4064
820 1683118458 387 388 3670 3651 3587 3629 3629 1724 4065 4065 4064 4064 4064 4064 4064 4064
821 1683118461 392 377 3670 297 3586 1578 1637 1602 4065 4065 4064 4064 4064 4064 4064 4064
822 1683118467 306 419 3667 3649 3585 3627 3627 3595 4065 4065 4064 4064 4064 4064 4064 4064
823 1683118472 384 393 3667 3649 3585 3627 3627 3594 4065 4065 4064 4064 4064 4064 4064 4064
824 1683118485 363 412 3670 3651 3587 3629 3629 3597 4065 4065 4064 4064 4064 4064 4064 4064
825 1683118487 346 418 3671 3652 3588 3631 3631 3599 4065 4065 4064 4064 4064 4064 4064 4064
826 1683118489 379 401 3672 3653 3589 3632 3631 3600 4065 4065 4064 4064 4064 4064 4064 4064
827 1683118492 344 418 3672 3653 3590 3632 3631 3600 4065 4065 4064 4064 4064 4064 4064 4064
828 1683118493 391 379 378 425 3590 3635 3635 1711 4065 4065 4064 4064 4064 4064 4064 4064
829 1683118494 367 411 408 3652 3590 3633 3632 3600 4065 4065 4064 4064 4064 4064 4064 4064
830 1683118507 377 402 383 404 421 1661 1708 1685 4065 4065 4064 4064 4064 4064 4064 4064
831 1683118508 383 391 3673 438 3588 3633 3633 3601 4065 4065 4064 4064 4064 4064 4064 4064
832 1683118523 395 272 3670 3651 3587 3629 3629 3597 4065 4065 4064 4064 4064 4064 4064 4064
833 1683118536 167 418 3667 3648 3585 3626 3626 3595 4065 4065 4064 4064 4064 4064 4064 4064
834 1683118538 384 390 346 3648 3586 3628 3629 3597 4065 4065 4064 4064 4064 4064 4064 4064
835 1683118550 323 417 3667 3649 3584 3627 3626 3595 4065 4065 4064 4064 4064 4064 4064 4064
836 1683118557 393 365 3668 3649 3585 3628 3628 1703 4065 4065 4064 4064 4064 4064 4064 4064
837 1683118580 353 413 3669 3649 3586 3628 3628 3596 4065 4065 4064 4064 4064 4064 4064 4064
838 1683118584 377 398 3670 419 3584 3629 3630 3597 4065 4065 4064 4064 4064 4064 4064 4064
839 1683118585 288 417 343 3651 3590 3632 3632 1648 4065 4065 4064 4064 4064 4064 4064 4064
840 1683118589 386 384 3672 3653 3589 3632 3632 3600 4065 4065 4064 4064 4064 4064 4064 4064
841 1683118593 379 396 3671 3652 3588 3631 3630 3599 4065 4065 4064 4064 4064 4064 4064 4064
842 1683118605 338 416 3670 3651 3587 3629 3630 3597 4065 4065 4064 4064 4064 4064 4064 4064
843 1683118607 389 379 3669 3650 3587 3629 3629 3597 4065 4065 4064 4064 4064 4064 4064 4064
844 1683118610 385 388 3670 414 3586 3630 3630 3598 4065 4065 4064 4064 4064 4064 4064 4064
845 1683118612 390 375 3669 3651 3587 3629 3629 3597 4065 4065 4064 4064 4064 4064 4064 4064
846 1683118616 387 382 3668 3650 3585 3627 3628 3596 4065 4065 4064 4064 4064 4064 4064 4064
847 1683118626 392 360 3670 3651 3588 3630 3630 3598 4065 4065 4064 4064 4064 4064 4064 4064
848 1683118634 379 397 3670 3652 3588 3630 3630 3598 4065 4065 4064 4064 4064 4064 4064 4064
849 1683118639 282 418 3670 3652 3588 3630 3630 3598 4065 4065 4064 4064 4064 4064 4064 4064
850 1683118641 345 416 3671 3653 3589 3632 3631 1663 4065 4065 4064 4064 4064 4064 4064 4064
851 1683118642 367 408 395 385 411 1667 1729 1692 4065 4065 4064 4064 4064 4064 4064 4064
852 1683118643 344 416 3670 3652 3588 3630 3631 3599 4065 4065 4064 4064 4064 4064 4064 4064
853 1683118658 391 372 3671 3653 3589 3631 3631 3599 4065 4065 4064 4064 4064 4064 4064 4064
854 1683118660 386 385 3672 3653 3590 3632 3632 3600 4065 4065 4064 4064 4064 4064 4064 4064
855 1683118671 369 406 3672 3654 3590 3632 3632 3600 4065 4065 4064 4064 4064 4064 4064 4064
856 1683118677 363 409 3670 3653 3588 3631 3631 3599 4065 4065 4064 4064 4064 4064 4064 4064
857 1683118696 361 411 3673 366 3589 3634 3634 3602 4065 4065 4064 4064 4064 4064 4064 4064
858 1683118710 383 391 3676 409 3592 3637 3637 3605 4065 4065 4065 4065 4065 4065 4065 4065
859 1683118712 389 378 3678 3659 3595 3637 3637 3605 4065 4065 4064 4064 4064 4064 4064 4064
860 1683118717 383 392 3676 3658 3594 3637 3636 3605 4065 4065 4064 4064 4064 4064 4064 4064
861 1683118733 350 414 3673 3655 3591 3633 3633 3601 4065 4065 4064 4064 4064 4064 4064 4064
862 1683118735 321 416 3674 3656 3592 3634 3634 3602 4065 4065 4064 4064 4064 4064 4064 4064
863 1683118740 391 373 3673 3655 3591 3633 3633 3601 4065 4065 4064 4064 4064 4064 4064 4064
864 1683118746 390 375 3675 3657 3592 3635 3635 3603 4065 4065 4064 4064 4064 4064 4064 4064
865 1683118767 332 417 317 330 394 3637 3640 1616 4065 4065 4064 4064 4064 4064 4064 4064
866 1683118768 387 382 3676 3659 3595 3637 3637 3605 4065 4065 4064 4064 4064 4064 4064 4064
867 1683118769 323 416 3675 3658 3594 3637 3637 3605 4065 4065 4064 4064 4064 4064 4064 4064
868 1683118769 20 418 3678 3659 3595 3637 3637 3605 4065 4065 4064 4064 4064 4064 4064 4064
869 1683118779 375 401 3680 3662 3598 3640 3640 3608 4065 4065 4064 4064 4064 4064 4064 4064
870 1683118787 355 412 3684 3665 3601 3643 3642 1653 4065 4065 4065 4065 4065 4065 4065 4065
871 1683118787 360 412 368 3661 3600 3643 3643 3610 4063 4063 4063 4063 4063 4063 4063 4063
872 1683118788 364 410 3681 3662 3597 3640 3640 3608 4065 4065 4064 4064 4064 4064 4064 4064
873 1683118790 275 418 3682 3664 3599 3642 3642 3610 4065 4065 4064 4064 4064 4064 4064 4064
874 1683118806 155 418 3682 3663 3599 3641 3641 3609 4065 4065 4065 4065 4065 4065 4065 4065
875 1683118810 379 397 3679 421 347 3637 3640 3608 4065 4065 4065 4065 4065 4065 4065 4065
876 1683118834 343 416 3682 352 391 1622 3641 1646 4065 4065 4065 4065 4065 4065 4065 4065
877 1683118835 389 380 3679 3661 3597 3639 3639 3608 4065 4065 4064 4064 4064 4064 4064 4064
878 1683118836 376 401 3681 3663 3599 3641 3641 1745 4065 4065 4064 4064 4064 4064 4064 4064
879 1683118853 380 396 3681 3663 403 3638 3641 3608 4067 4065 4065 4065 4065 4065 4065 4065
880 1683118860 356 413 3678 3661 3596 3639 3639 3606 4065 4065 4064 4064 4064 4064 4064 4064
881 1683118869 387 386 3679 3661 3597 3640 3639 3607 4065 4065 4064 4064 4064 4064 4064 4064
882 1683118872 313 417 3680 3662 3598 3640 3639 3607 4065 4065 4064 4064 4064 4064 4064 4064
883 1683118878 306 418 3679 3660 3597 3639 3639 3606 4065 4065 4065 4065 4065 4065 4065 4065
884 1683118881 375 401 410 414 417 1684 1745 1714 4065 4065 4065 4065 4065 4065 4065 4065
885 1683118895 359 413 3677 394 3593 3638 3638 3605 4065 4065 4065 4065 4065 4065 4065 4065
886 1683118896 395 50 3678 3660 3596 3638 3638 3605 4065 4065 4064 4064 4064 4064 4064 4064
887 1683118912 173 419 3675 3657 3592 3635 3635 3603 4065 4065 4064 4064 4064 4064 4064 4064
888 1683118918 377 399 3678 3659 3595 3637 3637 3605 4065 4065 4064 4064 4064 4064 4064 4064
889 1683118922 375 402 3677 3658 3595 3637 3637 3604 4065 4065 4065 4065 4065 4065 4065 4065
890 1683118926 372 404 3677 3658 3595 3637 3636 3604 4065 4065 4064 4064 4064 4064 4064 4064
891 1683118933 316 417 3677 268 3593 3637 3638 3605 4065 4065 4064 4064 4064 4064 4064 4064
892 1683118940 343 417 3676 3658 3593 3636 3635 3603 4065 4065 4064 4064 4064 4064 4064 4064
893 1683118951 352 414 3676 3656 3593 3635 3634 3602 4065 4065 4064 4064 4064 4064 4064 4064
894 1683118966 341 417 3676 349 374 3634 3636 3604 4065 4065 4064 4064 4064 4064 4064 4064
895 1683118968 358 413 3675 3657 3592 3634 3634 3602 4065 4065 4064 4064 4064 4064 4064 4064
896 1683118968 371 405 3676 3657 3593 3635 3635 3603 4065 4065 4064 4064 4064 4064 4064 4064
897 1683118977 366 409 394 390 3594 1662 1721 1704 4065 4065 4064 4064 4064 4064 4064 4064
898 1683118985 389 379 3675 3657 400 3632 3635 3602 4065 4065 4064 4064 4064 4064 4064 4064
899 1683119003 383 393 3674 3655 3591 3633 3633 3601 4065 4065 4064 4064 4064 4064 4064 4064
900 1683119036 361 413 3674 3655 3591 3633 3633 3601 4065 4065 4064 4064 4064 4064 4064 4064
901 1683119038 353 414 3673 355 3590 3634 3634 3602 4065 4065 4064 4064 4064 4064 4064 4064
902 1683119044 386 388 3672 3655 3590 3633 3633 3601 4065 4063 4063 4063 4063 4063 4063 4063
903 1683119049 375 402 3673 3654 3590 3632 3632 3600 4063 4063 4063 4063 4063 4063 4063 4063
904 1683119050 388 383 3674 442 3590 3633 3634 3602 4065 4065 4065 4065 4065 4065 4065 4065
905 1683119051 388 385 3674 3656 3592 3634 3634 3602 4063 4063 4063 4063 4063 4063 4063 4063
906 1683119052 36 419 3673 3655 3591 3633 3633 3601 4065 4063 4063 4063 4063 4063 4063 4063
907 1683119060 395 326 3673 3655 3591 3633 3632 3601 4063 4063 4063 4063 4063 4063 4063 4063
908 1683119065 387 385 334 3652 467 3630 3633 3602 4063 4063 4063 4063 4063 4063 4063 4063
909 1683119076 382 394 3673 3654 3590 3633 3632 3601 4063 4063 4063 4063 4063 4063 4063 4063
910 1683119085 380 397 3673 3654 3591 3633 3632 3600 4063 4063 4063 4063 4063 4063 4063 4063
911 1683119087 320 418 3671 3653 3589 3631 3631 3599 4065 4065 4064 4064 4064 4064 4064 4064
912 1683119090 395 328 3672 3654 3590 3632 3631 3600 4063 4063 4063 4063 4063 4063 4063 4063
913 1683119100 361 412 3672 3653 3589 3631 3631 3599 4065 4065 4064 4064 4064 4064 4064 4064
914 1683119109 393 371 3672 3654 3590 3632 3632 3600 4063 4063 4063 4063 4063 4063 4063 4063
915 1683119122 327 418 3672 3654 3590 3632 3631 3600 4063 4063 4063 4063 4063 4063 4063 4063
916 1683119124 386 387 3672 3653 3589 3631 3631 3599 4063 4063 4063 4063 4063 4063 4063 4063
917 1683119125 376 401 3672 3653 3589 3632 3632 3600 4063 4063 4063 4063 4063 4063 4063 4063
918 1683119146 342 417 3672 3653 3589 3631 3631 3599 4063 4063 4063 4063 4063 4063 4063 4063
919 1683119147 391 377 3671 3653 3589 3632 3631 3599 4065 4065 4065 4065 4065 4065 4065 4065
920 1683119153 353 414 3674 370 389 3631 3633 1671 4065 4065 4065 4065 4065 4065 4065 4065
921 1683119160 371 407 3671 3652 3588 3631 3630 3598 4063 4063 4063 4063 4063 4063 4063 4063
922 1683119167 388 385 3670 3651 3588 3630 3630 3597 4065 4065 4064 4064 4064 4064 4064 4064
923 1683119175 319 417 3671 292 3587 3632 3632 3600 4063 4063 4063 4063 4063 4063 4063 4063
924 1683119182 393 365 3672 307 3586 3631 3631 3599 4063 4063 4063 4063 4063 4063 4063 4063
925 1683119199 390 379 3672 3653 3590 3631 3630 3598 4063 4063 4063 4063 4063 4063 4063 4063
926 1683119204 259 420 3670 3652 3588 3630 3629 3597 4063 4063 4063 4063 4063 4063 4063 4063
927 1683119205 347 417 3671 3652 3588 3630 3630 3598 4065 4065 4065 4065 4065 4065 4065 4065
928 1683119208 364 410 3671 3652 3588 3630 3630 3598 4063 4063 4063 4063 4063 4063 4063 4063
929 1683119208 368 409 3670 3652 3588 3630 3629 3598 4065 4065 4064 4064 4064 4064 4064 4064
930 1683119211 374 403 3670 3651 3587 3629 3629 3597 4063 4063 4063 4063 4063 4063 4063 4063
931 1683119219 368 409 3670 3651 3588 3630 3630 3598 4063 4063 4063 4063 4063 4063 4063 4063
932 1683119227 377 401 3669 3652 3587 3630 3629 3598 4063 4063 4063 4063 4063 4063 4063 4063
933 1683119235 389 381 3670 3652 3587 3630 3630 3597 4063 4063 4063 4063 4063 4063 4063 4063
934 1683119242 369 409 3670 3651 3587 3630 3629 3597 4063 4063 4063 4063 4063 4063 4063 4063
935 1683119253 377 400 3670 416 3586 3631 3631 3599 4067 4065 4065 4065 4065 4065 4065 4065
936 1683119258 354 414 3669 3651 3587 3628 3628 3596 4063 4063 4063 4063 4063 4063 4063 4063
937 1683119258 339 417 3669 3651 3587 3630 3629 3597 4065 4065 4064 4064 4064 4064 4064 4064
938 1683119260 394 356 3668 3651 3587 3629 3629 3597 4065 4063 4063 4063 4063 4063 4063 4063
939 1683119267 397 111 3669 3651 3587 3630 3630 3598 4065 4065 4064 4064 4064 4064 4064 4064
940 1683119269 313 418 3669 329 3584 3628 3628 3596 4063 4063 4063 4063 4063 4063 4063 4063
941 1683119276 396 309 3669 371 3585 3629 3628 3597 4065 4065 4065 4065 4065 4065 4065 4065
942 1683119285 393 366 3670 3652 3588 3630 3629 3598 4065 4065 4065 4065 4065 4065 4065 4065
943 1683119289 383 394 3669 3650 3586 3629 3629 3597 4067 4065 4065 4065 4065 4065 4065 4065
944 1683119290 341 417 3669 3650 3587 3629 3629 3597 4065 4065 4064 4064 4064 4064 4064 4064
945 1683119291 386 389 3669 3651 3587 3629 3629 3597 4065 4065 4065 4065 4065 4065 4065 4065
946 1683119291 374 405 3669 3651 3586 3629 3629 3597 4065 4065 4064 4064 4064 4064 4064 4064
947 1683119295 362 412 3668 3650 3586 3627 3627 3595 4063 4063 4063 4063 4063 4063 4063 4063
948 1683119296 239 419 3669 3650 3586 3628 3628 3596 4065 4065 4065 4065 4065 4065 4065 4065
949 1683119323 249 419 3669 3651 3587 3629 3629 3597 4065 4065 4065 4065 4065 4065 4065 4065
950 1683119337 385 391 3668 3649 3585 3628 3628 3596 4063 4063 4063 4063 4063 4063 4063 4063
951 1683119340 349 417 413 3647 3587 3629 3628 3596 4067 4065 4065 4065 4065 4065 4065 4065
952 1683119348 387 388 3669 3650 3586 3628 3628 3596 4065 4065 4065 4065 4065 4065 4065 4065
953 1683119356 348 417 3669 3651 3586 3629 3629 3596 4067 4065 4065 4065 4065 4065 4065 4065
954 1683119366 380 398 3669 399 352 3626 3628 3597 4063 4063 4063 4063 4063 4063 4063 4063
955 1683119377 383 395 3669 3651 384 3626 3628 3597 4065 4065 4064 4064 4064 4064 4064 4064
956 1683119378 394 367 3668 3650 3586 3628 3628 3596 4063 4063 4063 4063 4063 4063 4063 4063
957 1683119386 373 404 3668 336 3584 3629 3628 3596 4063 4063 4063 4063 4063 4063 4063 4063
958 1683119395 369 408 3670 417 3584 3630 3629 3597 4063 4063 4063 4063 4063 4063 4063 4063
959 1683119396 319 418 316 281 374 3627 3629 3598 4065 4065 4064 4064 4064 4064 4064 4064
960 1683119405 386 390 3669 3651 3587 3629 3629 3597 4065 4065 4064 4064 4064 4064 4064 4064
961 1683119405 320 418 3669 3650 3586 3629 3628 3596 4065 4065 4064 4064 4064 4064 4064 4064
962 1683119417 391 376 3669 3650 3586 3629 3628 3596 4065 4063 4063 4063 4063 4063 4063 4063
963 1683119418 374 404 3669 396 3584 3628 3628 3596 4065 4065 4065 4065 4065 4065 4065 4065
964 1683119427 369 410 3671 373 369 3628 3630 1715 4065 4065 4065 4065 4065 4065 4065 4065
965 1683119430 382 394 3669 3650 3586 3628 3628 3596 4065 4065 4064 4064 4064 4064 4064 4064
966 1683119434 308 418 3669 3650 3586 3628 3628 3596 4063 4063 4063 4063 4063 4063 4063 4063
967 1683119439 315 418 3670 3650 3586 3628 3628 3597 4067 4065 4065 4065 4065 4065 4065 4065
968 1683119440 366 410 3669 3651 3586 3629 3628 3596 4067 4065 4065 4065 4065 4065 4065 4065
969 1683119449 388 386 3668 3649 3585 3627 3628 3595 4063 4063 4063 4063 4063 4063 4063 4063
970 1683119458 389 382 3668 3650 3586 3628 3628 3596 4065 4065 4064 4064 4064 4064 4064 4064
971 1683119460 396 300 261 3651 3589 1518 1592 1579 4065 4065 4064 4064 4064 4064 4064 4064
972 1683119461 380 398 3669 459 3584 3629 3628 3597 4065 4065 4064 4064 4064 4064 4064 4064
973 1683119470 395 338 3667 3649 3584 3626 3627 3595 4065 4065 4065 4065 4065 4065 4065 4065
974 1683119473 367 410 3668 3650 3586 3628 3628 3596 4065 4065 4065 4065 4065 4065 4065 4065
975 1683119473 310 418 3668 3650 3585 3628 3628 3596 4065 4065 4064 4064 4064 4064 4064 4064
976 1683119481 355 414 3668 3650 3586 3628 3627 3596 4065 4065 4065 4065 4065 4065 4065 4065
977 1683119482 341 417 3671 331 3586 3630 3630 1633 4065 4065 4064 4064 4064 4064 4064 4064
978 1683119484 390 382 3668 3649 3585 3628 3628 3596 4065 4065 4065 4065 4065 4065 4065 4065
979 1683119493 262 420 3667 3649 3585 3627 3627 3595 4065 4065 4064 4064 4064 4064 4064 4064
980 1683119498 372 406 470 386 333 1705 3628 3598 4065 4065 4064 4064 4064 4064 4064 4064
981 1683119510 394 356 3669 3650 3586 3629 3628 3596 4063 4063 4063 4063 4063 4063 4063 4063
982 1683119522 367 410 382 376 3586 3631 3631 1677 4065 4065 4064 4064 4064 4064 4064 4064
983 1683119523 386 389 3668 3650 3586 3628 3628 3596 4065 4065 4064 4064 4064 4064 4064 4064
984 1683119524 386 390 3668 3649 3586 3628 3627 3596 4065 4065 4064 4064 4064 4064 4064 4064
985 1683119530 383 394 3667 3649 3585 3627 3626 3595 4063 4063 4063 4063 4063 4063 4063 4063
986 1683119532 343 418 3668 3650 3586 3628 3628 3596 4065 4065 4064 4064 4064 4064 4064 4064
987 1683119533 345 417 3667 3650 3586 3628 3628 3596 4065 4065 4064 4064 4064 4064 4064 4064
988 1683119535 372 407 3668 3650 3586 3628 3628 3596 4065 4065 4064 4064 4064 4064 4064 4064
989 1683119543 375 404 3668 3649 3585 3628 3627 3595 4063 4063 4063 4063 4063 4063 4063 4063
990 1683119549 368 410 3668 3650 3585 3628 3627 3595 4065 4065 4065 4065 4065 4065 4065 4065
991 1683119556 392 377 424 3647 3586 3628 3628 3596 4065 4065 4065 4065 4065 4065 4065 4065
992 1683119557 348 418 3668 327 3582 3628 3627 3596 4065 4065 4065 4065 4065 4065 4065 4065
993 1683119565 372 407 3668 3649 3586 3628 3627 3595 4065 4065 4065 4065 4065 4065 4065 4065
994 1683119565 393 368 3668 3650 3586 3629 3628 3597 4065 4065 4065 4065 4065 4065 4065 4065
995 1683119565 393 372 3669 3651 396 3626 3629 3597 4065 4065 4065 4065 4065 4065 4065 4065
996 1683119575 382 397 3669 3650 3586 3629 3628 3596 4065 4065 4064 4064 4064 4064 4064 4064
997 1683119576 361 414 3668 3650 3586 3628 3628 3595 4065 4065 4064 4064 4064 4064 4064 4064
998 1683119579 352 416 3667 3649 3584 3627 3627 3595 4067 4065 4065 4065 4065 4065 4065 4065
999 1683119600 381 398 3667 3649 3585 3627 3627 3594 4063 4063 4063 4063 4063 4063 4063 4063
1000 1683119635 376 402 3668 3650 405 1670 3626 3595 4065 4065 4065 4065 4065 4065 4065 4065
