1 1683120958 3558 278 3673 3654 3590 3632 3632 3600 4063 4063 4063 4063 4063 4063 4063 4063
2 1683120958 3558 278 3674 3655 3591 3633 3633 3601 4065 4065 4065 4065 4065 4065 4065 4065
3 1683120958 3559 278 3674 3655 3591 3634 3634 3602 4063 4063 4063 4063 4063 4063 4063 4063
4 1683120958 3558 278 3673 3655 3591 3633 3634 3601 4065 4065 4064 4064 4064 4064 4064 4064
5 1683120958 3557 278 3672 3654 3590 3632 3632 3600 4065 4065 4064 4064 4064 4064 4064 4064
6 1683120958 3558 278 3674 3655 3591 3634 3634 3601 4065 4065 4064 4064 4064 4064 4064 4064
7 1683120958 3558 278 3673 3656 3592 3634 3634 3602 4065 4065 4065 4065 4065 4065 4065 4065
8 1683120958 3559 278 3674 3656 3592 3634 3634 3602 4063 4063 4063 4063 4063 4063 4063 4063
9 1683120958 3558 278 3674 3655 3591 3633 3633 3601 4065 4065 4065 4065 4065 4065 4065 4065
10 1683120958 3558 279 3674 3656 3592 3634 3634 3602 4065 4065 4065 4065 4065 4065 4065 4065
11 1683120958 3558 278 3673 3655 3591 3634 3634 3601 4065 4063 4063 4063 4063 4063 4063 4063
12 1683120958 3558 278 3673 3654 3591 3634 3633 3602 4065 4065 4064 4064 4064 4064 4064 4064
13 1683120958 3559 278 3673 3655 3591 3634 3633 3601 4063 4063 4063 4063 4063 4063 4063 4063
14 1683120959 3559 278 3674 3656 3591 3634 3634 3602 4065 4063 4063 4063 4063 4063 4063 4063
15 1683120966 3558 277 3673 3655 3590 3632 3633 3601 4065 4065 4064 4064 4064 4064 4064 4064
16 1683120966 3559 278 3674 3656 3591 3634 3634 3602 4065 4065 4065 4065 4065 4065 4065 4065
17 1683120966 3558 279 3672 3654 3590 3633 3633 3601 4065 4065 4064 4064 4064 4064 4064 4064
18 1683120966 3558 278 3674 3655 3591 3633 3633 3602 4065 4065 4065 4065 4065 4065 4065 4065
19 1683120966 3558 278 3673 3655 3591 3634 3634 3602 4063 4063 4063 4063 4063 4063 4063 4063
20 1683120966 3558 278 3674 3656 3591 3635 3634 3602 4065 4065 4064 4064 4064 4064 4064 4064
21 1683120966 3559 278 3674 3655 3591 3634 3633 3602 4065 4065 4064 4064 4064 4064 4064 4064
22 1683120966 3559 278 3673 3656 3592 3634 3634 3602 4065 4065 4064 4064 4064 4064 4064 4064
23 1683120967 3559 278 3672 3655 3591 3634 3634 3602 4063 4063 4063 4063 4063 4063 4063 4063
24 1683120967 3559 280 3675 3656 3592 3634 3634 3602 4061 4061 4061 4061 4061 4061 4061 4061
25 1683120967 3558 279 3674 3655 3591 3634 3633 3601 4065 4065 4064 4064 4064 4064 4064 4064
26 1683120967 3559 278 3674 3655 3592 3634 3634 3602 4063 4063 4063 4063 4063 4063 4063 4063
27 1683120967 3558 278 3673 3655 3591 3633 3633 3602 4065 4065 4065 4065 4065 4065 4065 4065
28 1683120967 3559 278 3675 3656 3592 3634 3634 3602 4065 4065 4065 4065 4065 4065 4065 4065
29 1683120967 3557 278 3672 3654 3590 3633 3633 3601 4063 4063 4063 4063 4063 4063 4063 4063
30 1683120967 3558 278 3673 3655 3591 3634 3634 3602 4063 4063 4063 4063 4063 4063 4063 4063
31 1683120967 3559 278 3674 3656 3592 3634 3633 3602 4065 4065 4064 4064 4064 4064 4064 4064
32 1683120967 3558 278 3673 3655 3591 3633 3633 3601 4065 4065 4064 4064 4064 4064 4064 4064
33 1683120967 3558 279 3674 3655 3592 3634 3634 3601 4063 4063 4063 4063 4063 4063 4063 4063
34 1683120967 3558 278 3673 3655 3591 3634 3633 3601 4063 4063 4063 4063 4063 4063 4063 4063
35 1683120967 3558 278 3674 3655 3591 3634 3633 3602 4065 4065 4065 4065 4065 4065 4065 4065
36 1683120967 3559 278 3675 3656 3592 3634 3634 3602 4065 4065 4064 4064 4064 4064 4064 4064
37 1683120967 3559 278 3674 3655 3591 3633 3634 3602 4067 4065 4065 4065 4065 4065 4065 4065
38 1683120967 3559 278 3675 3656 3592 3634 3634 3602 4063 4063 4063 4063 4063 4063 4063 4063
39 1683120967 3560 279 3675 3657 3593 3635 3635 3603 4065 4065 4064 4064 4064 4064 4064 4064
40 1683120967 3560 278 3675 3657 3592 3635 3635 3603 4065 4065 4064 4064 4064 4064 4064 4064
41 1683120967 3558 279 3674 3655 3591 3633 3633 3601 4065 4065 4065 4065 4065 4065 4065 4065
42 1683120967 3560 278 3675 3656 3592 3635 3635 3603 4065 4065 4065 4065 4065 4065 4065 4065
43 1683120967 3559 278 3674 3656 3592 3634 3634 3602 4065 4065 4064 4064 4064 4064 4064 4064
44 1683120967 3559 278 3674 3656 3592 3634 3634 3602 4065 4065 4064 4064 4064 4064 4064 4064
45 1683120967 3559 278 3674 3655 3591 3634 3634 3602 4065 4065 4064 4064 4064 4064 4064 4064
46 1683120967 3559 278 3675 3656 3592 3634 3634 3602 4063 4063 4063 4063 4063 4063 4063 4063
47 1683120967 3559 278 3674 3656 3592 3634 3634 3602 4065 4065 4064 4064 4064 4064 4064 4064
48 1683120967 3559 278 3674 3656 3592 3635 3634 3603 4065 4065 4064 4064 4064 4064 4064 4064
49 1683120967 3560 279 3676 3657 3593 3635 3635 3603 4065 4065 4064 4064 4064 4064 4064 4064
50 1683120967 3560 278 3675 3657 3593 3635 3635 3603 4065 4065 4064 4064 4064 4064 4064 4064
51 1683120967 3558 278 3674 3655 3591 3633 3633 3602 4063 4063 4063 4063 4063 4063 4063 4063
52 1683120967 3560 278 3675 3656 3592 3635 3634 3603 4065 4065 4065 4065 4065 4065 4065 4065
53 1683120967 3560 278 3674 3657 3592 3635 3635 3603 4063 4063 4063 4063 4063 4063 4063 4063
54 1683120967 3560 278 3675 3657 3593 3635 3635 3603 4063 4063 4063 4063 4063 4063 4063 4063
55 1683120967 3559 278 3674 3656 3592 3634 3633 3602 4065 4065 4064 4064 4064 4064 4064 4064
56 1683120967 3559 278 3675 3656 3592 3635 3635 3603 4065 4065 4064 4064 4064 4064 4064 4064
57 1683120967 3560 279 3675 3656 3592 3635 3635 3603 4065 4065 4065 4065 4065 4065 4065 4065
58 1683120967 3559 278 3675 3656 3591 3634 3634 3602 4065 4065 4064 4064 4064 4064 4064 4064
59 1683120967 3560 278 3676 3656 3593 3635 3635 3604 4065 4065 4065 4065 4065 4065 4065 4065
60 1683120967 3560 278 3675 3657 3593 3636 3635 3603 4065 4065 4064 4064 4064 4064 4064 4064
61 1683120967 3561 278 3676 3658 3593 3636 3636 3604 4065 4065 4064 4064 4064 4064 4064 4064
62 1683120967 3560 278 3676 3657 3593 3635 3635 3603 4065 4065 4064 4064 4064 4064 4064 4064
63 1683120967 3560 279 3675 3657 3593 3635 3635 3603 4065 4065 4064 4064 4064 4064 4064 4064
64 1683120967 3559 278 3675 3656 3592 3634 3634 3602 4065 4065 4064 4064 4064 4064 4064 4064
65 1683120967 3559 279 3675 3656 3593 3635 3635 3603 4065 4065 4064 4064 4064 4064 4064 4064
66 1683120967 3560 278 3675 3656 3593 3635 3635 3603 4065 4065 4065 4065 4065 4065 4065 4065
67 1683120967 3559 278 3674 3656 3592 3635 3634 3603 4065 4065 4064 4064 4064 4064 4064 4064
68 1683120967 3559 278 3675 3656 3592 3635 3635 3603 4065 4065 4064 4064 4064 4064 4064 4064
69 1683120967 3559 279 3674 3655 3591 3633 3634 3602 4065 4065 4065 4065 4065 4065 4065 4065
70 1683120967 3560 278 3675 3656 3592 3635 3634 3602 4063 4063 4063 4063 4063 4063 4063 4063
71 1683120967 3559 279 3675 3656 3592 3634 3634 3602 4065 4063 4063 4063 4063 4063 4063 4063
72 1683120967 3559 278 3674 3656 3592 3635 3635 3603 4065 4063 4063 4063 4063 4063 4063 4063
73 1683120967 3559 279 3674 3656 3592 3635 3635 3603 4065 4065 4065 4065 4065 4065 4065 4065
74 1683120967 3561 279 3675 3657 3593 3635 3635 3603 4065 4065 4064 4064 4064 4064 4064 4064
75 1683120967 3559 278 3674 3656 3592 3634 3634 3602 4063 4063 4063 4063 4063 4063 4063 4063
76 1683120967 3560 278 3675 3656 3593 3635 3635 3603 4065 4065 4064 4064 4064 4064 4064 4064
77 1683120967 3560 278 3676 3657 3594 3636 3635 3603 4065 4065 4065 4065 4065 4065 4065 4065
78 1683120967 3560 278 3675 3656 3593 3634 3634 3602 4065 4065 4064 4064 4064 4064 4064 4064
79 1683120967 3559 279 3674 3656 3591 3634 3634 3602 4067 4065 4065 4065 4065 4065 4065 4065
80 1683120967 3561 278 3675 3657 3593 3635 3635 3603 4065 4063 4063 4063 4063 4063 4063 4063
81 1683120967 3560 279 3676 3657 3594 3635 3636 3604 4065 4065 4064 4064 4064 4064 4064 4064
82 1683120967 3560 278 3676 3657 3593 3635 3635 3603 4065 4065 4064 4064 4064 4064 4064 4064
83 1683120967 3560 279 3675 3656 3592 3635 3635 3603 4065 4065 4064 4064 4064 4064 4064 4064
84 1683120967 3560 278 3675 3657 3592 3635 3635 3603 4063 4063 4063 4063 4063 4063 4063 4063
85 1683120967 3559 278 3674 3657 3593 3635 3635 3603 4065 4065 4064 4064 4064 4064 4064 4064
86 1683120967 3559 278 3673 3657 3592 3635 3635 3603 4065 4065 4065 4065 4065 4065 4065 4065
87 1683120967 3560 281 3676 3657 3593 3635 3635 3603 4063 4063 4063 4063 4063 4063 4063 4063
88 1683120967 3560 280 3675 3657 3593 3636 3636 3604 4065 4065 4064 4064 4064 4064 4064 4064
89 1683120967 3559 279 3674 3656 3592 3635 3635 3603 4065 4065 4064 4064 4064 4064 4064 4064
90 1683120967 3559 279 3674 3656 3592 3634 3634 3603 4065 4063 4063 4063 4063 4063 4063 4063
91 1683120967 3559 279 3675 3656 3592 3635 3634 3602 4065 4065 4064 4064 4064 4064 4064 4064
92 1683120967 3560 279 3675 3657 3593 3635 3635 3604 4065 4065 4064 4064 4064 4064 4064 4064
93 1683120967 3560 279 3674 3656 3592 3635 3635 3603 4063 4063 4063 4063 4063 4063 4063 4063
94 1683120968 3561 278 3676 3658 3594 3636 3635 3604 4065 4065 4064 4064 4064 4064 4064 4064
95 1683120968 3559 279 3675 3657 3593 3635 3635 3603 4065 4065 4065 4065 4065 4065 4065 4065
96 1683120968 3560 279 3675 3657 3593 3636 3635 3603 4065 4065 4065 4065 4065 4065 4065 4065
97 1683120968 3560 279 3675 3656 3593 3635 3635 3603 4065 4065 4064 4064 4064 4064 4064 4064
98 1683120968 3560 279 3675 3657 3593 3635 3635 3604 4065 4063 4063 4063 4063 4063 4063 4063
99 1683120968 3560 279 3675 3656 3593 3636 3636 3604 4065 4065 4064 4064 4064 4064 4064 4064
100 1683120968 3560 279 3675 3656 3592 3635 3635 3603 4065 4065 4064 4064 4064 4064 4064 4064
101 1683120968 3559 279 3674 3657 3593 3636 3635 3603 4065 4065 4064 4064 4064 4064 4064 4064
102 1683120968 3560 279 3675 3657 3594 3636 3636 3604 4063 4063 4063 4063 4063 4063 4063 4063
103 1683120968 3560 279 3675 3657 3593 3635 3635 3603 4067 4065 4065 4065 4065 4065 4065 4065
104 1683120968 3560 278 3675 3657 3593 3635 3634 3603 4065 4065 4064 4064 4064 4064 4064 4064
105 1683120968 3559 279 3674 3656 3592 3635 3635 3603 4065 4065 4064 4064 4064 4064 4064 4064
106 1683120968 3560 278 3675 3657 3593 3635 3635 3603 4065 4065 4065 4065 4065 4065 4065 4065
107 1683120968 3560 279 3676 3657 3593 3636 3635 3604 4065 4065 4064 4064 4064 4064 4064 4064
108 1683120968 3560 279 3675 3656 3593 3636 3635 3603 4065 4065 4064 4064 4064 4064 4064 4064
109 1683120968 3560 279 3674 3656 3592 3635 3635 3603 4063 4063 4063 4063 4063 4063 4063 4063
110 1683120968 3561 279 3675 3657 3593 3635 3635 3603 4067 4065 4065 4065 4065 4065 4065 4065
111 1683120968 3561 279 3676 3657 3593 3636 3636 3604 4065 4065 4064 4064 4064 4064 4064 4064
112 1683120968 3559 276 3673 3654 3591 3633 3633 3601 4065 4065 4065 4065 4065 4065 4065 4065
113 1683120968 3558 277 3672 3655 3591 3633 3633 3601 4063 4063 4063 4063 4063 4063 4063 4063
114 1683120968 3558 276 3673 3655 3591 3634 3633 3601 4065 4065 4064 4064 4064 4064 4064 4064
115 1683120968 3559 277 3674 3655 3590 3633 3633 3601 4067 4065 4065 4065 4065 4065 4065 4065
116 1683120968 3558 276 3674 3655 3591 3633 3633 3601 4065 4065 4064 4064 4064 4064 4064 4064
117 1683120968 3559 277 3674 3655 3592 3634 3633 3602 4063 4063 4063 4063 4063 4063 4063 4063
118 1683120968 3558 277 3673 3655 3591 3634 3633 3601 4063 4063 4063 4063 4063 4063 4063 4063
119 1683120968 3559 277 3674 3656 3591 3634 3633 3602 4065 4065 4064 4064 4064 4064 4064 4064
120 1683120968 3557 277 3671 3654 3590 3632 3633 3601 4065 4065 4064 4064 4064 4064 4064 4064
121 1683120968 3559 279 3674 3655 3592 3634 3634 3602 4065 4065 4065 4065 4065 4065 4065 4065
122 1683120968 3558 278 3673 3654 3590 3633 3633 3601 4063 4063 4063 4063 4063 4063 4063 4063
123 1683120968 3558 278 3674 3655 3591 3634 3633 3602 4065 4065 4064 4064 4064 4064 4064 4064
124 1683120968 3558 277 3674 3655 3591 3634 3633 3602 4065 4065 4064 4064 4064 4064 4064 4064
125 1683120968 3558 277 3673 3654 3591 3633 3633 3601 4065 4065 4065 4065 4065 4065 4065 4065
126 1683120968 3559 277 3673 3656 3592 3634 3634 3602 4063 4063 4062 4062 4062 4062 4062 4062
127 1683120968 3559 277 3674 3655 3592 3634 3633 3602 4063 4063 4063 4063 4063 4063 4063 4063
128 1683120968 3567 277 3682 3664 3599 3642 3642 3610 4065 4065 4064 4064 4064 4064 4064 4064
129 1683120968 3558 277 3674 3655 3591 3633 3634 3602 4065 4065 4064 4064 4064 4064 4064 4064
130 1683120968 3558 278 3673 3655 3591 3634 3634 3602 4065 4065 4064 4064 4064 4064 4064 4064
131 1683120968 3558 277 3674 3655 3591 3634 3634 3602 4065 4065 4064 4064 4064 4064 4064 4064
132 1683120976 3555 277 3670 3652 3588 3630 3631 3598 4065 4065 4064 4064 4064 4064 4064 4064
133 1683120976 3557 278 3673 3654 3590 3632 3632 3600 4065 4065 4064 4064 4064 4064 4064 4064
134 1683120976 3558 277 3672 3654 3591 3633 3633 3601 4065 4065 4065 4065 4065 4065 4065 4065
135 1683120976 3557 276 3673 3654 3590 3632 3632 3600 4065 4065 4064 4064 4064 4064 4064 4064
136 1683120976 3556 277 3672 3653 3589 3632 3632 3600 4065 4065 4065 4065 4065 4065 4065 4065
137 1683120976 3557 278 3672 3653 3590 3632 3632 3600 4065 4065 4064 4064 4064 4064 4064 4064
138 1683120976 3557 277 3672 3654 3590 3633 3633 3600 4065 4065 4064 4064 4064 4064 4064 4064
139 1683120976 3557 278 3672 3654 3590 3632 3632 3600 4065 4065 4065 4065 4065 4065 4065 4065
140 1683120976 3557 277 3672 3654 3590 3633 3632 3600 4063 4063 4063 4063 4063 4063 4063 4063
141 1683120976 3558 277 3673 3654 3590 3633 3633 3600 4065 4065 4064 4064 4064 4064 4064 4064
142 1683120976 3558 277 3672 3654 3591 3633 3633 3601 4061 4061 4061 4061 4061 4061 4061 4061
143 1683120976 3557 277 3672 3653 3589 3632 3631 3600 4063 4063 4063 4063 4063 4063 4063 4063
144 1683120976 3557 277 3672 3654 3590 3632 3632 3600 4065 4065 4064 4064 4064 4064 4064 4064
145 1683120976 3557 277 3673 3654 3590 3633 3632 3601 4065 4065 4065 4065 4065 4065 4065 4065
146 1683120976 3556 277 3672 3654 3589 3632 3631 3599 4065 4065 4064 4064 4064 4064 4064 4064
147 1683120976 3557 277 3673 3654 3591 3633 3633 3600 4065 4065 4064 4064 4064 4064 4064 4064
148 1683120976 3558 277 3673 3655 3591 3634 3633 3601 4065 4063 4063 4063 4063 4063 4063 4063
149 1683120976 3558 277 3673 3654 3590 3632 3632 3601 4065 4065 4064 4064 4064 4064 4064 4064
150 1683120976 3557 277 3672 3654 3590 3633 3633 3601 4063 4063 4063 4063 4063 4063 4063 4063
151 1683120976 3557 277 3671 3654 3590 3632 3632 3600 4063 4063 4063 4063 4063 4063 4063 4063
152 1683120976 3558 279 3673 3655 3591 3633 3633 3601 4065 4065 4064 4064 4064 4064 4064 4064
153 1683120976 3557 278 3672 3653 3589 3632 3633 3601 4065 4065 4064 4064 4064 4064 4064 4064
154 1683120976 3558 277 3673 3655 3591 3633 3633 3601 4065 4065 4064 4064 4064 4064 4064 4064
155 1683120976 3557 278 3672 3654 3590 3633 3632 3600 4065 4065 4064 4064 4064 4064 4064 4064
156 1683120976 3558 277 3673 3655 3590 3633 3633 3601 4065 4065 4064 4064 4064 4064 4064 4064
157 1683120976 3558 277 3673 3654 3590 3633 3633 3601 4065 4065 4064 4064 4064 4064 4064 4064
158 1683120976 3558 277 3673 3655 3591 3633 3633 3601 4065 4065 4064 4064 4064 4064 4064 4064
159 1683120976 3557 276 3673 3654 3590 3632 3632 3600 4065 4065 4064 4064 4064 4064 4064 4064
160 1683120976 3558 277 3673 3655 3590 3633 3633 3601 4063 4063 4063 4063 4063 4063 4063 4063
161 1683120976 3558 277 3673 3654 3590 3633 3633 3601 4065 4065 4064 4064 4064 4064 4064 4064
162 1683120976 3558 277 3674 3655 3591 3634 3633 3602 4065 4065 4065 4065 4065 4065 4065 4065
163 1683120976 3557 278 3673 3654 3590 3633 3633 3601 4065 4065 4064 4064 4064 4064 4064 4064
164 1683120976 3557 277 3672 3654 3590 3632 3632 3601 4065 4065 4065 4065 4065 4065 4065 4065
165 1683120976 3557 278 3673 3654 3590 3632 3632 3600 4065 4065 4064 4064 4064 4064 4064 4064
166 1683120976 3558 277 3672 3654 3591 3633 3633 3601 4065 4065 4064 4064 4064 4064 4064 4064
167 1683120976 3558 277 3673 3655 3591 3633 3632 3601 4065 4065 4064 4064 4064 4064 4064 4064
168 1683120976 3557 277 3674 3655 3590 3633 3633 3601 4065 4065 4064 4064 4064 4064 4064 4064
169 1683120976 3557 278 3672 3654 3591 3633 3633 3601 4061 4061 4060 4060 4060 4060 4060 4060
170 1683120976 3557 277 3672 3654 3590 3633 3632 3600 4065 4065 4064 4064 4064 4064 4064 4064
171 1683120976 3558 277 3673 3655 3591 3633 3633 3601 4065 4065 4065 4065 4065 4065 4065 4065
172 1683120976 3557 277 3672 3654 3590 3632 3632 3600 4065 4065 4065 4065 4065 4065 4065 4065
173 1683120976 3558 277 3674 3656 3592 3634 3634 3602 4063 4063 4062 4062 4062 4062 4062 4062
174 1683120976 3558 277 3673 3655 3590 3633 3633 3602 4063 4063 4063 4063 4063 4063 4063 4063
175 1683120976 3557 277 3673 3655 3591 3633 3632 3600 4065 4065 4064 4064 4064 4064 4064 4064
176 1683120976 3557 278 3672 3653 3590 3632 3632 3600 4063 4063 4063 4063 4063 4063 4063 4063
177 1683120976 3558 278 3673 3655 3591 3633 3633 3601 4063 4063 4062 4062 4062 4062 4062 4062
178 1683120976 3558 277 3673 3654 3590 3633 3633 3600 4065 4065 4064 4064 4064 4064 4064 4064
179 1683120976 3557 277 3673 3654 3590 3633 3632 3600 4063 4063 4063 4063 4063 4063 4063 4063
180 1683120976 3558 277 3673 3655 3591 3633 3633 3602 4065 4065 4064 4064 4064 4064 4064 4064
181 1683120976 3558 277 3673 3655 3591 3633 3633 3601 4063 4063 4063 4063 4063 4063 4063 4063
182 1683120976 3557 277 3672 3654 3590 3632 3632 3600 4063 4063 4063 4063 4063 4063 4063 4063
183 1683120976 3557 278 3673 3655 3591 3633 3633 3601 4065 4065 4065 4065 4065 4065 4065 4065
184 1683120977 3559 277 3674 3655 3592 3634 3634 3602 4065 4065 4065 4065 4065 4065 4065 4065
185 1683120977 3558 278 3673 3655 3591 3633 3633 3601 4065 4065 4064 4064 4064 4064 4064 4064
186 1683120977 3558 277 3673 3654 3590 3633 3633 3601 4065 4065 4065 4065 4065 4065 4065 4065
187 1683120977 3558 277 3673 3655 3591 3633 3632 3601 4065 4065 4064 4064 4064 4064 4064 4064
188 1683120977 3557 277 3673 3654 3590 3633 3632 3601 4065 4065 4064 4064 4064 4064 4064 4064
189 1683120977 3557 278 3673 3654 3590 3633 3633 3601 4065 4065 4064 4064 4064 4064 4064 4064
190 1683120977 3557 277 3672 3654 3590 3633 3632 3601 4063 4063 4063 4063 4063 4063 4063 4063
191 1683120977 3557 278 3673 3654 3590 3633 3633 3600 4065 4065 4064 4064 4064 4064 4064 4064
192 1683120977 3558 277 3673 3655 3591 3633 3633 3600 4065 4065 4064 4064 4064 4064 4064 4064
193 1683120977 3557 278 3673 3654 3590 3633 3633 3601 4065 4065 4064 4064 4064 4064 4064 4064
194 1683120977 3557 278 3673 3654 3591 3633 3633 3601 4065 4065 4064 4064 4064 4064 4064 4064
195 1683120977 3558 278 3674 3656 3591 3634 3634 3602 4065 4065 4064 4064 4064 4064 4064 4064
196 1683120977 3558 277 3673 3655 3591 3633 3633 3601 4065 4065 4065 4065 4065 4065 4065 4065
197 1683120977 3558 277 3673 3655 3591 3633 3633 3600 4063 4061 4061 4061 4061 4061 4061 4061
198 1683120977 3559 277 3673 3655 3591 3634 3634 3602 4065 4065 4065 4065 4065 4065 4065 4065
199 1683120977 3558 278 3673 3654 3591 3633 3632 3601 4065 4063 4063 4063 4063 4063 4063 4063
200 1683120977 3557 278 3672 3654 3590 3632 3632 3601 4065 4065 4064 4064 4064 4064 4064 4064
201 1683120977 3557 278 3672 3654 3590 3633 3632 3600 4065 4065 4065 4065 4065 4065 4065 4065
202 1683120977 3559 277 3674 3655 3592 3633 3634 3601 4065 4065 4064 4064 4064 4064 4064 4064
203 1683120977 3558 278 3673 3654 3590 3633 3633 3601 4063 4061 4061 4061 4061 4061 4061 4061
204 1683120977 3558 278 3674 3655 3591 3634 3634 3601 4065 4065 4064 4064 4064 4064 4064 4064
205 1683120977 3558 278 3673 3655 3591 3634 3633 3602 4065 4065 4065 4065 4065 4065 4065 4065
206 1683120977 3558 277 3674 3655 3591 3634 3634 3602 4063 4063 4063 4063 4063 4063 4063 4063
207 1683120977 3558 278 3673 3655 3590 3633 3633 3601 4065 4065 4065 4065 4065 4065 4065 4065
208 1683120977 3558 278 3674 3655 3591 3634 3633 3601 4065 4065 4065 4065 4065 4065 4065 4065
209 1683120977 3558 278 3673 3655 3590 3633 3633 3601 4065 4065 4064 4064 4064 4064 4064 4064
210 1683120977 3558 277 3674 3655 3591 3634 3633 3602 4065 4065 4064 4064 4064 4064 4064 4064
211 1683120977 3558 278 3673 3654 3590 3632 3632 3600 4065 4065 4064 4064 4064 4064 4064 4064
212 1683120977 3558 278 3673 3655 3591 3634 3634 3602 4063 4063 4063 4063 4063 4063 4063 4063
213 1683120977 3558 278 3673 3654 3590 3632 3632 3600 4065 4065 4064 4064 4064 4064 4064 4064
214 1683120977 3558 277 3672 3654 3590 3632 3632 3601 4065 4065 4064 4064 4064 4064 4064 4064
215 1683120977 3559 280 3674 3656 3592 3634 3634 3602 4065 4065 4064 4064 4064 4064 4064 4064
216 1683120977 3557 279 3673 3654 3591 3633 3633 3601 4065 4065 4065 4065 4065 4065 4065 4065
217 1683120977 3558 278 3673 3655 3591 3634 3634 3602 4065 4065 4064 4064 4064 4064 4064 4064
218 1683120977 3559 278 3674 3655 3592 3634 3633 3602 4065 4065 4064 4064 4064 4064 4064 4064
219 1683120977 3558 278 3674 3655 3591 3633 3634 3602 4065 4065 4064 4064 4064 4064 4064 4064
220 1683120977 3558 278 3674 3655 3591 3634 3634 3602 4063 4063 4062 4062 4062 4062 4062 4062
221 1683120977 3558 278 3673 3655 3591 3634 3633 3602 4067 4065 4065 4065 4065 4065 4065 4065
222 1683120977 3559 278 3674 3655 3592 3634 3634 3602 4063 4063 4063 4063 4063 4063 4063 4063
223 1683120977 3558 278 3673 3654 3590 3632 3632 3601 4065 4065 4064 4064 4064 4064 4064 4064
224 1683120977 3559 278 3674 3655 3591 3633 3634 3602 4065 4065 4064 4064 4064 4064 4064 4064
225 1683120977 3558 278 3673 3655 3591 3633 3633 3601 4063 4063 4063 4063 4063 4063 4063 4063
226 1683120977 3558 278 3674 3655 3591 3633 3633 3601 4063 4063 4063 4063 4063 4063 4063 4063
227 1683120977 3558 278 3673 3654 3591 3633 3633 3601 4063 4063 4063 4063 4063 4063 4063 4063
228 1683120977 3558 278 3673 3655 3591 3634 3633 3602 4065 4065 4064 4064 4064 4064 4064 4064
229 1683120977 3558 278 3673 3654 3590 3633 3633 3601 4063 4063 4063 4063 4063 4063 4063 4063
230 1683120977 3558 278 3674 3655 3591 3633 3634 3601 4065 4065 4064 4064 4064 4064 4064 4064
231 1683120977 3559 277 3674 3656 3592 3634 3634 3602 4063 4063 4062 4062 4062 4062 4062 4062
232 1683120977 3558 277 3673 3654 3591 3633 3633 3601 4065 4065 4064 4064 4064 4064 4064 4064
233 1683120977 3558 278 3673 3654 3590 3633 3633 3601 4065 4065 4064 4064 4064 4064 4064 4064
234 1683120977 3558 278 3673 3655 3591 3633 3633 3601 4063 4063 4062 4062 4062 4062 4062 4062
235 1683120977 3559 278 3674 3655 3591 3634 3633 3602 4065 4065 4064 4064 4064 4064 4064 4064
236 1683120977 3559 278 3674 3655 3591 3634 3634 3603 4065 4065 4064 4064 4064 4064 4064 4064
237 1683120977 3558 278 3674 3655 3591 3633 3634 3602 4065 4065 4065 4065 4065 4065 4065 4065
238 1683120977 3558 277 3673 3655 3590 3633 3633 3601 4065 4065 4064 4064 4064 4064 4064 4064
239 1683120977 3559 278 3674 3656 3592 3634 3634 3602 4065 4065 4064 4064 4064 4064 4064 4064
240 1683120977 3558 277 3674 3655 3591 3633 3633 3601 4063 4063 4062 4062 4062 4062 4062 4062
241 1683120977 3558 277 3673 3655 3591 3634 3633 3601 4065 4065 4064 4064 4064 4064 4064 4064
242 1683120977 3559 278 3674 3656 3592 3634 3634 3602 4063 4063 4063 4063 4063 4063 4063 4063
243 1683120977 3558 278 3673 3655 3591 3633 3633 3601 4065 4065 4065 4065 4065 4065 4065 4065
244 1683120977 3558 277 3674 3655 3591 3634 3633 3601 4063 4063 4063 4063 4063 4063 4063 4063
245 1683120977 3558 278 3673 3655 3590 3633 3633 3601 4065 4065 4065 4065 4065 4065 4065 4065
246 1683120977 3559 278 3674 3656 3592 3635 3635 3603 4065 4065 4064 4064 4064 4064 4064 4064
247 1683120977 3558 278 3674 3656 3592 3634 3634 3602 4065 4065 4064 4064 4064 4064 4064 4064
248 1683120977 3558 279 3674 3655 3591 3633 3633 3601 4063 4063 4063 4063 4063 4063 4063 4063
249 1683120977 3558 278 3674 3655 3592 3634 3634 3602 4063 4063 4063 4063 4063 4063 4063 4063
250 1683120977 3558 277 3674 3655 3591 3634 3634 3602 4065 4064 4064 4064 4064 4064 4064 4064
251 1683120977 3558 278 3674 3655 3591 3634 3633 3602 4065 4065 4064 4064 4064 4064 4064 4064
252 1683120977 3559 278 3674 3656 3592 3635 3635 3603 4065 4065 4064 4064 4064 4064 4064 4064
253 1683120977 3559 278 3673 3656 3592 3634 3634 3602 4065 4065 4064 4064 4064 4064 4064 4064
254 1683120977 3559 277 3675 3656 3592 3634 3634 3602 4065 4065 4064 4064 4064 4064 4064 4064
255 1683120977 3558 278 3673 3655 3591 3633 3633 3602 4063 4063 4063 4063 4063 4063 4063 4063
256 1683120977 3559 278 3674 3655 3591 3634 3633 3602 4065 4065 4065 4065 4065 4065 4065 4065
257 1683120977 3558 278 3673 3655 3591 3634 3633 3602 4063 4063 4063 4063 4063 4063 4063 4063
258 1683120977 3558 278 3674 3655 3591 3634 3634 3601 4065 4065 4064 4064 4064 4064 4064 4064
259 1683120977 3559 278 3675 3656 3592 3634 3634 3603 4065 4065 4064 4064 4064 4064 4064 4064
260 1683120977 3559 278 3674 3655 3591 3634 3634 3602 4065 4065 4064 4064 4064 4064 4064 4064
261 1683120977 3559 278 3674 3656 3592 3634 3634 3602 4063 4063 4063 4063 4063 4063 4063 4063
262 1683120977 3559 277 3675 3656 3592 3635 3635 3603 4065 4065 4065 4065 4065 4065 4065 4065
263 1683120977 3559 278 3674 3656 3592 3634 3634 3602 4065 4065 4064 4064 4064 4064 4064 4064
264 1683120977 3558 279 3674 3655 3592 3634 3634 3602 4065 4065 4064 4064 4064 4064 4064 4064
265 1683120978 3558 278 3674 3655 3591 3634 3633 3602 4065 4065 4064 4064 4064 4064 4064 4064
266 1683120978 3558 278 3674 3655 3591 3634 3633 3601 4065 4065 4064 4064 4064 4064 4064 4064
267 1683120978 3560 278 3675 3656 3592 3635 3635 3603 4063 4063 4063 4063 4063 4063 4063 4063
268 1683120978 3559 278 3674 3656 3592 3634 3634 3603 4065 4065 4064 4064 4064 4064 4064 4064
269 1683120978 3558 278 3673 3654 3590 3633 3633 3601 4063 4063 4063 4063 4063 4063 4063 4063
270 1683120978 3559 278 3675 3656 3592 3634 3634 3603 4065 4065 4064 4064 4064 4064 4064 4064
271 1683120978 3558 278 3674 3655 3591 3633 3634 3602 4065 4065 4065 4065 4065 4065 4065 4065
272 1683120978 3559 278 3674 3655 3591 3634 3633 3602 4067 4065 4065 4065 4065 4065 4065 4065
273 1683120978 3559 278 3674 3656 3592 3635 3634 3602 4063 4063 4063 4063 4063 4063 4063 4063
274 1683120978 3560 278 3675 3657 3593 3635 3636 3603 4065 4065 4064 4064 4064 4064 4064 4064
275 1683120978 3559 278 3674 3656 3592 3635 3634 3602 4065 4065 4064 4064 4064 4064 4064 4064
276 1683120978 3559 278 3674 3656 3591 3635 3635 3603 4065 4065 4064 4064 4064 4064 4064 4064
277 1683120978 3559 278 3673 3655 3591 3634 3634 3602 4067 4065 4065 4065 4065 4065 4065 4065
278 1683120986 3558 278 3673 3654 3591 3633 3632 3600 4065 4065 4064 4064 4064 4064 4064 4064
279 1683120986 3557 279 3673 3655 3590 3633 3633 3600 4065 4065 4064 4064 4064 4064 4064 4064
280 1683120986 3559 278 3674 3656 3592 3634 3635 3602 4067 4065 4065 4065 4065 4065 4065 4065
281 1683120986 3558 278 3673 3655 3591 3634 3633 3601 4065 4065 4065 4065 4065 4065 4065 4065
282 1683120986 3558 279 3673 3655 3591 3634 3633 3602 4061 4061 4061 4061 4061 4061 4061 4061
283 1683120986 3558 278 3674 3655 3592 3634 3633 3602 4063 4063 4063 4063 4063 4063 4063 4063
284 1683120986 3558 278 3673 3655 3591 3634 3633 3602 4065 4065 4065 4065 4065 4065 4065 4065
285 1683120986 3558 278 3674 3655 3592 3634 3633 3602 4065 4065 4064 4064 4064 4064 4064 4064
286 1683120986 3559 278 3674 3656 3592 3634 3634 3602 4065 4065 4065 4065 4065 4065 4065 4065
287 1683120986 3559 279 3674 3655 3591 3634 3634 3602 4065 4065 4064 4064 4064 4064 4064 4064
288 1683120986 3558 278 3674 3656 3592 3634 3634 3602 4065 4065 4064 4064 4064 4064 4064 4064
289 1683120986 3560 278 3675 3656 3592 3635 3635 3602 4061 4061 4061 4061 4061 4061 4061 4061
290 1683120986 3559 278 3674 3656 3591 3634 3634 3602 4065 4065 4064 4064 4064 4064 4064 4064
291 1683120986 3558 278 3674 3655 3591 3634 3633 3602 4065 4065 4065 4065 4065 4065 4065 4065
292 1683120986 3559 278 3675 3656 3592 3635 3634 3602 4065 4065 4064 4064 4064 4064 4064 4064
293 1683120986 3560 277 3675 3656 3593 3635 3635 3603 4065 4065 4064 4064 4064 4064 4064 4064
294 1683120986 3559 278 3675 3656 3592 3634 3634 3602 4065 4065 4064 4064 4064 4064 4064 4064
295 1683120986 3559 279 3675 3656 3592 3635 3634 3603 4065 4065 4065 4065 4065 4065 4065 4065
296 1683120986 3559 278 3674 3655 3591 3634 3634 3602 4065 4065 4064 4064 4064 4064 4064 4064
297 1683120986 3560 278 3676 3657 3593 3635 3635 3603 4065 4065 4064 4064 4064 4064 4064 4064
298 1683120986 3560 278 3675 3656 3592 3635 3635 3603 4065 4065 4064 4064 4064 4064 4064 4064
299 1683120986 3559 278 3674 3656 3592 3635 3635 3602 4065 4065 4064 4064 4064 4064 4064 4064
300 1683120986 3559 278 3674 3656 3592 3635 3634 3602 4063 4063 4063 4063 4063 4063 4063 4063
301 1683120986 3560 278 3676 3657 3593 3635 3635 3603 4065 4065 4064 4064 4064 4064 4064 4064
302 1683120986 3559 278 3674 3655 3592 3633 3634 3601 4065 4065 4064 4064 4064 4064 4064 4064
303 1683120986 3560 278 3675 3656 3592 3634 3634 3603 4065 4065 4064 4064 4064 4064 4064 4064
304 1683120986 3559 278 3674 3656 3593 3634 3634 3603 4065 4065 4064 4064 4064 4064 4064 4064
305 1683120986 3558 278 3674 3656 3592 3634 3634 3602 4063 4063 4063 4063 4063 4063 4063 4063
306 1683120986 3559 278 3675 3656 3593 3635 3635 3603 4065 4065 4064 4064 4064 4064 4064 4064
307 1683120986 3560 278 3674 3657 3593 3635 3635 3603 4063 4063 4063 4063 4063 4063 4063 4063
308 1683120986 3559 278 3673 3656 3592 3634 3635 3602 4065 4065 4064 4064 4064 4064 4064 4064
309 1683120986 3559 278 3675 3656 3593 3635 3634 3603 4065 4065 4064 4064 4064 4064 4064 4064
310 1683120986 3560 278 3675 3656 3593 3634 3635 3603 4065 4065 4064 4064 4064 4064 4064 4064
311 1683120986 3560 279 3676 3657 3593 3635 3635 3603 4065 4065 4064 4064 4064 4064 4064 4064
312 1683120986 3559 279 3674 3656 3592 3635 3634 3603 4065 4065 4064 4064 4064 4064 4064 4064
313 1683120986 3559 278 3674 3656 3592 3634 3635 3602 4065 4065 4064 4064 4064 4064 4064 4064
314 1683120986 3559 278 3675 3656 3592 3635 3635 3602 4065 4065 4065 4065 4065 4065 4065 4065
315 1683120986 3561 278 3676 3658 3593 3636 3636 3604 4065 4065 4064 4064 4064 4064 4064 4064
316 1683120986 3560 278 3675 3656 3593 3635 3635 3603 4065 4065 4064 4064 4064 4064 4064 4064
317 1683120986 3560 279 3675 3657 3593 3635 3635 3603 4063 4063 4063 4063 4063 4063 4063 4063
318 1683120986 3559 279 3674 3656 3592 3634 3634 3602 4065 4065 4065 4065 4065 4065 4065 4065
319 1683120986 3559 279 3674 3656 3592 3634 3635 3602 4065 4065 4064 4064 4064 4064 4064 4064
320 1683120986 3559 278 3675 3656 3592 3635 3634 3602 4063 4063 4063 4063 4063 4063 4063 4063
321 1683120986 3559 279 3675 3656 3592 3635 3635 3603 4067 4065 4065 4065 4065 4065 4065 4065
322 1683120986 3559 278 3675 3656 3592 3635 3634 3602 4065 4065 4065 4065 4065 4065 4065 4065
323 1683120986 3559 278 3674 3655 3592 3634 3634 3602 4063 4063 4063 4063 4063 4063 4063 4063
324 1683120986 3560 279 3675 3657 3593 3635 3635 3603 4065 4065 4064 4064 4064 4064 4064 4064
325 1683120986 3559 278 3675 3656 3593 3635 3634 3602 4065 4063 4063 4063 4063 4063 4063 4063
326 1683120986 3559 280 3675 3656 3592 3635 3635 3603 4065 4065 4064 4064 4064 4064 4064 4064
327 1683120986 3559 279 3674 3656 3592 3635 3635 3603 4065 4065 4064 4064 4064 4064 4064 4064
328 1683120986 3560 278 3675 3657 3593 3635 3635 3603 4065 4065 4065 4065 4065 4065 4065 4065
329 1683120986 3560 278 3675 3657 3592 3635 3634 3603 4063 4063 4063 4063 4063 4063 4063 4063
330 1683120986 3559 279 3675 3656 3591 3634 3634 3602 4065 4065 4064 4064 4064 4064 4064 4064
331 1683120986 3559 279 3675 3657 3593 3635 3635 3603 4065 4065 4064 4064 4064 4064 4064 4064
332 1683120986 3560 278 3675 3656 3592 3635 3635 3603 4067 4065 4065 4065 4065 4065 4065 4065
333 1683120986 3560 279 3675 3656 3592 3635 3634 3603 4065 4065 4065 4065 4065 4065 4065 4065
334 1683120986 3560 278 3675 3657 3592 3635 3635 3603 4065 4065 4064 4064 4064 4064 4064 4064
335 1683120986 3560 279 3676 3657 3593 3635 3635 3603 4065 4065 4064 4064 4064 4064 4064 4064
336 1683120986 3561 278 3676 3657 3593 3635 3635 3604 4065 4065 4064 4064 4064 4064 4064 4064
337 1683120986 3560 279 3676 3658 3594 3637 3636 3605 4063 4063 4063 4063 4063 4063 4063 4063
338 1683120986 3560 279 3675 3657 3593 3636 3635 3603 4065 4065 4065 4065 4065 4065 4065 4065
339 1683120986 3560 279 3674 3657 3593 3635 3635 3603 4065 4063 4063 4063 4063 4063 4063 4063
340 1683120986 3560 279 3675 3657 3593 3635 3635 3603 4065 4065 4065 4065 4065 4065 4065 4065
341 1683120986 3560 281 3676 3657 3593 3636 3636 3604 4065 4065 4064 4064 4064 4064 4064 4064
342 1683120986 3560 280 3675 3657 3593 3636 3636 3603 4063 4063 4062 4062 4062 4062 4062 4062
343 1683120986 3559 279 3675 3656 3592 3635 3635 3603 4065 4065 4064 4064 4064 4064 4064 4064
344 1683120986 3560 279 3675 3657 3593 3635 3636 3603 4063 4063 4063 4063 4063 4063 4063 4063
345 1683120986 3559 279 3675 3656 3592 3635 3635 3603 4063 4063 4063 4063 4063 4063 4063 4063
346 1683120987 3560 279 3675 3656 3593 3635 3635 3604 4065 4063 4063 4063 4063 4063 4063 4063
347 1683120987 3560 279 3675 3657 3593 3635 3635 3603 4065 4065 4064 4064 4064 4064 4064 4064
348 1683120994 3560 278 3675 3657 3593 3635 3635 3603 4063 4063 4063 4063 4063 4063 4063 4063
349 1683120994 3560 278 3675 3656 3592 3635 3635 3603 4063 4063 4062 4062 4062 4062 4062 4062
350 1683120994 3560 279 3675 3657 3593 3635 3635 3603 4065 4065 4064 4064 4064 4064 4064 4064
351 1683120994 3561 279 3675 3657 3593 3636 3636 3604 4065 4065 4064 4064 4064 4064 4064 4064
352 1683120994 3560 278 3676 3657 3593 3635 3635 3603 4065 4065 4064 4064 4064 4064 4064 4064
353 1683120994 3560 278 3675 3656 3592 3635 3634 3603 4063 4063 4063 4063 4063 4063 4063 4063
354 1683120995 3560 279 3676 3657 3593 3636 3635 3603 4065 4065 4064 4064 4064 4064 4064 4064
355 1683120995 3560 279 3675 3657 3593 3635 3635 3602 4065 4065 4064 4064 4064 4064 4064 4064
356 1683120995 3561 279 3676 3657 3593 3636 3636 3604 4065 4065 4064 4064 4064 4064 4064 4064
357 1683120995 3561 279 3675 3657 3593 3636 3636 3604 4065 4065 4065 4065 4065 4065 4065 4065
358 1683120995 3562 279 3677 3658 3594 3637 3637 3605 4065 4065 4064 4064 4064 4064 4064 4064
359 1683120995 3559 279 3675 3657 3592 3635 3635 3603 4065 4065 4065 4065 4065 4065 4065 4065
360 1683120995 3560 278 3676 3657 3593 3636 3635 3603 4065 4065 4064 4064 4064 4064 4064 4064
361 1683120995 3560 279 3675 3657 3593 3636 3636 3603 4065 4065 4064 4064 4064 4064 4064 4064
362 1683120995 3561 279 3676 3657 3593 3636 3635 3603 4065 4065 4064 4064 4064 4064 4064 4064
363 1683120995 3561 279 3677 3658 3594 3637 3636 3604 4065 4065 4064 4064 4064 4064 4064 4064
364 1683120995 3561 279 3676 3657 3593 3636 3636 3604 4067 4065 4065 4065 4065 4065 4065 4065
365 1683120995 3559 276 3675 3656 3592 3634 3634 3602 4063 4063 4063 4063 4063 4063 4063 4063
366 1683120995 3558 277 3674 3655 3591 3634 3633 3601 4063 4063 4063 4063 4063 4063 4063 4063
367 1683120995 3558 276 3674 3655 3591 3633 3633 3602 4065 4065 4064 4064 4064 4064 4064 4064
368 1683120995 3558 277 3674 3655 3591 3634 3634 3602 4065 4065 4064 4064 4064 4064 4064 4064
369 1683120995 3560 276 3675 3656 3592 3634 3634 3602 4065 4065 4064 4064 4064 4064 4064 4064
370 1683120995 3559 277 3674 3656 3592 3634 3634 3602 4063 4063 4062 4062 4062 4062 4062 4062
371 1683120995 3559 277 3673 3656 3592 3635 3634 3603 4065 4065 4064 4064 4064 4064 4064 4064
372 1683120995 3559 277 3675 3656 3592 3634 3634 3602 4065 4065 4064 4064 4064 4064 4064 4064
373 1683120995 3560 277 3675 3656 3593 3635 3635 3603 4065 4065 4064 4064 4064 4064 4064 4064
374 1683120995 3559 277 3674 3655 3591 3634 3634 3602 4065 4065 4064 4064 4064 4064 4064 4064
375 1683120995 3559 278 3674 3656 3592 3634 3634 3602 4065 4065 4064 4064 4064 4064 4064 4064
376 1683120995 3558 277 3673 3655 3591 3633 3633 3601 4063 4063 4063 4063 4063 4063 4063 4063
377 1683120995 3559 277 3674 3655 3591 3634 3634 3602 4063 4063 4063 4063 4063 4063 4063 4063
378 1683120995 3559 277 3674 3655 3591 3634 3634 3602 4065 4065 4064 4064 4064 4064 4064 4064
379 1683120995 3560 277 3675 3656 3592 3635 3634 3602 4063 4063 4063 4063 4063 4063 4063 4063
380 1683120995 3559 277 3674 3656 3592 3634 3634 3602 4065 4065 4065 4065 4065 4065 4065 4065
381 1683120995 3560 277 3675 3656 3592 3635 3635 3603 4065 4065 4064 4064 4064 4064 4064 4064
382 1683120995 3559 277 3674 3656 3592 3634 3634 3602 4063 4063 4062 4062 4062 4062 4062 4062
383 1683120995 3559 277 3674 3657 3592 3634 3634 3602 4065 4065 4065 4065 4065 4065 4065 4065
384 1683120995 3559 277 3674 3656 3592 3634 3634 3603 4065 4065 4064 4064 4064 4064 4064 4064
385 1683120995 3559 277 3675 3656 3592 3635 3634 3603 4063 4063 4063 4063 4063 4063 4063 4063
386 1683120995 3559 277 3674 3656 3591 3634 3634 3602 4065 4064 4064 4064 4064 4064 4064 4064
387 1683120995 3558 277 3674 3655 3592 3634 3633 3602 4061 4061 4060 4060 4060 4060 4060 4060
388 1683120995 3559 277 3674 3656 3592 3634 3634 3602 4065 4065 4064 4064 4064 4064 4064 4064
389 1683120995 3559 277 3675 3656 3592 3634 3634 3602 4065 4065 4064 4064 4064 4064 4064 4064
390 1683120995 3560 277 3675 3656 3592 3635 3634 3603 4065 4065 4064 4064 4064 4064 4064 4064
391 1683120995 3559 278 3674 3656 3592 3634 3634 3602 4063 4063 4063 4063 4063 4063 4063 4063
392 1683120995 3559 277 3674 3655 3591 3634 3633 3602 4065 4063 4063 4063 4063 4063 4063 4063
393 1683120995 3559 277 3675 3656 3592 3635 3635 3602 4065 4065 4065 4065 4065 4065 4065 4065
394 1683120995 3559 277 3674 3656 3592 3635 3634 3603 4065 4065 4064 4064 4064 4064 4064 4064
395 1683120995 3559 277 3675 3656 3593 3635 3634 3603 4065 4065 4065 4065 4065 4065 4065 4065
396 1683120995 3559 277 3674 3656 3592 3634 3634 3602 4063 4063 4063 4063 4063 4063 4063 4063
397 1683120995 3559 277 3674 3656 3592 3635 3635 3603 4065 4065 4064 4064 4064 4064 4064 4064
398 1683120995 3559 277 3675 3656 3592 3635 3634 3603 4065 4065 4065 4065 4065 4065 4065 4065
399 1683120995 3559 278 3674 3655 3592 3634 3633 3602 4065 4065 4064 4064 4064 4064 4064 4064
400 1683120995 3560 277 3675 3657 3593 3635 3635 3603 4063 4063 4063 4063 4063 4063 4063 4063
401 1683120995 3559 277 3675 3656 3592 3635 3634 3603 4065 4065 4064 4064 4064 4064 4064 4064
402 1683120995 3559 277 3674 3655 3592 3634 3634 3603 4065 4065 4064 4064 4064 4064 4064 4064
403 1683120995 3558 277 3673 3655 3591 3633 3634 3601 4065 4065 4064 4064 4064 4064 4064 4064
404 1683120995 3560 277 3675 3656 3593 3635 3635 3604 4065 4065 4064 4064 4064 4064 4064 4064
405 1683120995 3559 277 3675 3656 3592 3635 3634 3602 4065 4065 4064 4064 4064 4064 4064 4064
406 1683120995 3559 277 3674 3655 3591 3634 3634 3602 4065 4065 4065 4065 4065 4065 4065 4065
407 1683120995 3558 278 3674 3655 3592 3634 3634 3603 4063 4063 4063 4063 4063 4063 4063 4063
408 1683120995 3560 277 3675 3656 3592 3635 3635 3603 4065 4065 4064 4064 4064 4064 4064 4064
409 1683120995 3559 277 3675 3656 3592 3635 3635 3602 4065 4065 4064 4064 4064 4064 4064 4064
410 1683120995 3558 277 3674 3656 3592 3634 3634 3602 4065 4065 4064 4064 4064 4064 4064 4064
411 1683120995 3560 277 3675 3656 3592 3634 3634 3602 4065 4065 4064 4064 4064 4064 4064 4064
412 1683120995 3559 277 3675 3656 3592 3635 3634 3602 4063 4063 4063 4063 4063 4063 4063 4063
413 1683120995 3560 277 3675 3656 3592 3635 3635 3602 4065 4065 4065 4065 4065 4065 4065 4065
414 1683120995 3560 277 3675 3657 3592 3635 3635 3603 4065 4065 4064 4064 4064 4064 4064 4064
415 1683120995 3561 277 3676 3657 3593 3636 3636 3604 4065 4065 4064 4064 4064 4064 4064 4064
416 1683120995 3559 277 3674 3655 3591 3634 3634 3602 4063 4063 4063 4063 4063 4063 4063 4063
417 1683120995 3559 277 3675 3656 3592 3635 3635 3603 4065 4065 4064 4064 4064 4064 4064 4064
418 1683120995 3560 277 3674 3656 3592 3634 3634 3602 4065 4065 4064 4064 4064 4064 4064 4064
419 1683120995 3559 277 3675 3656 3592 3635 3634 3603 4065 4065 4064 4064 4064 4064 4064 4064
420 1683120995 3560 277 3675 3656 3592 3634 3634 3602 4063 4063 4063 4063 4063 4063 4063 4063
421 1683120995 3559 277 3675 3656 3592 3635 3635 3603 4065 4065 4064 4064 4064 4064 4064 4064
422 1683120995 3560 277 3675 3656 3593 3635 3635 3603 4063 4063 4063 4063 4063 4063 4063 4063
423 1683120995 3559 278 3675 3656 3592 3635 3634 3603 4063 4063 4063 4063 4063 4063 4063 4063
424 1683120995 3559 277 3674 3656 3592 3634 3634 3602 4065 4065 4064 4064 4064 4064 4064 4064
425 1683120995 3559 277 3675 3656 3592 3635 3635 3603 4063 4063 4063 4063 4063 4063 4063 4063
426 1683120995 3559 277 3674 3655 3592 3634 3634 3602 4065 4065 4064 4064 4064 4064 4064 4064
427 1683120995 3560 278 3676 3657 3594 3636 3636 3604 4065 4065 4064 4064 4064 4064 4064 4064
428 1683120995 3559 277 3675 3656 3592 3634 3634 3602 4063 4063 4063 4063 4063 4063 4063 4063
429 1683120995 3559 278 3674 3655 3591 3634 3634 3602 4063 4063 4063 4063 4063 4063 4063 4063
430 1683120995 3559 277 3675 3656 3592 3635 3635 3603 4063 4063 4063 4063 4063 4063 4063 4063
431 1683121003 3558 277 3674 3654 3591 3633 3632 3601 4065 4065 4064 4064 4064 4064 4064 4064
432 1683121003 3559 278 3674 3656 3592 3635 3634 3602 4067 4065 4065 4065 4065 4065 4065 4065
433 1683121011 3559 277 3673 3656 3592 3634 3634 3602 4065 4065 4064 4064 4064 4064 4064 4064
434 1683121011 3559 277 3674 3656 3592 3634 3635 3602 4065 4065 4064 4064 4064 4064 4064 4064
435 1683121011 3559 278 3674 3656 3592 3634 3634 3602 4065 4065 4064 4064 4064 4064 4064 4064
436 1683121011 3559 277 3674 3655 3591 3634 3634 3602 4063 4063 4063 4063 4063 4063 4063 4063
437 1683121011 3559 278 3674 3656 3592 3634 3634 3602 4065 4065 4064 4064 4064 4064 4064 4064
438 1683121011 3559 277 3674 3656 3591 3634 3633 3602 4065 4065 4064 4064 4064 4064 4064 4064
439 1683121011 3559 277 3674 3655 3592 3634 3634 3602 4063 4063 4063 4063 4063 4063 4063 4063
440 1683121011 3559 278 3674 3656 3591 3634 3634 3602 4065 4065 4064 4064 4064 4064 4064 4064
441 1683121011 3559 278 3673 3656 3591 3634 3634 3602 4065 4065 4065 4065 4065 4065 4065 4065
442 1683121011 3559 277 3674 3655 3592 3634 3634 3602 4065 4065 4064 4064 4064 4064 4064 4064
443 1683121011 3558 278 3673 3654 3590 3633 3632 3601 4063 4063 4063 4063 4063 4063 4063 4063
444 1683121011 3559 277 3674 3655 3591 3635 3634 3602 4065 4065 4064 4064 4064 4064 4064 4064
445 1683121011 3559 278 3674 3656 3592 3634 3634 3602 4065 4064 4064 4064 4064 4064 4064 4064
446 1683121011 3559 277 3675 3656 3592 3635 3635 3603 4065 4065 4064 4064 4064 4064 4064 4064
447 1683121011 3558 278 3673 3655 3591 3634 3634 3601 4063 4063 4063 4063 4063 4063 4063 4063
448 1683121011 3560 277 3674 3656 3592 3635 3634 3603 4065 4065 4065 4065 4065 4065 4065 4065
449 1683121011 3559 278 3673 3655 3591 3634 3634 3602 4063 4063 4063 4063 4063 4063 4063 4063
450 1683121011 3559 277 3674 3656 3592 3634 3634 3602 4065 4065 4064 4064 4064 4064 4064 4064
451 1683121011 3560 277 3675 3656 3592 3635 3634 3603 4063 4063 4063 4063 4063 4063 4063 4063
452 1683121011 3559 277 3674 3655 3591 3634 3634 3603 4061 4061 4061 4061 4061 4061 4061 4061
453 1683121011 3559 278 3673 3656 3592 3634 3634 3602 4065 4065 4064 4064 4064 4064 4064 4064
454 1683121011 3558 278 3674 3655 3591 3634 3633 3602 4063 4063 4062 4062 4062 4062 4062 4062
455 1683121011 3559 277 3674 3656 3592 3634 3634 3602 4063 4063 4063 4063 4063 4063 4063 4063
456 1683121011 3560 277 3676 3657 3593 3635 3635 3603 4065 4065 4064 4064 4064 4064 4064 4064
457 1683121011 3559 277 3675 3656 3592 3635 3634 3602 4063 4063 4063 4063 4063 4063 4063 4063
458 1683121011 3559 277 3674 3656 3592 3635 3634 3602 4065 4063 4063 4063 4063 4063 4063 4063
459 1683121011 3559 278 3674 3656 3592 3634 3634 3602 4065 4065 4064 4064 4064 4064 4064 4064
460 1683121011 3559 278 3674 3655 3592 3634 3634 3602 4065 4065 4064 4064 4064 4064 4064 4064
461 1683121012 3558 278 3673 3655 3591 3634 3634 3602 4065 4065 4064 4064 4064 4064 4064 4064
462 1683121012 3559 277 3675 3656 3592 3635 3634 3602 4065 4065 4065 4065 4065 4065 4065 4065
463 1683121012 3560 278 3675 3656 3593 3635 3634 3603 4067 4065 4065 4065 4065 4065 4065 4065
464 1683121012 3561 277 3676 3657 3593 3636 3635 3604 4065 4065 4065 4065 4065 4065 4065 4065
465 1683121012 3559 278 3673 3656 3592 3634 3634 3602 4065 4065 4065 4065 4065 4065 4065 4065
466 1683121012 3559 277 3675 3656 3593 3635 3635 3603 4065 4065 4064 4064 4064 4064 4064 4064
467 1683121012 3560 278 3675 3657 3592 3635 3635 3604 4063 4063 4063 4063 4063 4063 4063 4063
468 1683121012 3559 279 3674 3656 3592 3635 3634 3603 4065 4065 4064 4064 4064 4064 4064 4064
469 1683121012 3559 278 3675 3656 3592 3634 3634 3602 4065 4065 4065 4065 4065 4065 4065 4065
470 1683121012 3560 277 3676 3656 3592 3635 3635 3602 4065 4065 4064 4064 4064 4064 4064 4064
471 1683121012 3560 278 3675 3657 3593 3636 3636 3604 4065 4065 4065 4065 4065 4065 4065 4065
472 1683121012 3558 277 3674 3655 3591 3634 3634 3603 4063 4063 4063 4063 4063 4063 4063 4063
473 1683121012 3559 278 3674 3656 3592 3635 3635 3603 4063 4063 4062 4062 4062 4062 4062 4062
474 1683121012 3559 278 3674 3655 3591 3634 3634 3602 4063 4063 4063 4063 4063 4063 4063 4063
475 1683121012 3559 278 3674 3656 3592 3635 3635 3603 4063 4063 4063 4063 4063 4063 4063 4063
476 1683121012 3559 278 3675 3657 3593 3635 3634 3603 4063 4063 4063 4063 4063 4063 4063 4063
477 1683121012 3560 278 3675 3657 3593 3636 3635 3604 4065 4065 4064 4064 4064 4064 4064 4064
478 1683121012 3560 278 3675 3656 3593 3635 3635 3603 4065 4065 4065 4065 4065 4065 4065 4065
479 1683121012 3560 277 3675 3657 3593 3635 3635 3604 4065 4065 4064 4064 4064 4064 4064 4064
480 1683121012 3560 278 3674 3657 3592 3635 3635 3603 4065 4065 4064 4064 4064 4064 4064 4064
481 1683121012 3559 278 3673 3656 3592 3634 3634 3602 4065 4065 4064 4064 4064 4064 4064 4064
482 1683121012 3559 278 3675 3656 3593 3635 3635 3603 4065 4065 4064 4064 4064 4064 4064 4064
483 1683121012 3560 278 3675 3657 3593 3636 3636 3604 4065 4065 4065 4065 4065 4065 4065 4065
484 1683121012 3560 277 3676 3657 3593 3635 3635 3603 4065 4065 4064 4064 4064 4064 4064 4064
485 1683121012 3560 278 3675 3657 3593 3635 3635 3603 4065 4065 4065 4065 4065 4065 4065 4065
486 1683121012 3560 277 3676 3656 3593 3636 3636 3604 4065 4065 4064 4064 4064 4064 4064 4064
487 1683121012 3559 278 3675 3656 3592 3634 3634 3602 4065 4065 4065 4065 4065 4065 4065 4065
488 1683121012 3559 278 3674 3656 3592 3634 3635 3602 4065 4065 4064 4064 4064 4064 4064 4064
489 1683121012 3560 278 3675 3657 3593 3635 3635 3604 4065 4065 4064 4064 4064 4064 4064 4064
490 1683121012 3560 277 3676 3657 3593 3635 3635 3604 4065 4065 4065 4065 4065 4065 4065 4065
491 1683121012 3561 278 3675 3657 3593 3635 3635 3604 4063 4063 4063 4063 4063 4063 4063 4063
492 1683121012 3560 277 3676 3657 3592 3635 3635 3603 4065 4065 4065 4065 4065 4065 4065 4065
493 1683121012 3560 278 3675 3657 3593 3635 3635 3603 4065 4065 4064 4064 4064 4064 4064 4064
494 1683121012 3560 277 3674 3656 3592 3634 3634 3603 4065 4065 4065 4065 4065 4065 4065 4065
495 1683121012 3560 277 3675 3657 3593 3635 3635 3603 4065 4065 4065 4065 4065 4065 4065 4065
496 1683121012 3559 278 3674 3657 3593 3635 3635 3603 4065 4065 4064 4064 4064 4064 4064 4064
497 1683121012 3560 278 3675 3657 3593 3636 3635 3603 4065 4065 4064 4064 4064 4064 4064 4064
498 1683121012 3560 278 3676 3657 3594 3636 3636 3604 4065 4065 4064 4064 4064 4064 4064 4064
499 1683121012 3560 278 3675 3656 3592 3635 3635 3603 4065 4065 4064 4064 4064 4064 4064 4064
500 1683121012 3559 279 3674 3656 3592 3634 3634 3602 4065 4065 4065 4065 4065 4065 4065 4065
501 1683121012 3560 278 3675 3656 3592 3635 3635 3603 4065 4065 4065 4065 4065 4065 4065 4065
502 1683121012 3560 278 3675 3657 3592 3635 3635 3603 4065 4065 4064 4064 4064 4064 4064 4064
503 1683121012 3560 278 3675 3657 3593 3636 3636 3603 4065 4065 4064 4064 4064 4064 4064 4064
504 1683121012 3561 278 3676 3657 3593 3636 3636 3604 4065 4065 4064 4064 4064 4064 4064 4064
505 1683121012 3561 278 3676 3657 3593 3636 3636 3604 4065 4065 4065 4065 4065 4065 4065 4065
506 1683121012 3561 277 3676 3658 3593 3636 3636 3604 4065 4065 4064 4064 4064 4064 4064 4064
507 1683121012 3560 278 3675 3656 3593 3635 3635 3604 4065 4065 4064 4064 4064 4064 4064 4064
508 1683121012 3559 278 3674 3656 3592 3635 3635 3603 4065 4065 4064 4064 4064 4064 4064 4064
509 1683121012 3560 278 3676 3657 3593 3636 3636 3604 4065 4065 4065 4065 4065 4065 4065 4065
510 1683121012 3560 278 3676 3657 3593 3636 3636 3604 4065 4065 4064 4064 4064 4064 4064 4064
511 1683121012 3560 278 3675 3657 3593 3636 3636 3604 4061 4061 4061 4061 4061 4061 4061 4061
512 1683121012 3559 278 3674 3657 3593 3635 3635 3603 4065 4065 4064 4064 4064 4064 4064 4064
513 1683121020 3558 278 3673 3655 3591 3633 3633 3601 4065 4065 4065 4065 4065 4065 4065 4065
514 1683121020 3559 278 3674 3656 3592 3634 3634 3602 4065 4065 4064 4064 4064 4064 4064 4064
515 1683121020 3559 279 3674 3655 3591 3634 3634 3602 4064 4065 4064 4064 4064 4064 4064 4064
516 1683121020 3559 278 3675 3657 3593 3635 3635 3603 4065 4065 4065 4065 4065 4065 4065 4065
517 1683121020 3558 278 3674 3656 3592 3634 3634 3602 4065 4063 4063 4063 4063 4063 4063 4063
518 1683121020 3559 278 3675 3657 3592 3635 3634 3603 4065 4065 4065 4065 4065 4065 4065 4065
519 1683121020 3559 279 3674 3656 3592 3635 3635 3603 4065 4065 4065 4065 4065 4065 4065 4065
520 1683121020 3560 278 3675 3657 3593 3635 3635 3603 4065 4065 4065 4065 4065 4065 4065 4065
521 1683121020 3559 278 3675 3656 3592 3634 3635 3602 4065 4063 4063 4063 4063 4063 4063 4063
522 1683121020 3560 278 3675 3657 3593 3635 3635 3603 4063 4063 4063 4063 4063 4063 4063 4063
523 1683121020 3559 279 3674 3656 3592 3634 3634 3603 4065 4065 4064 4064 4064 4064 4064 4064
524 1683121020 3560 278 3676 3657 3592 3635 3636 3604 4065 4065 4065 4065 4065 4065 4065 4065
525 1683121020 3559 278 3675 3656 3593 3635 3635 3603 4065 4065 4064 4064 4064 4064 4064 4064
526 1683121020 3560 278 3675 3657 3593 3635 3635 3603 4065 4065 4064 4064 4064 4064 4064 4064
527 1683121020 3560 278 3674 3657 3593 3635 3635 3603 4065 4065 4064 4064 4064 4064 4064 4064
528 1683121020 3560 278 3673 3657 3592 3635 3635 3603 4065 4065 4064 4064 4064 4064 4064 4064
529 1683121028 3559 278 3674 3656 3592 3634 3634 3602 4065 4065 4064 4064 4064 4064 4064 4064
530 1683121028 3560 279 3675 3656 3592 3635 3635 3603 4065 4065 4064 4064 4064 4064 4064 4064
531 1683121028 3559 278 3675 3656 3592 3635 3635 3603 4063 4063 4063 4063 4063 4063 4063 4063
532 1683121028 3560 278 3676 3657 3593 3636 3635 3604 4065 4065 4064 4064 4064 4064 4064 4064
533 1683121028 3560 278 3675 3657 3593 3636 3636 3604 4065 4065 4064 4064 4064 4064 4064 4064
534 1683121028 3560 278 3676 3657 3593 3635 3635 3603 4065 4065 4064 4064 4064 4064 4064 4064
535 1683121028 3560 278 3675 3656 3592 3635 3635 3603 4065 4065 4064 4064 4064 4064 4064 4064
536 1683121028 3559 278 3674 3656 3593 3635 3635 3603 4063 4063 4063 4063 4063 4063 4063 4063
537 1683121028 3561 278 3677 3658 3594 3636 3635 3604 4065 4065 4064 4064 4064 4064 4064 4064
538 1683121028 3561 278 3676 3658 3593 3636 3635 3603 4065 4065 4064 4064 4064 4064 4064 4064
539 1683121028 3559 278 3675 3657 3593 3635 3635 3603 4067 4065 4065 4065 4065 4065 4065 4065
540 1683121028 3559 278 3674 3657 3592 3635 3635 3603 4061 4061 4061 4061 4061 4061 4061 4061
541 1683121028 3560 278 3675 3657 3593 3636 3635 3603 4065 4065 4064 4064 4064 4064 4064 4064
542 1683121028 3559 278 3675 3657 3593 3636 3635 3603 4063 4063 4062 4062 4062 4062 4062 4062
543 1683121028 3560 278 3676 3658 3594 3636 3636 3604 4065 4065 4064 4064 4064 4064 4064 4064
544 1683121028 3560 278 3675 3657 3593 3636 3635 3604 4065 4065 4064 4064 4064 4064 4064 4064
545 1683121028 3560 277 3676 3657 3593 3635 3635 3604 4065 4065 4064 4064 4064 4064 4064 4064
546 1683121028 3561 279 3676 3657 3593 3635 3636 3603 4065 4065 4064 4064 4064 4064 4064 4064
547 1683121028 3560 278 3675 3657 3593 3636 3636 3604 4065 4065 4064 4064 4064 4064 4064 4064
548 1683121028 3560 278 3674 3656 3592 3635 3635 3603 4063 4063 4063 4063 4063 4063 4063 4063
549 1683121028 3562 278 3676 3658 3594 3636 3636 3604 4065 4065 4064 4064 4064 4064 4064 4064
550 1683121028 3561 278 3676 3657 3594 3636 3636 3604 4065 4065 4065 4065 4065 4065 4065 4065
551 1683121028 3561 278 3676 3658 3594 3636 3636 3604 4065 4065 4064 4064 4064 4064 4064 4064
552 1683121029 3560 278 3676 3657 3593 3636 3635 3604 4065 4063 4063 4063 4063 4063 4063 4063
553 1683121029 3561 278 3677 3658 3594 3637 3636 3604 4065 4065 4064 4064 4064 4064 4064 4064
554 1683121029 3560 278 3675 3657 3593 3636 3635 3603 4065 4065 4064 4064 4064 4064 4064 4064
555 1683121029 3561 278 3676 3657 3593 3635 3636 3604 4063 4063 4063 4063 4063 4063 4063 4063
556 1683121029 3560 279 3676 3657 3593 3635 3636 3604 4065 4065 4064 4064 4064 4064 4064 4064
557 1683121029 3560 278 3675 3657 3593 3635 3635 3603 4065 4065 4064 4064 4064 4064 4064 4064
558 1683121029 3560 278 3676 3657 3593 3635 3635 3604 4065 4065 4064 4064 4064 4064 4064 4064
559 1683121029 3561 278 3677 3658 3593 3636 3636 3604 4063 4063 4063 4063 4063 4063 4063 4063
560 1683121029 3561 278 3676 3657 3594 3637 3636 3605 4061 4061 4061 4061 4061 4061 4061 4061
561 1683121029 3560 278 3676 3657 3594 3636 3636 3604 4065 4065 4064 4064 4064 4064 4064 4064
562 1683121029 3560 279 3675 3657 3593 3636 3635 3604 4065 4065 4064 4064 4064 4064 4064 4064
563 1683121029 3561 278 3676 3657 3593 3636 3635 3604 4063 4063 4063 4063 4063 4063 4063 4063
564 1683121029 3560 278 3675 3657 3593 3635 3634 3603 4063 4063 4063 4063 4063 4063 4063 4063
565 1683121029 3561 278 3677 3658 3594 3637 3637 3604 4065 4065 4065 4065 4065 4065 4065 4065
566 1683121029 3561 278 3675 3657 3593 3636 3635 3604 4065 4065 4064 4064 4064 4064 4064 4064
567 1683121029 3561 278 3677 3659 3594 3637 3637 3605 4063 4063 4063 4063 4063 4063 4063 4063
568 1683121029 3560 279 3676 3658 3594 3636 3636 3604 4065 4065 4064 4064 4064 4064 4064 4064
569 1683121029 3561 278 3677 3658 3594 3636 3636 3605 4065 4065 4064 4064 4064 4064 4064 4064
570 1683121029 3561 279 3676 3658 3594 3636 3636 3604 4065 4065 4064 4064 4064 4064 4064 4064
571 1683121029 3562 278 3677 3658 3594 3637 3637 3605 4063 4063 4063 4063 4063 4063 4063 4063
572 1683121029 3561 278 3676 3658 3593 3636 3635 3603 4065 4065 4064 4064 4064 4064 4064 4064
573 1683121029 3560 278 3675 3658 3593 3636 3636 3604 4063 4063 4063 4063 4063 4063 4063 4063
574 1683121029 3561 279 3677 3658 3594 3637 3636 3605 4063 4063 4063 4063 4063 4063 4063 4063
575 1683121029 3562 278 3677 3658 3594 3636 3636 3604 4063 4063 4063 4063 4063 4063 4063 4063
576 1683121029 3560 279 3676 3657 3593 3635 3635 3603 4065 4065 4064 4064 4064 4064 4064 4064
577 1683121029 3562 278 3677 3658 3594 3637 3636 3604 4063 4063 4062 4062 4062 4062 4062 4062
578 1683121029 3561 279 3676 3658 3594 3636 3636 3605 4065 4065 4064 4064 4064 4064 4064 4064
579 1683121029 3561 278 3676 3658 3594 3637 3636 3604 4065 4063 4063 4063 4063 4063 4063 4063
580 1683121029 3561 278 3676 3658 3594 3637 3637 3605 4065 4065 4064 4064 4064 4064 4064 4064
581 1683121029 3560 279 3675 3657 3593 3636 3635 3604 4065 4063 4063 4063 4063 4063 4063 4063
582 1683121029 3561 279 3676 3658 3594 3637 3636 3604 4065 4065 4064 4064 4064 4064 4064 4064
583 1683121029 3560 278 3676 3657 3593 3636 3635 3604 4065 4065 4064 4064 4064 4064 4064 4064
584 1683121029 3561 279 3676 3658 3594 3637 3636 3605 4065 4065 4065 4065 4065 4065 4065 4065
585 1683121029 3561 278 3676 3657 3593 3636 3635 3603 4065 4065 4064 4064 4064 4064 4064 4064
586 1683121029 3560 279 3676 3658 3594 3636 3636 3604 4063 4063 4063 4063 4063 4063 4063 4063
587 1683121029 3562 278 3677 3659 3595 3637 3637 3605 4065 4065 4064 4064 4064 4064 4064 4064
588 1683121029 3562 279 3676 3658 3595 3637 3637 3605 4065 4065 4065 4065 4065 4065 4065 4065
589 1683121029 3560 278 3675 3657 3594 3637 3636 3604 4065 4065 4064 4064 4064 4064 4064 4064
590 1683121029 3561 278 3674 3657 3593 3636 3635 3603 4065 4065 4064 4064 4064 4064 4064 4064
591 1683121029 3561 278 3677 3658 3594 3637 3636 3604 4063 4063 4063 4063 4063 4063 4063 4063
592 1683121029 3561 281 3677 3659 3594 3637 3637 3606 4063 4063 4063 4063 4063 4063 4063 4063
593 1683121029 3562 280 3677 3659 3595 3637 3636 3605 4065 4065 4064 4064 4064 4064 4064 4064
594 1683121029 3561 279 3677 3658 3594 3637 3637 3605 4065 4065 4064 4064 4064 4064 4064 4064
595 1683121029 3561 279 3677 3659 3594 3637 3636 3605 4065 4064 4064 4064 4064 4064 4064 4064
596 1683121029 3561 278 3677 3659 3594 3637 3637 3605 4063 4063 4063 4063 4063 4063 4063 4063
597 1683121029 3560 279 3675 3657 3593 3636 3635 3604 4065 4065 4065 4065 4065 4065 4065 4065
598 1683121029 3561 279 3676 3658 3594 3636 3636 3604 4063 4063 4063 4063 4063 4063 4063 4063
599 1683121029 3562 278 3677 3658 3594 3637 3636 3605 4065 4065 4064 4064 4064 4064 4064 4064
600 1683121029 3562 278 3678 3659 3594 3637 3636 3605 4065 4065 4064 4064 4064 4064 4064 4064
601 1683121029 3561 278 3676 3658 3594 3636 3636 3604 4065 4065 4064 4064 4064 4064 4064 4064
602 1683121029 3562 279 3677 3659 3595 3637 3637 3605 4065 4065 4064 4064 4064 4064 4064 4064
603 1683121029 3561 279 3677 3658 3595 3637 3637 3605 4065 4065 4065 4065 4065 4065 4065 4065
604 1683121029 3561 278 3676 3658 3594 3637 3636 3604 4065 4065 4064 4064 4064 4064 4064 4064
605 1683121029 3561 278 3676 3658 3594 3637 3636 3604 4065 4063 4063 4063 4063 4063 4063 4063
606 1683121029 3562 279 3676 3658 3595 3636 3636 3605 4065 4065 4065 4065 4065 4065 4065 4065
607 1683121029 3562 278 3678 3659 3595 3637 3636 3605 4065 4065 4064 4064 4064 4064 4064 4064
608 1683121029 3560 279 3676 3658 3594 3636 3636 3605 4063 4063 4062 4062 4062 4062 4062 4062
609 1683121029 3560 279 3676 3657 3593 3636 3636 3604 4065 4065 4064 4064 4064 4064 4064 4064
610 1683121029 3562 279 3677 3658 3594 3636 3636 3605 4065 4065 4065 4065 4065 4065 4065 4065
611 1683121029 3562 278 3677 3658 3594 3636 3636 3605 4065 4065 4064 4064 4064 4064 4064 4064
612 1683121029 3561 278 3676 3658 3593 3636 3635 3603 4065 4065 4064 4064 4064 4064 4064 4064
613 1683121029 3561 279 3676 3658 3594 3636 3636 3605 4065 4064 4064 4064 4064 4064 4064 4064
614 1683121029 3561 279 3676 3657 3593 3637 3636 3605 4065 4065 4065 4065 4065 4065 4065 4065
615 1683121029 3561 278 3677 3658 3594 3637 3636 3604 4065 4065 4064 4064 4064 4064 4064 4064
616 1683121029 3562 279 3677 3659 3595 3638 3637 3606 4065 4065 4064 4064 4064 4064 4064 4064
617 1683121029 3559 277 3675 3657 3593 3635 3635 3604 4063 4063 4063 4063 4063 4063 4063 4063
618 1683121029 3559 277 3674 3655 3592 3634 3634 3602 4065 4063 4063 4063 4063 4063 4063 4063
619 1683121029 3559 276 3674 3655 3592 3634 3634 3602 4065 4065 4064 4064 4064 4064 4064 4064
620 1683121029 3560 277 3676 3657 3593 3635 3635 3603 4065 4065 4065 4065 4065 4065 4065 4065
621 1683121029 3560 277 3675 3657 3592 3636 3635 3603 4065 4065 4064 4064 4064 4064 4064 4064
622 1683121029 3560 276 3675 3657 3593 3635 3635 3603 4065 4065 4064 4064 4064 4064 4064 4064
623 1683121029 3560 277 3675 3657 3593 3635 3635 3603 4065 4065 4064 4064 4064 4064 4064 4064
624 1683121029 3559 277 3675 3656 3592 3634 3634 3602 4063 4063 4063 4063 4063 4063 4063 4063
625 1683121029 3560 277 3675 3657 3593 3635 3635 3603 4065 4063 4063 4063 4063 4063 4063 4063
626 1683121029 3559 277 3674 3657 3593 3635 3634 3602 4065 4065 4065 4065 4065 4065 4065 4065
627 1683121029 3559 278 3675 3656 3592 3634 3634 3602 4065 4065 4064 4064 4064 4064 4064 4064
628 1683121029 3560 277 3675 3657 3593 3635 3635 3603 4063 4063 4063 4063 4063 4063 4063 4063
629 1683121029 3558 277 3674 3655 3592 3634 3633 3601 4065 4065 4064 4064 4064 4064 4064 4064
630 1683121029 3560 277 3675 3657 3593 3635 3635 3603 4067 4065 4065 4065 4065 4065 4065 4065
631 1683121029 3559 277 3675 3656 3592 3635 3635 3602 4065 4065 4064 4064 4064 4064 4064 4064
632 1683121030 3561 277 3676 3657 3593 3635 3636 3603 4065 4065 4065 4065 4065 4065 4065 4065
633 1683121030 3560 277 3675 3657 3592 3635 3635 3603 4063 4063 4063 4063 4063 4063 4063 4063
634 1683121030 3561 277 3676 3657 3593 3636 3635 3604 4063 4063 4063 4063 4063 4063 4063 4063
635 1683121030 3559 278 3674 3656 3593 3635 3634 3603 4065 4065 4064 4064 4064 4064 4064 4064
636 1683121030 3560 277 3675 3656 3592 3635 3635 3603 4065 4065 4065 4065 4065 4065 4065 4065
637 1683121030 3560 277 3675 3656 3592 3635 3635 3603 4065 4065 4065 4065 4065 4065 4065 4065
638 1683121030 3560 277 3674 3656 3592 3635 3634 3603 4065 4065 4064 4064 4064 4064 4064 4064
639 1683121030 3559 277 3674 3656 3592 3634 3635 3602 4063 4063 4062 4062 4062 4062 4062 4062
640 1683121030 3560 277 3675 3656 3592 3635 3635 3602 4065 4063 4063 4063 4063 4063 4063 4063
641 1683121030 3561 276 3676 3657 3593 3636 3636 3604 4065 4065 4064 4064 4064 4064 4064 4064
642 1683121030 3559 277 3674 3656 3592 3635 3635 3603 4063 4063 4063 4063 4063 4063 4063 4063
643 1683121030 3559 278 3674 3656 3592 3634 3634 3602 4065 4065 4064 4064 4064 4064 4064 4064
644 1683121030 3559 277 3674 3656 3592 3634 3634 3602 4065 4065 4064 4064 4064 4064 4064 4064
645 1683121030 3560 276 3675 3657 3592 3635 3635 3603 4065 4065 4064 4064 4064 4064 4064 4064
646 1683121030 3559 277 3674 3657 3593 3635 3634 3603 4065 4065 4065 4065 4065 4065 4065 4065
647 1683121030 3560 277 3675 3657 3592 3634 3634 3602 4065 4063 4063 4063 4063 4063 4063 4063
648 1683121030 3559 277 3674 3656 3592 3635 3634 3603 4063 4063 4063 4063 4063 4063 4063 4063
649 1683121030 3559 278 3675 3656 3592 3635 3635 3603 4065 4065 4065 4065 4065 4065 4065 4065
650 1683121030 3559 277 3674 3657 3593 3635 3635 3603 4065 4065 4064 4064 4064 4064 4064 4064
651 1683121030 3559 278 3674 3656 3592 3635 3634 3602 4065 4065 4065 4065 4065 4065 4065 4065
652 1683121030 3560 277 3674 3657 3592 3635 3635 3603 4065 4065 4065 4065 4065 4065 4065 4065
653 1683121030 3560 277 3675 3657 3593 3636 3636 3604 4063 4063 4063 4063 4063 4063 4063 4063
654 1683121030 3559 277 3674 3656 3592 3635 3634 3602 4063 4063 4063 4063 4063 4063 4063 4063
655 1683121030 3560 278 3675 3657 3593 3635 3635 3603 4065 4065 4064 4064 4064 4064 4064 4064
656 1683121030 3560 277 3675 3656 3592 3634 3634 3603 4065 4065 4064 4064 4064 4064 4064 4064
657 1683121030 3559 277 3675 3656 3592 3635 3634 3602 4063 4063 4062 4062 4062 4062 4062 4062
658 1683121030 3560 277 3675 3656 3592 3635 3634 3602 4065 4065 4064 4064 4064 4064 4064 4064
659 1683121030 3560 278 3675 3657 3593 3635 3635 3603 4063 4063 4063 4063 4063 4063 4063 4063
660 1683121030 3560 277 3675 3656 3592 3635 3635 3603 4065 4065 4064 4064 4064 4064 4064 4064
661 1683121030 3560 277 3675 3657 3593 3636 3636 3604 4065 4065 4064 4064 4064 4064 4064 4064
662 1683121030 3559 277 3674 3655 3593 3635 3634 3602 4067 4065 4065 4065 4065 4065 4065 4065
663 1683121030 3560 278 3676 3657 3593 3636 3636 3604 4065 4065 4064 4064 4064 4064 4064 4064
664 1683121030 3559 277 3674 3656 3592 3634 3634 3602 4065 4065 4065 4065 4065 4065 4065 4065
665 1683121030 3561 277 3676 3657 3593 3636 3635 3604 4065 4065 4064 4064 4064 4064 4064 4064
666 1683121030 3559 277 3675 3656 3592 3635 3635 3603 4065 4065 4064 4064 4064 4064 4064 4064
667 1683121030 3560 277 3676 3657 3593 3635 3635 3603 4065 4065 4064 4064 4064 4064 4064 4064
668 1683121030 3559 277 3675 3656 3593 3635 3635 3603 4065 4065 4064 4064 4064 4064 4064 4064
669 1683121030 3560 277 3675 3657 3593 3636 3635 3603 4065 4065 4064 4064 4064 4064 4064 4064
670 1683121030 3560 277 3674 3656 3592 3635 3635 3603 4065 4065 4064 4064 4064 4064 4064 4064
671 1683121030 3561 277 3676 3657 3593 3636 3635 3604 4065 4065 4064 4064 4064 4064 4064 4064
672 1683121030 3560 277 3675 3657 3592 3635 3634 3603 4065 4063 4063 4063 4063 4063 4063 4063
673 1683121030 3560 278 3676 3658 3594 3636 3636 3604 4065 4065 4064 4064 4064 4064 4064 4064
674 1683121030 3559 277 3675 3656 3593 3636 3636 3603 4065 4065 4064 4064 4064 4064 4064 4064
675 1683121030 3559 278 3675 3657 3593 3636 3635 3604 4065 4065 4064 4064 4064 4064 4064 4064
676 1683121030 3560 278 3675 3657 3593 3635 3635 3604 4063 4063 4062 4062 4062 4062 4062 4062
677 1683121030 3560 277 3675 3657 3592 3635 3636 3603 4065 4065 4064 4064 4064 4064 4064 4064
678 1683121030 3560 277 3676 3657 3593 3636 3636 3603 4063 4063 4063 4063 4063 4063 4063 4063
679 1683121030 3560 278 3675 3657 3593 3636 3635 3604 4065 4065 4064 4064 4064 4064 4064 4064
680 1683121030 3560 277 3675 3657 3593 3635 3635 3604 4063 4063 4062 4062 4062 4062 4062 4062
681 1683121030 3559 277 3674 3656 3592 3635 3635 3603 4065 4065 4064 4064 4064 4064 4064 4064
682 1683121030 3560 278 3675 3657 3593 3636 3635 3603 4065 4065 4064 4064 4064 4064 4064 4064
683 1683121030 3559 278 3675 3656 3592 3634 3634 3603 4063 4063 4063 4063 4063 4063 4063 4063
684 1683121030 3560 277 3675 3657 3593 3635 3635 3603 4063 4063 4063 4063 4063 4063 4063 4063
685 1683121030 3560 277 3675 3657 3593 3636 3636 3604 4063 4063 4063 4063 4063 4063 4063 4063
686 1683121030 3560 278 3675 3657 3594 3637 3636 3605 4063 4063 4063 4063 4063 4063 4063 4063
687 1683121030 3560 278 3675 3657 3593 3635 3635 3603 4065 4065 4064 4064 4064 4064 4064 4064
688 1683121030 3561 277 3676 3658 3594 3636 3636 3605 4063 4063 4063 4063 4063 4063 4063 4063
689 1683121030 3560 277 3675 3656 3593 3635 3635 3604 4063 4063 4063 4063 4063 4063 4063 4063
690 1683121030 3561 277 3676 3658 3594 3636 3636 3604 4065 4065 4064 4064 4064 4064 4064 4064
691 1683121030 3561 278 3676 3657 3593 3636 3636 3604 4065 4065 4065 4065 4065 4065 4065 4065
692 1683121030 3560 277 3676 3657 3593 3635 3636 3603 4065 4065 4064 4064 4064 4064 4064 4064
693 1683121030 3561 277 3676 3658 3593 3636 3636 3604 4065 4065 4064 4064 4064 4064 4064 4064
694 1683121030 3561 277 3676 3658 3593 3636 3636 3604 4063 4063 4063 4063 4063 4063 4063 4063
695 1683121030 3560 278 3675 3657 3593 3636 3636 3604 4063 4063 4063 4063 4063 4063 4063 4063
696 1683121030 3560 277 3675 3657 3593 3635 3635 3604 4063 4063 4063 4063 4063 4063 4063 4063
697 1683121030 3561 277 3675 3657 3593 3636 3635 3603 4065 4065 4064 4064 4064 4064 4064 4064
698 1683121030 3561 277 3676 3658 3594 3636 3636 3604 4065 4065 4064 4064 4064 4064 4064 4064
699 1683121031 3560 278 3676 3657 3594 3636 3636 3604 4065 4065 4065 4065 4065 4065 4065 4065
700 1683121031 3560 277 3676 3658 3593 3635 3635 3603 4065 4065 4064 4064 4064 4064 4064 4064
701 1683121031 3559 278 3674 3656 3592 3634 3634 3602 4063 4063 4063 4063 4063 4063 4063 4063
702 1683121031 3560 278 3676 3657 3593 3635 3635 3604 4063 4063 4063 4063 4063 4063 4063 4063
703 1683121031 3561 278 3677 3658 3594 3637 3636 3605 4065 4065 4064 4064 4064 4064 4064 4064
704 1683121031 3560 277 3676 3657 3593 3635 3635 3604 4065 4065 4064 4064 4064 4064 4064 4064
705 1683121031 3561 278 3676 3658 3594 3636 3636 3604 4065 4065 4064 4064 4064 4064 4064 4064
706 1683121031 3560 277 3675 3657 3593 3635 3635 3603 4063 4063 4063 4063 4063 4063 4063 4063
707 1683121031 3561 278 3676 3658 3594 3636 3636 3604 4065 4065 4064 4064 4064 4064 4064 4064
708 1683121031 3560 277 3676 3658 3594 3636 3636 3604 4065 4065 4064 4064 4064 4064 4064 4064
709 1683121031 3561 278 3675 3658 3593 3636 3636 3604 4065 4065 4064 4064 4064 4064 4064 4064
710 1683121031 3561 277 3676 3658 3593 3636 3636 3604 4065 4065 4064 4064 4064 4064 4064 4064
711 1683121031 3561 278 3676 3657 3593 3636 3636 3605 4065 4065 4064 4064 4064 4064 4064 4064
712 1683121031 3560 277 3676 3657 3593 3635 3635 3603 4063 4063 4063 4063 4063 4063 4063 4063
713 1683121031 3560 277 3675 3657 3592 3635 3634 3603 4065 4065 4064 4064 4064 4064 4064 4064
714 1683121031 3561 277 3676 3658 3594 3637 3637 3605 4063 4063 4063 4063 4063 4063 4063 4063
715 1683121031 3564 278 3680 3661 3597 3639 3639 3607 4065 4065 4064 4064 4064 4064 4064 4064
716 1683121031 3561 277 3676 3657 3594 3636 3636 3604 4065 4065 4064 4064 4064 4064 4064 4064
717 1683121031 3560 278 3675 3657 3593 3635 3635 3603 4065 4065 4064 4064 4064 4064 4064 4064
718 1683121031 3560 278 3676 3657 3593 3635 3635 3603 4063 4063 4063 4063 4063 4063 4063 4063
719 1683121031 3561 277 3677 3658 3594 3636 3636 3605 4065 4065 4064 4064 4064 4064 4064 4064
720 1683121031 3561 277 3676 3658 3594 3637 3636 3605 4063 4063 4063 4063 4063 4063 4063 4063
721 1683121031 3561 280 3676 3657 3594 3636 3636 3604 4065 4063 4063 4063 4063 4063 4063 4063
722 1683121031 3561 279 3677 3658 3594 3636 3636 3604 4065 4065 4064 4064 4064 4064 4064 4064
723 1683121031 3561 278 3677 3658 3594 3637 3636 3605 4065 4065 4064 4064 4064 4064 4064 4064
724 1683121031 3561 278 3676 3659 3594 3636 3636 3604 4065 4065 4064 4064 4064 4064 4064 4064
725 1683121031 3561 278 3675 3658 3593 3636 3636 3604 4065 4065 4065 4065 4065 4065 4065 4065
726 1683121031 3560 278 3676 3657 3593 3636 3636 3603 4065 4065 4064 4064 4064 4064 4064 4064
727 1683121031 3560 278 3675 3657 3593 3636 3635 3604 4065 4065 4065 4065 4065 4065 4065 4065
728 1683121031 3560 278 3676 3657 3593 3636 3636 3604 4065 4065 4064 4064 4064 4064 4064 4064
729 1683121031 3560 278 3675 3656 3593 3635 3635 3603 4065 4065 4064 4064 4064 4064 4064 4064
730 1683121031 3560 278 3676 3657 3593 3636 3636 3604 4065 4065 4064 4064 4064 4064 4064 4064
731 1683121031 3561 278 3676 3658 3594 3636 3636 3604 4065 4065 4064 4064 4064 4064 4064 4064
732 1683121031 3560 278 3675 3657 3593 3636 3635 3604 4065 4065 4064 4064 4064 4064 4064 4064
733 1683121031 3561 278 3675 3657 3593 3636 3636 3604 4065 4065 4064 4064 4064 4064 4064 4064
734 1683121031 3560 277 3676 3657 3593 3635 3635 3604 4063 4063 4063 4063 4063 4063 4063 4063
735 1683121031 3560 278 3676 3658 3594 3636 3635 3604 4063 4063 4063 4063 4063 4063 4063 4063
736 1683121031 3561 278 3676 3658 3594 3636 3636 3605 4065 4065 4064 4064 4064 4064 4064 4064
737 1683121031 3560 278 3675 3657 3593 3636 3635 3603 4065 4065 4064 4064 4064 4064 4064 4064
738 1683121031 3561 279 3676 3658 3594 3636 3635 3604 4065 4065 4065 4065 4065 4065 4065 4065
739 1683121031 3561 278 3677 3658 3595 3637 3637 3605 4063 4063 4063 4063 4063 4063 4063 4063
740 1683121031 3560 278 3676 3657 3594 3636 3636 3604 4065 4065 4064 4064 4064 4064 4064 4064
741 1683121031 3559 278 3675 3657 3593 3636 3636 3604 4067 4065 4065 4065 4065 4065 4065 4065
742 1683121031 3561 278 3676 3658 3594 3636 3636 3604 4065 4065 4064 4064 4064 4064 4064 4064
743 1683121031 3561 278 3676 3658 3594 3636 3636 3604 4063 4063 4063 4063 4063 4063 4063 4063
744 1683121031 3561 277 3676 3657 3594 3636 3636 3604 4063 4063 4063 4063 4063 4063 4063 4063
745 1683121031 3561 278 3677 3658 3594 3636 3636 3604 4063 4063 4063 4063 4063 4063 4063 4063
746 1683121031 3560 279 3675 3657 3593 3636 3636 3604 4065 4065 4064 4064 4064 4064 4064 4064
747 1683121031 3561 278 3676 3658 3594 3636 3636 3604 4065 4065 4064 4064 4064 4064 4064 4064
748 1683121031 3561 278 3676 3658 3594 3637 3637 3605 4065 4065 4064 4064 4064 4064 4064 4064
749 1683121031 3560 278 3675 3657 3593 3636 3636 3604 4065 4065 4064 4064 4064 4064 4064 4064
750 1683121031 3561 277 3676 3658 3594 3636 3635 3604 4063 4063 4062 4062 4062 4062 4062 4062
751 1683121031 3560 278 3676 3657 3593 3635 3635 3603 4063 4063 4063 4063 4063 4063 4063 4063
752 1683121031 3561 277 3677 3658 3594 3637 3637 3605 4065 4065 4065 4065 4065 4065 4065 4065
753 1683121031 3561 277 3676 3657 3594 3637 3636 3604 4063 4063 4062 4062 4062 4062 4062 4062
754 1683121031 3560 279 3675 3657 3593 3635 3635 3603 4065 4065 4064 4064 4064 4064 4064 4064
755 1683121031 3561 278 3676 3657 3593 3636 3636 3604 4063 4063 4063 4063 4063 4063 4063 4063
756 1683121031 3562 278 3677 3659 3595 3637 3637 3605 4065 4065 4065 4065 4065 4065 4065 4065
757 1683121031 3562 278 3677 3659 3595 3637 3637 3605 4065 4065 4064 4064 4064 4064 4064 4064
758 1683121031 3560 278 3675 3657 3593 3635 3635 3603 4065 4065 4064 4064 4064 4064 4064 4064
759 1683121031 3561 278 3676 3658 3593 3636 3636 3604 4063 4063 4063 4063 4063 4063 4063 4063
760 1683121031 3560 277 3676 3657 3593 3635 3635 3603 4065 4065 4064 4064 4064 4064 4064 4064
761 1683121031 3560 278 3676 3658 3594 3637 3636 3604 4065 4065 4064 4064 4064 4064 4064 4064
762 1683121031 3561 279 3676 3657 3594 3637 3636 3604 4067 4065 4065 4065 4065 4065 4065 4065
763 1683121031 3561 278 3676 3658 3594 3637 3637 3605 4065 4065 4064 4064 4064 4064 4064 4064
764 1683121039 3560 278 3675 3656 3593 3635 3635 3603 4065 4065 4065 4065 4065 4065 4065 4065
765 1683121039 3561 279 3676 3657 3593 3636 3636 3604 4063 4063 4063 4063 4063 4063 4063 4063
766 1683121039 3561 278 3676 3658 3594 3636 3636 3604 4063 4063 4063 4063 4063 4063 4063 4063
767 1683121039 3561 278 3676 3658 3593 3636 3636 3603 4065 4065 4064 4064 4064 4064 4064 4064
768 1683121039 3560 278 3675 3657 3593 3636 3636 3604 4065 4063 4063 4063 4063 4063 4063 4063
769 1683121039 3560 277 3676 3657 3593 3636 3636 3603 4065 4065 4064 4064 4064 4064 4064 4064
770 1683121039 3561 278 3676 3657 3593 3636 3635 3603 4065 4063 4063 4063 4063 4063 4063 4063
771 1683121039 3561 278 3676 3657 3593 3636 3636 3604 4063 4063 4063 4063 4063 4063 4063 4063
772 1683121039 3560 278 3675 3658 3593 3636 3636 3604 4065 4065 4065 4065 4065 4065 4065 4065
773 1683121039 3562 278 3676 3658 3594 3636 3636 3604 4065 4063 4063 4063 4063 4063 4063 4063
774 1683121039 3561 278 3676 3658 3593 3636 3636 3603 4065 4065 4065 4065 4065 4065 4065 4065
775 1683121039 3561 278 3676 3658 3594 3636 3636 3604 4065 4065 4065 4065 4065 4065 4065 4065
776 1683121039 3562 278 3677 3658 3594 3637 3637 3605 4063 4063 4063 4063 4063 4063 4063 4063
777 1683121039 3560 278 3675 3657 3592 3635 3635 3603 4065 4065 4064 4064 4064 4064 4064 4064
778 1683121039 3561 278 3675 3657 3593 3635 3635 3604 4065 4065 4064 4064 4064 4064 4064 4064
779 1683121040 3561 278 3676 3657 3593 3636 3636 3604 4065 4065 4064 4064 4064 4064 4064 4064
780 1683121040 3561 278 3675 3657 3593 3635 3636 3604 4067 4065 4065 4065 4065 4065 4065 4065
781 1683121040 3561 278 3674 3658 3594 3636 3636 3604 4067 4065 4065 4065 4065 4065 4065 4065
782 1683121040 3560 278 3675 3657 3593 3635 3635 3603 4065 4065 4064 4064 4064 4064 4064 4064
783 1683121040 3560 278 3675 3657 3593 3635 3635 3603 4065 4065 4064 4064 4064 4064 4064 4064
784 1683121040 3561 280 3676 3658 3594 3637 3637 3605 4061 4061 4061 4061 4061 4061 4061 4061
785 1683121040 3562 279 3677 3659 3594 3637 3637 3605 4065 4064 4064 4064 4064 4064 4064 4064
786 1683121040 3561 278 3677 3659 3594 3637 3637 3605 4065 4065 4064 4064 4064 4064 4064 4064
787 1683121040 3560 278 3676 3658 3593 3636 3636 3604 4065 4065 4064 4064 4064 4064 4064 4064
788 1683121048 3560 278 3676 3657 3593 3635 3636 3603 4065 4065 4065 4065 4065 4065 4065 4065
789 1683121048 3560 278 3675 3657 3593 3635 3635 3603 4065 4065 4064 4064 4064 4064 4064 4064
790 1683121048 3560 278 3675 3657 3593 3635 3635 3603 4065 4065 4065 4065 4065 4065 4065 4065
791 1683121048 3561 278 3676 3658 3594 3637 3637 3605 4065 4065 4064 4064 4064 4064 4064 4064
792 1683121048 3561 279 3676 3658 3594 3636 3636 3604 4065 4065 4065 4065 4065 4065 4065 4065
793 1683121048 3561 278 3677 3658 3594 3637 3637 3605 4065 4065 4065 4065 4065 4065 4065 4065
794 1683121048 3560 278 3676 3656 3593 3636 3636 3604 4065 4065 4064 4064 4064 4064 4064 4064
795 1683121048 3561 279 3675 3658 3593 3636 3636 3604 4065 4065 4065 4065 4065 4065 4065 4065
796 1683121048 3561 278 3676 3658 3594 3636 3636 3604 4065 4065 4065 4065 4065 4065 4065 4065
797 1683121048 3561 278 3675 3658 3594 3636 3636 3605 4065 4063 4063 4063 4063 4063 4063 4063
798 1683121048 3561 278 3676 3658 3594 3636 3636 3604 4065 4065 4064 4064 4064 4064 4064 4064
799 1683121048 3559 278 3675 3656 3593 3636 3636 3604 4065 4065 4064 4064 4064 4064 4064 4064
800 1683121048 3561 279 3676 3658 3594 3636 3636 3604 4063 4063 4063 4063 4063 4063 4063 4063
801 1683121048 3561 278 3676 3657 3593 3636 3636 3604 4065 4065 4064 4064 4064 4064 4064 4064
802 1683121048 3560 278 3676 3658 3593 3636 3636 3604 4065 4065 4064 4064 4064 4064 4064 4064
803 1683121048 3562 277 3677 3658 3595 3637 3636 3605 4063 4063 4063 4063 4063 4063 4063 4063
804 1683121048 3561 278 3676 3658 3594 3636 3636 3604 4063 4063 4063 4063 4063 4063 4063 4063
805 1683121048 3562 278 3677 3659 3595 3637 3637 3605 4065 4065 4064 4064 4064 4064 4064 4064
806 1683121048 3561 278 3677 3658 3594 3637 3636 3605 4065 4065 4064 4064 4064 4064 4064 4064
807 1683121048 3561 278 3677 3658 3594 3637 3636 3605 4065 4065 4064 4064 4064 4064 4064 4064
808 1683121048 3561 279 3676 3657 3594 3637 3636 3604 4065 4065 4064 4064 4064 4064 4064 4064
809 1683121048 3561 278 3677 3658 3594 3636 3636 3605 4065 4065 4064 4064 4064 4064 4064 4064
810 1683121048 3562 278 3676 3659 3594 3637 3637 3605 4065 4065 4064 4064 4064 4064 4064 4064
811 1683121048 3561 278 3675 3658 3594 3637 3637 3605 4065 4065 4064 4064 4064 4064 4064 4064
812 1683121048 3562 278 3677 3658 3594 3636 3636 3604 4065 4065 4065 4065 4065 4065 4065 4065
813 1683121048 3562 278 3677 3659 3595 3637 3637 3605 4065 4065 4064 4064 4064 4064 4064 4064
814 1683121048 3560 278 3676 3657 3594 3635 3636 3603 4065 4065 4065 4065 4065 4065 4065 4065
815 1683121048 3561 278 3677 3658 3594 3637 3637 3605 4065 4065 4064 4064 4064 4064 4064 4064
816 1683121048 3561 279 3676 3658 3594 3637 3637 3605 4065 4065 4064 4064 4064 4064 4064 4064
817 1683121048 3561 278 3677 3658 3594 3637 3637 3604 4064 4065 4064 4064 4064 4064 4064 4064
818 1683121048 3561 278 3676 3658 3593 3637 3637 3604 4065 4065 4064 4064 4064 4064 4064 4064
819 1683121048 3562 278 3677 3659 3594 3637 3637 3605 4065 4065 4064 4064 4064 4064 4064 4064
820 1683121048 3560 279 3676 3658 3594 3636 3636 3604 4065 4065 4064 4064 4064 4064 4064 4064
821 1683121048 3561 278 3677 3659 3595 3637 3637 3605 4063 4063 4063 4063 4063 4063 4063 4063
822 1683121048 3562 278 3678 3659 3595 3638 3637 3606 4065 4065 4064 4064 4064 4064 4064 4064
823 1683121048 3562 278 3677 3658 3594 3637 3637 3605 4065 4065 4064 4064 4064 4064 4064 4064
824 1683121048 3562 278 3678 3659 3595 3637 3637 3605 4067 4065 4065 4065 4065 4065 4065 4065
825 1683121048 3561 278 3676 3657 3593 3636 3636 3604 4065 4065 4065 4065 4065 4065 4065 4065
826 1683121048 3561 278 3676 3659 3594 3637 3637 3605 4063 4063 4063 4063 4063 4063 4063 4063
827 1683121048 3562 278 3677 3658 3594 3637 3637 3605 4065 4065 4065 4065 4065 4065 4065 4065
828 1683121048 3561 279 3676 3658 3594 3637 3637 3604 4067 4065 4065 4065 4065 4065 4065 4065
829 1683121048 3561 278 3677 3659 3595 3638 3638 3606 4065 4065 4064 4064 4064 4064 4064 4064
830 1683121048 3561 279 3676 3658 3594 3637 3636 3604 4065 4065 4064 4064 4064 4064 4064 4064
831 1683121048 3561 278 3676 3658 3593 3636 3637 3604 4065 4065 4064 4064 4064 4064 4064 4064
832 1683121048 3561 279 3677 3658 3594 3636 3636 3604 4063 4063 4063 4063 4063 4063 4063 4063
833 1683121048 3563 278 3678 3660 3595 3638 3638 3605 4067 4065 4065 4065 4065 4065 4065 4065
834 1683121048 3561 278 3676 3658 3594 3636 3636 3604 4065 4065 4064 4064 4064 4064 4064 4064
835 1683121048 3562 279 3677 3658 3594 3637 3636 3604 4065 4065 4065 4065 4065 4065 4065 4065
836 1683121048 3561 278 3676 3657 3593 3636 3636 3605 4063 4063 4063 4063 4063 4063 4063 4063
837 1683121048 3561 278 3676 3658 3594 3636 3636 3604 4065 4065 4064 4064 4064 4064 4064 4064
838 1683121048 3562 278 3677 3659 3595 3637 3637 3605 4063 4063 4063 4063 4063 4063 4063 4063
839 1683121048 3561 278 3676 3658 3594 3637 3636 3604 4065 4065 4064 4064 4064 4064 4064 4064
840 1683121048 3562 279 3678 3659 3595 3638 3638 3606 4065 4065 4064 4064 4064 4064 4064 4064
841 1683121048 3561 278 3677 3658 3594 3636 3636 3604 4065 4065 4064 4064 4064 4064 4064 4064
842 1683121048 3561 278 3676 3659 3595 3637 3637 3605 4065 4065 4064 4064 4064 4064 4064 4064
843 1683121048 3562 278 3677 3659 3595 3638 3638 3606 4065 4065 4064 4064 4064 4064 4064 4064
844 1683121048 3560 279 3674 3658 3594 3637 3637 3605 4065 4065 4064 4064 4064 4064 4064 4064
845 1683121048 3562 278 3676 3658 3594 3637 3637 3605 4063 4063 4063 4063 4063 4063 4063 4063
846 1683121048 3562 281 3677 3658 3595 3637 3637 3605 4059 4059 4058 4058 4058 4058 4058 4058
847 1683121048 3562 280 3677 3659 3595 3637 3637 3605 4065 4063 4063 4063 4063 4063 4063 4063
848 1683121048 3562 279 3677 3658 3595 3637 3637 3605 4065 4065 4064 4064 4064 4064 4064 4064
849 1683121048 3562 279 3677 3658 3594 3637 3637 3606 4065 4063 4063 4063 4063 4063 4063 4063
850 1683121048 3561 278 3676 3658 3595 3637 3636 3605 4065 4065 4064 4064 4064 4064 4064 4064
851 1683121048 3561 279 3676 3658 3594 3637 3636 3604 4065 4065 4065 4065 4065 4065 4065 4065
852 1683121048 3561 279 3676 3658 3594 3637 3636 3604 4065 4065 4064 4064 4064 4064 4064 4064
853 1683121048 3562 278 3677 3659 3594 3638 3637 3605 4065 4065 4064 4064 4064 4064 4064 4064
854 1683121048 3562 279 3677 3659 3595 3637 3638 3605 4063 4063 4063 4063 4063 4063 4063 4063
855 1683121048 3561 279 3677 3658 3594 3637 3637 3605 4063 4063 4063 4063 4063 4063 4063 4063
856 1683121048 3562 279 3678 3659 3595 3638 3637 3606 4063 4063 4063 4063 4063 4063 4063 4063
857 1683121048 3562 279 3677 3659 3595 3637 3638 3605 4065 4065 4064 4064 4064 4064 4064 4064
858 1683121049 3561 279 3676 3658 3594 3636 3637 3605 4065 4065 4065 4065 4065 4065 4065 4065
859 1683121049 3562 279 3678 3659 3596 3638 3637 3606 4065 4065 4064 4064 4064 4064 4064 4064
860 1683121049 3562 279 3677 3659 3595 3637 3636 3605 4065 4065 4064 4064 4064 4064 4064 4064
861 1683121049 3561 279 3677 3659 3595 3637 3637 3605 4065 4065 4064 4064 4064 4064 4064 4064
862 1683121049 3562 278 3677 3659 3595 3637 3637 3605 4065 4065 4064 4064 4064 4064 4064 4064
863 1683121049 3562 279 3677 3659 3595 3637 3637 3605 4065 4065 4065 4065 4065 4065 4065 4065
864 1683121049 3562 279 3678 3659 3595 3638 3638 3605 4065 4065 4064 4064 4064 4064 4064 4064
865 1683121049 3561 279 3677 3658 3594 3637 3637 3605 4063 4063 4063 4063 4063 4063 4063 4063
866 1683121049 3562 278 3678 3659 3595 3637 3638 3606 4065 4065 4064 4064 4064 4064 4064 4064
867 1683121049 3562 278 3677 3658 3595 3637 3637 3605 4065 4065 4064 4064 4064 4064 4064 4064
868 1683121049 3562 279 3678 3659 3595 3637 3637 3605 4065 4065 4064 4064 4064 4064 4064 4064
869 1683121049 3561 279 3677 3659 3595 3638 3636 3605 4065 4065 4064 4064 4064 4064 4064 4064
870 1683121049 3562 279 3677 3659 3595 3637 3637 3605 4065 4065 4064 4064 4064 4064 4064 4064
871 1683121049 3560 277 3675 3657 3593 3635 3635 3604 4065 4065 4065 4065 4065 4065 4065 4065
872 1683121049 3561 277 3676 3657 3593 3636 3635 3604 4065 4065 4065 4065 4065 4065 4065 4065
873 1683121049 3560 276 3675 3657 3593 3635 3635 3604 4065 4063 4063 4063 4063 4063 4063 4063
874 1683121049 3560 277 3676 3657 3593 3636 3636 3604 4063 4063 4063 4063 4063 4063 4063 4063
875 1683121049 3561 277 3675 3657 3593 3636 3636 3604 4065 4065 4064 4064 4064 4064 4064 4064
876 1683121049 3560 277 3676 3657 3593 3636 3636 3604 4065 4065 4065 4065 4065 4065 4065 4065
877 1683121049 3560 276 3675 3657 3593 3635 3635 3603 4065 4065 4064 4064 4064 4064 4064 4064
878 1683121057 3559 277 3675 3656 3593 3635 3635 3602 4065 4065 4064 4064 4064 4064 4064 4064
879 1683121057 3560 277 3675 3657 3593 3635 3634 3603 4065 4065 4064 4064 4064 4064 4064 4064
880 1683121057 3560 278 3675 3656 3593 3635 3635 3603 4065 4065 4064 4064 4064 4064 4064 4064
881 1683121057 3559 277 3674 3656 3592 3634 3634 3602 4063 4063 4063 4063 4063 4063 4063 4063
882 1683121057 3560 276 3675 3656 3593 3635 3635 3604 4063 4063 4063 4063 4063 4063 4063 4063
883 1683121057 3560 276 3674 3656 3592 3635 3634 3602 4065 4063 4063 4063 4063 4063 4063 4063
884 1683121057 3559 278 3675 3656 3592 3635 3634 3602 4065 4065 4064 4064 4064 4064 4064 4064
885 1683121057 3559 277 3674 3656 3592 3634 3634 3602 4063 4063 4063 4063 4063 4063 4063 4063
886 1683121057 3560 277 3675 3657 3593 3635 3635 3603 4065 4065 4065 4065 4065 4065 4065 4065
887 1683121057 3561 277 3676 3657 3593 3635 3635 3604 4063 4063 4063 4063 4063 4063 4063 4063
888 1683121057 3560 277 3675 3657 3593 3635 3635 3603 4063 4063 4063 4063 4063 4063 4063 4063
889 1683121057 3560 277 3675 3657 3593 3635 3635 3604 4063 4063 4063 4063 4063 4063 4063 4063
890 1683121057 3560 277 3675 3657 3593 3636 3635 3603 4065 4065 4064 4064 4064 4064 4064 4064
891 1683121065 3559 277 3673 3656 3591 3634 3634 3602 4067 4065 4065 4065 4065 4065 4065 4065
892 1683121065 3559 277 3674 3655 3591 3634 3634 3602 4065 4065 4065 4065 4065 4065 4065 4065
893 1683121065 3560 277 3675 3656 3593 3635 3635 3603 4065 4065 4064 4064 4064 4064 4064 4064
894 1683121065 3560 277 3675 3657 3593 3635 3635 3603 4063 4063 4063 4063 4063 4063 4063 4063
895 1683121065 3559 277 3675 3657 3592 3635 3635 3603 4065 4065 4064 4064 4064 4064 4064 4064
896 1683121065 3558 277 3674 3656 3592 3633 3634 3602 4065 4065 4064 4064 4064 4064 4064 4064
897 1683121065 3559 277 3674 3656 3592 3634 3634 3602 4065 4065 4064 4064 4064 4064 4064 4064
898 1683121065 3559 277 3675 3656 3592 3636 3635 3603 4065 4065 4064 4064 4064 4064 4064 4064
899 1683121065 3560 277 3675 3656 3593 3635 3635 3603 4063 4063 4063 4063 4063 4063 4063 4063
900 1683121065 3560 277 3675 3656 3591 3635 3634 3603 4065 4065 4064 4064 4064 4064 4064 4064
901 1683121065 3559 277 3675 3656 3592 3635 3635 3603 4063 4063 4063 4063 4063 4063 4063 4063
902 1683121065 3559 277 3674 3656 3592 3635 3634 3602 4063 4063 4063 4063 4063 4063 4063 4063
903 1683121065 3560 278 3675 3657 3592 3635 3635 3603 4063 4063 4063 4063 4063 4063 4063 4063
904 1683121065 3560 277 3676 3658 3594 3636 3636 3604 4063 4063 4063 4063 4063 4063 4063 4063
905 1683121065 3561 276 3675 3657 3594 3636 3636 3604 4063 4063 4063 4063 4063 4063 4063 4063
906 1683121065 3560 277 3674 3657 3593 3635 3635 3603 4065 4065 4065 4065 4065 4065 4065 4065
907 1683121065 3560 276 3675 3657 3593 3636 3635 3603 4065 4063 4063 4063 4063 4063 4063 4063
908 1683121065 3560 277 3676 3657 3593 3635 3635 3603 4063 4063 4063 4063 4063 4063 4063 4063
909 1683121065 3560 277 3675 3657 3593 3635 3635 3603 4065 4063 4063 4063 4063 4063 4063 4063
910 1683121065 3559 277 3675 3657 3593 3635 3635 3603 4065 4065 4064 4064 4064 4064 4064 4064
911 1683121065 3560 278 3675 3657 3593 3635 3635 3603 4065 4065 4065 4065 4065 4065 4065 4065
912 1683121065 3560 277 3675 3656 3592 3634 3634 3602 4065 4065 4064 4064 4064 4064 4064 4064
913 1683121065 3560 277 3675 3657 3593 3635 3635 3603 4065 4065 4064 4064 4064 4064 4064 4064
914 1683121065 3560 277 3676 3657 3593 3635 3635 3603 4065 4065 4064 4064 4064 4064 4064 4064
915 1683121065 3561 277 3676 3658 3593 3636 3635 3603 4063 4063 4063 4063 4063 4063 4063 4063
916 1683121065 3560 277 3675 3657 3592 3635 3634 3603 4065 4065 4064 4064 4064 4064 4064 4064
917 1683121065 3560 278 3675 3657 3593 3636 3636 3604 4065 4065 4064 4064 4064 4064 4064 4064
918 1683121065 3560 277 3676 3657 3593 3635 3635 3603 4065 4065 4064 4064 4064 4064 4064 4064
919 1683121065 3559 278 3673 3655 3591 3633 3634 3602 4063 4063 4063 4063 4063 4063 4063 4063
920 1683121065 3560 277 3675 3656 3593 3635 3635 3603 4065 4065 4064 4064 4064 4064 4064 4064
921 1683121065 3560 277 3675 3657 3593 3635 3635 3603 4065 4065 4065 4065 4065 4065 4065 4065
922 1683121065 3560 277 3674 3657 3593 3635 3635 3603 4065 4065 4064 4064 4064 4064 4064 4064
923 1683121065 3560 277 3674 3656 3592 3634 3635 3602 4063 4063 4063 4063 4063 4063 4063 4063
924 1683121065 3560 277 3676 3657 3593 3636 3636 3604 4065 4065 4064 4064 4064 4064 4064 4064
925 1683121065 3559 277 3675 3657 3593 3635 3635 3603 4065 4065 4064 4064 4064 4064 4064 4064
926 1683121065 3560 277 3675 3656 3592 3635 3635 3603 4063 4063 4063 4063 4063 4063 4063 4063
927 1683121065 3561 278 3676 3657 3594 3636 3636 3604 4063 4063 4063 4063 4063 4063 4063 4063
928 1683121065 3559 277 3675 3656 3593 3635 3635 3603 4065 4065 4064 4064 4064 4064 4064 4064
929 1683121065 3561 277 3676 3658 3593 3636 3636 3604 4065 4065 4064 4064 4064 4064 4064 4064
930 1683121065 3560 277 3675 3657 3592 3635 3635 3604 4065 4065 4065 4065 4065 4065 4065 4065
931 1683121065 3560 277 3675 3657 3593 3635 3635 3604 4065 4065 4065 4065 4065 4065 4065 4065
932 1683121065 3560 277 3675 3657 3592 3636 3635 3603 4065 4065 4064 4064 4064 4064 4064 4064
933 1683121065 3561 277 3676 3657 3593 3635 3635 3604 4063 4063 4063 4063 4063 4063 4063 4063
934 1683121065 3560 278 3676 3657 3593 3635 3635 3604 4065 4063 4063 4063 4063 4063 4063 4063
935 1683121065 3561 277 3677 3658 3594 3637 3637 3604 4061 4061 4061 4061 4061 4061 4061 4061
936 1683121065 3561 277 3676 3657 3594 3635 3635 3604 4063 4063 4063 4063 4063 4063 4063 4063
937 1683121065 3560 278 3675 3657 3593 3635 3635 3603 4065 4065 4064 4064 4064 4064 4064 4064
938 1683121065 3560 277 3674 3656 3593 3635 3635 3603 4065 4065 4065 4065 4065 4065 4065 4065
939 1683121065 3560 277 3675 3657 3593 3636 3635 3603 4065 4065 4064 4064 4064 4064 4064 4064
940 1683121065 3560 277 3676 3657 3593 3635 3635 3603 4065 4065 4064 4064 4064 4064 4064 4064
941 1683121065 3560 277 3675 3657 3593 3635 3635 3603 4065 4065 4064 4064 4064 4064 4064 4064
942 1683121065 3560 277 3676 3657 3593 3635 3636 3604 4065 4065 4064 4064 4064 4064 4064 4064
943 1683121065 3561 278 3676 3657 3594 3636 3636 3604 4065 4065 4065 4065 4065 4065 4065 4065
944 1683121065 3560 277 3675 3657 3593 3635 3635 3603 4065 4065 4064 4064 4064 4064 4064 4064
945 1683121065 3560 277 3675 3657 3593 3635 3636 3603 4065 4065 4064 4064 4064 4064 4064 4064
946 1683121065 3560 277 3676 3658 3593 3636 3636 3604 4063 4063 4063 4063 4063 4063 4063 4063
947 1683121065 3560 278 3675 3657 3593 3636 3636 3604 4065 4065 4064 4064 4064 4064 4064 4064
948 1683121065 3560 278 3675 3657 3593 3635 3635 3603 4063 4063 4063 4063 4063 4063 4063 4063
949 1683121065 3561 278 3676 3658 3594 3636 3636 3604 4065 4065 4064 4064 4064 4064 4064 4064
950 1683121065 3560 277 3676 3657 3593 3635 3635 3603 4063 4063 4063 4063 4063 4063 4063 4063
951 1683121065 3561 278 3675 3657 3593 3636 3636 3604 4065 4065 4064 4064 4064 4064 4064 4064
952 1683121065 3561 277 3676 3657 3593 3635 3635 3604 4065 4065 4064 4064 4064 4064 4064 4064
953 1683121066 3561 277 3676 3657 3593 3636 3636 3604 4065 4065 4064 4064 4064 4064 4064 4064
954 1683121066 3561 277 3676 3658 3594 3636 3636 3604 4063 4063 4063 4063 4063 4063 4063 4063
955 1683121066 3560 278 3676 3657 3593 3635 3635 3604 4063 4061 4061 4061 4061 4061 4061 4061
956 1683121066 3560 277 3676 3657 3593 3636 3635 3603 4065 4065 4064 4064 4064 4064 4064 4064
957 1683121066 3561 277 3677 3658 3594 3636 3636 3604 4065 4065 4065 4065 4065 4065 4065 4065
958 1683121066 3561 277 3677 3658 3593 3636 3635 3603 4065 4065 4064 4064 4064 4064 4064 4064
959 1683121066 3559 278 3674 3656 3592 3635 3635 3603 4063 4063 4063 4063 4063 4063 4063 4063
960 1683121066 3560 278 3676 3657 3593 3636 3636 3604 4065 4065 4064 4064 4064 4064 4064 4064
961 1683121066 3560 277 3676 3658 3593 3636 3636 3604 4065 4065 4065 4065 4065 4065 4065 4065
962 1683121066 3561 278 3676 3657 3593 3635 3635 3603 4063 4063 4063 4063 4063 4063 4063 4063
963 1683121066 3560 278 3676 3657 3593 3636 3636 3604 4065 4065 4065 4065 4065 4065 4065 4065
964 1683121066 3560 277 3676 3657 3593 3636 3635 3603 4065 4065 4064 4064 4064 4064 4064 4064
965 1683121066 3560 277 3676 3657 3594 3636 3636 3603 4065 4065 4064 4064 4064 4064 4064 4064
966 1683121066 3561 277 3676 3658 3594 3636 3636 3604 4065 4065 4064 4064 4064 4064 4064 4064
967 1683121066 3561 278 3676 3658 3593 3636 3636 3604 4065 4065 4065 4065 4065 4065 4065 4065
968 1683121066 3560 277 3675 3657 3593 3635 3635 3603 4065 4065 4065 4065 4065 4065 4065 4065
969 1683121066 3560 278 3675 3657 3593 3636 3636 3603 4065 4065 4064 4064 4064 4064 4064 4064
970 1683121066 3560 277 3676 3658 3594 3636 3637 3604 4065 4065 4065 4065 4065 4065 4065 4065
971 1683121066 3561 278 3676 3658 3594 3637 3636 3604 4065 4065 4064 4064 4064 4064 4064 4064
972 1683121066 3559 277 3674 3655 3592 3634 3634 3603 4065 4065 4064 4064 4064 4064 4064 4064
973 1683121066 3561 278 3676 3657 3593 3636 3636 3604 4065 4065 4064 4064 4064 4064 4064 4064
974 1683121066 3561 279 3676 3657 3593 3636 3636 3604 4065 4065 4064 4064 4064 4064 4064 4064
975 1683121066 3560 278 3676 3657 3593 3636 3635 3604 4065 4065 4065 4065 4065 4065 4065 4065
976 1683121066 3561 277 3676 3658 3594 3637 3636 3604 4065 4065 4065 4065 4065 4065 4065 4065
977 1683121066 3561 277 3676 3658 3594 3636 3636 3604 4065 4065 4064 4064 4064 4064 4064 4064
978 1683121066 3560 278 3676 3658 3594 3636 3636 3604 4065 4065 4065 4065 4065 4065 4065 4065
979 1683121066 3561 278 3676 3658 3594 3636 3636 3604 4065 4065 4065 4065 4065 4065 4065 4065
980 1683121066 3562 278 3677 3658 3594 3637 3637 3605 4065 4065 4064 4064 4064 4064 4064 4064
981 1683121066 3561 278 3676 3658 3594 3636 3636 3604 4065 4065 4065 4065 4065 4065 4065 4065
982 1683121066 3560 277 3675 3657 3593 3635 3635 3603 4063 4063 4063 4063 4063 4063 4063 4063
983 1683121066 3561 278 3676 3658 3594 3636 3636 3604 4065 4065 4065 4065 4065 4065 4065 4065
984 1683121066 3561 278 3676 3658 3594 3637 3637 3605 4063 4063 4063 4063 4063 4063 4063 4063
985 1683121066 3561 278 3677 3658 3595 3637 3637 3605 4065 4065 4064 4064 4064 4064 4064 4064
986 1683121066 3561 278 3676 3657 3594 3636 3636 3604 4065 4065 4065 4065 4065 4065 4065 4065
987 1683121066 3561 278 3676 3658 3594 3636 3636 3604 4065 4065 4064 4064 4064 4064 4064 4064
988 1683121066 3561 277 3676 3658 3594 3637 3637 3605 4065 4065 4064 4064 4064 4064 4064 4064
989 1683121066 3560 278 3675 3657 3593 3636 3636 3603 4065 4065 4065 4065 4065 4065 4065 4065
990 1683121066 3561 279 3676 3658 3594 3637 3637 3605 4065 4065 4064 4064 4064 4064 4064 4064
991 1683121066 3560 278 3676 3657 3593 3636 3636 3604 4065 4065 4064 4064 4064 4064 4064 4064
992 1683121066 3562 278 3676 3658 3595 3637 3637 3605 4065 4065 4064 4064 4064 4064 4064 4064
993 1683121066 3560 278 3675 3657 3593 3635 3635 3603 4065 4063 4063 4063 4063 4063 4063 4063
994 1683121066 3560 277 3676 3657 3593 3636 3636 3604 4065 4065 4065 4065 4065 4065 4065 4065
995 1683121066 3561 278 3677 3657 3593 3636 3636 3604 4065 4065 4064 4064 4064 4064 4064 4064
996 1683121066 3561 277 3676 3658 3594 3636 3637 3604 4065 4065 4064 4064 4064 4064 4064 4064
997 1683121066 3561 277 3677 3658 3594 3636 3636 3605 4065 4065 4064 4064 4064 4064 4064 4064
998 1683121066 3560 278 3675 3657 3593 3635 3636 3603 4063 4063 4063 4063 4063 4063 4063 4063
999 1683121066 3562 278 3677 3659 3595 3637 3637 3605 4065 4065 4064 4064 4064 4064 4064 4064
1000 1683121066 3560 278 3676 3657 3593 3636 3636 3603 4063 4063 4063 4063 4063 4063 4063 4063
