1 1683107169 374 3685 3659 3638 3575 3616 3616 3584 4065 4065 4064 4064 4064 4064 4064 4064
2 1683107169 375 3684 3660 3639 3575 3617 3616 3585 4063 4063 4063 4063 4063 4063 4063 4063
3 1683107169 375 3684 3660 3639 3575 3617 3617 3585 4065 4065 4065 4065 4065 4065 4065 4065
4 1683107169 375 3684 3659 3639 3575 3617 3617 3585 4065 4065 4064 4064 4064 4064 4064 4064
5 1683107169 375 3685 3660 3639 3575 3617 3616 3585 4065 4065 4065 4065 4065 4065 4065 4065
6 1683107169 375 3685 3660 3639 3576 3618 3617 3585 4065 4065 4065 4065 4065 4065 4065 4065
7 1683107169 375 3685 3660 3640 3576 3617 3617 3585 4067 4067 4066 4066 4066 4066 4066 4066
8 1683107169 375 3684 3659 3639 3575 3617 3617 3585 4065 4065 4064 4064 4064 4064 4064 4064
9 1683107169 375 3685 3660 3639 3575 3617 3617 3584 4065 4065 4065 4065 4065 4065 4065 4065
10 1683107169 375 3684 3659 3639 3575 3617 3617 3584 4065 4065 4065 4065 4065 4065 4065 4065
11 1683107169 375 3685 3660 3639 3575 3617 3617 3585 4065 4065 4065 4065 4065 4065 4065 4065
12 1683107169 375 3685 3660 3640 3576 3618 3618 3585 4065 4065 4065 4065 4065 4065 4065 4065
13 1683107169 375 3685 3660 3639 3575 3618 3617 3585 4065 4065 4064 4064 4064 4064 4064 4064
14 1683107169 375 3684 3660 3639 3575 3618 3617 3585 4065 4065 4065 4065 4065 4065 4065 4065
15 1683107169 374 3684 3660 3639 3575 3617 3616 3584 4063 4063 4062 4062 4062 4062 4062 4062
16 1683107169 374 3685 3661 3640 3576 3618 3618 3586 4065 4065 4065 4065 4065 4065 4065 4065
17 1683107169 375 3685 3661 3640 3575 3618 3617 3586 4065 4065 4064 4064 4064 4064 4064 4064
18 1683107169 375 3684 3660 3639 3575 3617 3617 3585 4065 4065 4064 4064 4064 4064 4064 4064
19 1683107169 375 3685 3660 3639 3575 3618 3617 3585 4067 4067 4066 4066 4066 4066 4066 4066
20 1683107169 375 3685 3660 3640 3576 3617 3617 3585 4065 4065 4064 4064 4064 4064 4064 4064
21 1683107169 375 3685 3660 3639 3575 3617 3617 3585 4065 4065 4064 4064 4064 4064 4064 4064
22 1683107169 375 3685 3660 3639 3576 3618 3617 3585 4065 4065 4064 4064 4064 4064 4064 4064
23 1683107169 374 3685 3659 3639 3575 3617 3617 3585 4065 4065 4064 4064 4064 4064 4064 4064
24 1683107169 375 3685 3659 3639 3575 3618 3617 3585 4065 4065 4064 4064 4064 4064 4064 4064
25 1683107169 375 3685 3660 3639 3576 3618 3618 3586 4065 4065 4065 4065 4065 4065 4065 4065
26 1683107169 375 3684 3659 3638 3574 3617 3616 3585 4065 4065 4065 4065 4065 4065 4065 4065
27 1683107169 375 3685 3660 3640 3576 3618 3618 3585 4065 4065 4064 4064 4064 4064 4064 4064
28 1683107169 375 3684 3659 3639 3575 3617 3617 3585 4065 4065 4065 4065 4065 4065 4065 4065
29 1683107169 375 3685 3660 3639 3576 3618 3618 3586 4065 4065 4065 4065 4065 4065 4065 4065
30 1683107169 375 3685 3660 3639 3576 3618 3618 3586 4065 4065 4064 4064 4064 4064 4064 4064
31 1683107170 375 3685 3660 3640 3576 3618 3617 3585 4065 4065 4065 4065 4065 4065 4065 4065
32 1683107170 375 3684 3659 3638 3575 3617 3616 3585 4065 4065 4065 4065 4065 4065 4065 4065
33 1683107170 375 3685 3661 3640 3577 3618 3618 3586 4065 4065 4064 4064 4064 4064 4064 4064
34 1683107170 375 3685 3660 3640 3576 3618 3618 3586 4065 4065 4064 4064 4064 4064 4064 4064
35 1683107170 375 3685 3660 3639 3576 3618 3617 3585 4065 4065 4065 4065 4065 4065 4065 4065
36 1683107170 375 3685 3660 3640 3576 3618 3618 3586 4065 4065 4065 4065 4065 4065 4065 4065
37 1683107170 375 3685 3660 3640 3576 3618 3617 3586 4065 4065 4064 4064 4064 4064 4064 4064
38 1683107170 375 3684 3660 3639 3575 3617 3617 3585 4065 4065 4064 4064 4064 4064 4064 4064
39 1683107170 375 3685 3661 3640 3576 3618 3618 3585 4065 4065 4065 4065 4065 4065 4065 4065
40 1683107170 375 3685 3661 3640 3576 3618 3618 3586 4065 4065 4064 4064 4064 4064 4064 4064
41 1683107170 375 3685 3660 3639 3575 3617 3617 3585 4065 4065 4065 4065 4065 4065 4065 4065
42 1683107170 374 3684 3660 3640 3576 3618 3618 3586 4065 4065 4065 4065 4065 4065 4065 4065
43 1683107170 374 3686 3661 3640 3576 3618 3618 3586 4067 4067 4066 4066 4066 4066 4066 4066
44 1683107170 375 3685 3660 3639 3576 3617 3617 3584 4065 4065 4064 4064 4064 4064 4064 4064
45 1683107170 374 3685 3660 3640 3576 3618 3618 3586 4065 4065 4064 4064 4064 4064 4064 4064
46 1683107170 375 3685 3660 3639 3576 3618 3618 3585 4065 4065 4065 4065 4065 4065 4065 4065
47 1683107170 375 3685 3660 3640 3576 3618 3618 3585 4065 4065 4064 4064 4064 4064 4064 4064
48 1683107170 375 3685 3660 3639 3575 3618 3617 3585 4065 4065 4065 4065 4065 4065 4065 4065
49 1683107170 375 3685 3661 3639 3577 3618 3617 3585 4067 4065 4065 4065 4065 4065 4065 4065
50 1683107170 375 3684 3660 3639 3576 3618 3617 3585 4065 4065 4064 4064 4064 4064 4064 4064
51 1683107170 375 3685 3660 3639 3575 3617 3617 3585 4065 4065 4064 4064 4064 4064 4064 4064
52 1683107170 375 3685 3660 3639 3575 3617 3617 3586 4065 4065 4064 4064 4064 4064 4064 4064
53 1683107170 375 3686 3661 3640 3576 3619 3618 3586 4065 4065 4065 4065 4065 4065 4065 4065
54 1683107170 375 3685 3660 3640 3575 3617 3617 3585 4065 4065 4065 4065 4065 4065 4065 4065
55 1683107170 375 3685 3660 3640 3576 3617 3617 3585 4065 4065 4064 4064 4064 4064 4064 4064
56 1683107170 375 3686 3661 3640 3577 3619 3618 3587 4065 4065 4065 4065 4065 4065 4065 4065
57 1683107170 375 3685 3659 3639 3575 3617 3617 3585 4065 4065 4065 4065 4065 4065 4065 4065
58 1683107170 375 3686 3661 3639 3576 3617 3617 3585 4065 4065 4065 4065 4065 4065 4065 4065
59 1683107170 375 3685 3660 3639 3576 3618 3617 3585 4065 4065 4064 4064 4064 4064 4064 4064
60 1683107170 375 3685 3660 3639 3575 3618 3617 3585 4065 4065 4064 4064 4064 4064 4064 4064
61 1683107170 375 3685 3661 3640 3576 3618 3617 3585 4065 4065 4065 4065 4065 4065 4065 4065
62 1683107170 375 3686 3661 3640 3576 3618 3618 3586 4065 4065 4065 4065 4065 4065 4065 4065
63 1683107170 375 3685 3660 3639 3576 3617 3618 3585 4065 4065 4064 4064 4064 4064 4064 4064
64 1683107170 375 3686 3661 3640 3576 3619 3618 3586 4065 4065 4064 4064 4064 4064 4064 4064
65 1683107170 375 3685 3660 3639 3575 3618 3617 3586 4061 4061 4060 4060 4060 4060 4060 4060
66 1683107170 376 3686 3660 3640 3576 3619 3619 3586 4067 4065 4065 4065 4065 4065 4065 4065
67 1683107170 375 3685 3659 3639 3576 3618 3617 3585 4065 4065 4064 4064 4064 4064 4064 4064
68 1683107170 375 3686 3661 3640 3576 3618 3618 3586 4065 4065 4065 4065 4065 4065 4065 4065
69 1683107170 375 3685 3660 3639 3576 3618 3618 3586 4065 4065 4065 4065 4065 4065 4065 4065
70 1683107170 375 3685 3660 3639 3576 3618 3618 3586 4065 4065 4065 4065 4065 4065 4065 4065
71 1683107170 375 3685 3661 3639 3576 3618 3618 3586 4065 4065 4064 4064 4064 4064 4064 4064
72 1683107170 375 3686 3661 3640 3576 3618 3618 3586 4065 4065 4064 4064 4064 4064 4064 4064
73 1683107170 375 3685 3661 3640 3577 3619 3618 3586 4065 4065 4065 4065 4065 4065 4065 4065
74 1683107170 375 3686 3661 3640 3576 3618 3618 3586 4065 4065 4065 4065 4065 4065 4065 4065
75 1683107170 375 3685 3660 3640 3576 3618 3618 3586 4065 4065 4065 4065 4065 4065 4065 4065
76 1683107170 375 3686 3661 3640 3577 3618 3618 3586 4065 4065 4065 4065 4065 4065 4065 4065
77 1683107170 375 3685 3660 3640 3576 3618 3617 3586 4065 4065 4065 4065 4065 4065 4065 4065
78 1683107170 375 3686 3661 3639 3576 3618 3617 3586 4065 4065 4065 4065 4065 4065 4065 4065
79 1683107170 373 3683 3658 3638 3574 3616 3616 3584 4065 4065 4065 4065 4065 4065 4065 4065
80 1683107170 373 3684 3659 3638 3575 3616 3615 3584 4065 4065 4065 4065 4065 4065 4065 4065
81 1683107170 373 3683 3659 3638 3574 3616 3616 3584 4065 4065 4064 4064 4064 4064 4064 4064
82 1683107170 374 3684 3659 3638 3574 3617 3616 3584 4065 4065 4065 4065 4065 4065 4065 4065
83 1683107170 373 3683 3659 3638 3574 3616 3616 3584 4065 4065 4065 4065 4065 4065 4065 4065
84 1683107170 373 3685 3659 3639 3575 3617 3616 3584 4067 4067 4066 4066 4066 4066 4066 4066
85 1683107170 374 3683 3658 3638 3574 3616 3616 3584 4065 4065 4064 4064 4064 4064 4064 4064
86 1683107170 373 3684 3659 3638 3575 3617 3617 3585 4063 4063 4063 4063 4063 4063 4063 4063
87 1683107170 374 3684 3659 3639 3574 3617 3616 3584 4065 4065 4065 4065 4065 4065 4065 4065
88 1683107170 373 3684 3659 3639 3575 3617 3617 3585 4065 4065 4065 4065 4065 4065 4065 4065
89 1683107170 374 3684 3659 3638 3574 3616 3615 3584 4065 4065 4064 4064 4064 4064 4064 4064
90 1683107170 373 3685 3661 3639 3576 3618 3617 3585 4067 4067 4066 4066 4066 4066 4066 4066
91 1683107170 373 3683 3659 3638 3574 3616 3616 3584 4065 4065 4065 4065 4065 4065 4065 4065
92 1683107170 373 3684 3659 3638 3574 3616 3615 3583 4065 4065 4064 4064 4064 4064 4064 4064
93 1683107170 373 3683 3658 3638 3574 3616 3616 3584 4067 4065 4065 4065 4065 4065 4065 4065
94 1683107170 374 3684 3659 3638 3574 3617 3616 3584 4065 4065 4065 4065 4065 4065 4065 4065
95 1683107170 374 3685 3660 3639 3575 3617 3617 3585 4065 4065 4065 4065 4065 4065 4065 4065
96 1683107170 374 3683 3659 3638 3574 3616 3615 3584 4065 4065 4064 4064 4064 4064 4064 4064
97 1683107170 373 3685 3659 3638 3574 3617 3616 3584 4065 4065 4064 4064 4064 4064 4064 4064
98 1683107170 374 3683 3658 3638 3574 3616 3616 3584 4065 4065 4065 4065 4065 4065 4065 4065
99 1683107170 374 3683 3659 3638 3575 3617 3616 3584 4065 4065 4064 4064 4064 4064 4064 4064
100 1683107170 374 3683 3659 3638 3574 3616 3616 3584 4065 4065 4064 4064 4064 4064 4064 4064
101 1683107170 373 3683 3658 3638 3575 3616 3616 3584 4065 4065 4064 4064 4064 4064 4064 4064
102 1683107170 373 3684 3659 3638 3574 3617 3616 3584 4065 4065 4064 4064 4064 4064 4064 4064
103 1683107170 373 3683 3658 3638 3574 3616 3616 3583 4063 4063 4063 4063 4063 4063 4063 4063
104 1683107170 373 3684 3658 3638 3574 3616 3615 3584 4065 4065 4064 4064 4064 4064 4064 4064
105 1683107170 374 3684 3659 3638 3575 3616 3616 3584 4063 4063 4062 4062 4062 4062 4062 4062
106 1683107170 373 3684 3659 3638 3574 3616 3616 3584 4065 4065 4064 4064 4064 4064 4064 4064
107 1683107170 373 3683 3659 3638 3575 3616 3616 3584 4065 4065 4065 4065 4065 4065 4065 4065
108 1683107170 374 3682 3659 3638 3574 3616 3616 3583 4065 4065 4064 4064 4064 4064 4064 4064
109 1683107171 374 3684 3659 3638 3574 3616 3616 3583 4067 4067 4066 4066 4066 4066 4066 4066
110 1683107171 374 3684 3660 3638 3575 3617 3616 3584 4065 4065 4065 4065 4065 4065 4065 4065
111 1683107171 373 3685 3660 3639 3574 3617 3616 3585 4065 4065 4064 4064 4064 4064 4064 4064
112 1683107171 373 3684 3659 3639 3575 3616 3616 3584 4065 4065 4064 4064 4064 4064 4064 4064
113 1683107171 373 3684 3659 3638 3574 3617 3616 3584 4065 4065 4064 4064 4064 4064 4064 4064
114 1683107171 373 3684 3659 3638 3574 3617 3616 3584 4067 4067 4066 4066 4066 4066 4066 4066
115 1683107171 374 3683 3659 3638 3575 3617 3617 3585 4065 4065 4064 4064 4064 4064 4064 4064
116 1683107171 374 3684 3659 3638 3575 3617 3616 3584 4065 4065 4065 4065 4065 4065 4065 4065
117 1683107171 374 3685 3659 3639 3575 3617 3617 3584 4065 4065 4065 4065 4065 4065 4065 4065
118 1683107171 374 3683 3658 3638 3574 3616 3616 3583 4067 4067 4066 4066 4066 4066 4066 4066
119 1683107171 374 3685 3659 3639 3575 3617 3617 3585 4065 4065 4065 4065 4065 4065 4065 4065
120 1683107171 374 3684 3660 3639 3575 3617 3616 3584 4065 4065 4065 4065 4065 4065 4065 4065
121 1683107171 374 3684 3659 3638 3574 3617 3616 3584 4067 4067 4066 4066 4066 4066 4066 4066
122 1683107171 374 3684 3659 3639 3575 3617 3616 3585 4065 4065 4064 4064 4064 4064 4064 4064
123 1683107171 374 3683 3659 3638 3574 3616 3616 3584 4063 4063 4063 4063 4063 4063 4063 4063
124 1683107171 374 3684 3658 3638 3574 3616 3615 3584 4065 4065 4065 4065 4065 4065 4065 4065
125 1683107171 374 3684 3659 3638 3574 3616 3617 3585 4065 4065 4065 4065 4065 4065 4065 4065
126 1683107171 374 3684 3659 3639 3575 3617 3617 3585 4065 4065 4064 4064 4064 4064 4064 4064
127 1683107171 373 3684 3659 3639 3575 3618 3617 3585 4065 4065 4064 4064 4064 4064 4064 4064
128 1683107171 374 3684 3659 3639 3574 3617 3616 3585 4065 4065 4065 4065 4065 4065 4065 4065
129 1683107171 373 3684 3658 3638 3574 3616 3616 3584 4065 4065 4065 4065 4065 4065 4065 4065
130 1683107171 374 3684 3659 3638 3575 3617 3617 3585 4065 4065 4065 4065 4065 4065 4065 4065
131 1683107171 374 3684 3659 3639 3575 3617 3616 3585 4065 4065 4065 4065 4065 4065 4065 4065
132 1683107171 374 3683 3658 3637 3574 3615 3616 3584 4065 4065 4064 4064 4064 4064 4064 4064
133 1683107171 374 3685 3659 3638 3575 3617 3617 3585 4065 4065 4065 4065 4065 4065 4065 4065
134 1683107171 373 3684 3659 3638 3574 3616 3616 3584 4065 4065 4065 4065 4065 4065 4065 4065
135 1683107171 374 3684 3659 3639 3575 3617 3617 3585 4065 4065 4064 4064 4064 4064 4064 4064
136 1683107171 374 3684 3659 3638 3574 3616 3615 3584 4065 4065 4065 4065 4065 4065 4065 4065
137 1683107171 374 3685 3660 3639 3576 3618 3617 3585 4063 4063 4063 4063 4063 4063 4063 4063
138 1683107171 374 3684 3659 3638 3575 3617 3616 3584 4065 4065 4064 4064 4064 4064 4064 4064
139 1683107171 374 3683 3659 3639 3575 3617 3616 3584 4065 4065 4065 4065 4065 4065 4065 4065
140 1683107171 374 3684 3659 3638 3575 3617 3617 3585 4063 4063 4063 4063 4063 4063 4063 4063
141 1683107171 374 3684 3658 3638 3574 3616 3616 3584 4065 4065 4064 4064 4064 4064 4064 4064
142 1683107171 374 3684 3659 3639 3575 3617 3616 3584 4065 4065 4065 4065 4065 4065 4065 4065
143 1683107171 373 3684 3659 3639 3575 3617 3616 3584 4065 4065 4064 4064 4064 4064 4064 4064
144 1683107171 374 3684 3660 3639 3575 3617 3617 3585 4065 4065 4064 4064 4064 4064 4064 4064
145 1683107171 374 3685 3660 3639 3575 3617 3617 3585 4065 4065 4065 4065 4065 4065 4065 4065
146 1683107171 374 3684 3658 3638 3574 3617 3616 3585 4067 4065 4065 4065 4065 4065 4065 4065
147 1683107171 374 3685 3660 3640 3576 3618 3617 3585 4065 4065 4064 4064 4064 4064 4064 4064
148 1683107171 374 3682 3659 3638 3574 3616 3616 3584 4065 4065 4064 4064 4064 4064 4064 4064
149 1683107171 374 3685 3660 3639 3575 3617 3617 3585 4065 4065 4065 4065 4065 4065 4065 4065
150 1683107171 374 3684 3659 3638 3574 3616 3616 3583 4065 4065 4065 4065 4065 4065 4065 4065
151 1683107171 374 3684 3660 3639 3575 3617 3617 3584 4065 4065 4065 4065 4065 4065 4065 4065
152 1683107171 374 3684 3660 3639 3575 3617 3617 3585 4065 4065 4064 4064 4064 4064 4064 4064
153 1683107171 374 3685 3659 3638 3575 3617 3617 3584 4065 4065 4065 4065 4065 4065 4065 4065
154 1683107171 374 3684 3659 3639 3575 3617 3617 3585 4065 4065 4064 4064 4064 4064 4064 4064
155 1683107171 374 3684 3659 3639 3575 3617 3616 3584 4065 4065 4065 4065 4065 4065 4065 4065
156 1683107171 374 3684 3659 3638 3575 3616 3616 3584 4065 4065 4065 4065 4065 4065 4065 4065
157 1683107171 374 3685 3660 3639 3575 3617 3617 3585 4065 4065 4065 4065 4065 4065 4065 4065
158 1683107171 374 3684 3658 3638 3575 3617 3616 3584 4065 4065 4064 4064 4064 4064 4064 4064
159 1683107171 374 3685 3660 3639 3575 3617 3617 3585 4065 4065 4065 4065 4065 4065 4065 4065
160 1683107171 375 3684 3659 3638 3575 3617 3617 3585 4065 4065 4065 4065 4065 4065 4065 4065
161 1683107171 374 3685 3660 3639 3575 3618 3617 3585 4065 4065 4064 4064 4064 4064 4064 4064
162 1683107171 374 3684 3659 3638 3574 3616 3616 3584 4065 4065 4065 4065 4065 4065 4065 4065
163 1683107171 374 3684 3659 3639 3574 3617 3616 3585 4065 4065 4065 4065 4065 4065 4065 4065
164 1683107171 374 3684 3659 3639 3575 3616 3617 3585 4065 4065 4064 4064 4064 4064 4064 4064
165 1683107171 374 3684 3659 3638 3575 3617 3617 3585 4065 4065 4064 4064 4064 4064 4064 4064
166 1683107171 374 3685 3660 3640 3576 3618 3618 3586 4065 4065 4064 4064 4064 4064 4064 4064
167 1683107171 374 3685 3660 3639 3575 3617 3616 3585 4065 4065 4065 4065 4065 4065 4065 4065
168 1683107171 374 3684 3659 3639 3575 3617 3617 3585 4065 4065 4064 4064 4064 4064 4064 4064
169 1683107171 374 3685 3660 3639 3575 3618 3617 3585 4065 4065 4065 4065 4065 4065 4065 4065
170 1683107171 374 3684 3660 3639 3576 3617 3617 3585 4065 4065 4065 4065 4065 4065 4065 4065
171 1683107171 374 3685 3661 3640 3576 3618 3617 3585 4065 4065 4064 4064 4064 4064 4064 4064
172 1683107171 374 3684 3659 3639 3575 3617 3616 3584 4067 4065 4065 4065 4065 4065 4065 4065
173 1683107171 374 3684 3658 3638 3574 3616 3615 3584 4065 4065 4064 4064 4064 4064 4064 4064
174 1683107171 374 3684 3660 3639 3575 3617 3617 3585 4063 4063 4063 4063 4063 4063 4063 4063
175 1683107171 374 3685 3659 3638 3575 3617 3616 3585 4065 4065 4065 4065 4065 4065 4065 4065
176 1683107171 374 3685 3660 3639 3575 3618 3617 3585 4065 4065 4065 4065 4065 4065 4065 4065
177 1683107171 374 3685 3660 3639 3575 3617 3617 3585 4065 4065 4065 4065 4065 4065 4065 4065
178 1683107171 374 3684 3659 3638 3575 3617 3617 3585 4067 4065 4065 4065 4065 4065 4065 4065
179 1683107172 374 3685 3659 3638 3575 3617 3617 3585 4065 4065 4064 4064 4064 4064 4064 4064
180 1683107172 374 3684 3659 3638 3575 3617 3616 3584 4063 4063 4062 4062 4062 4062 4062 4062
181 1683107172 374 3685 3660 3639 3575 3617 3616 3585 4065 4065 4064 4064 4064 4064 4064 4064
182 1683107172 374 3684 3659 3638 3575 3617 3617 3585 4065 4065 4065 4065 4065 4065 4065 4065
183 1683107172 373 3684 3660 3638 3574 3616 3615 3583 4065 4065 4065 4065 4065 4065 4065 4065
184 1683107172 374 3684 3659 3639 3575 3617 3617 3585 4065 4065 4064 4064 4064 4064 4064 4064
185 1683107172 374 3685 3659 3639 3575 3617 3617 3584 4065 4065 4064 4064 4064 4064 4064 4064
186 1683107172 374 3684 3659 3638 3574 3616 3616 3584 4067 4065 4065 4065 4065 4065 4065 4065
187 1683107172 374 3685 3660 3639 3575 3618 3617 3584 4065 4065 4065 4065 4065 4065 4065 4065
188 1683107172 374 3684 3659 3639 3575 3617 3617 3585 4065 4065 4065 4065 4065 4065 4065 4065
189 1683107172 374 3685 3659 3639 3575 3618 3616 3585 4065 4065 4065 4065 4065 4065 4065 4065
190 1683107172 374 3684 3659 3638 3574 3617 3617 3585 4065 4065 4064 4064 4064 4064 4064 4064
191 1683107172 374 3685 3660 3639 3575 3617 3617 3585 4065 4065 4065 4065 4065 4065 4065 4065
192 1683107172 374 3685 3660 3639 3575 3616 3616 3585 4065 4065 4064 4064 4064 4064 4064 4064
193 1683107172 374 3685 3660 3639 3575 3617 3617 3585 4065 4065 4065 4065 4065 4065 4065 4065
194 1683107172 374 3684 3660 3638 3575 3617 3616 3584 4065 4065 4064 4064 4064 4064 4064 4064
195 1683107172 374 3684 3660 3639 3575 3617 3617 3585 4065 4065 4065 4065 4065 4065 4065 4065
196 1683107172 374 3686 3660 3639 3575 3617 3617 3585 4065 4065 4065 4065 4065 4065 4065 4065
197 1683107172 374 3685 3660 3639 3575 3617 3617 3585 4065 4065 4065 4065 4065 4065 4065 4065
198 1683107172 375 3685 3660 3640 3576 3618 3618 3585 4065 4065 4065 4065 4065 4065 4065 4065
199 1683107172 374 3685 3660 3639 3575 3618 3617 3585 4067 4065 4065 4065 4065 4065 4065 4065
200 1683107172 374 3685 3660 3640 3575 3618 3617 3585 4067 4067 4066 4066 4066 4066 4066 4066
201 1683107172 374 3685 3660 3639 3575 3618 3617 3585 4063 4063 4063 4063 4063 4063 4063 4063
202 1683107172 374 3684 3660 3639 3575 3617 3617 3585 4065 4065 4065 4065 4065 4065 4065 4065
203 1683107172 375 3683 3659 3639 3575 3617 3617 3585 4065 4065 4065 4065 4065 4065 4065 4065
204 1683107172 374 3685 3660 3639 3575 3618 3617 3585 4065 4065 4065 4065 4065 4065 4065 4065
205 1683107172 374 3685 3660 3639 3576 3618 3618 3586 4065 4065 4064 4064 4064 4064 4064 4064
206 1683107172 374 3684 3660 3639 3575 3618 3616 3585 4065 4065 4065 4065 4065 4065 4065 4065
207 1683107172 375 3684 3659 3638 3574 3616 3616 3584 4065 4065 4064 4064 4064 4064 4064 4064
208 1683107172 374 3685 3661 3639 3576 3618 3617 3585 4065 4065 4064 4064 4064 4064 4064 4064
209 1683107172 374 3684 3659 3639 3575 3617 3616 3585 4065 4065 4064 4064 4064 4064 4064 4064
210 1683107172 374 3685 3660 3640 3576 3618 3618 3585 4065 4065 4065 4065 4065 4065 4065 4065
211 1683107172 374 3683 3659 3638 3575 3616 3616 3584 4065 4065 4065 4065 4065 4065 4065 4065
212 1683107172 374 3686 3661 3639 3576 3618 3617 3585 4065 4065 4064 4064 4064 4064 4064 4064
213 1683107172 374 3685 3660 3639 3576 3617 3617 3585 4065 4065 4065 4065 4065 4065 4065 4065
214 1683107172 374 3684 3660 3639 3575 3617 3617 3585 4065 4065 4065 4065 4065 4065 4065 4065
215 1683107172 374 3685 3660 3640 3575 3618 3617 3585 4065 4065 4065 4065 4065 4065 4065 4065
216 1683107172 374 3685 3660 3639 3576 3618 3617 3586 4065 4065 4065 4065 4065 4065 4065 4065
217 1683107172 374 3685 3659 3638 3575 3617 3617 3585 4065 4065 4064 4064 4064 4064 4064 4064
218 1683107172 374 3685 3660 3639 3576 3617 3617 3585 4065 4065 4065 4065 4065 4065 4065 4065
219 1683107172 375 3683 3660 3639 3575 3617 3617 3585 4065 4065 4065 4065 4065 4065 4065 4065
220 1683107172 374 3685 3660 3639 3575 3618 3617 3585 4065 4065 4065 4065 4065 4065 4065 4065
221 1683107172 374 3685 3660 3639 3575 3618 3617 3585 4065 4065 4065 4065 4065 4065 4065 4065
222 1683107172 375 3685 3660 3639 3575 3617 3617 3584 4065 4065 4064 4064 4064 4064 4064 4064
223 1683107172 374 3687 3661 3640 3577 3619 3618 3586 4065 4065 4065 4065 4065 4065 4065 4065
224 1683107172 375 3686 3661 3640 3577 3619 3619 3586 4065 4065 4065 4065 4065 4065 4065 4065
225 1683107172 374 3685 3660 3639 3575 3617 3617 3585 4065 4065 4065 4065 4065 4065 4065 4065
226 1683107172 374 3684 3659 3638 3575 3617 3616 3584 4065 4065 4065 4065 4065 4065 4065 4065
227 1683107172 374 3684 3660 3639 3575 3617 3617 3584 4067 4065 4065 4065 4065 4065 4065 4065
228 1683107172 375 3685 3660 3639 3575 3618 3617 3585 4065 4065 4065 4065 4065 4065 4065 4065
229 1683107172 374 3684 3659 3638 3575 3617 3617 3585 4065 4065 4064 4064 4064 4064 4064 4064
230 1683107172 375 3686 3661 3641 3577 3619 3619 3587 4065 4065 4065 4065 4065 4065 4065 4065
231 1683107172 374 3685 3660 3639 3576 3618 3617 3585 4065 4065 4065 4065 4065 4065 4065 4065
232 1683107172 374 3684 3659 3639 3575 3617 3617 3585 4065 4065 4064 4064 4064 4064 4064 4064
233 1683107172 375 3685 3660 3639 3575 3618 3618 3586 4065 4065 4064 4064 4064 4064 4064 4064
234 1683107172 374 3684 3660 3639 3576 3618 3618 3586 4063 4063 4063 4063 4063 4063 4063 4063
235 1683107172 374 3685 3660 3640 3576 3618 3618 3586 4065 4065 4064 4064 4064 4064 4064 4064
236 1683107172 374 3685 3660 3639 3575 3617 3617 3585 4065 4065 4064 4064 4064 4064 4064 4064
237 1683107172 374 3684 3660 3639 3575 3617 3617 3585 4065 4065 4065 4065 4065 4065 4065 4065
238 1683107172 374 3686 3660 3640 3576 3618 3617 3585 4065 4065 4064 4064 4064 4064 4064 4064
239 1683107172 374 3685 3660 3640 3576 3618 3618 3585 4065 4065 4064 4064 4064 4064 4064 4064
240 1683107172 375 3685 3660 3639 3576 3618 3617 3585 4061 4061 4060 4060 4060 4060 4060 4060
241 1683107172 375 3685 3660 3639 3575 3618 3617 3585 4065 4065 4065 4065 4065 4065 4065 4065
242 1683107172 375 3684 3659 3639 3575 3617 3617 3585 4065 4065 4065 4065 4065 4065 4065 4065
243 1683107172 375 3685 3661 3640 3576 3618 3618 3586 4065 4065 4064 4064 4064 4064 4064 4064
244 1683107172 374 3685 3660 3639 3575 3617 3617 3585 4065 4065 4065 4065 4065 4065 4065 4065
245 1683107172 375 3685 3660 3639 3575 3618 3617 3585 4065 4065 4065 4065 4065 4065 4065 4065
246 1683107172 375 3684 3660 3639 3575 3617 3617 3585 4065 4065 4064 4064 4064 4064 4064 4064
247 1683107172 375 3685 3660 3639 3576 3617 3617 3585 4067 4067 4066 4066 4066 4066 4066 4066
248 1683107172 374 3686 3661 3639 3576 3618 3617 3585 4065 4065 4064 4064 4064 4064 4064 4064
249 1683107172 374 3685 3660 3640 3576 3618 3617 3585 4065 4063 4063 4063 4063 4063 4063 4063
250 1683107172 374 3685 3660 3639 3576 3618 3618 3585 4065 4065 4064 4064 4064 4064 4064 4064
251 1683107172 375 3685 3661 3640 3576 3618 3617 3585 4065 4065 4065 4065 4065 4065 4065 4065
252 1683107172 375 3685 3660 3639 3576 3618 3617 3586 4065 4065 4064 4064 4064 4064 4064 4064
253 1683107172 374 3685 3660 3640 3575 3618 3617 3585 4059 4059 4059 4059 4059 4059 4059 4059
254 1683107173 374 3684 3660 3639 3576 3617 3617 3585 4065 4065 4064 4064 4064 4064 4064 4064
255 1683107173 375 3685 3661 3640 3577 3619 3619 3586 4065 4065 4065 4065 4065 4065 4065 4065
256 1683107173 374 3685 3660 3639 3575 3617 3617 3585 4065 4065 4064 4064 4064 4064 4064 4064
257 1683107173 375 3685 3660 3640 3575 3618 3618 3585 4065 4065 4064 4064 4064 4064 4064 4064
258 1683107173 374 3686 3661 3640 3576 3619 3618 3586 4065 4065 4065 4065 4065 4065 4065 4065
259 1683107173 374 3685 3660 3639 3576 3618 3617 3585 4065 4065 4065 4065 4065 4065 4065 4065
260 1683107173 375 3685 3659 3639 3575 3617 3618 3585 4065 4065 4064 4064 4064 4064 4064 4064
261 1683107173 375 3685 3660 3640 3576 3618 3618 3586 4065 4065 4065 4065 4065 4065 4065 4065
262 1683107173 375 3685 3660 3639 3576 3618 3619 3586 4065 4065 4065 4065 4065 4065 4065 4065
263 1683107173 374 3685 3660 3640 3576 3618 3618 3585 4065 4065 4065 4065 4065 4065 4065 4065
264 1683107173 375 3684 3660 3639 3575 3617 3617 3585 4065 4065 4064 4064 4064 4064 4064 4064
265 1683107173 375 3685 3660 3639 3575 3617 3617 3586 4065 4065 4064 4064 4064 4064 4064 4064
266 1683107173 375 3684 3661 3640 3576 3619 3618 3586 4065 4065 4065 4065 4065 4065 4065 4065
267 1683107173 374 3685 3660 3639 3575 3617 3617 3585 4065 4065 4065 4065 4065 4065 4065 4065
268 1683107173 374 3685 3660 3640 3576 3618 3617 3585 4065 4065 4065 4065 4065 4065 4065 4065
269 1683107173 374 3685 3660 3640 3576 3618 3618 3586 4065 4065 4065 4065 4065 4065 4065 4065
270 1683107173 375 3684 3660 3639 3575 3618 3617 3585 4065 4065 4065 4065 4065 4065 4065 4065
271 1683107173 375 3685 3660 3640 3576 3617 3617 3585 4065 4065 4064 4064 4064 4064 4064 4064
272 1683107173 375 3685 3660 3639 3575 3618 3617 3585 4067 4067 4066 4066 4066 4066 4066 4066
273 1683107173 374 3685 3661 3639 3576 3618 3618 3586 4065 4065 4065 4065 4065 4065 4065 4065
274 1683107173 374 3686 3661 3640 3576 3618 3618 3586 4065 4065 4065 4065 4065 4065 4065 4065
275 1683107173 375 3685 3661 3641 3577 3619 3619 3586 4065 4065 4064 4064 4064 4064 4064 4064
276 1683107173 375 3685 3660 3639 3576 3617 3617 3585 4065 4065 4064 4064 4064 4064 4064 4064
277 1683107173 375 3685 3661 3640 3576 3618 3618 3586 4065 4065 4065 4065 4065 4065 4065 4065
278 1683107173 375 3685 3660 3640 3576 3618 3618 3585 4065 4065 4064 4064 4064 4064 4064 4064
279 1683107173 374 3686 3661 3640 3576 3618 3617 3585 4065 4065 4065 4065 4065 4065 4065 4065
280 1683107173 375 3686 3661 3640 3577 3619 3618 3587 4065 4065 4065 4065 4065 4065 4065 4065
281 1683107173 375 3685 3660 3639 3576 3618 3617 3586 4065 4065 4065 4065 4065 4065 4065 4065
282 1683107173 374 3686 3661 3640 3576 3618 3618 3586 4065 4065 4064 4064 4064 4064 4064 4064
283 1683107173 375 3685 3660 3639 3576 3617 3617 3585 4065 4065 4064 4064 4064 4064 4064 4064
284 1683107173 375 3685 3660 3639 3576 3618 3618 3585 4065 4065 4064 4064 4064 4064 4064 4064
285 1683107173 375 3685 3660 3640 3576 3618 3618 3586 4065 4065 4065 4065 4065 4065 4065 4065
286 1683107173 375 3685 3661 3640 3576 3618 3618 3586 4065 4065 4064 4064 4064 4064 4064 4064
287 1683107173 375 3686 3661 3640 3576 3618 3617 3586 4065 4065 4065 4065 4065 4065 4065 4065
288 1683107173 375 3685 3660 3639 3575 3618 3617 3586 4065 4065 4065 4065 4065 4065 4065 4065
289 1683107173 375 3685 3660 3639 3576 3618 3618 3586 4065 4065 4065 4065 4065 4065 4065 4065
290 1683107173 375 3686 3662 3641 3577 3619 3619 3587 4065 4065 4065 4065 4065 4065 4065 4065
291 1683107173 375 3685 3661 3640 3576 3618 3618 3586 4065 4065 4065 4065 4065 4065 4065 4065
292 1683107173 375 3686 3661 3640 3576 3619 3618 3586 4065 4065 4065 4065 4065 4065 4065 4065
293 1683107173 374 3685 3660 3640 3576 3618 3618 3585 4065 4065 4065 4065 4065 4065 4065 4065
294 1683107173 375 3685 3660 3639 3576 3618 3617 3585 4063 4063 4063 4063 4063 4063 4063 4063
295 1683107173 374 3686 3661 3640 3576 3618 3617 3585 4065 4065 4065 4065 4065 4065 4065 4065
296 1683107173 375 3686 3661 3640 3576 3619 3618 3586 4065 4065 4064 4064 4064 4064 4064 4064
297 1683107173 375 3685 3660 3639 3576 3618 3618 3585 4065 4065 4065 4065 4065 4065 4065 4065
298 1683107173 375 3684 3661 3639 3576 3618 3617 3585 4065 4065 4065 4065 4065 4065 4065 4065
299 1683107173 375 3683 3660 3639 3575 3617 3617 3585 4065 4065 4064 4064 4064 4064 4064 4064
300 1683107173 375 3686 3661 3640 3576 3618 3617 3585 4065 4065 4064 4064 4064 4064 4064 4064
301 1683107173 375 3687 3662 3641 3577 3619 3618 3587 4065 4065 4064 4064 4064 4064 4064 4064
302 1683107173 375 3684 3660 3638 3575 3617 3617 3585 4065 4065 4065 4065 4065 4065 4065 4065
303 1683107173 375 3686 3660 3640 3576 3618 3618 3586 4063 4063 4063 4063 4063 4063 4063 4063
304 1683107173 375 3685 3660 3639 3576 3618 3617 3586 4065 4065 4065 4065 4065 4065 4065 4065
305 1683107173 375 3685 3660 3640 3576 3618 3618 3586 4063 4063 4063 4063 4063 4063 4063 4063
306 1683107173 375 3685 3661 3640 3576 3618 3618 3586 4065 4065 4064 4064 4064 4064 4064 4064
307 1683107173 375 3686 3661 3640 3576 3619 3618 3586 4065 4065 4065 4065 4065 4065 4065 4065
308 1683107173 375 3685 3660 3639 3575 3617 3617 3585 4065 4065 4065 4065 4065 4065 4065 4065
309 1683107173 375 3685 3659 3638 3575 3617 3616 3584 4067 4065 4065 4065 4065 4065 4065 4065
310 1683107173 375 3686 3660 3640 3576 3618 3618 3586 4065 4065 4065 4065 4065 4065 4065 4065
311 1683107173 375 3685 3661 3640 3576 3619 3619 3586 4065 4065 4065 4065 4065 4065 4065 4065
312 1683107173 375 3685 3661 3639 3576 3618 3618 3586 4065 4065 4065 4065 4065 4065 4065 4065
313 1683107173 375 3685 3660 3639 3575 3618 3617 3585 4065 4065 4064 4064 4064 4064 4064 4064
314 1683107173 375 3686 3661 3640 3576 3619 3618 3586 4065 4065 4065 4065 4065 4065 4065 4065
315 1683107173 375 3686 3661 3640 3576 3618 3618 3586 4065 4065 4065 4065 4065 4065 4065 4065
316 1683107173 375 3686 3660 3640 3577 3618 3618 3586 4065 4065 4065 4065 4065 4065 4065 4065
317 1683107173 375 3685 3660 3639 3575 3617 3617 3585 4065 4065 4065 4065 4065 4065 4065 4065
318 1683107173 375 3684 3660 3639 3576 3618 3618 3586 4065 4065 4065 4065 4065 4065 4065 4065
319 1683107173 375 3685 3660 3639 3575 3618 3617 3585 4065 4065 4064 4064 4064 4064 4064 4064
320 1683107173 375 3686 3661 3640 3576 3619 3618 3586 4065 4065 4065 4065 4065 4065 4065 4065
321 1683107173 375 3685 3661 3640 3576 3618 3618 3586 4065 4065 4065 4065 4065 4065 4065 4065
322 1683107173 375 3686 3661 3640 3576 3618 3618 3586 4063 4063 4063 4063 4063 4063 4063 4063
323 1683107173 375 3685 3660 3640 3576 3618 3618 3586 4065 4065 4064 4064 4064 4064 4064 4064
324 1683107173 375 3686 3660 3639 3576 3618 3618 3586 4065 4065 4064 4064 4064 4064 4064 4064
325 1683107173 375 3686 3662 3641 3576 3619 3618 3586 4065 4065 4065 4065 4065 4065 4065 4065
326 1683107173 375 3686 3661 3640 3576 3618 3618 3586 4065 4065 4065 4065 4065 4065 4065 4065
327 1683107173 375 3685 3660 3640 3576 3618 3618 3587 4067 4065 4065 4065 4065 4065 4065 4065
328 1683107173 375 3686 3661 3639 3576 3619 3618 3587 4065 4065 4064 4064 4064 4064 4064 4064
329 1683107173 375 3685 3661 3640 3577 3619 3618 3586 4065 4065 4065 4065 4065 4065 4065 4065
330 1683107173 375 3687 3661 3641 3577 3619 3619 3587 4065 4065 4064 4064 4064 4064 4064 4064
331 1683107173 375 3686 3661 3640 3577 3619 3619 3586 4065 4065 4064 4064 4064 4064 4064 4064
332 1683107173 375 3686 3661 3640 3577 3618 3618 3586 4065 4065 4065 4065 4065 4065 4065 4065
333 1683107174 375 3685 3660 3639 3576 3618 3618 3586 4065 4065 4065 4065 4065 4065 4065 4065
334 1683107174 376 3685 3660 3640 3576 3618 3618 3586 4065 4065 4064 4064 4064 4064 4064 4064
335 1683107174 373 3684 3659 3638 3575 3617 3616 3584 4065 4065 4064 4064 4064 4064 4064 4064
336 1683107174 373 3684 3659 3638 3575 3616 3616 3584 4065 4065 4065 4065 4065 4065 4065 4065
337 1683107174 373 3684 3659 3638 3574 3616 3616 3583 4065 4065 4064 4064 4064 4064 4064 4064
338 1683107174 373 3684 3659 3639 3575 3617 3617 3584 4065 4065 4064 4064 4064 4064 4064 4064
339 1683107174 374 3683 3659 3638 3575 3617 3617 3584 4065 4065 4065 4065 4065 4065 4065 4065
340 1683107174 373 3684 3658 3638 3574 3616 3616 3583 4065 4065 4064 4064 4064 4064 4064 4064
341 1683107174 374 3684 3658 3638 3574 3616 3616 3584 4065 4065 4064 4064 4064 4064 4064 4064
342 1683107174 373 3684 3658 3638 3574 3616 3616 3584 4065 4065 4065 4065 4065 4065 4065 4065
343 1683107174 373 3684 3659 3639 3575 3617 3616 3585 4065 4065 4064 4064 4064 4064 4064 4064
344 1683107174 374 3683 3658 3638 3575 3616 3616 3584 4067 4067 4066 4066 4066 4066 4066 4066
345 1683107174 374 3684 3659 3638 3574 3617 3616 3585 4065 4065 4064 4064 4064 4064 4064 4064
346 1683107174 373 3684 3658 3638 3574 3616 3616 3584 4065 4065 4065 4065 4065 4065 4065 4065
347 1683107174 373 3685 3660 3639 3575 3617 3617 3585 4065 4065 4064 4064 4064 4064 4064 4064
348 1683107174 374 3684 3659 3638 3574 3617 3616 3584 4065 4065 4064 4064 4064 4064 4064 4064
349 1683107174 374 3685 3659 3638 3575 3617 3617 3585 4065 4065 4064 4064 4064 4064 4064 4064
350 1683107174 373 3684 3660 3639 3575 3617 3617 3585 4065 4065 4065 4065 4065 4065 4065 4065
351 1683107174 373 3683 3659 3638 3574 3616 3616 3584 4065 4065 4065 4065 4065 4065 4065 4065
352 1683107174 373 3684 3659 3639 3575 3617 3617 3584 4065 4065 4064 4064 4064 4064 4064 4064
353 1683107174 373 3685 3659 3638 3574 3616 3616 3584 4065 4065 4065 4065 4065 4065 4065 4065
354 1683107174 373 3684 3659 3638 3575 3617 3616 3584 4065 4065 4064 4064 4064 4064 4064 4064
355 1683107174 373 3685 3660 3639 3575 3617 3617 3585 4065 4065 4065 4065 4065 4065 4065 4065
356 1683107174 374 3683 3659 3638 3575 3617 3616 3584 4065 4065 4065 4065 4065 4065 4065 4065
357 1683107174 374 3684 3659 3639 3576 3617 3617 3585 4065 4065 4065 4065 4065 4065 4065 4065
358 1683107174 373 3684 3659 3639 3575 3617 3616 3584 4063 4063 4063 4063 4063 4063 4063 4063
359 1683107174 374 3684 3659 3639 3575 3616 3616 3584 4065 4065 4065 4065 4065 4065 4065 4065
360 1683107174 373 3684 3659 3639 3575 3617 3616 3584 4065 4065 4065 4065 4065 4065 4065 4065
361 1683107174 374 3684 3658 3638 3575 3616 3616 3584 4065 4065 4065 4065 4065 4065 4065 4065
362 1683107174 373 3684 3659 3637 3574 3616 3616 3584 4065 4065 4065 4065 4065 4065 4065 4065
363 1683107174 373 3683 3659 3639 3575 3618 3617 3585 4067 4067 4066 4066 4066 4066 4066 4066
364 1683107174 374 3682 3659 3639 3575 3616 3616 3584 4065 4065 4064 4064 4064 4064 4064 4064
365 1683107174 374 3683 3659 3638 3575 3617 3616 3584 4067 4065 4065 4065 4065 4065 4065 4065
366 1683107174 374 3684 3659 3639 3575 3617 3617 3585 4065 4065 4064 4064 4064 4064 4064 4064
367 1683107182 373 3682 3658 3637 3572 3614 3614 3582 4067 4067 4066 4066 4066 4066 4066 4066
368 1683107182 374 3684 3659 3639 3574 3617 3616 3584 4067 4067 4066 4066 4066 4066 4066 4066
369 1683107182 373 3684 3659 3638 3574 3616 3616 3584 4065 4065 4064 4064 4064 4064 4064 4064
370 1683107182 374 3683 3659 3638 3575 3617 3617 3584 4067 4065 4065 4065 4065 4065 4065 4065
371 1683107182 374 3683 3658 3637 3573 3615 3615 3583 4065 4065 4064 4064 4064 4064 4064 4064
372 1683107182 373 3684 3659 3638 3574 3617 3616 3584 4065 4065 4065 4065 4065 4065 4065 4065
373 1683107182 374 3684 3659 3637 3574 3616 3616 3584 4065 4065 4064 4064 4064 4064 4064 4064
374 1683107182 374 3683 3659 3638 3574 3617 3616 3584 4065 4065 4065 4065 4065 4065 4065 4065
375 1683107182 374 3683 3658 3638 3573 3616 3616 3584 4065 4065 4064 4064 4064 4064 4064 4064
376 1683107182 373 3684 3659 3639 3574 3616 3616 3584 4065 4065 4065 4065 4065 4065 4065 4065
377 1683107182 373 3683 3659 3637 3574 3616 3616 3584 4067 4065 4065 4065 4065 4065 4065 4065
378 1683107182 373 3683 3658 3637 3574 3615 3614 3583 4065 4065 4065 4065 4065 4065 4065 4065
379 1683107182 373 3682 3658 3637 3573 3616 3616 3584 4065 4065 4065 4065 4065 4065 4065 4065
380 1683107182 374 3684 3659 3638 3575 3617 3616 3585 4065 4065 4064 4064 4064 4064 4064 4064
381 1683107182 374 3684 3659 3638 3574 3617 3616 3585 4065 4065 4064 4064 4064 4064 4064 4064
382 1683107182 374 3683 3658 3637 3573 3615 3615 3583 4065 4065 4065 4065 4065 4065 4065 4065
383 1683107182 373 3684 3659 3638 3575 3617 3616 3584 4067 4067 4066 4066 4066 4066 4066 4066
384 1683107182 373 3684 3659 3638 3575 3617 3616 3584 4065 4065 4064 4064 4064 4064 4064 4064
385 1683107182 374 3684 3659 3638 3574 3616 3616 3584 4065 4065 4065 4065 4065 4065 4065 4065
386 1683107182 373 3683 3658 3637 3573 3616 3615 3583 4065 4065 4065 4065 4065 4065 4065 4065
387 1683107182 374 3684 3659 3638 3575 3616 3616 3584 4065 4065 4065 4065 4065 4065 4065 4065
388 1683107182 374 3684 3659 3638 3574 3616 3616 3584 4065 4065 4064 4064 4064 4064 4064 4064
389 1683107182 373 3684 3659 3638 3575 3617 3617 3585 4065 4065 4064 4064 4064 4064 4064 4064
390 1683107182 374 3683 3658 3638 3574 3616 3615 3583 4067 4067 4066 4066 4066 4066 4066 4066
391 1683107182 374 3684 3659 3639 3575 3617 3616 3585 4065 4065 4065 4065 4065 4065 4065 4065
392 1683107182 374 3685 3660 3639 3575 3618 3617 3586 4065 4065 4065 4065 4065 4065 4065 4065
393 1683107182 374 3684 3658 3637 3573 3616 3615 3584 4065 4065 4065 4065 4065 4065 4065 4065
394 1683107182 374 3683 3659 3638 3575 3616 3616 3584 4065 4065 4064 4064 4064 4064 4064 4064
395 1683107182 373 3685 3660 3639 3575 3617 3617 3585 4063 4063 4063 4063 4063 4063 4063 4063
396 1683107182 373 3684 3659 3638 3575 3617 3617 3585 4067 4067 4066 4066 4066 4066 4066 4066
397 1683107182 374 3684 3659 3638 3574 3616 3616 3583 4065 4065 4065 4065 4065 4065 4065 4065
398 1683107182 373 3685 3660 3639 3576 3617 3617 3585 4067 4067 4066 4066 4066 4066 4066 4066
399 1683107182 374 3684 3659 3637 3574 3616 3616 3583 4065 4065 4065 4065 4065 4065 4065 4065
400 1683107182 374 3684 3659 3639 3575 3617 3617 3585 4065 4065 4064 4064 4064 4064 4064 4064
401 1683107182 374 3684 3659 3638 3574 3616 3616 3584 4065 4065 4065 4065 4065 4065 4065 4065
402 1683107182 374 3684 3659 3638 3575 3617 3616 3584 4065 4065 4065 4065 4065 4065 4065 4065
403 1683107182 373 3684 3659 3639 3575 3617 3616 3584 4065 4065 4065 4065 4065 4065 4065 4065
404 1683107182 374 3683 3658 3638 3574 3616 3617 3584 4065 4065 4065 4065 4065 4065 4065 4065
405 1683107182 373 3684 3659 3638 3575 3617 3616 3585 4065 4065 4065 4065 4065 4065 4065 4065
406 1683107182 374 3684 3659 3638 3574 3616 3617 3584 4065 4065 4064 4064 4064 4064 4064 4064
407 1683107182 374 3684 3659 3638 3574 3616 3616 3584 4065 4065 4065 4065 4065 4065 4065 4065
408 1683107182 374 3683 3658 3638 3574 3617 3616 3583 4063 4063 4063 4063 4063 4063 4063 4063
409 1683107182 374 3684 3659 3639 3575 3617 3617 3585 4065 4065 4064 4064 4064 4064 4064 4064
410 1683107183 374 3684 3659 3639 3575 3617 3616 3584 4065 4065 4065 4065 4065 4065 4065 4065
411 1683107183 374 3684 3659 3638 3575 3617 3617 3585 4067 4065 4065 4065 4065 4065 4065 4065
412 1683107183 374 3685 3660 3639 3575 3617 3617 3585 4065 4065 4064 4064 4064 4064 4064 4064
413 1683107183 373 3685 3660 3640 3576 3618 3617 3585 4065 4065 4065 4065 4065 4065 4065 4065
414 1683107183 374 3683 3658 3638 3574 3616 3616 3584 4065 4065 4064 4064 4064 4064 4064 4064
415 1683107183 374 3685 3660 3639 3575 3618 3617 3585 4065 4065 4064 4064 4064 4064 4064 4064
416 1683107183 374 3684 3659 3638 3574 3617 3616 3584 4067 4065 4065 4065 4065 4065 4065 4065
417 1683107183 374 3683 3658 3637 3574 3616 3616 3584 4065 4065 4065 4065 4065 4065 4065 4065
418 1683107183 374 3685 3660 3639 3575 3617 3616 3585 4065 4065 4065 4065 4065 4065 4065 4065
419 1683107183 374 3684 3658 3638 3574 3616 3616 3584 4067 4067 4066 4066 4066 4066 4066 4066
420 1683107191 374 3682 3658 3637 3573 3615 3614 3582 4061 4061 4061 4061 4061 4061 4061 4061
421 1683107191 374 3683 3659 3637 3573 3616 3615 3584 4065 4065 4065 4065 4065 4065 4065 4065
422 1683107191 374 3684 3658 3637 3574 3616 3615 3584 4065 4065 4064 4064 4064 4064 4064 4064
423 1683107191 373 3684 3659 3638 3574 3616 3616 3584 4065 4065 4065 4065 4065 4065 4065 4065
424 1683107191 374 3683 3658 3637 3573 3615 3615 3583 4065 4065 4064 4064 4064 4064 4064 4064
425 1683107191 374 3683 3658 3637 3573 3615 3615 3583 4063 4063 4063 4063 4063 4063 4063 4063
426 1683107191 374 3682 3658 3637 3573 3615 3615 3583 4065 4065 4065 4065 4065 4065 4065 4065
427 1683107191 374 3684 3659 3638 3575 3617 3616 3584 4065 4065 4065 4065 4065 4065 4065 4065
428 1683107191 374 3683 3658 3637 3574 3616 3616 3583 4067 4065 4065 4065 4065 4065 4065 4065
429 1683107191 374 3683 3659 3638 3574 3616 3615 3584 4065 4065 4064 4064 4064 4064 4064 4064
430 1683107191 374 3682 3657 3637 3573 3615 3615 3583 4065 4065 4065 4065 4065 4065 4065 4065
431 1683107191 374 3684 3660 3639 3575 3617 3617 3585 4065 4065 4064 4064 4064 4064 4064 4064
432 1683107191 374 3684 3659 3638 3574 3616 3616 3584 4065 4065 4065 4065 4065 4065 4065 4065
433 1683107191 374 3683 3659 3638 3574 3616 3616 3585 4065 4065 4065 4065 4065 4065 4065 4065
434 1683107191 374 3685 3660 3639 3575 3617 3617 3585 4065 4065 4064 4064 4064 4064 4064 4064
435 1683107191 374 3683 3659 3638 3574 3616 3616 3584 4067 4065 4065 4065 4065 4065 4065 4065
436 1683107191 374 3684 3659 3639 3575 3616 3616 3584 4065 4065 4064 4064 4064 4064 4064 4064
437 1683107191 374 3683 3658 3637 3574 3616 3615 3583 4065 4065 4065 4065 4065 4065 4065 4065
438 1683107191 374 3684 3660 3639 3575 3616 3616 3584 4065 4065 4064 4064 4064 4064 4064 4064
439 1683107191 374 3684 3659 3638 3574 3617 3616 3584 4065 4065 4064 4064 4064 4064 4064 4064
440 1683107191 374 3684 3659 3638 3574 3616 3616 3584 4065 4065 4065 4065 4065 4065 4065 4065
441 1683107191 374 3683 3659 3638 3575 3616 3616 3584 4065 4065 4064 4064 4064 4064 4064 4064
442 1683107191 374 3684 3659 3638 3575 3617 3616 3584 4065 4065 4065 4065 4065 4065 4065 4065
443 1683107191 374 3682 3658 3637 3574 3616 3616 3584 4067 4067 4066 4066 4066 4066 4066 4066
444 1683107191 374 3684 3659 3638 3574 3617 3616 3584 4065 4065 4065 4065 4065 4065 4065 4065
445 1683107191 374 3684 3659 3638 3574 3617 3616 3584 4061 4061 4060 4060 4060 4060 4060 4060
446 1683107191 374 3684 3659 3638 3574 3617 3616 3584 4065 4065 4065 4065 4065 4065 4065 4065
447 1683107191 374 3684 3659 3638 3575 3617 3616 3584 4065 4065 4064 4064 4064 4064 4064 4064
448 1683107191 374 3684 3659 3638 3574 3616 3616 3584 4065 4065 4064 4064 4064 4064 4064 4064
449 1683107191 374 3684 3660 3639 3575 3617 3617 3585 4065 4065 4065 4065 4065 4065 4065 4065
450 1683107191 374 3684 3659 3639 3575 3618 3617 3584 4065 4065 4065 4065 4065 4065 4065 4065
451 1683107191 374 3684 3659 3638 3575 3617 3617 3584 4065 4065 4065 4065 4065 4065 4065 4065
452 1683107191 374 3683 3658 3638 3574 3616 3616 3584 4065 4065 4065 4065 4065 4065 4065 4065
453 1683107191 374 3685 3660 3639 3575 3617 3617 3585 4065 4065 4065 4065 4065 4065 4065 4065
454 1683107191 374 3684 3659 3639 3575 3616 3616 3584 4065 4065 4065 4065 4065 4065 4065 4065
455 1683107191 374 3684 3659 3639 3575 3617 3616 3584 4067 4067 4066 4066 4066 4066 4066 4066
456 1683107191 374 3684 3659 3639 3574 3617 3616 3584 4065 4065 4065 4065 4065 4065 4065 4065
457 1683107191 374 3683 3659 3638 3575 3616 3616 3584 4065 4065 4064 4064 4064 4064 4064 4064
458 1683107191 374 3685 3660 3639 3575 3617 3617 3585 4065 4065 4064 4064 4064 4064 4064 4064
459 1683107191 374 3684 3659 3638 3575 3617 3616 3585 4065 4065 4064 4064 4064 4064 4064 4064
460 1683107191 374 3684 3659 3638 3574 3616 3616 3584 4065 4065 4065 4065 4065 4065 4065 4065
461 1683107191 374 3684 3659 3639 3576 3618 3617 3586 4065 4065 4064 4064 4064 4064 4064 4064
462 1683107191 374 3684 3659 3639 3575 3617 3616 3585 4065 4065 4064 4064 4064 4064 4064 4064
463 1683107191 374 3684 3659 3638 3575 3617 3616 3584 4065 4065 4064 4064 4064 4064 4064 4064
464 1683107191 374 3684 3659 3639 3576 3617 3617 3585 4065 4065 4065 4065 4065 4065 4065 4065
465 1683107191 374 3685 3660 3639 3576 3618 3618 3585 4065 4065 4065 4065 4065 4065 4065 4065
466 1683107191 375 3684 3659 3638 3574 3617 3616 3584 4065 4065 4065 4065 4065 4065 4065 4065
467 1683107191 374 3684 3660 3638 3574 3617 3616 3584 4065 4065 4064 4064 4064 4064 4064 4064
468 1683107191 374 3684 3659 3638 3574 3617 3616 3585 4065 4065 4064 4064 4064 4064 4064 4064
469 1683107191 374 3685 3660 3639 3575 3617 3616 3584 4065 4065 4065 4065 4065 4065 4065 4065
470 1683107191 375 3685 3660 3639 3575 3617 3617 3584 4065 4065 4064 4064 4064 4064 4064 4064
471 1683107191 374 3685 3660 3639 3575 3617 3616 3585 4065 4065 4064 4064 4064 4064 4064 4064
472 1683107191 374 3684 3660 3639 3575 3617 3617 3585 4067 4067 4066 4066 4066 4066 4066 4066
473 1683107191 374 3685 3660 3640 3576 3618 3617 3585 4065 4065 4065 4065 4065 4065 4065 4065
474 1683107191 374 3685 3660 3639 3575 3617 3617 3585 4065 4065 4065 4065 4065 4065 4065 4065
475 1683107191 374 3684 3658 3638 3574 3616 3615 3584 4065 4065 4064 4064 4064 4064 4064 4064
476 1683107191 374 3685 3660 3640 3575 3618 3617 3585 4065 4065 4065 4065 4065 4065 4065 4065
477 1683107191 374 3684 3659 3639 3575 3617 3617 3585 4067 4067 4066 4066 4066 4066 4066 4066
478 1683107191 374 3685 3660 3639 3575 3617 3617 3585 4065 4065 4064 4064 4064 4064 4064 4064
479 1683107191 374 3684 3660 3638 3574 3617 3617 3585 4065 4065 4065 4065 4065 4065 4065 4065
480 1683107191 374 3684 3659 3638 3575 3617 3616 3585 4067 4065 4065 4065 4065 4065 4065 4065
481 1683107191 374 3685 3660 3639 3576 3618 3617 3585 4065 4065 4065 4065 4065 4065 4065 4065
482 1683107191 374 3685 3659 3639 3575 3617 3617 3585 4065 4065 4065 4065 4065 4065 4065 4065
483 1683107191 374 3685 3660 3639 3576 3617 3616 3585 4065 4065 4065 4065 4065 4065 4065 4065
484 1683107191 374 3684 3659 3638 3574 3617 3616 3584 4065 4065 4065 4065 4065 4065 4065 4065
485 1683107191 375 3684 3660 3639 3575 3617 3617 3585 4065 4065 4065 4065 4065 4065 4065 4065
486 1683107191 375 3684 3659 3639 3575 3617 3616 3584 4067 4065 4065 4065 4065 4065 4065 4065
487 1683107191 374 3685 3660 3639 3576 3618 3617 3586 4067 4067 4066 4066 4066 4066 4066 4066
488 1683107191 374 3684 3660 3639 3575 3617 3617 3585 4065 4065 4064 4064 4064 4064 4064 4064
489 1683107191 375 3686 3661 3640 3576 3618 3618 3586 4065 4065 4065 4065 4065 4065 4065 4065
490 1683107191 374 3685 3660 3639 3575 3617 3616 3585 4065 4065 4064 4064 4064 4064 4064 4064
491 1683107191 374 3685 3660 3639 3575 3618 3617 3585 4065 4065 4065 4065 4065 4065 4065 4065
492 1683107192 374 3684 3660 3639 3575 3617 3617 3585 4065 4065 4065 4065 4065 4065 4065 4065
493 1683107192 374 3685 3660 3639 3576 3617 3617 3585 4065 4065 4065 4065 4065 4065 4065 4065
494 1683107192 375 3685 3660 3639 3575 3617 3617 3585 4065 4065 4065 4065 4065 4065 4065 4065
495 1683107192 374 3684 3659 3638 3574 3617 3616 3584 4063 4061 4061 4061 4061 4061 4061 4061
496 1683107192 374 3685 3660 3639 3576 3617 3617 3585 4065 4065 4065 4065 4065 4065 4065 4065
497 1683107192 374 3683 3659 3638 3574 3616 3616 3584 4065 4065 4064 4064 4064 4064 4064 4064
498 1683107192 374 3686 3661 3640 3576 3618 3618 3586 4067 4067 4066 4066 4066 4066 4066 4066
499 1683107192 374 3685 3660 3639 3575 3617 3617 3585 4065 4065 4065 4065 4065 4065 4065 4065
500 1683107192 375 3685 3659 3639 3575 3618 3617 3586 4065 4065 4064 4064 4064 4064 4064 4064
501 1683107192 375 3685 3660 3639 3576 3617 3617 3585 4065 4065 4064 4064 4064 4064 4064 4064
502 1683107192 374 3684 3659 3639 3575 3617 3617 3585 4065 4065 4065 4065 4065 4065 4065 4065
503 1683107192 375 3685 3660 3639 3576 3618 3617 3585 4065 4065 4065 4065 4065 4065 4065 4065
504 1683107192 374 3684 3660 3639 3576 3617 3617 3585 4065 4065 4064 4064 4064 4064 4064 4064
505 1683107192 375 3685 3659 3639 3575 3617 3616 3584 4067 4067 4066 4066 4066 4066 4066 4066
506 1683107192 374 3684 3660 3639 3575 3617 3617 3585 4065 4063 4063 4063 4063 4063 4063 4063
507 1683107192 375 3685 3659 3639 3576 3618 3617 3586 4065 4065 4065 4065 4065 4065 4065 4065
508 1683107192 374 3685 3660 3639 3575 3617 3617 3585 4065 4065 4065 4065 4065 4065 4065 4065
509 1683107192 374 3685 3660 3639 3575 3617 3617 3585 4065 4065 4064 4064 4064 4064 4064 4064
510 1683107192 374 3686 3660 3639 3576 3618 3618 3586 4065 4065 4065 4065 4065 4065 4065 4065
511 1683107192 374 3685 3661 3640 3576 3618 3617 3585 4065 4065 4064 4064 4064 4064 4064 4064
512 1683107192 375 3685 3660 3640 3576 3618 3617 3586 4065 4065 4064 4064 4064 4064 4064 4064
513 1683107192 375 3685 3660 3640 3576 3618 3618 3586 4067 4067 4066 4066 4066 4066 4066 4066
514 1683107192 374 3684 3660 3639 3575 3617 3617 3585 4065 4065 4065 4065 4065 4065 4065 4065
515 1683107192 374 3685 3660 3639 3575 3617 3617 3586 4065 4065 4064 4064 4064 4064 4064 4064
516 1683107192 375 3684 3660 3639 3576 3618 3617 3586 4065 4065 4064 4064 4064 4064 4064 4064
517 1683107192 374 3685 3660 3639 3575 3617 3617 3585 4065 4065 4065 4065 4065 4065 4065 4065
518 1683107192 374 3685 3661 3639 3576 3618 3618 3586 4065 4065 4064 4064 4064 4064 4064 4064
519 1683107192 374 3685 3660 3640 3575 3618 3618 3585 4065 4065 4065 4065 4065 4065 4065 4065
520 1683107192 375 3684 3660 3640 3576 3618 3617 3586 4065 4063 4063 4063 4063 4063 4063 4063
521 1683107192 374 3685 3660 3639 3576 3618 3617 3585 4067 4067 4066 4066 4066 4066 4066 4066
522 1683107192 374 3685 3660 3639 3575 3618 3617 3585 4065 4065 4065 4065 4065 4065 4065 4065
523 1683107192 374 3685 3661 3640 3576 3618 3618 3586 4065 4065 4065 4065 4065 4065 4065 4065
524 1683107192 374 3685 3660 3639 3576 3617 3617 3585 4065 4065 4064 4064 4064 4064 4064 4064
525 1683107192 374 3685 3660 3639 3575 3617 3617 3585 4065 4065 4064 4064 4064 4064 4064 4064
526 1683107192 375 3685 3661 3639 3576 3618 3618 3586 4067 4067 4066 4066 4066 4066 4066 4066
527 1683107192 375 3685 3660 3639 3575 3617 3617 3585 4065 4065 4064 4064 4064 4064 4064 4064
528 1683107192 375 3686 3660 3640 3576 3617 3617 3585 4065 4065 4065 4065 4065 4065 4065 4065
529 1683107192 375 3685 3660 3639 3575 3618 3617 3585 4065 4065 4064 4064 4064 4064 4064 4064
530 1683107192 375 3686 3661 3640 3576 3619 3618 3586 4065 4065 4065 4065 4065 4065 4065 4065
531 1683107192 375 3684 3659 3639 3575 3618 3617 3585 4065 4065 4065 4065 4065 4065 4065 4065
532 1683107192 375 3684 3660 3639 3575 3617 3618 3586 4065 4065 4064 4064 4064 4064 4064 4064
533 1683107192 375 3686 3661 3640 3576 3618 3617 3585 4065 4065 4064 4064 4064 4064 4064 4064
534 1683107192 375 3684 3659 3639 3575 3617 3616 3585 4065 4065 4065 4065 4065 4065 4065 4065
535 1683107192 375 3684 3660 3639 3576 3618 3618 3586 4065 4065 4064 4064 4064 4064 4064 4064
536 1683107192 375 3684 3661 3640 3576 3618 3618 3586 4065 4065 4065 4065 4065 4065 4065 4065
537 1683107192 375 3685 3660 3639 3576 3618 3618 3586 4065 4065 4065 4065 4065 4065 4065 4065
538 1683107192 374 3686 3660 3639 3576 3618 3617 3585 4065 4065 4064 4064 4064 4064 4064 4064
539 1683107192 375 3684 3660 3639 3575 3617 3617 3585 4065 4065 4065 4065 4065 4065 4065 4065
540 1683107192 374 3685 3661 3640 3576 3618 3618 3586 4065 4065 4065 4065 4065 4065 4065 4065
541 1683107192 375 3685 3661 3640 3576 3618 3618 3585 4067 4065 4065 4065 4065 4065 4065 4065
542 1683107192 375 3684 3659 3639 3575 3617 3617 3585 4065 4065 4064 4064 4064 4064 4064 4064
543 1683107192 375 3685 3660 3639 3576 3618 3617 3585 4067 4067 4066 4066 4066 4066 4066 4066
544 1683107192 375 3686 3661 3640 3576 3618 3618 3586 4065 4065 4065 4065 4065 4065 4065 4065
545 1683107192 375 3685 3660 3639 3576 3618 3618 3586 4065 4065 4065 4065 4065 4065 4065 4065
546 1683107192 375 3685 3660 3640 3576 3618 3618 3586 4065 4065 4064 4064 4064 4064 4064 4064
547 1683107192 374 3686 3661 3640 3576 3618 3618 3586 4067 4065 4065 4065 4065 4065 4065 4065
548 1683107192 374 3686 3660 3640 3576 3618 3618 3585 4065 4065 4065 4065 4065 4065 4065 4065
549 1683107192 375 3685 3660 3640 3576 3619 3618 3586 4065 4065 4065 4065 4065 4065 4065 4065
550 1683107192 375 3685 3659 3639 3576 3617 3617 3585 4065 4065 4064 4064 4064 4064 4064 4064
551 1683107192 375 3685 3661 3640 3576 3618 3618 3586 4065 4065 4064 4064 4064 4064 4064 4064
552 1683107192 375 3684 3660 3639 3576 3618 3617 3586 4065 4065 4064 4064 4064 4064 4064 4064
553 1683107192 375 3686 3661 3640 3576 3619 3619 3586 4065 4065 4065 4065 4065 4065 4065 4065
554 1683107192 375 3686 3661 3640 3577 3619 3619 3587 4065 4065 4064 4064 4064 4064 4064 4064
555 1683107192 375 3685 3660 3639 3575 3618 3618 3586 4065 4065 4064 4064 4064 4064 4064 4064
556 1683107192 375 3685 3661 3640 3576 3618 3617 3585 4065 4065 4065 4065 4065 4065 4065 4065
557 1683107192 375 3685 3660 3640 3576 3618 3617 3586 4065 4065 4064 4064 4064 4064 4064 4064
558 1683107192 375 3686 3661 3640 3577 3619 3618 3586 4065 4065 4065 4065 4065 4065 4065 4065
559 1683107192 374 3685 3659 3638 3575 3616 3616 3584 4065 4065 4065 4065 4065 4065 4065 4065
560 1683107192 375 3685 3661 3640 3576 3618 3618 3586 4065 4065 4064 4064 4064 4064 4064 4064
561 1683107192 374 3687 3662 3641 3576 3619 3618 3586 4065 4065 4064 4064 4064 4064 4064 4064
562 1683107192 375 3686 3660 3640 3576 3618 3618 3586 4065 4065 4064 4064 4064 4064 4064 4064
563 1683107192 374 3685 3660 3639 3576 3617 3617 3585 4065 4065 4064 4064 4064 4064 4064 4064
564 1683107192 375 3686 3661 3641 3577 3618 3618 3586 4065 4065 4065 4065 4065 4065 4065 4065
565 1683107192 375 3685 3660 3640 3576 3618 3618 3586 4065 4065 4065 4065 4065 4065 4065 4065
566 1683107192 375 3685 3660 3639 3575 3618 3617 3585 4065 4065 4064 4064 4064 4064 4064 4064
567 1683107192 375 3685 3661 3640 3577 3619 3618 3586 4065 4065 4065 4065 4065 4065 4065 4065
568 1683107192 375 3684 3659 3639 3575 3617 3617 3585 4065 4065 4064 4064 4064 4064 4064 4064
569 1683107192 375 3685 3661 3640 3576 3618 3618 3586 4065 4065 4065 4065 4065 4065 4065 4065
570 1683107193 375 3686 3661 3640 3576 3618 3618 3586 4065 4065 4064 4064 4064 4064 4064 4064
571 1683107193 375 3685 3661 3640 3576 3618 3618 3587 4065 4065 4064 4064 4064 4064 4064 4064
572 1683107193 375 3685 3660 3640 3576 3618 3618 3586 4065 4065 4065 4065 4065 4065 4065 4065
573 1683107193 375 3686 3660 3640 3576 3618 3618 3586 4065 4065 4065 4065 4065 4065 4065 4065
574 1683107193 375 3684 3660 3639 3576 3618 3618 3586 4065 4065 4064 4064 4064 4064 4064 4064
575 1683107193 375 3685 3661 3640 3577 3618 3618 3586 4065 4065 4064 4064 4064 4064 4064 4064
576 1683107193 375 3685 3660 3640 3576 3618 3617 3586 4065 4065 4064 4064 4064 4064 4064 4064
577 1683107193 375 3685 3660 3639 3576 3618 3618 3585 4065 4065 4065 4065 4065 4065 4065 4065
578 1683107193 375 3686 3660 3639 3576 3618 3617 3586 4065 4065 4065 4065 4065 4065 4065 4065
579 1683107193 375 3685 3660 3640 3576 3618 3618 3586 4065 4065 4064 4064 4064 4064 4064 4064
580 1683107193 375 3687 3662 3641 3577 3619 3619 3587 4065 4065 4064 4064 4064 4064 4064 4064
581 1683107193 375 3686 3661 3640 3577 3619 3619 3587 4065 4065 4065 4065 4065 4065 4065 4065
582 1683107193 375 3686 3661 3640 3576 3619 3618 3587 4065 4065 4064 4064 4064 4064 4064 4064
583 1683107193 375 3685 3661 3640 3577 3619 3619 3586 4065 4065 4065 4065 4065 4065 4065 4065
584 1683107193 375 3686 3661 3641 3577 3619 3619 3587 4065 4065 4065 4065 4065 4065 4065 4065
585 1683107193 375 3686 3661 3639 3576 3618 3618 3586 4065 4065 4064 4064 4064 4064 4064 4064
586 1683107193 375 3686 3661 3641 3577 3619 3618 3587 4065 4065 4064 4064 4064 4064 4064 4064
587 1683107193 374 3687 3662 3641 3577 3619 3619 3587 4065 4065 4064 4064 4064 4064 4064 4064
588 1683107193 375 3685 3660 3639 3576 3618 3617 3586 4065 4065 4064 4064 4064 4064 4064 4064
589 1683107193 373 3684 3659 3638 3574 3617 3617 3584 4065 4065 4064 4064 4064 4064 4064 4064
590 1683107193 373 3684 3659 3638 3574 3616 3616 3584 4065 4065 4065 4065 4065 4065 4065 4065
591 1683107193 374 3684 3659 3639 3575 3617 3617 3585 4065 4065 4065 4065 4065 4065 4065 4065
592 1683107193 373 3684 3659 3638 3575 3617 3617 3585 4065 4065 4065 4065 4065 4065 4065 4065
593 1683107193 373 3684 3660 3638 3575 3617 3616 3584 4065 4065 4064 4064 4064 4064 4064 4064
594 1683107193 373 3683 3658 3638 3574 3616 3615 3584 4065 4065 4064 4064 4064 4064 4064 4064
595 1683107193 373 3683 3658 3637 3573 3615 3615 3583 4065 4065 4065 4065 4065 4065 4065 4065
596 1683107193 373 3685 3659 3639 3575 3617 3617 3584 4065 4065 4065 4065 4065 4065 4065 4065
597 1683107193 373 3684 3659 3639 3575 3617 3616 3584 4065 4065 4065 4065 4065 4065 4065 4065
598 1683107193 373 3683 3658 3637 3573 3616 3615 3583 4065 4065 4064 4064 4064 4064 4064 4064
599 1683107193 374 3685 3659 3639 3575 3617 3617 3585 4065 4065 4065 4065 4065 4065 4065 4065
600 1683107193 373 3684 3659 3639 3574 3617 3617 3585 4063 4063 4063 4063 4063 4063 4063 4063
601 1683107193 374 3685 3661 3639 3576 3618 3618 3586 4065 4065 4065 4065 4065 4065 4065 4065
602 1683107193 373 3683 3659 3638 3574 3616 3616 3584 4065 4065 4065 4065 4065 4065 4065 4065
603 1683107193 373 3684 3659 3638 3574 3616 3616 3584 4065 4065 4064 4064 4064 4064 4064 4064
604 1683107193 373 3684 3659 3638 3575 3617 3616 3584 4065 4065 4065 4065 4065 4065 4065 4065
605 1683107193 374 3683 3659 3638 3575 3616 3616 3584 4065 4065 4065 4065 4065 4065 4065 4065
606 1683107201 373 3682 3657 3636 3572 3614 3614 3582 4067 4065 4065 4065 4065 4065 4065 4065
607 1683107209 373 3681 3656 3636 3572 3614 3614 3582 4065 4065 4064 4064 4064 4064 4064 4064
608 1683107209 374 3682 3658 3637 3574 3616 3615 3583 4065 4065 4065 4065 4065 4065 4065 4065
609 1683107209 373 3683 3659 3638 3575 3617 3616 3584 4065 4065 4065 4065 4065 4065 4065 4065
610 1683107209 373 3683 3658 3638 3574 3616 3615 3583 4065 4065 4064 4064 4064 4064 4064 4064
611 1683107209 373 3683 3658 3637 3574 3616 3615 3584 4065 4065 4065 4065 4065 4065 4065 4065
612 1683107209 374 3683 3658 3638 3574 3616 3615 3584 4065 4065 4064 4064 4064 4064 4064 4064
613 1683107209 373 3684 3659 3638 3575 3616 3616 3584 4065 4065 4064 4064 4064 4064 4064 4064
614 1683107209 373 3683 3659 3637 3574 3616 3615 3583 4065 4065 4065 4065 4065 4065 4065 4065
615 1683107209 374 3683 3658 3638 3575 3617 3616 3584 4065 4065 4065 4065 4065 4065 4065 4065
616 1683107209 373 3685 3659 3638 3575 3617 3616 3585 4065 4065 4065 4065 4065 4065 4065 4065
617 1683107209 373 3681 3658 3637 3573 3615 3615 3583 4065 4065 4065 4065 4065 4065 4065 4065
618 1683107209 374 3684 3658 3638 3574 3616 3616 3584 4065 4065 4064 4064 4064 4064 4064 4064
619 1683107209 374 3683 3658 3638 3574 3616 3615 3583 4065 4065 4064 4064 4064 4064 4064 4064
620 1683107209 373 3684 3659 3638 3574 3616 3616 3584 4065 4065 4064 4064 4064 4064 4064 4064
621 1683107209 373 3684 3659 3639 3575 3617 3617 3585 4065 4065 4065 4065 4065 4065 4065 4065
622 1683107209 374 3683 3659 3638 3574 3616 3616 3584 4065 4065 4064 4064 4064 4064 4064 4064
623 1683107209 373 3683 3659 3637 3574 3616 3615 3584 4065 4065 4064 4064 4064 4064 4064 4064
624 1683107209 374 3684 3659 3638 3575 3616 3616 3584 4065 4065 4064 4064 4064 4064 4064 4064
625 1683107209 374 3683 3658 3637 3574 3616 3616 3583 4065 4065 4065 4065 4065 4065 4065 4065
626 1683107209 373 3682 3658 3637 3573 3615 3615 3583 4065 4065 4065 4065 4065 4065 4065 4065
627 1683107209 373 3683 3658 3637 3574 3616 3616 3583 4065 4065 4065 4065 4065 4065 4065 4065
628 1683107209 374 3684 3659 3639 3575 3617 3617 3585 4065 4065 4065 4065 4065 4065 4065 4065
629 1683107209 373 3684 3659 3638 3574 3616 3616 3584 4065 4065 4065 4065 4065 4065 4065 4065
630 1683107209 374 3684 3659 3638 3574 3617 3616 3584 4065 4065 4065 4065 4065 4065 4065 4065
631 1683107209 374 3683 3659 3638 3575 3616 3616 3584 4065 4065 4064 4064 4064 4064 4064 4064
632 1683107209 374 3682 3658 3638 3573 3615 3615 3583 4065 4065 4065 4065 4065 4065 4065 4065
633 1683107209 374 3684 3659 3638 3575 3617 3617 3584 4065 4065 4065 4065 4065 4065 4065 4065
634 1683107209 374 3685 3660 378 3573 3618 3617 3586 4065 4065 4064 4064 4064 4064 4064 4064
635 1683107209 374 3684 3659 3638 3575 3617 3616 3584 4065 4065 4065 4065 4065 4065 4065 4065
636 1683107209 374 3683 3658 3638 3573 3616 3616 3583 4067 4067 4066 4066 4066 4066 4066 4066
637 1683107209 373 3684 3659 3638 3574 3616 3616 3585 4065 4065 4065 4065 4065 4065 4065 4065
638 1683107209 373 3684 3659 3639 3575 3617 3617 3584 4065 4065 4064 4064 4064 4064 4064 4064
639 1683107209 373 3684 3659 3638 3574 3616 3616 3584 4065 4065 4064 4064 4064 4064 4064 4064
640 1683107209 374 3684 3659 3638 3575 3617 3617 3585 4065 4065 4064 4064 4064 4064 4064 4064
641 1683107209 374 3684 3659 3638 3575 3617 3616 3584 4065 4065 4064 4064 4064 4064 4064 4064
642 1683107209 374 3684 3660 3638 3575 3617 3617 3585 4065 4065 4065 4065 4065 4065 4065 4065
643 1683107209 373 3683 3658 3638 3574 3616 3616 3584 4065 4065 4064 4064 4064 4064 4064 4064
644 1683107209 373 3685 3660 3639 3575 3617 3617 3585 4065 4065 4064 4064 4064 4064 4064 4064
645 1683107209 374 3684 3659 3638 3574 3617 3616 3584 4065 4065 4065 4065 4065 4065 4065 4065
646 1683107209 373 3684 3659 3638 3574 3616 3615 3584 4065 4065 4065 4065 4065 4065 4065 4065
647 1683107209 374 3685 3659 3639 3575 3617 3616 3585 4065 4065 4064 4064 4064 4064 4064 4064
648 1683107209 373 3684 3659 3638 3574 3616 3616 3584 4065 4065 4065 4065 4065 4065 4065 4065
649 1683107209 373 3685 3659 3639 3575 3617 3617 3584 4065 4065 4064 4064 4064 4064 4064 4064
650 1683107209 374 3684 3659 3638 3575 3617 3617 3585 4067 4065 4065 4065 4065 4065 4065 4065
651 1683107209 373 3685 3660 3639 3575 3617 3617 3585 4065 4065 4064 4064 4064 4064 4064 4064
652 1683107209 374 3684 3659 3639 3575 3617 3616 3584 4067 4065 4065 4065 4065 4065 4065 4065
653 1683107209 374 3684 3659 3638 3575 3616 3616 3585 4067 4067 4066 4066 4066 4066 4066 4066
654 1683107209 374 3684 3659 3638 3575 3617 3616 3584 4065 4065 4064 4064 4064 4064 4064 4064
655 1683107209 374 3684 3659 3638 3575 3617 3617 3585 4065 4065 4064 4064 4064 4064 4064 4064
656 1683107209 374 3684 3659 3639 3575 3617 3617 3585 4065 4065 4064 4064 4064 4064 4064 4064
657 1683107209 373 3685 3660 3639 3575 3617 3617 3585 4067 4067 4066 4066 4066 4066 4066 4066
658 1683107210 374 3684 3660 3639 3575 3617 3617 3585 4067 4065 4065 4065 4065 4065 4065 4065
659 1683107210 374 3684 3659 3639 3574 3617 3617 3584 4065 4065 4065 4065 4065 4065 4065 4065
660 1683107210 373 3683 3658 3638 3574 3616 3616 3584 4065 4065 4064 4064 4064 4064 4064 4064
661 1683107210 374 3684 3659 3639 3575 3618 3617 3585 4064 4065 4064 4064 4064 4064 4064 4064
662 1683107210 374 3684 3659 3639 3575 3617 3617 3585 4067 4065 4065 4065 4065 4065 4065 4065
663 1683107210 373 3683 3659 3639 3575 3616 3617 3585 4065 4065 4065 4065 4065 4065 4065 4065
664 1683107210 374 3684 3659 3638 3575 3617 3617 3584 4065 4065 4064 4064 4064 4064 4064 4064
665 1683107210 374 3683 3659 3638 3574 3616 3616 3584 4065 4065 4065 4065 4065 4065 4065 4065
666 1683107210 373 3685 3661 3640 3576 3618 3618 3586 4065 4065 4065 4065 4065 4065 4065 4065
667 1683107210 373 3685 3660 3639 3575 3617 3617 3584 4065 4065 4064 4064 4064 4064 4064 4064
668 1683107210 373 3684 3659 3638 3574 3616 3616 3584 4065 4065 4065 4065 4065 4065 4065 4065
669 1683107210 374 3685 3659 3639 3575 3617 3617 3585 4065 4065 4064 4064 4064 4064 4064 4064
670 1683107210 374 3684 3660 3639 3575 3617 3616 3585 4065 4065 4065 4065 4065 4065 4065 4065
671 1683107210 374 3684 3659 3639 3575 3616 3616 3585 4063 4063 4063 4063 4063 4063 4063 4063
672 1683107210 373 3685 3660 3639 3575 3617 3617 3585 4065 4065 4065 4065 4065 4065 4065 4065
673 1683107210 374 3685 3660 3639 3575 3618 3617 3586 4065 4065 4064 4064 4064 4064 4064 4064
674 1683107210 374 3686 3661 3640 3576 3618 3617 3586 4067 4067 4066 4066 4066 4066 4066 4066
675 1683107210 374 3683 3658 3638 3574 3616 3616 3584 4065 4065 4064 4064 4064 4064 4064 4064
676 1683107210 374 3685 3660 3639 3575 3617 3617 3585 4067 4065 4065 4065 4065 4065 4065 4065
677 1683107210 374 3684 3659 3638 3575 3617 3616 3585 4065 4065 4064 4064 4064 4064 4064 4064
678 1683107210 374 3684 3659 3639 3575 3617 3617 3585 4065 4065 4065 4065 4065 4065 4065 4065
679 1683107210 374 3683 3660 3639 3575 3617 3617 3585 4067 4067 4066 4066 4066 4066 4066 4066
680 1683107210 374 3684 3659 3639 3575 3617 3617 3585 4065 4065 4065 4065 4065 4065 4065 4065
681 1683107210 373 3685 3659 3639 3575 3617 3617 3585 4065 4065 4064 4064 4064 4064 4064 4064
682 1683107210 374 3684 3660 3639 3575 3618 3618 3585 4067 4065 4065 4065 4065 4065 4065 4065
683 1683107210 374 3685 3660 3639 3575 3617 3617 3585 4065 4065 4065 4065 4065 4065 4065 4065
684 1683107210 374 3685 3659 3639 3575 3617 3617 3585 4065 4065 4065 4065 4065 4065 4065 4065
685 1683107218 374 3683 3658 3637 3573 3615 3615 3583 4065 4065 4064 4064 4064 4064 4064 4064
686 1683107218 374 3684 3659 3638 3574 3616 3616 3583 4065 4065 4064 4064 4064 4064 4064 4064
687 1683107218 374 3684 3659 3639 3574 3617 3616 3584 4065 4065 4064 4064 4064 4064 4064 4064
688 1683107218 374 3683 3658 3638 3574 3616 3616 3584 4065 4065 4064 4064 4064 4064 4064 4064
689 1683107218 374 3683 3658 3637 3574 3616 3616 3584 4065 4065 4064 4064 4064 4064 4064 4064
690 1683107218 374 3684 3658 3638 3574 3616 3616 3584 4065 4065 4065 4065 4065 4065 4065 4065
691 1683107218 374 3684 3658 3638 3575 3616 3616 3584 4065 4065 4065 4065 4065 4065 4065 4065
692 1683107218 374 3683 3658 3637 3574 3616 3615 3583 4065 4065 4065 4065 4065 4065 4065 4065
693 1683107218 374 3683 3658 3637 3574 3616 3616 3584 4065 4065 4064 4064 4064 4064 4064 4064
694 1683107218 374 3683 3659 3638 3574 3616 3616 3584 4065 4065 4064 4064 4064 4064 4064 4064
695 1683107218 374 3683 3658 3638 3574 3616 3615 3583 4065 4065 4064 4064 4064 4064 4064 4064
696 1683107218 374 3685 3660 3639 3575 3617 3617 3585 4065 4065 4065 4065 4065 4065 4065 4065
697 1683107218 374 3684 3660 3639 3575 3617 3617 3585 4065 4065 4064 4064 4064 4064 4064 4064
698 1683107218 374 3684 3659 3639 3575 3617 3617 3584 4065 4065 4065 4065 4065 4065 4065 4065
699 1683107218 374 3684 3659 3639 3575 3617 3616 3585 4065 4065 4064 4064 4064 4064 4064 4064
700 1683107218 374 3684 3659 3638 3574 3617 3616 3585 4065 4065 4064 4064 4064 4064 4064 4064
701 1683107218 374 3685 3660 3639 3576 3617 3617 3585 4063 4063 4063 4063 4063 4063 4063 4063
702 1683107218 374 3684 3660 3639 3575 3617 3617 3585 4065 4065 4065 4065 4065 4065 4065 4065
703 1683107218 374 3685 3660 3639 3575 3617 3617 3585 4065 4065 4065 4065 4065 4065 4065 4065
704 1683107218 374 3684 3659 3638 3574 3616 3616 3584 4065 4065 4064 4064 4064 4064 4064 4064
705 1683107218 374 3684 3659 3639 3575 3617 3616 3584 4065 4065 4064 4064 4064 4064 4064 4064
706 1683107218 373 3684 3659 3639 3575 3616 3616 3584 4065 4065 4064 4064 4064 4064 4064 4064
707 1683107218 374 3684 3659 3639 3575 3617 3617 3585 4065 4065 4065 4065 4065 4065 4065 4065
708 1683107218 374 3684 3659 3638 3575 3617 3616 3585 4063 4063 4063 4063 4063 4063 4063 4063
709 1683107218 375 3684 3659 3638 3574 3617 3616 3584 4065 4065 4065 4065 4065 4065 4065 4065
710 1683107218 373 3683 3659 3638 3574 3616 3616 3584 4065 4065 4065 4065 4065 4065 4065 4065
711 1683107218 374 3684 3659 3639 3575 3617 3616 3584 4065 4065 4065 4065 4065 4065 4065 4065
712 1683107218 374 3684 3659 3638 3575 3617 3617 3585 4065 4065 4065 4065 4065 4065 4065 4065
713 1683107218 374 3684 3659 3639 3575 3617 3616 3585 4065 4065 4065 4065 4065 4065 4065 4065
714 1683107218 374 3684 3659 3638 3574 3617 3617 3584 4065 4065 4064 4064 4064 4064 4064 4064
715 1683107218 374 3685 3660 3639 3575 3617 3617 3585 4065 4065 4065 4065 4065 4065 4065 4065
716 1683107218 374 3684 3659 3638 3575 3617 3616 3585 4065 4065 4064 4064 4064 4064 4064 4064
717 1683107218 374 3685 3660 3640 3576 3618 3617 3586 4065 4065 4064 4064 4064 4064 4064 4064
718 1683107218 374 3684 3659 3638 3574 3617 3616 3584 4065 4065 4065 4065 4065 4065 4065 4065
719 1683107218 374 3685 3660 3639 3575 3618 3617 3584 4067 4067 4066 4066 4066 4066 4066 4066
720 1683107218 374 3685 3660 3639 3575 3617 3617 3585 4065 4065 4065 4065 4065 4065 4065 4065
721 1683107218 374 3685 3660 3639 3575 3618 3617 3585 4065 4065 4064 4064 4064 4064 4064 4064
722 1683107218 374 3683 3659 3638 3574 3616 3616 3584 4067 4067 4066 4066 4066 4066 4066 4066
723 1683107218 375 3684 3659 3639 3575 3617 3617 3584 4065 4065 4065 4065 4065 4065 4065 4065
724 1683107218 374 3684 3659 3638 3575 3617 3617 3584 4065 4065 4065 4065 4065 4065 4065 4065
725 1683107218 374 3684 3660 3639 3576 3617 3617 3585 4065 4065 4064 4064 4064 4064 4064 4064
726 1683107218 374 3685 3660 3639 3575 3617 3616 3584 4065 4065 4064 4064 4064 4064 4064 4064
727 1683107218 374 3685 3660 3639 3576 3618 3618 3586 4065 4065 4065 4065 4065 4065 4065 4065
728 1683107218 374 3685 3660 3639 3576 3618 3618 3585 4065 4065 4064 4064 4064 4064 4064 4064
729 1683107218 374 3684 3658 3638 3575 3617 3617 3585 4065 4065 4064 4064 4064 4064 4064 4064
730 1683107218 375 3683 3659 3638 3575 3617 3616 3584 4065 4065 4064 4064 4064 4064 4064 4064
731 1683107218 374 3684 3659 3639 3575 3618 3616 3585 4065 4065 4065 4065 4065 4065 4065 4065
732 1683107218 374 3685 3660 3639 3575 3617 3617 3585 4065 4065 4064 4064 4064 4064 4064 4064
733 1683107218 374 3684 3659 3638 3574 3616 3616 3584 4065 4065 4064 4064 4064 4064 4064 4064
734 1683107218 374 3683 3659 3639 3575 3616 3616 3584 4065 4065 4064 4064 4064 4064 4064 4064
735 1683107218 374 3684 3659 3638 3575 3617 3616 3585 4065 4065 4064 4064 4064 4064 4064 4064
736 1683107218 374 3684 3660 3639 3575 3617 3617 3585 4065 4065 4064 4064 4064 4064 4064 4064
737 1683107218 374 3685 3660 3639 3575 3617 3617 3585 4065 4065 4065 4065 4065 4065 4065 4065
738 1683107218 375 3685 3660 3640 3576 3618 3618 3585 4065 4065 4065 4065 4065 4065 4065 4065
739 1683107218 374 3685 3660 3639 3575 3617 3617 3584 4065 4065 4064 4064 4064 4064 4064 4064
740 1683107218 374 3685 3660 3639 3575 3618 3617 3585 4065 4065 4065 4065 4065 4065 4065 4065
741 1683107218 374 3684 3659 3639 3575 3617 3617 3585 4065 4065 4064 4064 4064 4064 4064 4064
742 1683107218 375 3683 3659 3639 3575 3617 3616 3585 4065 4065 4065 4065 4065 4065 4065 4065
743 1683107218 374 3685 3660 3639 3576 3618 3617 3585 4067 4067 4066 4066 4066 4066 4066 4066
744 1683107218 375 3685 3660 3639 3576 3618 3618 3586 4065 4065 4065 4065 4065 4065 4065 4065
745 1683107218 374 3684 3659 3639 3575 3617 3617 3585 4065 4065 4064 4064 4064 4064 4064 4064
746 1683107218 374 3685 3660 3640 3576 3618 3617 3585 4065 4065 4065 4065 4065 4065 4065 4065
747 1683107218 374 3684 3660 3639 3575 3617 3617 3585 4065 4065 4064 4064 4064 4064 4064 4064
748 1683107218 375 3685 3660 3639 3575 3618 3617 3585 4065 4065 4065 4065 4065 4065 4065 4065
749 1683107218 374 3684 3659 3638 3575 3617 3617 3585 4065 4065 4065 4065 4065 4065 4065 4065
750 1683107218 375 3685 3661 3640 3576 3618 3618 3585 4065 4065 4065 4065 4065 4065 4065 4065
751 1683107218 374 3684 3659 3639 3575 3617 3616 3585 4065 4065 4064 4064 4064 4064 4064 4064
752 1683107219 374 3685 3660 3639 3575 3617 3617 3585 4065 4065 4064 4064 4064 4064 4064 4064
753 1683107219 375 3685 3660 3640 3576 3618 3617 3586 4065 4065 4064 4064 4064 4064 4064 4064
754 1683107219 375 3685 3660 3639 3575 3617 3617 3585 4065 4065 4065 4065 4065 4065 4065 4065
755 1683107219 374 3684 3659 3638 3574 3616 3616 3584 4063 4063 4063 4063 4063 4063 4063 4063
756 1683107219 374 3685 3660 3639 3576 3618 3618 3586 4065 4065 4064 4064 4064 4064 4064 4064
757 1683107219 374 3684 3660 3639 3575 3618 3617 3585 4065 4065 4064 4064 4064 4064 4064 4064
758 1683107219 375 3685 3660 3639 3576 3617 3617 3585 4065 4065 4064 4064 4064 4064 4064 4064
759 1683107219 374 3684 3659 3638 3574 3616 3617 3584 4065 4065 4064 4064 4064 4064 4064 4064
760 1683107219 374 3685 3661 3639 3575 3617 3617 3585 4065 4065 4064 4064 4064 4064 4064 4064
761 1683107219 374 3685 3660 3639 3575 3617 3617 3585 4065 4065 4065 4065 4065 4065 4065 4065
762 1683107219 374 3685 3660 3639 3575 3617 3617 3584 4065 4065 4065 4065 4065 4065 4065 4065
763 1683107219 374 3684 3660 3639 3575 3617 3617 3584 4065 4065 4064 4064 4064 4064 4064 4064
764 1683107219 374 3685 3661 3639 3576 3618 3618 3586 4065 4065 4065 4065 4065 4065 4065 4065
765 1683107219 374 3685 3661 3639 3576 3618 3617 3586 4065 4065 4065 4065 4065 4065 4065 4065
766 1683107219 375 3686 3661 3640 3577 3618 3619 3586 4065 4065 4065 4065 4065 4065 4065 4065
767 1683107219 374 3685 3660 3640 3576 3618 3618 3586 4065 4065 4065 4065 4065 4065 4065 4065
768 1683107219 375 3685 3659 3639 3575 3617 3617 3585 4065 4065 4064 4064 4064 4064 4064 4064
769 1683107219 375 3684 3660 3640 3576 3618 3618 3586 4065 4065 4065 4065 4065 4065 4065 4065
770 1683107219 374 3685 3660 3639 3575 3617 3617 3585 4065 4065 4065 4065 4065 4065 4065 4065
771 1683107219 374 3685 3660 3639 3576 3617 3617 3585 4067 4067 4066 4066 4066 4066 4066 4066
772 1683107219 375 3685 3660 3640 3576 3618 3618 3586 4065 4065 4065 4065 4065 4065 4065 4065
773 1683107219 375 3684 3660 3639 3576 3617 3617 3585 4065 4065 4064 4064 4064 4064 4064 4064
774 1683107219 374 3686 3661 3640 3577 3618 3618 3586 4067 4067 4066 4066 4066 4066 4066 4066
775 1683107219 374 3684 3659 3639 3575 3617 3617 3585 4065 4065 4064 4064 4064 4064 4064 4064
776 1683107219 375 3685 3660 3640 3575 3618 3618 3586 4063 4063 4062 4062 4062 4062 4062 4062
777 1683107219 375 3685 3660 3639 3576 3617 3617 3585 4065 4065 4064 4064 4064 4064 4064 4064
778 1683107219 374 3685 3660 3639 3576 3617 3617 3585 4065 4065 4065 4065 4065 4065 4065 4065
779 1683107219 374 3685 3660 3639 3575 3617 3617 3585 4063 4063 4063 4063 4063 4063 4063 4063
780 1683107219 374 3685 3659 3639 3575 3618 3617 3586 4065 4065 4064 4064 4064 4064 4064 4064
781 1683107219 375 3685 3661 3640 3576 3618 3618 3586 4065 4065 4065 4065 4065 4065 4065 4065
782 1683107219 374 3686 3661 3639 3576 3618 3618 3586 4065 4065 4064 4064 4064 4064 4064 4064
783 1683107219 374 3684 3660 3639 3575 3618 3617 3585 4067 4067 4066 4066 4066 4066 4066 4066
784 1683107219 374 3685 3661 3640 3576 3618 3618 3586 4065 4065 4064 4064 4064 4064 4064 4064
785 1683107219 374 3685 3660 3641 3576 3618 3617 3585 4065 4065 4065 4065 4065 4065 4065 4065
786 1683107219 375 3685 3660 3639 3575 3617 3617 3584 4065 4065 4064 4064 4064 4064 4064 4064
787 1683107219 374 3685 3660 3639 3575 3617 3617 3585 4065 4065 4064 4064 4064 4064 4064 4064
788 1683107219 375 3685 3660 3640 3576 3618 3618 3586 4067 4067 4066 4066 4066 4066 4066 4066
789 1683107219 375 3684 3660 3639 3576 3618 3618 3585 4065 4065 4065 4065 4065 4065 4065 4065
790 1683107219 375 3685 3661 3640 3576 3619 3618 3586 4065 4065 4065 4065 4065 4065 4065 4065
791 1683107219 375 3684 3660 3639 3575 3617 3618 3585 4065 4065 4064 4064 4064 4064 4064 4064
792 1683107219 374 3686 3661 3640 3576 3618 3618 3586 4065 4065 4065 4065 4065 4065 4065 4065
793 1683107219 375 3684 3661 3640 3576 3617 3617 3585 4065 4065 4065 4065 4065 4065 4065 4065
794 1683107219 375 3686 3661 3640 3577 3619 3619 3586 4065 4065 4065 4065 4065 4065 4065 4065
795 1683107219 375 3686 3661 3640 3576 3618 3618 3586 4065 4065 4065 4065 4065 4065 4065 4065
796 1683107219 375 3685 3661 3639 3576 3618 3618 3586 4065 4065 4065 4065 4065 4065 4065 4065
797 1683107219 374 3684 3660 3639 3576 3617 3617 3585 4065 4065 4065 4065 4065 4065 4065 4065
798 1683107219 374 3686 3661 3640 3576 3618 3618 3586 4065 4065 4064 4064 4064 4064 4064 4064
799 1683107219 375 3686 3661 3640 3577 3619 3618 3586 4065 4065 4065 4065 4065 4065 4065 4065
800 1683107219 375 3685 3660 3640 3576 3618 3617 3585 4067 4067 4066 4066 4066 4066 4066 4066
801 1683107219 375 3684 3660 3639 3575 3617 3617 3585 4067 4065 4065 4065 4065 4065 4065 4065
802 1683107219 375 3685 3661 3640 3576 3618 3618 3586 4065 4065 4065 4065 4065 4065 4065 4065
803 1683107219 375 3686 3661 3640 3577 3619 3618 3586 4065 4065 4065 4065 4065 4065 4065 4065
804 1683107219 375 3685 3661 3641 3577 3619 3618 3586 4065 4065 4064 4064 4064 4064 4064 4064
805 1683107219 375 3684 3660 3639 3576 3618 3617 3585 4065 4065 4065 4065 4065 4065 4065 4065
806 1683107219 375 3685 3660 3640 3576 3619 3619 3586 4065 4065 4064 4064 4064 4064 4064 4064
807 1683107219 375 3685 3660 3639 3575 3618 3617 3586 4065 4065 4064 4064 4064 4064 4064 4064
808 1683107219 375 3685 3661 3640 3576 3618 3618 3586 4067 4065 4065 4065 4065 4065 4065 4065
809 1683107219 375 3686 3661 3641 3577 3619 3618 3586 4065 4065 4065 4065 4065 4065 4065 4065
810 1683107219 375 3686 3661 3640 3576 3618 3618 3586 4065 4065 4065 4065 4065 4065 4065 4065
811 1683107219 375 3686 3661 3640 3576 3618 3618 3586 4065 4065 4064 4064 4064 4064 4064 4064
812 1683107219 375 3685 3661 3641 3576 3618 3618 3586 4065 4065 4064 4064 4064 4064 4064 4064
813 1683107219 375 3686 3661 3640 3577 3619 3619 3587 4065 4065 4065 4065 4065 4065 4065 4065
814 1683107219 375 3687 3662 3641 3577 3619 3618 3586 4065 4065 4065 4065 4065 4065 4065 4065
815 1683107219 375 3686 3661 3640 3576 3619 3618 3586 4065 4065 4064 4064 4064 4064 4064 4064
816 1683107219 375 3686 3661 3641 3576 3619 3618 3586 4065 4065 4064 4064 4064 4064 4064 4064
817 1683107219 375 3687 3663 3641 3578 3620 3620 3588 4065 4065 4065 4065 4065 4065 4065 4065
818 1683107219 375 3686 3661 3640 3576 3618 3618 3586 4065 4065 4065 4065 4065 4065 4065 4065
819 1683107219 375 3686 3661 3640 3577 3619 3618 3587 4065 4065 4064 4064 4064 4064 4064 4064
820 1683107219 375 3685 3662 3641 3577 3619 3618 3586 4065 4065 4065 4065 4065 4065 4065 4065
821 1683107219 374 3686 3661 3640 3577 3619 3618 3586 4065 4065 4065 4065 4065 4065 4065 4065
822 1683107219 375 3686 3661 3640 3576 3618 3618 3586 4065 4065 4064 4064 4064 4064 4064 4064
823 1683107219 375 3686 3661 3640 3576 3618 3618 3586 4065 4065 4065 4065 4065 4065 4065 4065
824 1683107219 375 3686 3661 3640 3577 3618 3618 3586 4065 4065 4065 4065 4065 4065 4065 4065
825 1683107219 375 3686 3661 3640 3576 3618 3618 3586 4065 4065 4065 4065 4065 4065 4065 4065
826 1683107220 375 3686 3661 3640 3577 3619 3619 3587 4065 4065 4064 4064 4064 4064 4064 4064
827 1683107220 375 3686 3661 3641 3577 3619 3619 3586 4063 4063 4063 4063 4063 4063 4063 4063
828 1683107220 375 3687 3662 3641 3577 3620 3619 3587 4065 4065 4064 4064 4064 4064 4064 4064
829 1683107220 375 3684 3660 3639 3575 3617 3617 3585 4065 4065 4064 4064 4064 4064 4064 4064
830 1683107220 375 3686 3661 3640 3577 3619 3618 3586 4065 4065 4064 4064 4064 4064 4064 4064
831 1683107220 374 3686 3661 3640 3577 3618 3618 3586 4065 4065 4065 4065 4065 4065 4065 4065
832 1683107220 375 3685 3660 3639 3575 3618 3618 3586 4065 4065 4064 4064 4064 4064 4064 4064
833 1683107220 375 3685 3660 3639 3576 3618 3618 3586 4065 4065 4065 4065 4065 4065 4065 4065
834 1683107220 375 3685 3660 3640 3576 3618 3618 3586 4063 4063 4063 4063 4063 4063 4063 4063
835 1683107220 375 3686 3662 3641 3577 3619 3619 3587 4065 4065 4064 4064 4064 4064 4064 4064
836 1683107220 375 3685 3661 3640 3577 3619 3618 3586 4063 4063 4063 4063 4063 4063 4063 4063
837 1683107220 375 3685 3661 3640 3576 3619 3618 3586 4065 4065 4064 4064 4064 4064 4064 4064
838 1683107220 375 3685 3660 3639 3576 3618 3618 3586 4065 4065 4064 4064 4064 4064 4064 4064
839 1683107220 375 3685 3660 3640 3576 3619 3618 3587 4065 4065 4065 4065 4065 4065 4065 4065
840 1683107220 375 3686 3661 3640 3576 3618 3618 3586 4065 4065 4065 4065 4065 4065 4065 4065
841 1683107220 375 3686 3661 3641 3577 3619 3619 3587 4065 4065 4065 4065 4065 4065 4065 4065
842 1683107220 374 3683 3659 3638 3574 3617 3617 3585 4065 4065 4064 4064 4064 4064 4064 4064
843 1683107220 373 3683 3658 3638 3574 3616 3616 3584 4067 4065 4065 4065 4065 4065 4065 4065
844 1683107220 373 3683 3658 3638 3574 3616 3616 3584 4065 4065 4064 4064 4064 4064 4064 4064
845 1683107220 374 3683 3659 3638 3575 3616 3616 3584 4065 4065 4065 4065 4065 4065 4065 4065
846 1683107220 373 3683 3659 3638 3575 3617 3616 3584 4065 4065 4065 4065 4065 4065 4065 4065
847 1683107220 373 3684 3659 3638 3575 3617 3616 3584 4065 4065 4064 4064 4064 4064 4064 4064
848 1683107220 374 3683 3658 3637 3574 3616 3616 3583 4067 4065 4065 4065 4065 4065 4065 4065
849 1683107220 373 3683 3658 3637 3574 3617 3616 3584 4065 4065 4065 4065 4065 4065 4065 4065
850 1683107220 373 3684 3659 3639 3576 3617 3616 3585 4063 4063 4063 4063 4063 4063 4063 4063
851 1683107220 373 3685 3660 3639 3575 3617 3617 3584 4065 4065 4065 4065 4065 4065 4065 4065
852 1683107220 373 3684 3659 3638 3574 3616 3616 3584 4063 4063 4062 4062 4062 4062 4062 4062
853 1683107220 373 3684 3659 3639 3575 3616 3616 3584 4065 4065 4065 4065 4065 4065 4065 4065
854 1683107220 373 3684 3660 3639 3575 3617 3616 3584 4067 4067 4066 4066 4066 4066 4066 4066
855 1683107220 373 3683 3659 3638 3574 3616 3615 3583 4063 4063 4063 4063 4063 4063 4063 4063
856 1683107220 373 3683 3658 3638 3574 3616 3616 3584 4065 4065 4064 4064 4064 4064 4064 4064
857 1683107220 374 3684 3659 3638 3575 3617 3616 3585 4065 4065 4065 4065 4065 4065 4065 4065
858 1683107220 373 3685 3660 3638 3575 3617 3617 3585 4065 4065 4065 4065 4065 4065 4065 4065
859 1683107220 373 3685 3660 3639 3575 3617 3617 3585 4067 4065 4065 4065 4065 4065 4065 4065
860 1683107220 373 3683 3658 3638 3574 3616 3616 3583 4065 4065 4065 4065 4065 4065 4065 4065
861 1683107220 374 3684 3658 3637 3574 3616 3616 3584 4065 4065 4065 4065 4065 4065 4065 4065
862 1683107220 373 3685 3659 3639 3575 3617 3617 3585 4065 4065 4065 4065 4065 4065 4065 4065
863 1683107220 373 3684 3659 3638 3575 3616 3616 3585 4065 4065 4064 4064 4064 4064 4064 4064
864 1683107220 373 3684 3659 3638 3574 3616 3616 3584 4065 4065 4065 4065 4065 4065 4065 4065
865 1683107220 373 3683 3658 3638 3574 3616 3615 3584 4065 4065 4064 4064 4064 4064 4064 4064
866 1683107220 374 3684 3659 3638 3575 3616 3616 3584 4065 4065 4064 4064 4064 4064 4064 4064
867 1683107220 374 3684 3659 3639 3575 3617 3616 3585 4065 4065 4065 4065 4065 4065 4065 4065
868 1683107220 374 3684 3659 3639 3575 3617 3617 3585 4065 4065 4064 4064 4064 4064 4064 4064
869 1683107220 373 3684 3659 3638 3575 3617 3617 3585 4065 4065 4065 4065 4065 4065 4065 4065
870 1683107220 373 3683 3660 3639 3575 3618 3617 3585 4065 4065 4065 4065 4065 4065 4065 4065
871 1683107220 373 3684 3659 3639 3575 3617 3616 3584 4065 4065 4064 4064 4064 4064 4064 4064
872 1683107220 373 3685 3659 3639 3575 3617 3617 3584 4067 4067 4066 4066 4066 4066 4066 4066
873 1683107220 373 3684 3659 3638 3574 3616 3616 3585 4065 4065 4064 4064 4064 4064 4064 4064
874 1683107220 374 3685 3660 3639 3576 3618 3618 3585 4065 4065 4064 4064 4064 4064 4064 4064
875 1683107220 374 3684 3658 3638 3574 3616 3616 3584 4065 4065 4065 4065 4065 4065 4065 4065
876 1683107220 374 3683 3659 3638 3574 3617 3617 3584 4065 4065 4064 4064 4064 4064 4064 4064
877 1683107220 374 3684 3660 3640 3576 3618 3618 3586 4065 4065 4065 4065 4065 4065 4065 4065
878 1683107220 374 3685 3660 3639 3576 3618 3617 3585 4061 4061 4061 4061 4061 4061 4061 4061
879 1683107220 373 3685 3660 3639 3575 3617 3617 3585 4065 4065 4064 4064 4064 4064 4064 4064
880 1683107220 373 3685 3660 3639 3575 3617 3617 3585 4065 4065 4064 4064 4064 4064 4064 4064
881 1683107220 374 3685 3660 3639 3575 3617 3617 3585 4065 4065 4065 4065 4065 4065 4065 4065
882 1683107220 374 3684 3659 3639 3575 3618 3617 3585 4067 4067 4066 4066 4066 4066 4066 4066
883 1683107220 374 3684 3659 3639 3575 3617 3617 3585 4065 4065 4064 4064 4064 4064 4064 4064
884 1683107220 373 3684 3659 3638 3574 3617 3617 3584 4065 4065 4064 4064 4064 4064 4064 4064
885 1683107220 373 3685 3660 3640 3576 3618 3617 3585 4065 4065 4065 4065 4065 4065 4065 4065
886 1683107220 374 3683 3658 3638 3575 3616 3616 3584 4065 4065 4065 4065 4065 4065 4065 4065
887 1683107220 373 3684 3659 3639 3574 3616 3616 3584 4065 4065 4064 4064 4064 4064 4064 4064
888 1683107220 374 3684 3659 3639 3575 3617 3617 3585 4063 4063 4063 4063 4063 4063 4063 4063
889 1683107220 374 3684 3659 3639 3575 3616 3616 3584 4065 4065 4065 4065 4065 4065 4065 4065
890 1683107220 374 3684 3659 3638 3574 3617 3616 3584 4065 4065 4065 4065 4065 4065 4065 4065
891 1683107220 373 3685 3660 3639 3576 3618 3617 3586 4065 4065 4065 4065 4065 4065 4065 4065
892 1683107220 373 3685 3660 3639 3575 3618 3617 3585 4065 4065 4065 4065 4065 4065 4065 4065
893 1683107220 373 3684 3660 3639 3575 3617 3616 3585 4065 4065 4065 4065 4065 4065 4065 4065
894 1683107220 373 3684 3659 3639 3575 3616 3616 3585 4065 4065 4064 4064 4064 4064 4064 4064
895 1683107220 374 3684 3659 3638 3575 3617 3616 3585 4065 4065 4065 4065 4065 4065 4065 4065
896 1683107220 373 3685 3660 3639 3575 3617 3616 3585 4065 4065 4065 4065 4065 4065 4065 4065
897 1683107220 373 3684 3660 3638 3575 3617 3618 3585 4065 4065 4064 4064 4064 4064 4064 4064
898 1683107220 374 3684 3659 3638 3575 3617 3616 3585 4065 4065 4064 4064 4064 4064 4064 4064
899 1683107220 374 3684 3660 3639 3575 3617 3617 3585 4065 4065 4065 4065 4065 4065 4065 4065
900 1683107220 374 3684 3660 3639 3575 3618 3617 3585 4065 4065 4065 4065 4065 4065 4065 4065
901 1683107220 374 3684 3659 3639 3575 3617 3617 3584 4065 4065 4065 4065 4065 4065 4065 4065
902 1683107220 374 3683 3660 3639 3576 3617 3616 3585 4065 4065 4065 4065 4065 4065 4065 4065
903 1683107220 374 3682 3658 3637 3574 3616 3616 3584 4065 4065 4065 4065 4065 4065 4065 4065
904 1683107220 374 3685 3659 3639 3575 3617 3617 3585 4065 4065 4064 4064 4064 4064 4064 4064
905 1683107220 373 3685 3660 3639 3575 3617 3617 3585 4065 4065 4065 4065 4065 4065 4065 4065
906 1683107220 373 3685 3660 3638 3575 3616 3616 3584 4065 4065 4065 4065 4065 4065 4065 4065
907 1683107221 374 3685 3660 3639 3576 3618 3617 3586 4065 4065 4064 4064 4064 4064 4064 4064
908 1683107221 374 3685 3661 3640 3576 3618 3618 3586 4065 4065 4064 4064 4064 4064 4064 4064
909 1683107221 373 3684 3659 3638 3575 3616 3616 3584 4065 4065 4064 4064 4064 4064 4064 4064
910 1683107221 374 3684 3659 3639 3575 3617 3617 3585 4065 4065 4064 4064 4064 4064 4064 4064
911 1683107221 373 3684 3660 3639 3575 3617 3617 3585 4065 4065 4065 4065 4065 4065 4065 4065
912 1683107221 374 3685 3660 3639 3575 3617 3617 3585 4065 4065 4065 4065 4065 4065 4065 4065
913 1683107221 374 3684 3658 3638 3574 3617 3616 3585 4065 4065 4065 4065 4065 4065 4065 4065
914 1683107221 374 3683 3658 3638 3574 3616 3615 3584 4065 4065 4064 4064 4064 4064 4064 4064
915 1683107221 374 3684 3659 3639 3575 3617 3617 3584 4065 4065 4065 4065 4065 4065 4065 4065
916 1683107221 373 3685 3659 3639 3575 3617 3617 3585 4065 4065 4064 4064 4064 4064 4064 4064
917 1683107221 374 3684 3659 3639 3575 3617 3617 3585 4065 4065 4064 4064 4064 4064 4064 4064
918 1683107221 373 3685 3660 3639 3576 3618 3618 3585 4065 4065 4064 4064 4064 4064 4064 4064
919 1683107221 373 3684 3659 3638 3575 3617 3617 3585 4065 4065 4064 4064 4064 4064 4064 4064
920 1683107221 374 3684 3659 3638 3575 3617 3616 3585 4065 4065 4064 4064 4064 4064 4064 4064
921 1683107221 374 3684 3659 3639 3575 3617 3616 3585 4065 4065 4065 4065 4065 4065 4065 4065
922 1683107221 374 3684 3660 3638 3575 3617 3616 3585 4065 4065 4064 4064 4064 4064 4064 4064
923 1683107221 374 3685 3659 3638 3575 3617 3617 3584 4067 4065 4065 4065 4065 4065 4065 4065
924 1683107221 374 3685 3660 3639 3575 3618 3617 3585 4065 4065 4064 4064 4064 4064 4064 4064
925 1683107221 374 3684 3660 3639 3575 3617 3616 3585 4065 4065 4064 4064 4064 4064 4064 4064
926 1683107221 374 3685 3660 3639 3576 3617 3617 3585 4065 4065 4065 4065 4065 4065 4065 4065
927 1683107221 374 3684 3659 3639 3575 3617 3617 3585 4065 4065 4064 4064 4064 4064 4064 4064
928 1683107221 374 3684 3659 3639 3575 3617 3616 3585 4065 4065 4065 4065 4065 4065 4065 4065
929 1683107221 374 3685 3660 3639 3575 3618 3617 3585 4063 4063 4063 4063 4063 4063 4063 4063
930 1683107221 373 3684 3660 3639 3575 3617 3616 3584 4065 4065 4064 4064 4064 4064 4064 4064
931 1683107221 374 3685 3660 3639 3575 3617 3617 3585 4065 4065 4065 4065 4065 4065 4065 4065
932 1683107221 374 3685 3660 3639 3576 3618 3618 3585 4067 4067 4066 4066 4066 4066 4066 4066
933 1683107221 374 3686 3661 3640 3576 3619 3618 3586 4065 4065 4064 4064 4064 4064 4064 4064
934 1683107221 374 3685 3661 3640 3576 3618 3618 3586 4065 4065 4064 4064 4064 4064 4064 4064
935 1683107221 374 3685 3660 3639 3575 3617 3617 3585 4065 4065 4064 4064 4064 4064 4064 4064
936 1683107221 374 3684 3659 3638 3575 3616 3616 3584 4065 4065 4065 4065 4065 4065 4065 4065
937 1683107221 374 3684 3660 3639 3575 3618 3617 3585 4067 4065 4065 4065 4065 4065 4065 4065
938 1683107221 374 3685 3660 3640 3576 3618 3618 3585 4065 4065 4064 4064 4064 4064 4064 4064
939 1683107221 373 3686 3660 3639 3576 3618 3617 3585 4067 4065 4065 4065 4065 4065 4065 4065
940 1683107221 374 3685 3660 3640 3576 3618 3618 3585 4065 4065 4064 4064 4064 4064 4064 4064
941 1683107221 374 3684 3659 3638 3575 3617 3617 3584 4065 4065 4065 4065 4065 4065 4065 4065
942 1683107221 374 3685 3660 3639 3576 3618 3617 3585 4067 4065 4065 4065 4065 4065 4065 4065
943 1683107221 374 3685 3660 3639 3575 3618 3617 3586 4067 4067 4066 4066 4066 4066 4066 4066
944 1683107221 374 3685 3659 3639 3575 3618 3617 3585 4065 4065 4065 4065 4065 4065 4065 4065
945 1683107221 374 3684 3659 3638 3574 3616 3616 3584 4065 4065 4065 4065 4065 4065 4065 4065
946 1683107221 375 3684 3659 3639 3575 3617 3616 3585 4065 4065 4065 4065 4065 4065 4065 4065
947 1683107221 374 3684 3659 3638 3575 3616 3616 3584 4067 4067 4066 4066 4066 4066 4066 4066
948 1683107221 374 3684 3659 3638 3575 3617 3617 3584 4067 4067 4066 4066 4066 4066 4066 4066
949 1683107221 374 3684 3660 3640 3576 3618 3617 3585 4065 4065 4065 4065 4065 4065 4065 4065
950 1683107221 374 3685 3660 3640 3576 3618 3617 3585 4065 4065 4064 4064 4064 4064 4064 4064
951 1683107221 374 3685 3660 3640 3576 3618 3617 3586 4065 4065 4064 4064 4064 4064 4064 4064
952 1683107221 374 3685 3660 3639 3576 3618 3617 3585 4065 4065 4064 4064 4064 4064 4064 4064
953 1683107221 374 3684 3660 3639 3575 3617 3617 3585 4065 4065 4065 4065 4065 4065 4065 4065
954 1683107221 374 3686 3661 3640 3576 3618 3618 3586 4065 4065 4065 4065 4065 4065 4065 4065
955 1683107221 374 3685 3660 3640 3576 3618 3617 3585 4065 4065 4064 4064 4064 4064 4064 4064
956 1683107221 374 3686 3661 3640 3576 3618 3618 3586 4065 4065 4065 4065 4065 4065 4065 4065
957 1683107221 374 3685 3660 3639 3576 3618 3617 3585 4065 4065 4064 4064 4064 4064 4064 4064
958 1683107221 374 3686 3660 3640 3576 3618 3617 3586 4065 4065 4064 4064 4064 4064 4064 4064
959 1683107221 374 3685 3660 3639 3576 3617 3617 3585 4065 4065 4064 4064 4064 4064 4064 4064
960 1683107221 374 3685 3661 3640 3576 3618 3618 3585 4065 4065 4065 4065 4065 4065 4065 4065
961 1683107221 374 3685 3660 3639 3576 3618 3617 3585 4065 4065 4064 4064 4064 4064 4064 4064
962 1683107221 374 3685 3660 3639 3575 3617 3617 3585 4065 4065 4065 4065 4065 4065 4065 4065
963 1683107221 374 3685 3660 3639 3576 3618 3617 3585 4065 4065 4065 4065 4065 4065 4065 4065
964 1683107221 374 3685 3661 3640 3576 3618 3618 3586 4065 4065 4064 4064 4064 4064 4064 4064
965 1683107221 374 3684 3660 3639 3576 3617 3617 3585 4065 4065 4064 4064 4064 4064 4064 4064
966 1683107221 374 3683 3660 3639 3576 3618 3618 3585 4065 4065 4064 4064 4064 4064 4064 4064
967 1683107221 374 3685 3661 3639 3576 3618 3617 3586 4067 4065 4065 4065 4065 4065 4065 4065
968 1683107221 374 3685 3660 3640 3575 3618 3617 3586 4067 4067 4066 4066 4066 4066 4066 4066
969 1683107221 374 3684 3660 3639 3575 3617 3617 3585 4065 4065 4064 4064 4064 4064 4064 4064
970 1683107221 374 3686 3660 3640 3576 3618 3618 3586 4065 4065 4064 4064 4064 4064 4064 4064
971 1683107221 374 3685 3660 3639 3575 3618 3617 3585 4065 4065 4064 4064 4064 4064 4064 4064
972 1683107221 374 3685 3660 3639 3575 3617 3617 3585 4065 4065 4064 4064 4064 4064 4064 4064
973 1683107221 374 3686 3661 3640 3576 3618 3618 3586 4065 4065 4064 4064 4064 4064 4064 4064
974 1683107221 374 3685 3661 3640 3576 3618 3617 3586 4065 4065 4065 4065 4065 4065 4065 4065
975 1683107221 374 3685 3660 3640 3576 3618 3618 3586 4065 4065 4064 4064 4064 4064 4064 4064
976 1683107221 374 3685 3660 3640 3575 3618 3617 3586 4065 4065 4065 4065 4065 4065 4065 4065
977 1683107221 374 3685 3660 3639 3576 3618 3617 3586 4065 4065 4064 4064 4064 4064 4064 4064
978 1683107222 374 3684 3659 3639 3575 3617 3617 3585 4065 4065 4065 4065 4065 4065 4065 4065
979 1683107222 374 3685 3660 3639 3576 3619 3618 3586 4065 4065 4065 4065 4065 4065 4065 4065
980 1683107222 374 3685 3660 3639 3576 3618 3618 3586 4065 4065 4065 4065 4065 4065 4065 4065
981 1683107222 374 3684 3659 3639 3575 3617 3616 3585 4065 4065 4064 4064 4064 4064 4064 4064
982 1683107222 374 3685 3660 3639 3575 3617 3617 3585 4065 4065 4065 4065 4065 4065 4065 4065
983 1683107222 374 3685 3660 3640 3575 3618 3618 3585 4065 4065 4064 4064 4064 4064 4064 4064
984 1683107222 374 3685 3660 3640 3576 3618 3618 3586 4065 4065 4064 4064 4064 4064 4064 4064
985 1683107222 374 3685 3660 3640 3576 3618 3618 3585 4065 4065 4065 4065 4065 4065 4065 4065
986 1683107222 374 3685 3660 3640 3576 3619 3618 3586 4065 4065 4064 4064 4064 4064 4064 4064
987 1683107222 374 3685 3661 3640 3576 3618 3618 3586 4065 4065 4065 4065 4065 4065 4065 4065
988 1683107222 374 3685 3661 3640 3576 3618 3617 3586 4065 4065 4064 4064 4064 4064 4064 4064
989 1683107222 374 3686 3661 3640 3576 3618 3618 3586 4065 4065 4064 4064 4064 4064 4064 4064
990 1683107222 374 3684 3660 3639 3575 3617 3617 3585 4065 4065 4065 4065 4065 4065 4065 4065
991 1683107222 374 3686 3660 3640 3576 3618 3617 3586 4065 4065 4064 4064 4064 4064 4064 4064
992 1683107222 375 3685 3661 3640 3576 3618 3618 3586 4065 4065 4065 4065 4065 4065 4065 4065
993 1683107222 374 3685 3660 3640 3576 3617 3617 3585 4065 4065 4064 4064 4064 4064 4064 4064
994 1683107222 374 3685 3660 3639 3576 3617 3617 3585 4065 4065 4065 4065 4065 4065 4065 4065
995 1683107222 374 3685 3660 3640 3576 3618 3618 3586 4065 4065 4065 4065 4065 4065 4065 4065
996 1683107222 375 3685 3661 3640 3577 3618 3618 3586 4065 4065 4065 4065 4065 4065 4065 4065
997 1683107230 375 3683 3659 3639 3575 3616 3617 3585 4065 4065 4064 4064 4064 4064 4064 4064
998 1683107230 374 3685 3659 3639 3575 3617 3616 3584 4065 4065 4065 4065 4065 4065 4065 4065
999 1683107230 374 3685 3660 3639 3576 3617 3617 3585 4065 4065 4065 4065 4065 4065 4065 4065
1000 1683107230 374 3683 3658 3638 3574 3617 3616 3584 4065 4065 4065 4065 4065 4065 4065 4065
