1 1683103537 374 3685 3660 3639 3575 3617 3617 3585 4067 4067 4066 4066 4066 4066 4066 4066
2 1683103537 374 3686 3661 3640 3576 3619 3618 3586 4065 4065 4065 4065 4065 4065 4065 4065
3 1683103537 374 3686 3661 3641 3577 3619 3619 3587 4067 4065 4065 4065 4065 4065 4065 4065
4 1683103537 375 3686 3661 3641 3577 3619 3619 3587 4065 4065 4065 4065 4065 4065 4065 4065
5 1683103537 374 3686 3661 3641 3577 3619 3618 3586 4065 4065 4065 4065 4065 4065 4065 4065
6 1683103537 374 3686 3661 3641 3577 3619 3619 3586 4065 4065 4065 4065 4065 4065 4065 4065
7 1683103537 374 3686 3661 3640 3576 3618 3618 3586 4067 4067 4066 4066 4066 4066 4066 4066
8 1683103537 374 3686 3662 3640 3577 3619 3618 3587 4065 4065 4064 4064 4064 4064 4064 4064
9 1683103537 375 3685 3661 3640 3577 3619 3619 3587 4065 4065 4065 4065 4065 4065 4065 4065
10 1683103537 374 3686 3661 3641 3577 3619 3618 3586 4067 4067 4066 4066 4066 4066 4066 4066
11 1683103537 375 3687 3662 3642 3578 3620 3619 3587 4065 4065 4065 4065 4065 4065 4065 4065
12 1683103537 374 3686 3662 3641 3577 3619 3619 3587 4067 4067 4066 4066 4066 4066 4066 4066
13 1683103537 374 3687 3662 3641 3577 3619 3619 3587 4065 4065 4065 4065 4065 4065 4065 4065
14 1683103537 374 3686 3661 3641 3577 3619 3619 3587 4067 4065 4065 4065 4065 4065 4065 4065
15 1683103537 374 3687 3662 3642 3578 3620 3619 3587 4065 4065 4065 4065 4065 4065 4065 4065
16 1683103537 375 3686 3661 3641 3577 3619 3619 3587 4065 4065 4064 4064 4064 4064 4064 4064
17 1683103537 374 3687 3662 3641 3577 3619 3619 3587 4065 4065 4065 4065 4065 4065 4065 4065
18 1683103537 374 3686 3661 3640 3576 3619 3618 3586 4067 4067 4066 4066 4066 4066 4066 4066
19 1683103537 374 3687 3663 3642 3577 3620 3619 3588 4065 4065 4064 4064 4064 4064 4064 4064
20 1683103537 374 3686 3661 3641 3578 3620 3619 3587 4067 4067 4066 4066 4066 4066 4066 4066
21 1683103537 374 3687 3662 3641 3577 3619 3619 3587 4067 4067 4066 4066 4066 4066 4066 4066
22 1683103537 374 3686 3661 3641 3577 3619 3619 3586 4065 4065 4065 4065 4065 4065 4065 4065
23 1683103537 374 3686 3661 3640 3576 3619 3619 3587 4065 4065 4065 4065 4065 4065 4065 4065
24 1683103537 374 3686 3662 3641 3578 3620 3619 3588 4067 4065 4065 4065 4065 4065 4065 4065
25 1683103537 374 3687 3662 3641 3577 3620 3619 3587 4065 4065 4065 4065 4065 4065 4065 4065
26 1683103537 374 3687 3662 3641 3577 3620 3619 3587 4065 4065 4065 4065 4065 4065 4065 4065
27 1683103537 375 3686 3661 3641 3577 3620 3619 3587 4065 4065 4065 4065 4065 4065 4065 4065
28 1683103537 374 3687 3662 3641 3577 3619 3619 3587 4065 4065 4065 4065 4065 4065 4065 4065
29 1683103537 375 3687 3662 3641 3578 3620 3619 3587 4065 4065 4064 4064 4064 4064 4064 4064
30 1683103537 374 3686 3661 3641 3577 3619 3619 3587 4065 4065 4065 4065 4065 4065 4065 4065
31 1683103537 375 3687 3662 3642 3578 3620 3620 3588 4065 4065 4065 4065 4065 4065 4065 4065
32 1683103537 374 3686 3661 3641 3578 3620 3619 3587 4065 4065 4065 4065 4065 4065 4065 4065
33 1683103537 374 3687 3663 3642 3578 3620 3620 3588 4067 4067 4066 4066 4066 4066 4066 4066
34 1683103537 375 3687 3662 3642 3578 3620 3620 3588 4067 4067 4066 4066 4066 4066 4066 4066
35 1683103537 375 3687 3662 3641 3578 3620 3619 3587 4065 4065 4064 4064 4064 4064 4064 4064
36 1683103537 375 3686 3662 3641 3577 3619 3619 3587 4065 4065 4065 4065 4065 4065 4065 4065
37 1683103537 374 3687 3662 3642 3578 3620 3619 3587 4067 4067 4066 4066 4066 4066 4066 4066
38 1683103537 375 3687 3662 3641 3577 3619 3619 3588 4065 4065 4065 4065 4065 4065 4065 4065
39 1683103537 375 3687 3663 3642 3579 3620 3620 1676 4065 4065 4065 4065 4065 4065 4065 4065
40 1683103537 374 3686 3663 3642 3578 3620 3620 3588 4067 4065 4065 4065 4065 4065 4065 4065
41 1683103537 374 3687 3663 3641 3578 3620 3620 3588 4065 4065 4065 4065 4065 4065 4065 4065
42 1683103537 375 3688 3663 3642 3578 3621 3621 3588 4065 4065 4065 4065 4065 4065 4065 4065
43 1683103537 375 3688 3663 3642 3579 3620 3621 3588 4065 4065 4064 4064 4064 4064 4064 4064
44 1683103537 374 3687 3662 3641 3577 3620 3620 3588 4065 4065 4065 4065 4065 4065 4065 4065
45 1683103537 374 3688 3663 3642 3578 3620 3620 3588 4065 4065 4064 4064 4064 4064 4064 4064
46 1683103537 374 3687 3662 3642 3578 3620 3620 3588 4065 4065 4064 4064 4064 4064 4064 4064
47 1683103537 375 3687 3663 3642 3578 3620 3620 3588 4065 4065 4064 4064 4064 4064 4064 4064
48 1683103537 374 3687 3662 3642 3577 3619 3619 3587 4065 4065 4065 4065 4065 4065 4065 4065
49 1683103537 375 3686 3662 3641 3577 3619 3619 3587 4065 4065 4064 4064 4064 4064 4064 4064
50 1683103537 374 3688 3663 3642 3578 3620 3620 3588 4065 4065 4065 4065 4065 4065 4065 4065
51 1683103537 375 3688 3663 3643 3578 3620 3621 3589 4065 4065 4065 4065 4065 4065 4065 4065
52 1683103537 374 3687 3662 3642 3578 3620 3620 3588 4067 4067 4066 4066 4066 4066 4066 4066
53 1683103537 375 3688 3663 3642 3579 3621 3621 3588 4065 4065 4065 4065 4065 4065 4065 4065
54 1683103537 375 3687 3662 3641 3577 3620 3620 3588 4065 4065 4065 4065 4065 4065 4065 4065
55 1683103537 375 3687 3663 3641 3578 3620 3620 3587 4065 4065 4065 4065 4065 4065 4065 4065
56 1683103537 374 3686 3662 3642 3578 3619 3619 3587 4065 4065 4065 4065 4065 4065 4065 4065
57 1683103537 375 3687 3662 3642 3578 3620 3620 3588 4065 4065 4064 4064 4064 4064 4064 4064
58 1683103537 375 3687 3662 3641 3577 3619 3619 3588 4065 4065 4065 4065 4065 4065 4065 4065
59 1683103537 375 3687 3663 3642 3578 3621 3620 3588 4067 4065 4065 4065 4065 4065 4065 4065
60 1683103537 375 3688 3663 3642 3578 3620 1738 3587 4067 4067 4066 4066 4066 4066 4066 4066
61 1683103537 374 3689 3663 3642 3579 3621 3620 3588 4065 4065 4065 4065 4065 4065 4065 4065
62 1683103537 375 3687 3662 3641 3577 3619 3619 3587 4067 4065 4065 4065 4065 4065 4065 4065
63 1683103537 374 3688 3663 3642 3578 3620 3620 3588 4067 4065 4065 4065 4065 4065 4065 4065
64 1683103537 375 3686 3662 3641 3577 3619 3619 3587 4065 4065 4065 4065 4065 4065 4065 4065
65 1683103537 375 3688 3663 3642 3578 3621 3620 3588 4065 4065 4064 4064 4064 4064 4064 4064
66 1683103537 375 3687 3663 3642 3578 3620 3620 3587 4067 4065 4065 4065 4065 4065 4065 4065
67 1683103537 375 3687 3662 3642 3578 3620 3620 3588 4065 4065 4064 4064 4064 4064 4064 4064
68 1683103537 375 3687 3662 3641 3577 3619 3619 3587 4065 4065 4065 4065 4065 4065 4065 4065
69 1683103537 374 3687 3662 3641 3578 3620 3619 3587 4067 4067 4066 4066 4066 4066 4066 4066
70 1683103538 374 3688 3663 3642 3579 3621 3620 3588 4065 4065 4065 4065 4065 4065 4065 4065
71 1683103538 375 3687 3662 3640 3577 3620 3619 3588 4065 4065 4065 4065 4065 4065 4065 4065
72 1683103538 375 3688 3663 3642 3578 3620 3620 3588 4065 4065 4065 4065 4065 4065 4065 4065
73 1683103538 375 3687 3662 3641 3577 3619 3619 3587 4065 4065 4064 4064 4064 4064 4064 4064
74 1683103538 375 3688 3664 3642 3579 3621 3620 3589 4065 4065 4065 4065 4065 4065 4065 4065
75 1683103538 375 3688 3663 3642 3579 3620 3620 3588 4067 4067 4066 4066 4066 4066 4066 4066
76 1683103538 375 3688 3663 3643 3579 3621 3620 3588 4065 4065 4064 4064 4064 4064 4064 4064
77 1683103538 375 3687 3662 3642 3577 3619 3619 3588 4067 4065 4065 4065 4065 4065 4065 4065
78 1683103538 374 3688 3663 3642 3578 3620 3620 3588 4065 4065 4065 4065 4065 4065 4065 4065
79 1683103538 373 3685 3660 3640 3576 3618 3617 3586 4063 4063 4062 4062 4062 4062 4062 4062
80 1683103538 373 3686 3662 3641 3577 3620 3619 3587 4067 4067 4066 4066 4066 4066 4066 4066
81 1683103538 373 3687 3661 3640 3577 3619 3619 3587 4065 4065 4065 4065 4065 4065 4065 4065
82 1683103538 373 3687 3662 3641 3577 3619 3619 3587 4067 4067 4066 4066 4066 4066 4066 4066
83 1683103538 373 3685 3660 3639 3576 3618 3618 3586 4065 4065 4065 4065 4065 4065 4065 4065
84 1683103538 374 3684 3659 3639 3575 3617 3617 3586 4065 4065 4065 4065 4065 4065 4065 4065
85 1683103538 373 3685 3661 3640 3576 3619 3618 3586 4064 4065 4064 4064 4064 4064 4064 4064
86 1683103538 373 3686 3662 3641 3577 3619 3618 3586 4067 4067 4066 4066 4066 4066 4066 4066
87 1683103538 373 3685 3660 3639 3576 3617 3617 3585 4067 4067 4066 4066 4066 4066 4066 4066
88 1683103538 373 3685 3660 3639 3576 3618 3617 3585 4065 4065 4065 4065 4065 4065 4065 4065
89 1683103538 373 3685 3660 3640 3576 3618 3618 3586 4065 4065 4065 4065 4065 4065 4065 4065
90 1683103538 373 3686 3662 3641 3577 3619 3618 3586 4065 4065 4065 4065 4065 4065 4065 4065
91 1683103538 373 3686 3661 3640 3576 3618 3619 3586 4065 4065 4065 4065 4065 4065 4065 4065
92 1683103538 373 3686 3661 3640 3576 3618 3618 3586 4065 4065 4065 4065 4065 4065 4065 4065
93 1683103538 373 3685 3660 3640 3576 3618 3618 3586 4067 4067 4066 4066 4066 4066 4066 4066
94 1683103538 373 3686 3661 3640 3576 3619 3618 3586 4065 4065 4064 4064 4064 4064 4064 4064
95 1683103538 373 3686 3661 3640 3577 3619 3618 3587 4067 4067 4066 4066 4066 4066 4066 4066
96 1683103538 373 3684 3660 3639 3575 3618 3618 3586 4065 4065 4065 4065 4065 4065 4065 4065
97 1683103538 373 3686 3662 3641 3577 3620 3619 3586 4065 4065 4064 4064 4064 4064 4064 4064
98 1683103538 373 3686 3661 3640 3576 3618 3618 3586 4065 4065 4064 4064 4064 4064 4064 4064
99 1683103538 373 3687 3662 3641 3577 3620 3620 3588 4065 4065 4065 4065 4065 4065 4065 4065
100 1683103538 373 3686 3661 3640 3577 3619 3619 3587 4065 4065 4064 4064 4064 4064 4064 4064
101 1683103538 373 3685 3661 3640 3576 3619 3618 3586 4065 4065 4065 4065 4065 4065 4065 4065
102 1683103538 373 3686 3660 3640 3576 3618 3618 3586 4065 4065 4065 4065 4065 4065 4065 4065
103 1683103538 373 3686 3661 3640 3576 3618 3618 3586 4065 4065 4064 4064 4064 4064 4064 4064
104 1683103538 373 3686 3661 3640 3576 3618 3618 3586 4067 4067 4066 4066 4066 4066 4066 4066
105 1683103538 373 3685 3662 3641 3577 3619 3619 3586 4065 4065 4064 4064 4064 4064 4064 4064
106 1683103538 373 3684 3661 3639 3576 3618 3618 3586 4065 4065 4065 4065 4065 4065 4065 4065
107 1683103538 373 3686 3661 3640 3577 3619 3619 3587 4065 4065 4065 4065 4065 4065 4065 4065
108 1683103538 373 3686 3661 3640 3577 3618 3618 3587 4065 4065 4064 4064 4064 4064 4064 4064
109 1683103538 373 3687 3661 3641 3577 3620 3619 3587 4065 4065 4065 4065 4065 4065 4065 4065
110 1683103538 373 3686 3661 3641 3577 3619 3619 3586 4067 4067 4066 4066 4066 4066 4066 4066
111 1683103538 373 3686 3661 3640 3577 3619 3618 3586 4067 4067 4066 4066 4066 4066 4066 4066
112 1683103538 373 3686 3660 3640 3575 3618 3617 3586 4065 4065 4065 4065 4065 4065 4065 4065
113 1683103538 373 3686 3662 3640 3577 3619 3619 3587 4067 4067 4066 4066 4066 4066 4066 4066
114 1683103538 373 3685 3660 3640 3576 3618 3618 3586 4065 4065 4065 4065 4065 4065 4065 4065
115 1683103538 373 3685 3660 3640 3576 3618 3618 3585 4065 4065 4065 4065 4065 4065 4065 4065
116 1683103538 374 3687 3661 3640 3577 3619 3619 3587 4067 4067 4066 4066 4066 4066 4066 4066
117 1683103538 373 3686 3660 3640 3576 3618 3618 3586 4065 4065 4064 4064 4064 4064 4064 4064
118 1683103538 373 3690 3665 3644 3580 3622 3621 3590 4065 4065 4065 4065 4065 4065 4065 4065
119 1683103538 373 3686 3662 3641 3576 3619 3618 3587 4065 4065 4064 4064 4064 4064 4064 4064
120 1683103538 373 3686 3662 3641 3577 3619 3619 3587 4067 4065 4065 4065 4065 4065 4065 4065
121 1683103538 374 3685 3661 3641 3577 3619 3619 3587 4065 4065 4064 4064 4064 4064 4064 4064
122 1683103538 373 3686 3661 3640 3576 3619 3618 3586 4065 4065 4065 4065 4065 4065 4065 4065
123 1683103538 373 3687 3661 3641 3577 3619 3618 3586 4065 4065 4065 4065 4065 4065 4065 4065
124 1683103538 374 3686 3661 3640 3576 3619 3618 3586 4063 4063 4062 4062 4062 4062 4062 4062
125 1683103538 373 3687 3662 3641 3577 3620 3619 3587 4067 4067 4066 4066 4066 4066 4066 4066
126 1683103538 373 3686 3661 3640 3576 3618 3619 3586 4065 4065 4065 4065 4065 4065 4065 4065
127 1683103538 373 3686 3661 3640 3576 3618 3618 3586 4065 4065 4064 4064 4064 4064 4064 4064
128 1683103538 373 3685 3660 3640 3576 3618 3618 3586 4065 4065 4064 4064 4064 4064 4064 4064
129 1683103538 373 3686 3661 3641 3577 3618 3618 3587 4067 4065 4065 4065 4065 4065 4065 4065
130 1683103538 373 3686 3661 3641 3576 3619 3619 3587 4065 4065 4065 4065 4065 4065 4065 4065
131 1683103538 374 3686 3661 3641 3577 3619 3619 3587 4065 4065 4065 4065 4065 4065 4065 4065
132 1683103538 374 3686 3661 3640 3577 3619 3619 3587 4065 4065 4064 4064 4064 4064 4064 4064
133 1683103538 373 3686 3661 3640 3577 3619 3619 3587 4067 4067 4066 4066 4066 4066 4066 4066
134 1683103546 373 3684 3660 3639 3575 3617 3616 3584 4067 4067 4066 4066 4066 4066 4066 4066
135 1683103546 373 3686 3661 3640 3576 3618 3618 3586 4063 4063 4063 4063 4063 4063 4063 4063
136 1683103546 373 3685 3661 3640 3576 3618 3618 3586 4065 4065 4064 4064 4064 4064 4064 4064
137 1683103546 373 3684 3660 3639 3575 3618 3617 3585 4067 4067 4066 4066 4066 4066 4066 4066
138 1683103546 373 3686 3661 3640 3577 3619 3618 3587 4065 4065 4065 4065 4065 4065 4065 4065
139 1683103546 373 3686 3661 3640 3576 3618 3618 3586 4067 4067 4066 4066 4066 4066 4066 4066
140 1683103546 373 3685 3661 3640 3576 3619 3618 3586 4067 4067 4066 4066 4066 4066 4066 4066
141 1683103546 374 3686 3661 3641 3577 3619 3619 3587 4067 4067 4066 4066 4066 4066 4066 4066
142 1683103546 374 3685 3660 3640 3576 3619 3618 3586 4065 4065 4064 4064 4064 4064 4064 4064
143 1683103546 374 3686 3661 3640 3577 3619 3618 3586 4065 4065 4065 4065 4065 4065 4065 4065
144 1683103546 374 3685 3661 3640 3576 3619 3618 3586 4067 4067 4066 4066 4066 4066 4066 4066
145 1683103547 373 3686 3661 3641 3577 3619 3619 3586 4065 4065 4065 4065 4065 4065 4065 4065
146 1683103547 374 3686 3661 3640 3577 3619 3618 3586 4067 4067 4066 4066 4066 4066 4066 4066
147 1683103547 374 3686 3661 3640 3577 3619 3619 3587 4065 4065 4065 4065 4065 4065 4065 4065
148 1683103547 374 3686 3661 3641 3578 3620 3619 3587 4067 4065 4065 4065 4065 4065 4065 4065
149 1683103547 373 3686 3661 3640 3576 3619 3618 3586 4065 4065 4065 4065 4065 4065 4065 4065
150 1683103547 373 3687 3662 3641 3577 3620 3619 3587 4065 4065 4065 4065 4065 4065 4065 4065
151 1683103547 374 3686 3661 3640 3576 3618 3619 3587 4065 4065 4065 4065 4065 4065 4065 4065
152 1683103547 373 3685 3661 3640 3576 3618 3618 3586 4065 4065 4064 4064 4064 4064 4064 4064
153 1683103547 373 3686 3661 3640 3576 3618 3618 3586 4065 4065 4065 4065 4065 4065 4065 4065
154 1683103547 374 3686 3661 3641 3577 3619 3619 3587 4065 4065 4064 4064 4064 4064 4064 4064
155 1683103547 373 3687 3661 3641 3577 3619 3618 3587 4065 4065 4065 4065 4065 4065 4065 4065
156 1683103547 373 3686 3661 3640 3577 3618 3618 3586 4065 4065 4064 4064 4064 4064 4064 4064
157 1683103547 373 3686 3661 3640 3576 3618 3618 3586 4065 4065 4065 4065 4065 4065 4065 4065
158 1683103547 373 3686 3661 3640 3577 3619 3618 3587 4065 4065 4065 4065 4065 4065 4065 4065
159 1683103547 374 3687 3662 3641 3577 3619 3619 3587 4065 4063 4063 4063 4063 4063 4063 4063
160 1683103547 374 3685 3661 3640 3576 3619 3618 3586 4065 4065 4065 4065 4065 4065 4065 4065
161 1683103547 374 3685 3660 3639 3576 3618 3618 3586 4067 4067 4066 4066 4066 4066 4066 4066
162 1683103547 373 3686 3661 3641 3577 3619 3619 3587 4065 4065 4064 4064 4064 4064 4064 4064
163 1683103547 374 3686 3661 3641 3577 3619 3619 3587 4067 4067 4066 4066 4066 4066 4066 4066
164 1683103547 374 3686 3662 3641 3577 3619 3619 3587 4065 4065 4064 4064 4064 4064 4064 4064
165 1683103547 373 3687 3661 3641 3577 3619 3619 3587 4065 4065 4064 4064 4064 4064 4064 4064
166 1683103547 373 3687 3662 3640 3577 3619 3619 3587 4065 4065 4064 4064 4064 4064 4064 4064
167 1683103547 374 3686 3661 3640 3577 3619 3618 3587 4067 4065 4065 4065 4065 4065 4065 4065
168 1683103547 373 3687 3662 3641 3578 3620 3620 3587 4067 4067 4066 4066 4066 4066 4066 4066
169 1683103547 373 3687 3662 3641 3577 3620 3619 3587 4067 4067 4066 4066 4066 4066 4066 4066
170 1683103547 373 3687 3661 3641 3577 3619 3619 3587 4065 4065 4065 4065 4065 4065 4065 4065
171 1683103547 374 3686 3662 3641 3577 3619 3619 3587 4065 4065 4065 4065 4065 4065 4065 4065
172 1683103547 373 3686 3662 3641 3576 3619 3618 3587 4065 4065 4065 4065 4065 4065 4065 4065
173 1683103547 374 3686 3662 3641 3577 3619 3619 3587 4065 4065 4065 4065 4065 4065 4065 4065
174 1683103547 373 3687 3662 3641 3577 3620 3619 3587 4065 4065 4064 4064 4064 4064 4064 4064
175 1683103547 374 3686 3661 3640 3577 3619 3618 3586 4065 4065 4064 4064 4064 4064 4064 4064
176 1683103547 374 3685 3662 3641 3577 3619 3619 3587 4065 4065 4065 4065 4065 4065 4065 4065
177 1683103547 374 3687 3662 3641 3577 3620 3619 3587 4065 4065 4064 4064 4064 4064 4064 4064
178 1683103547 374 3687 3662 3641 3578 3620 3619 3588 4067 4067 4066 4066 4066 4066 4066 4066
179 1683103547 373 3686 3662 3640 3577 3619 3619 3587 4065 4065 4064 4064 4064 4064 4064 4064
180 1683103547 374 3686 3661 3641 3577 3619 3618 3586 4065 4065 4065 4065 4065 4065 4065 4065
181 1683103547 374 3686 3662 3641 3577 3619 3619 3586 4067 4067 4066 4066 4066 4066 4066 4066
182 1683103547 374 3687 3662 3641 3577 3619 3619 3588 4065 4065 4064 4064 4064 4064 4064 4064
183 1683103547 374 3686 3661 3640 3576 3618 3618 3586 4065 4065 4064 4064 4064 4064 4064 4064
184 1683103547 374 3687 3662 3641 3578 3620 3620 3588 4065 4065 4065 4065 4065 4065 4065 4065
185 1683103547 374 3687 3662 3641 3577 3620 3619 3587 4065 4065 4065 4065 4065 4065 4065 4065
186 1683103547 373 3687 3662 3640 3577 3619 3619 3587 4067 4067 4066 4066 4066 4066 4066 4066
187 1683103547 375 3687 3662 3641 3577 1548 3618 3587 4063 4063 4063 4063 4063 4063 4063 4063
188 1683103547 373 3265 3662 3641 3577 3619 3619 3587 4065 4065 4065 4065 4065 4065 4065 4065
189 1683103547 374 3687 3662 3641 3577 3619 3619 3587 4065 4065 4064 4064 4064 4064 4064 4064
190 1683103547 374 3687 3662 3641 3577 3620 3619 3588 4065 4065 4065 4065 4065 4065 4065 4065
191 1683103547 374 3686 3662 3641 3577 3619 3619 3587 4067 4067 4066 4066 4066 4066 4066 4066
192 1683103547 373 3688 3662 3642 3577 3620 3619 3587 4065 4065 4065 4065 4065 4065 4065 4065
193 1683103547 374 3687 3662 3641 3577 3620 3619 3587 4065 4065 4064 4064 4064 4064 4064 4064
194 1683103547 373 3687 3662 3640 3577 3619 3619 3587 4067 4065 4065 4065 4065 4065 4065 4065
195 1683103547 373 3686 3661 3640 3576 3619 3618 3586 4067 4065 4065 4065 4065 4065 4065 4065
196 1683103547 374 3687 3662 3642 3578 3620 3620 3588 4065 4065 4064 4064 4064 4064 4064 4064
197 1683103547 374 3687 3662 3641 3578 3620 3619 3588 4065 4065 4065 4065 4065 4065 4065 4065
198 1683103547 375 3687 3663 3642 3579 3621 3620 3588 4065 4065 4065 4065 4065 4065 4065 4065
199 1683103547 374 3686 3662 3642 3578 3620 3619 3587 4065 4065 4065 4065 4065 4065 4065 4065
200 1683103547 373 3687 3663 3641 3578 3620 3619 3588 4067 4065 4065 4065 4065 4065 4065 4065
201 1683103547 374 3687 3662 3641 3577 3619 3619 3587 4065 4065 4065 4065 4065 4065 4065 4065
202 1683103547 374 3687 3663 3642 3578 3620 3620 3588 4065 4065 4064 4064 4064 4064 4064 4064
203 1683103547 374 3687 3662 3641 3578 3620 3619 3587 4065 4065 4064 4064 4064 4064 4064 4064
204 1683103547 374 3687 3662 3641 3578 3619 3619 3587 4067 4067 4066 4066 4066 4066 4066 4066
205 1683103547 373 3687 3662 3642 3578 3620 3619 3588 4067 4067 4066 4066 4066 4066 4066 4066
206 1683103547 374 3687 3662 3641 3578 3620 3619 3588 4065 4065 4065 4065 4065 4065 4065 4065
207 1683103547 373 3686 3661 3641 3577 3619 3619 3587 4065 4065 4064 4064 4064 4064 4064 4064
208 1683103547 374 3688 3662 3642 3578 3620 3620 3588 4065 4065 4064 4064 4064 4064 4064 4064
209 1683103547 374 3688 3663 3643 3579 3621 3621 3589 4065 4065 4065 4065 4065 4065 4065 4065
210 1683103547 374 3688 3663 3642 3578 3621 3620 3588 4067 4067 4066 4066 4066 4066 4066 4066
211 1683103547 374 3687 3662 3641 3578 3620 3619 3587 4065 4065 4065 4065 4065 4065 4065 4065
212 1683103547 374 3687 3663 3642 3578 3620 3620 3588 4065 4065 4065 4065 4065 4065 4065 4065
213 1683103547 374 3686 3662 3641 3577 3620 3619 3587 4065 4065 4065 4065 4065 4065 4065 4065
214 1683103547 374 3686 3662 3641 3576 3619 3619 3587 4065 4065 4065 4065 4065 4065 4065 4065
215 1683103547 374 3686 3662 3642 3578 3620 3620 3587 4067 4065 4065 4065 4065 4065 4065 4065
216 1683103547 374 3688 3663 3642 3578 3620 3620 3588 4065 4065 4064 4064 4064 4064 4064 4064
217 1683103547 373 3688 3663 3642 3578 3621 3620 3588 4065 4065 4065 4065 4065 4065 4065 4065
218 1683103547 374 3687 3663 3642 3579 3620 3620 3589 4065 4065 4065 4065 4065 4065 4065 4065
219 1683103547 374 3687 3662 3641 3577 3619 3619 3587 4065 4065 4064 4064 4064 4064 4064 4064
220 1683103548 374 3686 3662 3641 3577 3620 3619 3588 4065 4065 4065 4065 4065 4065 4065 4065
221 1683103548 374 3687 3662 3641 3577 3620 3620 3587 4065 4065 4065 4065 4065 4065 4065 4065
222 1683103548 374 3687 3662 3641 3577 3619 3619 3587 4065 4065 4065 4065 4065 4065 4065 4065
223 1683103548 375 3686 3661 3641 3577 3619 3619 3587 4067 4067 4066 4066 4066 4066 4066 4066
224 1683103548 375 3687 3661 3641 3577 3619 3619 3588 4065 4065 4065 4065 4065 4065 4065 4065
225 1683103548 374 3686 3661 3641 3577 3619 3618 3587 4065 4065 4065 4065 4065 4065 4065 4065
226 1683103548 374 3687 3662 3642 3578 3620 3620 3587 4065 4065 4064 4064 4064 4064 4064 4064
227 1683103548 374 3687 3663 3642 3577 3620 3619 3587 4065 4065 4064 4064 4064 4064 4064 4064
228 1683103548 374 3688 3662 3642 3578 3620 3620 3587 4067 4065 4065 4065 4065 4065 4065 4065
229 1683103548 374 3688 3664 3643 3579 3621 3621 3589 4067 4067 4066 4066 4066 4066 4066 4066
230 1683103548 374 3687 3663 3642 3579 3621 3620 3588 4065 4065 4064 4064 4064 4064 4064 4064
231 1683103548 374 3686 3663 3641 3578 3620 3620 3588 4067 4065 4065 4065 4065 4065 4065 4065
232 1683103548 374 3687 3662 3642 3578 3620 3620 3588 4065 4065 4065 4065 4065 4065 4065 4065
233 1683103548 374 3686 3662 3641 3577 3619 3619 3587 4065 4065 4065 4065 4065 4065 4065 4065
234 1683103548 374 3687 3662 3641 3578 3620 3620 3587 4065 4065 4065 4065 4065 4065 4065 4065
235 1683103548 374 3687 3662 3641 3578 3620 3619 3588 4065 4065 4065 4065 4065 4065 4065 4065
236 1683103548 374 3687 3662 3642 3578 3620 3619 3587 4063 4063 4063 4063 4063 4063 4063 4063
237 1683103548 374 3687 3662 3641 3578 3620 3620 3588 4067 4067 4066 4066 4066 4066 4066 4066
238 1683103548 374 3687 3662 3641 3578 3620 3619 3587 4067 4067 4066 4066 4066 4066 4066 4066
239 1683103548 374 3686 3662 3642 3578 3620 3620 3588 4065 4065 4065 4065 4065 4065 4065 4065
240 1683103548 374 3687 3662 3641 3578 3620 3620 3587 4065 4065 4065 4065 4065 4065 4065 4065
241 1683103548 374 3688 3663 3643 3578 3621 3620 3589 4065 4065 4065 4065 4065 4065 4065 4065
242 1683103548 374 3689 3664 3643 3579 3621 3621 3589 4065 4065 4065 4065 4065 4065 4065 4065
243 1683103548 374 3687 3662 3642 3578 3620 3620 3588 4065 4065 4065 4065 4065 4065 4065 4065
244 1683103548 374 3687 3662 3641 3577 3619 3619 3587 4065 4065 4065 4065 4065 4065 4065 4065
245 1683103548 374 3686 3662 3641 3578 3620 3619 3587 4065 4065 4064 4064 4064 4064 4064 4064
246 1683103548 374 3689 3664 3643 3579 3621 3621 3588 4065 4065 4064 4064 4064 4064 4064 4064
247 1683103548 374 3688 3663 3642 3578 3620 3619 3588 4067 4065 4065 4065 4065 4065 4065 4065
248 1683103548 374 3688 3664 3642 3579 3621 3621 3589 4067 4067 4066 4066 4066 4066 4066 4066
249 1683103548 374 3687 3662 3642 3578 3620 3620 3588 4065 4065 4065 4065 4065 4065 4065 4065
250 1683103548 374 3687 3663 3642 3578 3620 3620 3588 4065 4065 4065 4065 4065 4065 4065 4065
251 1683103548 374 3687 3663 3642 3578 3620 3620 3588 4065 4065 4065 4065 4065 4065 4065 4065
252 1683103548 374 3688 3663 3642 3579 3621 3620 3588 4065 4065 4064 4064 4064 4064 4064 4064
253 1683103548 374 3688 3662 3642 3578 3621 3620 3588 4065 4065 4065 4065 4065 4065 4065 4065
254 1683103548 375 3688 3664 3643 3579 3621 3620 3588 4065 4065 4064 4064 4064 4064 4064 4064
255 1683103548 374 3688 3663 3643 3579 3621 3620 3589 4067 4067 4066 4066 4066 4066 4066 4066
256 1683103548 374 3687 3662 3642 3578 3620 3620 3587 4065 4065 4065 4065 4065 4065 4065 4065
257 1683103548 374 3688 3663 3642 3578 3621 3620 3588 4065 4065 4064 4064 4064 4064 4064 4064
258 1683103548 374 3687 3663 3642 3578 3621 3620 3588 4065 4065 4065 4065 4065 4065 4065 4065
259 1683103548 374 3688 3663 3642 3579 3621 3621 3588 4063 4063 4062 4062 4062 4062 4062 4062
260 1683103548 374 3687 3663 3642 3577 3620 3620 3588 4065 4065 4065 4065 4065 4065 4065 4065
261 1683103548 374 3688 3663 3642 3578 3620 3620 3588 4065 4065 4065 4065 4065 4065 4065 4065
262 1683103548 374 3687 3663 3643 3579 3621 3620 3588 4067 4065 4065 4065 4065 4065 4065 4065
263 1683103548 375 3686 3662 3641 3578 3620 3620 3588 4065 4065 4065 4065 4065 4065 4065 4065
264 1683103548 374 3688 3663 3642 3578 3620 3621 3589 4065 4065 4065 4065 4065 4065 4065 4065
265 1683103548 374 3688 3663 3643 3579 3621 3620 3588 4067 4067 4066 4066 4066 4066 4066 4066
266 1683103548 374 3687 3662 3642 3578 3620 3620 3588 4067 4067 4066 4066 4066 4066 4066 4066
267 1683103548 374 3688 3663 3643 3579 3621 3621 3589 4065 4065 4065 4065 4065 4065 4065 4065
268 1683103548 374 3688 3662 3642 3578 3620 3620 3588 4067 4067 4066 4066 4066 4066 4066 4066
269 1683103548 374 3688 3663 3642 3579 3621 3620 3588 4065 4065 4065 4065 4065 4065 4065 4065
270 1683103548 375 3687 3663 3642 3578 3620 3620 3588 4067 4067 4066 4066 4066 4066 4066 4066
271 1683103548 374 3688 3664 3642 3579 3621 3620 3588 4065 4065 4065 4065 4065 4065 4065 4065
272 1683103548 374 3689 3664 3643 3579 3622 3621 3589 4065 4065 4065 4065 4065 4065 4065 4065
273 1683103548 375 3687 3663 3642 3578 3620 3620 3588 4065 4065 4064 4064 4064 4064 4064 4064
274 1683103548 375 3687 3663 3642 3579 3621 3621 3589 4065 4065 4064 4064 4064 4064 4064 4064
275 1683103548 374 3688 3663 3643 3578 3620 3620 3588 4067 4067 4066 4066 4066 4066 4066 4066
276 1683103548 374 3687 3663 3642 3579 3621 3620 3588 4067 4065 4065 4065 4065 4065 4065 4065
277 1683103548 375 3688 3663 3643 3579 3621 3620 3589 4065 4065 4064 4064 4064 4064 4064 4064
278 1683103548 374 3687 3663 3642 3578 3620 3620 3588 4065 4065 4065 4065 4065 4065 4065 4065
279 1683103548 374 3688 3663 3643 3579 3621 3620 3589 4067 4067 4066 4066 4066 4066 4066 4066
280 1683103548 374 3689 3664 3643 3579 3621 3621 3589 4065 4065 4064 4064 4064 4064 4064 4064
281 1683103548 374 3688 3663 3642 3579 3621 3620 3588 4065 4065 4065 4065 4065 4065 4065 4065
282 1683103548 374 3687 3663 3642 3578 3620 3620 3587 4065 4065 4065 4065 4065 4065 4065 4065
283 1683103548 374 3687 3663 3642 3578 3621 3620 3588 4065 4065 4065 4065 4065 4065 4065 4065
284 1683103548 374 3688 3664 3643 3579 3621 3621 3589 4065 4065 4064 4064 4064 4064 4064 4064
285 1683103548 375 3688 3663 3642 3579 3621 3620 3588 4065 4065 4065 4065 4065 4065 4065 4065
286 1683103548 375 3688 3663 3643 3579 3622 3621 3590 4065 4065 4064 4064 4064 4064 4064 4064
287 1683103548 375 3688 3663 3642 3578 3621 3620 3588 4067 4065 4065 4065 4065 4065 4065 4065
288 1683103548 374 3688 3663 3643 3578 3620 3621 3589 4067 4067 4066 4066 4066 4066 4066 4066
289 1683103548 374 3688 3664 3643 3579 3621 3621 3589 4065 4065 4064 4064 4064 4064 4064 4064
290 1683103549 374 3687 3663 3642 3578 3620 3620 3588 4065 4065 4065 4065 4065 4065 4065 4065
291 1683103549 375 3687 3662 3641 3578 3620 3620 3588 4065 4065 4065 4065 4065 4065 4065 4065
292 1683103549 374 3689 3664 3643 3579 3622 3621 3589 4065 4065 4064 4064 4064 4064 4064 4064
293 1683103549 374 3688 3663 3642 3578 3620 3621 3588 4065 4065 4065 4065 4065 4065 4065 4065
294 1683103549 375 3687 3664 3643 3579 3621 3621 3589 4065 4065 4064 4064 4064 4064 4064 4064
295 1683103549 374 3688 3663 3642 3579 3621 3620 3589 4065 4065 4065 4065 4065 4065 4065 4065
296 1683103549 375 3688 3663 3642 3579 3621 3620 3589 4067 4065 4065 4065 4065 4065 4065 4065
297 1683103549 374 3690 3665 3644 3580 3622 3621 3589 4065 4065 4064 4064 4064 4064 4064 4064
298 1683103549 374 3689 3664 3643 3579 3621 3620 3588 4065 4065 4064 4064 4064 4064 4064 4064
299 1683103549 374 3688 3663 3643 3579 3622 3621 3589 4065 4065 4064 4064 4064 4064 4064 4064
300 1683103549 375 3688 3663 3642 3578 3621 3620 3588 4065 4065 4065 4065 4065 4065 4065 4065
301 1683103549 375 3688 3663 3642 3578 3620 3620 3588 4065 4065 4065 4065 4065 4065 4065 4065
302 1683103549 374 3687 3663 3642 3579 3621 3620 3588 4065 4065 4065 4065 4065 4065 4065 4065
303 1683103549 375 3687 3663 3642 3578 3621 3621 3588 4065 4065 4065 4065 4065 4065 4065 4065
304 1683103549 375 3688 3664 3643 3579 3621 3621 3589 4065 4065 4064 4064 4064 4064 4064 4064
305 1683103549 375 3688 3664 3643 3579 3621 3620 3589 4067 4065 4065 4065 4065 4065 4065 4065
306 1683103549 375 3687 3662 3642 3578 3621 3620 3588 4065 4065 4064 4064 4064 4064 4064 4064
307 1683103549 374 3688 3663 3642 3579 3621 3620 3588 4065 4065 4065 4065 4065 4065 4065 4065
308 1683103549 374 3689 3664 3642 3579 3621 3621 3588 4065 4065 4064 4064 4064 4064 4064 4064
309 1683103549 374 3688 3663 3643 3579 3621 3621 3589 4065 4065 4064 4064 4064 4064 4064 4064
310 1683103549 375 3687 3663 3642 3579 3621 3620 3588 4065 4065 4064 4064 4064 4064 4064 4064
311 1683103549 374 3689 3664 3643 3579 3621 3621 3590 4065 4065 4065 4065 4065 4065 4065 4065
312 1683103549 374 3688 3664 3643 3579 3621 3621 3589 4065 4065 4065 4065 4065 4065 4065 4065
313 1683103549 375 3688 3664 3643 3579 3621 3620 3588 4065 4065 4064 4064 4064 4064 4064 4064
314 1683103549 374 3687 3663 3642 3578 3621 3620 3588 4067 4067 4066 4066 4066 4066 4066 4066
315 1683103557 375 3685 3661 3640 3576 3618 3618 3585 4067 4067 4066 4066 4066 4066 4066 4066
316 1683103557 375 3686 3662 3641 3577 3619 3618 3586 4067 4067 4066 4066 4066 4066 4066 4066
317 1683103557 375 3687 3663 3642 3578 3620 3619 3588 4065 4065 4064 4064 4064 4064 4064 4064
318 1683103557 374 3686 3662 3641 3577 3619 3619 3587 4067 4065 4065 4065 4065 4065 4065 4065
319 1683103557 375 3687 3661 3641 3577 3620 3619 3588 4065 4065 4064 4064 4064 4064 4064 4064
320 1683103557 374 3687 3662 3641 3577 3619 3619 3587 4067 4067 4066 4066 4066 4066 4066 4066
321 1683103557 374 3687 3662 3642 3578 3620 3620 3588 4065 4065 4065 4065 4065 4065 4065 4065
322 1683103557 374 3688 3662 3641 3577 3619 3619 3587 4065 4065 4065 4065 4065 4065 4065 4065
323 1683103557 375 3687 3662 3641 3578 3620 3619 3588 4065 4065 4065 4065 4065 4065 4065 4065
324 1683103557 375 3687 3662 3641 3578 3620 3619 3588 4065 4065 4064 4064 4064 4064 4064 4064
325 1683103557 374 3687 3663 3641 3578 3620 3620 3588 4067 4067 4066 4066 4066 4066 4066 4066
326 1683103557 375 3686 3661 3641 3577 3620 3619 3587 4065 4065 4065 4065 4065 4065 4065 4065
327 1683103557 375 3687 3662 3642 3578 3620 3620 3588 4065 4065 4064 4064 4064 4064 4064 4064
328 1683103557 375 3686 3661 3641 3577 3619 3618 3586 4065 4065 4065 4065 4065 4065 4065 4065
329 1683103557 375 3687 3662 3641 3578 3620 3619 3588 4065 4065 4064 4064 4064 4064 4064 4064
330 1683103557 375 3687 3661 3641 3577 3619 3619 3587 4065 4065 4064 4064 4064 4064 4064 4064
331 1683103557 374 3687 3662 3641 3577 3619 3619 3587 4065 4065 4065 4065 4065 4065 4065 4065
332 1683103557 375 3686 3661 3640 3577 3619 3619 3587 4067 4067 4066 4066 4066 4066 4066 4066
333 1683103557 372 3686 3660 3640 3576 3618 3618 3586 4065 4065 4065 4065 4065 4065 4065 4065
334 1683103557 373 3686 3661 3640 3576 3618 3618 3586 4065 4065 4065 4065 4065 4065 4065 4065
335 1683103557 373 3685 3660 3639 3575 3617 3617 3585 4065 4065 4065 4065 4065 4065 4065 4065
336 1683103557 373 3686 3661 3641 3577 3619 3618 3586 4065 4065 4064 4064 4064 4064 4064 4064
337 1683103557 373 3685 3660 3639 3576 3618 3618 3586 4065 4065 4064 4064 4064 4064 4064 4064
338 1683103557 373 3684 3660 3639 3576 3618 3618 3586 4065 4065 4065 4065 4065 4065 4065 4065
339 1683103557 373 3685 3660 3640 3576 3618 3617 3585 4065 4065 4065 4065 4065 4065 4065 4065
340 1683103557 373 3685 3660 3639 3575 3618 3617 3585 4065 4065 4064 4064 4064 4064 4064 4064
341 1683103557 373 3685 3660 3640 3576 3619 3617 3586 4067 4067 4066 4066 4066 4066 4066 4066
342 1683103557 373 3686 3661 3640 3576 3618 3618 3586 4067 4065 4065 4065 4065 4065 4065 4065
343 1683103557 373 3685 3660 3639 3576 3618 3618 3586 4065 4065 4065 4065 4065 4065 4065 4065
344 1683103557 373 3684 3660 3639 3575 3618 3617 3586 4065 4065 4065 4065 4065 4065 4065 4065
345 1683103557 373 3686 3660 3640 3576 3619 3618 3586 4065 4065 4065 4065 4065 4065 4065 4065
346 1683103557 373 3686 3661 3640 3576 3618 3618 3586 4065 4065 4064 4064 4064 4064 4064 4064
347 1683103557 373 3685 3660 3639 3576 3618 3617 3585 4065 4065 4064 4064 4064 4064 4064 4064
348 1683103557 373 3685 3661 3640 3576 3618 3618 3586 4061 4061 4061 4061 4061 4061 4061 4061
349 1683103557 373 3685 3661 3640 3576 3618 3617 3586 4065 4065 4065 4065 4065 4065 4065 4065
350 1683103557 373 3685 3660 3639 3575 3617 3617 3585 4067 4065 4065 4065 4065 4065 4065 4065
351 1683103557 373 3686 3661 3641 3577 3619 3618 3587 4067 4065 4065 4065 4065 4065 4065 4065
352 1683103557 373 3686 3661 3640 3576 3618 3618 3586 4067 4067 4066 4066 4066 4066 4066 4066
353 1683103557 373 3687 3662 3641 3577 3619 3618 3586 4065 4065 4065 4065 4065 4065 4065 4065
354 1683103557 373 3685 3661 3640 3576 3618 3618 3586 4065 4065 4064 4064 4064 4064 4064 4064
355 1683103557 373 3686 3661 3640 3577 3619 3618 3586 4067 4067 4066 4066 4066 4066 4066 4066
356 1683103557 373 3686 3661 3640 3577 3618 3618 3586 4065 4065 4065 4065 4065 4065 4065 4065
357 1683103557 373 3686 3660 3640 3576 3618 3618 3586 4065 4065 4065 4065 4065 4065 4065 4065
358 1683103565 373 3685 3661 3640 3576 3618 3618 3586 4067 4067 4066 4066 4066 4066 4066 4066
359 1683103565 373 3684 3660 3640 3576 3618 3618 3586 4065 4065 4064 4064 4064 4064 4064 4064
360 1683103565 373 3685 3660 3640 3576 3618 3618 3586 4065 4065 4064 4064 4064 4064 4064 4064
361 1683103565 373 3686 3661 3641 3577 3619 3618 3586 4067 4067 4066 4066 4066 4066 4066 4066
362 1683103565 373 3686 3661 3640 3576 3619 3618 3587 4067 4067 4066 4066 4066 4066 4066 4066
363 1683103565 374 3686 3661 3640 3577 3619 3619 3587 4065 4065 4065 4065 4065 4065 4065 4065
364 1683103565 374 3686 3661 3640 3576 3619 3618 3586 4065 4065 4064 4064 4064 4064 4064 4064
365 1683103565 373 3686 3661 3640 3576 3618 3618 3586 4067 4065 4065 4065 4065 4065 4065 4065
366 1683103565 374 3686 3661 3641 3577 3619 3619 3587 4061 4061 4061 4061 4061 4061 4061 4061
367 1683103565 373 3686 3660 3639 3576 3618 3618 3586 4065 4065 4065 4065 4065 4065 4065 4065
368 1683103565 373 3686 3661 3640 3576 3618 3617 3586 4067 4065 4065 4065 4065 4065 4065 4065
369 1683103565 374 3686 3661 3640 3576 3619 3618 3587 4067 4067 4066 4066 4066 4066 4066 4066
370 1683103565 374 3685 3661 3639 3576 3618 3618 3586 4065 4065 4065 4065 4065 4065 4065 4065
371 1683103565 373 3686 3661 3640 3577 3619 3619 3587 4067 4067 4066 4066 4066 4066 4066 4066
372 1683103565 373 3686 3661 3640 3576 3618 3618 3586 4065 4065 4065 4065 4065 4065 4065 4065
373 1683103565 373 3686 3661 3640 3576 3618 3618 3587 4065 4065 4065 4065 4065 4065 4065 4065
374 1683103565 373 3687 3662 3641 3578 3620 3620 3587 4065 4065 4064 4064 4064 4064 4064 4064
375 1683103565 373 3686 3662 3641 3577 3619 3619 3587 4065 4065 4064 4064 4064 4064 4064 4064
376 1683103565 373 3686 3661 3641 3577 3619 3619 3587 4065 4065 4065 4065 4065 4065 4065 4065
377 1683103565 373 3685 3660 3640 3576 3618 3617 3586 4065 4065 4065 4065 4065 4065 4065 4065
378 1683103573 373 3684 3660 3639 3575 3617 3616 3585 4065 4065 4065 4065 4065 4065 4065 4065
379 1683103573 373 3686 3660 3640 3576 3618 3618 3586 4065 4065 4065 4065 4065 4065 4065 4065
380 1683103573 373 3684 3660 3639 3575 3617 3617 3586 4065 4065 4065 4065 4065 4065 4065 4065
381 1683103573 373 3685 3661 3640 3576 3618 3617 3585 4067 4067 4066 4066 4066 4066 4066 4066
382 1683103573 373 3686 3661 3639 3576 3618 3618 3586 4065 4065 4065 4065 4065 4065 4065 4065
383 1683103573 373 3685 3660 3640 3576 3618 3618 3586 4065 4065 4065 4065 4065 4065 4065 4065
384 1683103573 373 3685 3660 3639 3575 3617 3617 3585 4067 4067 4066 4066 4066 4066 4066 4066
385 1683103573 373 3686 3661 3640 3576 3618 3618 3585 4065 4065 4064 4064 4064 4064 4064 4064
386 1683103573 373 3686 3661 3641 3577 3619 3619 3587 4067 4067 4066 4066 4066 4066 4066 4066
387 1683103573 373 3685 3660 3639 3575 3617 3617 3585 4067 4067 4066 4066 4066 4066 4066 4066
388 1683103574 374 3685 3660 3639 3576 3617 3618 3586 4067 4067 4066 4066 4066 4066 4066 4066
389 1683103574 373 3685 3661 3640 3577 3619 3618 3586 4067 4067 4066 4066 4066 4066 4066 4066
390 1683103574 373 3686 3662 3641 3577 3619 3619 3587 4067 4067 4066 4066 4066 4066 4066 4066
391 1683103574 374 3685 3660 3640 3575 3618 3618 3586 4067 4065 4065 4065 4065 4065 4065 4065
392 1683103574 374 3686 3661 3641 3577 3619 3619 3587 4067 4067 4066 4066 4066 4066 4066 4066
393 1683103574 373 3686 3661 3640 3577 3618 3618 3586 4065 4065 4065 4065 4065 4065 4065 4065
394 1683103574 373 3685 3661 3640 3576 3619 3618 3586 4065 4065 4065 4065 4065 4065 4065 4065
395 1683103574 374 3686 3661 3640 3576 3618 3618 3586 4065 4065 4065 4065 4065 4065 4065 4065
396 1683103574 373 3686 3661 3640 3576 3618 3618 3587 4065 4065 4065 4065 4065 4065 4065 4065
397 1683103574 373 3686 3661 3641 3577 3619 3619 3587 4065 4065 4064 4064 4064 4064 4064 4064
398 1683103574 374 3687 3662 3641 3577 3619 3619 3587 4067 4065 4065 4065 4065 4065 4065 4065
399 1683103574 374 3685 3660 3640 3576 3618 3618 3586 4065 4065 4064 4064 4064 4064 4064 4064
400 1683103574 374 3686 3661 3640 3576 3618 3618 3586 4065 4065 4065 4065 4065 4065 4065 4065
401 1683103574 373 3686 3661 3640 3577 3619 3618 3587 4065 4065 4065 4065 4065 4065 4065 4065
402 1683103574 373 3686 3661 3641 3576 3618 3618 3586 4065 4065 4064 4064 4064 4064 4064 4064
403 1683103574 374 3685 3660 3639 3576 3618 3617 3586 4065 4065 4064 4064 4064 4064 4064 4064
404 1683103574 373 3686 3661 3640 3577 3619 3619 3586 4065 4065 4065 4065 4065 4065 4065 4065
405 1683103574 374 3687 3662 3641 3577 3619 3619 3587 4067 4067 4066 4066 4066 4066 4066 4066
406 1683103574 374 3684 3661 3640 3576 3617 3617 3586 4065 4065 4065 4065 4065 4065 4065 4065
407 1683103574 374 3686 3661 3641 3577 3619 3618 3587 4065 4065 4065 4065 4065 4065 4065 4065
408 1683103574 374 3686 3661 3640 3576 3618 3618 3586 4065 4065 4064 4064 4064 4064 4064 4064
409 1683103574 373 3687 3662 3641 3577 3619 3619 3587 4067 4067 4066 4066 4066 4066 4066 4066
410 1683103574 373 3687 3661 3641 3577 3619 3619 3586 4065 4065 4065 4065 4065 4065 4065 4065
411 1683103574 373 3686 3661 3640 3577 3619 3618 3587 4065 4065 4064 4064 4064 4064 4064 4064
412 1683103574 373 3686 3661 3641 3577 3618 3618 3587 4065 4065 4065 4065 4065 4065 4065 4065
413 1683103574 373 3685 3661 3640 3576 3618 3618 3586 4065 4065 4064 4064 4064 4064 4064 4064
414 1683103574 374 3685 3660 3640 3576 3618 3618 3586 4067 4065 4065 4065 4065 4065 4065 4065
415 1683103574 374 3686 3661 3640 3576 3618 3618 3586 4065 4065 4065 4065 4065 4065 4065 4065
416 1683103574 374 3686 3662 3641 3577 3619 3619 3587 4065 4065 4064 4064 4064 4064 4064 4064
417 1683103574 374 3686 3661 3640 3576 3619 3618 3586 4067 4067 4066 4066 4066 4066 4066 4066
418 1683103574 373 3686 3661 3641 3576 3619 3618 3586 4065 4065 4064 4064 4064 4064 4064 4064
419 1683103574 374 3686 3661 3640 3577 3619 3620 3587 4065 4065 4065 4065 4065 4065 4065 4065
420 1683103574 374 3686 3662 3641 3578 3620 3619 3587 4065 4065 4064 4064 4064 4064 4064 4064
421 1683103574 374 3685 3661 3640 3576 3618 3618 3586 4067 4067 4066 4066 4066 4066 4066 4066
