1 1683292256 164 3703 3678 3657 3594 3636 3636 3604 31 4063 4062 4062 4062 4062 4062 4062
2 1683292256 166 3704 3679 3659 3594 3637 3637 3605 31 4063 4063 4063 4063 4063 4063 4063
3 1683292256 142 3705 3680 3659 3595 3637 3636 3604 31 4063 4062 4062 4062 4062 4062 4062
4 1683292257 170 3705 3679 3659 3594 3637 3637 3605 31 4061 4061 4061 4061 4061 4061 4061
5 1683292257 164 3705 3679 3659 3594 3637 3636 3605 31 4063 4062 4062 4062 4062 4062 4062
6 1683292257 150 3705 3681 3659 3596 3637 3637 3605 31 4063 4063 4063 4063 4063 4063 4063
7 1683292257 156 3705 3680 3660 3596 3637 3637 3605 31 4063 4062 4062 4062 4062 4062 4062
8 1683292257 155 3706 3681 3661 3597 3639 3638 3607 31 4063 4062 4062 4062 4062 4062 4062
9 1683292257 177 3706 3681 3660 3596 3638 3638 3606 31 4061 4061 4061 4061 4061 4061 4061
10 1683292257 126 3706 3680 3659 3595 3638 3637 3606 32 4063 4062 4062 4062 4062 4062 4062
11 1683292257 171 3707 3681 3661 3596 3639 3639 3607 31 4061 4061 4061 4061 4061 4061 4061
12 1683292257 167 3706 3680 3659 3596 3638 3637 3605 31 4063 4062 4062 4062 4062 4062 4062
13 1683292257 148 3705 3681 3660 3596 3638 3638 3606 31 4063 4062 4062 4062 4062 4062 4062
14 1683292257 150 3707 3682 3661 3596 3639 3639 3607 31 4063 4062 4062 4062 4062 4062 4062
15 1683292257 171 3706 3681 3660 3595 3637 3637 3605 31 4063 4062 4062 4062 4062 4062 4062
16 1683292258 166 3706 3681 3661 3596 3639 3638 3607 31 4063 4063 4063 4063 4063 4063 4063
17 1683292258 160 3706 3681 3660 3596 3638 3639 3606 31 4063 4062 4062 4062 4062 4062 4062
18 1683292258 162 3706 3681 3661 3596 3639 3639 3607 31 4063 4063 4063 4063 4063 4063 4063
19 1683292258 165 3706 3681 3660 3596 3639 3638 3606 31 4061 4061 4061 4061 4061 4061 4061
20 1683292258 154 3706 3681 3661 3596 3638 3638 3607 31 4063 4062 4062 4062 4062 4062 4062
21 1683292258 164 3708 3682 3661 3597 3640 3639 3607 31 4061 4061 4061 4061 4061 4061 4061
22 1683292258 154 3706 3681 3660 3595 3638 3638 3606 31 4063 4063 4063 4063 4063 4063 4063
23 1683292258 175 3706 3681 3660 3596 3638 3638 3606 31 4063 4062 4062 4062 4062 4062 4062
24 1683292258 140 3707 3682 3660 3596 3639 3639 3607 31 4061 4061 4061 4061 4061 4061 4061
25 1683292258 166 3706 3681 3660 3596 3639 3638 3607 31 4063 4062 4062 4062 4062 4062 4062
26 1683292258 155 3707 3681 3661 3596 3639 3638 3606 31 4063 4063 4063 4063 4063 4063 4063
27 1683292258 147 3707 3681 3660 3595 3638 3638 3606 31 4061 4061 4061 4061 4061 4061 4061
28 1683292259 167 3706 3681 3660 3596 3639 3639 3607 31 4063 4062 4062 4062 4062 4062 4062
29 1683292259 149 3707 3682 3661 3597 3639 3638 3607 31 4063 4062 4062 4062 4062 4062 4062
30 1683292259 173 3707 3681 3660 3596 3639 3638 3606 31 4063 4062 4062 4062 4062 4062 4062
31 1683292259 171 3707 3681 3661 3596 3639 3639 3607 31 4061 4061 4061 4061 4061 4061 4061
32 1683292259 168 3708 3682 3661 3597 3639 3639 3607 31 4063 4062 4062 4062 4062 4062 4062
33 1683292259 159 3706 3681 3660 3596 3638 3637 3606 31 4063 4063 4063 4063 4063 4063 4063
34 1683292259 148 3707 3681 3661 3597 3639 3639 3607 31 4063 4063 4063 4063 4063 4063 4063
35 1683292259 154 3706 3681 3660 3596 3639 3638 3606 31 4063 4062 4062 4062 4062 4062 4062
36 1683292259 171 3707 3682 3661 3597 3640 3640 3608 31 4063 4063 4063 4063 4063 4063 4063
37 1683292259 162 3707 3681 3661 3596 3639 3639 3607 31 4063 4062 4062 4062 4062 4062 4062
38 1683292259 175 3707 3681 3661 3597 3639 3639 3607 31 4061 4061 4061 4061 4061 4061 4061
39 1683292259 160 3707 3682 3660 3597 3639 3639 3607 31 4061 4061 4061 4061 4061 4061 4061
40 1683292259 182 3707 3682 3661 3596 3639 3638 3607 31 4063 4063 4063 4063 4063 4063 4063
41 1683292259 173 3707 3682 3661 3597 3639 3639 3607 31 4063 4062 4062 4062 4062 4062 4062
42 1683292259 160 3707 3682 3661 3596 3639 3638 3606 31 4063 4062 4062 4062 4062 4062 4062
43 1683292260 153 3707 3682 3660 3596 3639 3638 3607 31 4063 4062 4062 4062 4062 4062 4062
44 1683292260 153 3706 3681 3660 3596 3639 3639 3607 31 4063 4062 4062 4062 4062 4062 4062
45 1683292260 164 3705 3682 3661 3596 3639 3639 3606 31 4063 4063 4063 4063 4063 4063 4063
46 1683292260 156 3706 3681 3660 3596 3638 3637 3606 31 4063 4063 4063 4063 4063 4063 4063
47 1683292260 161 3707 3681 3660 3597 3639 3638 3607 31 4063 4063 4063 4063 4063 4063 4063
48 1683292260 164 3706 3681 3661 3596 3638 3638 3607 31 4063 4062 4062 4062 4062 4062 4062
49 1683292261 171 3707 3682 3661 3597 3639 3639 3607 31 4063 4063 4063 4063 4063 4063 4063
50 1683292261 172 3707 3682 3662 3598 3640 3640 3608 31 4061 4061 4061 4061 4061 4061 4061
51 1683292261 157 3707 3682 3661 3596 3638 3639 3607 31 4063 4062 4062 4062 4062 4062 4062
52 1683292261 157 3706 3681 3660 3596 3638 3638 3606 31 4063 4062 4062 4062 4062 4062 4062
53 1683292261 150 3707 3682 3662 3597 3640 3639 3607 31 4063 4062 4062 4062 4062 4062 4062
54 1683292261 159 3707 3682 3661 3597 3639 3639 3608 31 4061 4061 4061 4061 4061 4061 4061
55 1683292262 167 3707 3681 3660 3596 3638 3638 3606 31 4063 4062 4062 4062 4062 4062 4062
56 1683292262 173 3708 3683 3662 3597 3640 3639 3608 31 4063 4062 4062 4062 4062 4062 4062
57 1683292262 180 3707 3682 3662 3597 3639 3639 3607 31 4062 4062 4062 4062 4062 4062 4062
58 1683292262 144 3707 3682 3661 3597 3639 3639 3607 31 4063 4062 4062 4062 4062 4062 4062
59 1683292262 148 3707 3682 3660 3596 3639 3639 3607 31 4061 4061 4061 4061 4061 4061 4061
60 1683292262 151 3706 3682 3661 3596 3639 3639 3607 31 4061 4061 4061 4061 4061 4061 4061
61 1683292262 155 3707 3682 3661 3597 3639 3639 3607 31 4063 4063 4063 4063 4063 4063 4063
62 1683292263 146 3707 3682 3661 3596 3639 3638 3607 31 4063 4062 4062 4062 4062 4062 4062
63 1683292263 192 3707 3682 3661 3597 3640 3639 3607 31 4061 4061 4061 4061 4061 4061 4061
64 1683292263 151 3708 3683 3661 3597 3639 3639 3607 31 4063 4063 4063 4063 4063 4063 4063
65 1683292263 165 3707 3682 3661 3597 3639 3639 3607 31 4063 4063 4063 4063 4063 4063 4063
66 1683292263 179 3708 3682 3661 3596 3639 3638 3606 31 4063 4062 4062 4062 4062 4062 4062
67 1683292263 188 3706 3682 3661 3596 3638 3639 3607 31 4063 4062 4062 4062 4062 4062 4062
68 1683292264 148 3707 3683 3661 3597 3640 3639 3607 31 4063 4062 4062 4062 4062 4062 4062
69 1683292264 171 3707 3682 3661 3597 3639 3639 3607 31 4063 4063 4063 4063 4063 4063 4063
70 1683292264 164 3707 3682 3661 3596 3639 3639 3607 31 4063 4062 4062 4062 4062 4062 4062
71 1683292264 153 3705 3680 3659 3595 3637 3637 3605 31 4061 4061 4061 4061 4061 4061 4061
72 1683292264 156 3706 3680 3659 3595 3637 3637 3605 31 4063 4062 4062 4062 4062 4062 4062
73 1683292265 162 3705 3680 3659 3595 3637 3637 3605 31 4061 4061 4061 4061 4061 4061 4061
74 1683292265 163 3705 3680 3659 3595 3637 3637 3605 31 4061 4061 4061 4061 4061 4061 4061
75 1683292265 188 3705 3680 3659 3595 3637 3637 3605 31 4063 4062 4062 4062 4062 4062 4062
76 1683292265 195 3705 3680 3659 3595 3637 3637 3605 31 4063 4063 4063 4063 4063 4063 4063
77 1683292265 161 3705 3680 3659 3595 3638 3638 3606 31 4063 4062 4062 4062 4062 4062 4062
78 1683292265 138 3704 3681 3660 3596 3638 3638 3606 31 4063 4062 4062 4062 4062 4062 4062
79 1683292265 157 3703 3680 3659 3595 3637 3637 3606 31 4063 4062 4062 4062 4062 4062 4062
80 1683292265 152 3705 3680 3659 3594 3637 3637 3605 31 4061 4061 4061 4061 4061 4061 4061
81 1683292265 143 3705 3680 3659 3595 3637 3636 3605 31 4063 4063 4063 4063 4063 4063 4063
82 1683292265 161 3706 3681 3659 3595 3637 3637 3605 31 4061 4061 4061 4061 4061 4061 4061
83 1683292266 157 228 135 153 196 3637 1476 3607 31 4063 4063 4063 4063 4063 4063 4063
84 1683292266 163 3705 3680 3659 3595 3638 3637 3605 31 4063 4062 4062 4062 4062 4062 4062
85 1683292266 138 3705 3680 3659 3594 3637 3637 3605 31 4063 4063 4063 4063 4063 4063 4063
86 1683292266 161 3706 3681 3660 3595 3638 3637 3605 31 4063 4062 4062 4062 4062 4062 4062
87 1683292266 148 3705 3680 3659 3594 3637 3637 3604 31 4063 4062 4062 4062 4062 4062 4062
88 1683292266 172 3705 3680 3659 3595 3638 3637 3606 31 4061 4061 4061 4061 4061 4061 4061
89 1683292267 159 3706 3680 3659 3596 3638 3638 3606 31 4063 4062 4062 4062 4062 4062 4062
90 1683292267 162 3704 3679 3658 3594 3636 3636 3604 31 4061 4061 4061 4061 4061 4061 4061
91 1683292267 144 3705 3680 3660 3594 3637 3636 3605 31 4061 4061 4061 4061 4061 4061 4061
92 1683292267 137 3705 3680 3659 3594 3637 3636 3604 31 4063 4062 4062 4062 4062 4062 4062
93 1683292267 146 3705 3680 3658 3594 3637 3637 3606 31 4063 4062 4062 4062 4062 4062 4062
94 1683292267 149 3705 3680 3660 3595 3637 3637 3605 31 4063 4062 4062 4062 4062 4062 4062
95 1683292267 155 3706 3681 3660 3596 3638 3638 3605 31 4063 4062 4062 4062 4062 4062 4062
96 1683292267 142 3704 3679 3659 3594 3637 3637 3604 31 4063 4062 4062 4062 4062 4062 4062
97 1683292268 173 3705 3680 3660 3595 3638 3638 3606 31 4063 4062 4062 4062 4062 4062 4062
98 1683292268 147 3705 3680 3659 3595 3637 3637 3606 31 4063 4062 4062 4062 4062 4062 4062
99 1683292268 163 3706 3681 3660 3596 3638 3638 3606 31 4063 4062 4062 4062 4062 4062 4062
100 1683292268 165 3705 3680 3660 3595 3637 3637 3605 31 4063 4062 4062 4062 4062 4062 4062
101 1683292268 142 3705 3680 3659 3595 3638 3638 3606 31 4063 4062 4062 4062 4062 4062 4062
102 1683292268 154 3704 3679 3659 3594 3637 3637 3605 31 4063 4062 4062 4062 4062 4062 4062
103 1683292268 170 3705 3679 3658 3594 3637 3637 3605 31 4063 4062 4062 4062 4062 4062 4062
104 1683292268 149 3706 3680 3659 3595 3639 3638 3606 31 4061 4061 4061 4061 4061 4061 4061
105 1683292268 161 3705 3680 3659 3595 3638 3637 3605 31 4063 4063 4063 4063 4063 4063 4063
106 1683292268 175 3706 3681 3660 3596 3638 3638 3606 31 4063 4062 4062 4062 4062 4062 4062
107 1683292268 169 3705 3679 3659 3595 3638 3637 3606 31 4061 4061 4061 4061 4061 4061 4061
108 1683292268 156 3706 3681 3661 3596 3639 3639 3606 31 4061 4061 4061 4061 4061 4061 4061
109 1683292268 152 3705 3680 3659 3595 3637 3637 3605 31 4063 4063 4063 4063 4063 4063 4063
110 1683292268 170 3706 3681 3660 3595 3638 3637 3605 31 4063 4063 4063 4063 4063 4063 4063
111 1683292269 148 3706 3681 3660 3595 3638 3638 3606 31 4063 4062 4062 4062 4062 4062 4062
112 1683292269 151 3706 3680 3660 3595 3638 3638 3606 31 4063 4063 4063 4063 4063 4063 4063
113 1683292269 161 3705 3680 3659 3594 3637 3636 3605 31 4063 4062 4062 4062 4062 4062 4062
114 1683292269 171 3706 3680 3659 3595 3637 3638 3606 31 4063 4062 4062 4062 4062 4062 4062
115 1683292269 155 3705 3680 3659 3595 3637 3637 3605 31 4061 4061 4061 4061 4061 4061 4061
116 1683292270 154 3706 3681 3660 3595 3638 3638 3606 31 4063 4062 4062 4062 4062 4062 4062
117 1683292270 160 3705 3681 3660 3596 3638 3637 3606 31 4061 4061 4061 4061 4061 4061 4061
118 1683292270 151 3704 3679 3658 3594 3637 3637 3605 31 4063 4063 4063 4063 4063 4063 4063
119 1683292270 151 3705 3680 3659 3594 3637 3637 3605 31 4063 4062 4062 4062 4062 4062 4062
120 1683292270 150 3706 3681 3660 3595 3638 3638 3606 31 4063 4062 4062 4062 4062 4062 4062
121 1683292270 162 3706 3681 3660 3596 3638 3638 3606 31 4063 4062 4062 4062 4062 4062 4062
122 1683292270 146 3706 3681 3660 3596 3639 3638 3606 31 4061 4061 4061 4061 4061 4061 4061
123 1683292270 155 3707 3682 3661 3596 3639 3638 3607 31 4063 4062 4062 4062 4062 4062 4062
124 1683292270 158 3706 3681 3660 3596 3638 3638 3606 31 4059 4059 4059 4059 4059 4059 4059
125 1683292270 160 3705 3680 3659 3595 3638 3638 3606 31 4063 4062 4062 4062 4062 4062 4062
126 1683292270 151 3707 3681 3660 3596 3639 3638 3606 31 4063 4063 4063 4063 4063 4063 4063
127 1683292270 154 3706 3680 3659 3596 3638 3638 3606 31 4063 4062 4062 4062 4062 4062 4062
128 1683292270 158 3706 3680 3659 3595 3638 3637 3606 31 4063 4063 4063 4063 4063 4063 4063
129 1683292271 153 3706 3680 3660 3596 3638 3638 3606 31 4061 4061 4061 4061 4061 4061 4061
130 1683292271 155 3705 3680 3659 3595 3637 3637 3605 31 4063 4062 4062 4062 4062 4062 4062
131 1683292271 149 3706 3681 3660 3595 3638 3638 3606 31 4061 4061 4061 4061 4061 4061 4061
132 1683292271 154 3706 3681 3661 3596 3639 3638 3606 31 4063 4062 4062 4062 4062 4062 4062
133 1683292271 158 3707 3681 3661 3597 3639 3638 3606 31 4061 4061 4061 4061 4061 4061 4061
134 1683292271 124 3706 3681 3661 3596 3638 3638 3605 31 4063 4062 4062 4062 4062 4062 4062
135 1683292271 155 3705 3680 3659 3595 3638 3638 3606 31 4061 4061 4061 4061 4061 4061 4061
136 1683292271 166 3706 3682 3660 3596 3638 3639 3606 31 4063 4062 4062 4062 4062 4062 4062
137 1683292272 151 3705 3681 3660 3595 3638 3638 3606 31 4061 4061 4061 4061 4061 4061 4061
138 1683292272 150 3707 3681 3660 3595 3638 3638 3606 31 4063 4063 4063 4063 4063 4063 4063
139 1683292272 142 3706 3681 3660 3596 3639 3639 3606 31 4061 4061 4061 4061 4061 4061 4061
140 1683292272 150 3706 3682 3661 3596 3639 3639 3607 31 4063 4063 4063 4063 4063 4063 4063
141 1683292272 152 3705 3681 3661 3596 3639 3638 3607 31 4061 4061 4061 4061 4061 4061 4061
142 1683292272 161 3706 3681 3660 3596 3638 3638 3606 31 4063 4062 4062 4062 4062 4062 4062
143 1683292272 158 3707 3681 3661 3596 3638 3638 3606 31 4063 4063 4063 4063 4063 4063 4063
144 1683292272 166 3706 3680 3660 3596 3638 3638 3606 31 4063 4063 4063 4063 4063 4063 4063
145 1683292272 173 3706 3682 3661 3596 3638 3638 3606 31 4063 4062 4062 4062 4062 4062 4062
146 1683292272 156 3706 3681 3659 3595 3638 3637 3606 31 4061 4061 4061 4061 4061 4061 4061
147 1683292272 152 3706 3681 3660 3596 3638 3638 3606 31 4061 4061 4061 4061 4061 4061 4061
148 1683292273 156 3706 3681 3659 3596 3638 3638 3606 31 4063 4062 4062 4062 4062 4062 4062
149 1683292273 146 3706 3681 3661 3596 3638 3638 3606 31 4063 4063 4063 4063 4063 4063 4063
150 1683292273 129 3705 3680 3659 3595 3637 3637 3605 31 4063 4063 4063 4063 4063 4063 4063
151 1683292273 156 3707 3682 3661 3596 3639 3638 3607 31 4063 4062 4062 4062 4062 4062 4062
152 1683292273 149 3708 3682 3661 3597 3639 3639 3607 31 4061 4061 4061 4061 4061 4061 4061
153 1683292273 150 3707 3682 3661 3596 3639 3639 3607 31 4063 4062 4062 4062 4062 4062 4062
154 1683292273 166 3708 3682 3662 3597 3639 3639 3607 32 4063 4063 4063 4063 4063 4063 4063
155 1683292273 167 3707 3682 3661 3597 3639 3639 3607 31 4063 4062 4062 4062 4062 4062 4062
156 1683292274 169 3706 3682 3660 3596 3639 3639 3607 31 4063 4062 4062 4062 4062 4062 4062
157 1683292274 152 3707 3682 3661 3597 3639 3639 3607 31 4063 4063 4063 4063 4063 4063 4063
158 1683292274 152 3707 3682 3661 3597 3639 3639 3607 31 4063 4063 4063 4063 4063 4063 4063
159 1683292274 169 3706 3681 3660 3596 3638 3638 3606 31 4063 4062 4062 4062 4062 4062 4062
160 1683292274 155 3706 3681 3660 3595 3639 3638 3607 31 4061 4061 4061 4061 4061 4061 4061
161 1683292274 151 3706 3681 3660 3596 3638 3638 3607 31 4063 4063 4063 4063 4063 4063 4063
162 1683292274 165 3707 3682 3660 3596 3639 3638 3607 31 4063 4062 4062 4062 4062 4062 4062
163 1683292274 147 3707 3682 3661 3597 3639 3639 3606 31 4061 4061 4061 4061 4061 4061 4061
164 1683292274 135 3706 3681 3660 3595 3639 3639 3606 31 4063 4062 4062 4062 4062 4062 4062
165 1683292275 150 3707 3682 3660 3596 3638 3638 3606 31 4063 4062 4062 4062 4062 4062 4062
166 1683292275 164 3707 3682 3661 3596 3639 3638 3606 31 4063 4062 4062 4062 4062 4062 4062
167 1683292275 150 3707 3682 3661 3597 3639 3640 3608 31 4061 4061 4061 4061 4061 4061 4061
168 1683292275 161 3706 3681 3660 3596 3639 3638 3606 31 4063 4063 4063 4063 4063 4063 4063
169 1683292275 175 3706 3681 3660 3596 3638 3638 3606 31 4061 4061 4061 4061 4061 4061 4061
170 1683292275 153 3707 3682 3661 3597 3639 3639 3607 31 4063 4062 4062 4062 4062 4062 4062
171 1683292275 139 3707 3682 3661 3597 3639 3639 3607 31 4063 4062 4062 4062 4062 4062 4062
172 1683292275 150 3707 3683 3661 3597 3639 3639 3608 31 4063 4063 4063 4063 4063 4063 4063
173 1683292275 157 3708 3683 3662 3598 3640 3639 3608 31 4063 4062 4062 4062 4062 4062 4062
174 1683292275 154 3706 3681 3660 3595 3638 3638 3606 31 4061 4061 4061 4061 4061 4061 4061
175 1683292275 157 3707 3681 3660 3597 3639 3639 3608 31 4063 4062 4062 4062 4062 4062 4062
176 1683292275 187 3706 3681 3660 3596 3638 3638 3606 31 4063 4062 4062 4062 4062 4062 4062
177 1683292275 158 3708 3682 3662 3597 3639 3639 3608 31 4063 4062 4062 4062 4062 4062 4062
178 1683292275 167 3708 3682 3661 3597 3640 3639 3608 31 4063 4062 4062 4062 4062 4062 4062
179 1683292276 145 3707 3681 3661 3596 3639 3639 3607 31 4063 4062 4062 4062 4062 4062 4062
180 1683292276 144 3706 3681 3660 3596 3639 3639 3607 31 4063 4062 4062 4062 4062 4062 4062
181 1683292276 142 3707 3682 3662 3597 3639 3639 3607 31 4063 4062 4062 4062 4062 4062 4062
182 1683292276 160 3706 3681 3660 3596 3638 3638 3606 31 4063 4062 4062 4062 4062 4062 4062
183 1683292276 146 3707 3682 3661 3597 3639 3639 3607 31 4063 4062 4062 4062 4062 4062 4062
184 1683292276 196 3707 3682 3661 3597 3639 3640 3608 31 4061 4061 4061 4061 4061 4061 4061
185 1683292276 149 3707 3682 3661 3596 3638 3638 3606 31 4061 4061 4061 4061 4061 4061 4061
186 1683292276 166 3708 3682 3661 3597 3640 3639 3608 31 4063 4062 4062 4062 4062 4062 4062
187 1683292276 151 3707 3682 3661 3597 3639 3639 3607 31 4061 4061 4061 4061 4061 4061 4061
188 1683292277 152 3706 3682 3661 3597 3639 3639 3607 31 4063 4063 4063 4063 4063 4063 4063
189 1683292277 152 3707 3682 3661 3597 3639 3639 3607 31 4063 4062 4062 4062 4062 4062 4062
190 1683292277 149 3708 3682 3661 3596 3639 3639 3607 31 4063 4062 4062 4062 4062 4062 4062
191 1683292277 142 3707 3682 3661 3597 3640 3639 3607 31 4062 4062 4062 4062 4062 4062 4062
192 1683292277 158 3707 3682 3661 3597 3639 3639 3607 31 4063 4062 4062 4062 4062 4062 4062
193 1683292277 145 3707 3682 3661 3597 3639 3639 3607 31 4061 4061 4061 4061 4061 4061 4061
194 1683292277 154 3707 3682 3661 3596 3639 3639 3607 31 4063 4062 4062 4062 4062 4062 4062
195 1683292277 152 3708 3683 3662 3598 3640 3640 3608 31 4063 4062 4062 4062 4062 4062 4062
196 1683292277 150 3706 3682 3661 3596 3639 3638 3607 31 4061 4061 4061 4061 4061 4061 4061
197 1683292277 167 3708 3682 3661 3597 3640 3639 3607 31 4063 4062 4062 4062 4062 4062 4062
198 1683292278 150 3708 3682 3662 3597 3639 3639 3607 31 4063 4062 4062 4062 4062 4062 4062
199 1683292278 159 3707 3682 3661 3596 3639 3639 3607 31 4063 4062 4062 4062 4062 4062 4062
200 1683292278 168 3708 3683 3662 3598 3640 3639 3607 31 4063 4063 4063 4063 4063 4063 4063
201 1683292278 156 3707 3682 3661 3597 3640 3639 3607 31 4063 4063 4063 4063 4063 4063 4063
202 1683292278 163 3708 3683 3662 3598 3640 3640 3607 31 4061 4061 4061 4061 4061 4061 4061
203 1683292278 179 3707 3683 3662 3597 3640 3640 3608 31 4063 4063 4063 4063 4063 4063 4063
204 1683292278 154 3706 3681 3660 3596 3639 3638 3607 31 4063 4063 4063 4063 4063 4063 4063
205 1683292278 152 3705 3681 3661 3597 3639 3639 3607 31 4063 4062 4062 4062 4062 4062 4062
206 1683292278 147 3708 3682 3661 3597 3639 3639 3607 31 4063 4062 4062 4062 4062 4062 4062
207 1683292279 129 3707 3682 3661 3597 3640 3639 3607 31 4063 4062 4062 4062 4062 4062 4062
208 1683292279 159 3707 3682 3661 3597 3639 3639 3607 31 4063 4063 4063 4063 4063 4063 4063
209 1683292279 162 3707 3682 3661 3596 3639 3639 3607 31 4063 4062 4062 4062 4062 4062 4062
210 1683292279 161 3708 3682 3662 3597 3640 3640 3608 31 4063 4062 4062 4062 4062 4062 4062
211 1683292279 157 3707 3683 3661 3597 3640 3640 3608 31 4063 4062 4062 4062 4062 4062 4062
212 1683292279 156 3707 3681 3661 3596 3639 3639 3607 31 4063 4062 4062 4062 4062 4062 4062
213 1683292279 146 3706 3682 3660 3596 3638 3638 3607 31 4063 4063 4063 4063 4063 4063 4063
214 1683292279 167 3708 3683 3662 3598 3640 3640 3608 31 4063 4062 4062 4062 4062 4062 4062
215 1683292279 155 3707 3682 3662 3597 3639 3639 3607 31 4061 4061 4061 4061 4061 4061 4061
216 1683292280 154 3708 3683 3662 3597 3640 3640 3608 31 4063 4062 4062 4062 4062 4062 4062
217 1683292280 148 3708 3682 3662 3597 3639 3639 3608 31 4061 4061 4061 4061 4061 4061 4061
218 1683292280 143 3708 3682 3661 3597 3639 3639 3607 31 4063 4063 4063 4063 4063 4063 4063
219 1683292280 98 3707 3682 3661 3597 3639 3639 3607 31 4063 4062 4062 4062 4062 4062 4062
220 1683292280 158 3706 3682 3661 3596 3639 3639 3607 31 4061 4061 4061 4061 4061 4061 4061
221 1683292280 157 3707 3682 3661 3597 3640 3639 3607 31 4063 4062 4062 4062 4062 4062 4062
222 1683292280 144 3708 3682 3661 3597 3639 3638 3606 31 4063 4062 4062 4062 4062 4062 4062
223 1683292280 149 3707 3682 3662 3597 3639 3639 3607 31 4063 4063 4063 4063 4063 4063 4063
224 1683292280 162 3707 3682 3661 3597 3639 3639 3607 31 4063 4063 4063 4063 4063 4063 4063
225 1683292280 162 3708 3683 3662 3598 3640 3640 3609 31 4063 4063 4063 4063 4063 4063 4063
226 1683292280 154 3708 3683 3662 3598 3640 3640 3608 31 4063 4062 4062 4062 4062 4062 4062
227 1683292280 159 3707 3682 3661 3597 3640 3639 3607 31 4061 4061 4061 4061 4061 4061 4061
228 1683292281 163 3708 3683 3661 3597 3639 3639 3607 31 4061 4061 4061 4061 4061 4061 4061
229 1683292281 174 3708 3683 3662 3598 3640 3640 3608 31 4063 4062 4062 4062 4062 4062 4062
230 1683292281 147 3708 3682 3661 3597 3640 3639 3608 31 4063 4062 4062 4062 4062 4062 4062
231 1683292281 163 3709 3683 3662 3598 3640 3640 3608 31 4061 4061 4061 4061 4061 4061 4061
232 1683292281 173 3707 3682 3661 3596 3639 3639 3607 31 4062 4062 4062 4062 4062 4062 4062
233 1683292281 197 3707 3682 3661 3596 3639 3639 3607 31 4063 4063 4063 4063 4063 4063 4063
234 1683292281 137 3708 3682 3661 3597 3640 3639 3608 31 4061 4061 4061 4061 4061 4061 4061
235 1683292281 186 3707 3683 3662 3598 3640 3640 3608 31 4063 4062 4062 4062 4062 4062 4062
236 1683292281 146 3708 3683 3662 3597 3640 3640 3608 31 4063 4063 4063 4063 4063 4063 4063
237 1683292281 154 3706 3681 3661 3597 3639 3639 3607 31 4063 4063 4063 4063 4063 4063 4063
238 1683292282 152 3707 3682 3662 3597 3639 3640 3607 31 4063 4062 4062 4062 4062 4062 4062
239 1683292282 162 3708 3684 3662 3598 3641 3640 3608 31 4063 4063 4063 4063 4063 4063 4063
240 1683292282 160 3708 3683 3663 3598 3640 3640 3608 31 4063 4062 4062 4062 4062 4062 4062
241 1683292282 185 3709 3684 3663 3598 3641 3640 3608 31 4063 4062 4062 4062 4062 4062 4062
242 1683292282 148 3708 3683 3662 3598 3640 3640 3608 31 4063 4063 4063 4063 4063 4063 4063
243 1683292282 148 3708 3683 3662 3598 3640 3639 3608 31 4063 4062 4062 4062 4062 4062 4062
244 1683292282 160 3708 3683 3662 3597 3640 3640 3608 31 4063 4062 4062 4062 4062 4062 4062
245 1683292282 179 3709 3683 3662 3598 3640 3640 3608 31 4063 4062 4062 4062 4062 4062 4062
246 1683292283 161 3708 3683 3662 3598 3640 3640 3608 31 4063 4063 4063 4063 4063 4063 4063
247 1683292283 146 3708 3683 3662 3598 3640 3640 3608 31 4063 4062 4062 4062 4062 4062 4062
248 1683292283 170 3708 3683 3662 3597 3639 3640 3608 31 4063 4062 4062 4062 4062 4062 4062
249 1683292283 169 3708 3683 3662 3597 3640 3640 3608 31 4063 4062 4062 4062 4062 4062 4062
250 1683292283 162 3708 3683 3662 3598 3640 3640 3608 31 4063 4063 4063 4063 4063 4063 4063
251 1683292283 156 3707 3683 3662 3598 3640 3640 3608 31 4061 4061 4061 4061 4061 4061 4061
252 1683292283 175 3708 3683 3662 3598 3640 3640 3608 31 4063 4063 4063 4063 4063 4063 4063
253 1683292283 161 3708 3683 3662 3597 3640 3640 3608 31 4063 4063 4063 4063 4063 4063 4063
254 1683292283 155 3708 3683 3662 3597 3640 3640 3608 31 4061 4061 4061 4061 4061 4061 4061
255 1683292283 158 3708 3683 3662 3598 3641 3640 3608 31 4061 4061 4061 4061 4061 4061 4061
256 1683292283 146 3707 3682 3661 3597 3640 3639 3607 31 4063 4062 4062 4062 4062 4062 4062
257 1683292284 162 3708 3683 3662 3597 3640 3640 3607 31 4063 4062 4062 4062 4062 4062 4062
258 1683292284 153 3707 3682 3661 3596 3639 3639 3607 31 4063 4063 4063 4063 4063 4063 4063
259 1683292284 146 3708 3683 3662 3598 3640 3640 3608 31 4063 4062 4062 4062 4062 4062 4062
260 1683292284 180 3709 3684 3663 3599 3641 3641 3608 31 4063 4062 4062 4062 4062 4062 4062
261 1683292284 173 3709 3684 3663 3598 3641 3641 3609 31 4063 4062 4062 4062 4062 4062 4062
262 1683292284 155 3708 3683 3662 3598 3640 3640 3608 31 4063 4062 4062 4062 4062 4062 4062
263 1683292284 159 3708 3683 3662 3597 3640 3640 3608 31 4063 4062 4062 4062 4062 4062 4062
264 1683292284 153 3709 3683 3663 3598 3640 3640 3608 31 4063 4063 4063 4063 4063 4063 4063
265 1683292284 172 3709 3683 3662 3598 3641 3640 3608 31 4063 4063 4063 4063 4063 4063 4063
266 1683292284 174 3708 3683 3662 3597 3640 3640 3608 31 4063 4063 4063 4063 4063 4063 4063
267 1683292284 156 3707 3684 3663 3598 3640 3640 3608 31 4063 4062 4062 4062 4062 4062 4062
268 1683292284 162 3710 3684 3663 3598 3641 3641 3608 31 4061 4061 4061 4061 4061 4061 4061
269 1683292284 152 3708 3683 3662 3597 3640 3639 3607 31 4063 4062 4062 4062 4062 4062 4062
270 1683292284 158 3709 3684 3663 3598 3641 3641 3609 31 4063 4062 4062 4062 4062 4062 4062
271 1683292285 164 3708 3683 3662 3598 3640 3640 3608 31 4061 4061 4061 4061 4061 4061 4061
272 1683292285 152 3708 3683 3663 3598 3641 3641 3609 31 4063 4062 4062 4062 4062 4062 4062
273 1683292285 142 3709 3683 3662 3598 3640 3641 3609 31 4063 4062 4062 4062 4062 4062 4062
274 1683292285 156 3709 3684 3663 3599 3641 3641 3609 31 4063 4062 4062 4062 4062 4062 4062
275 1683292285 144 3707 3683 3662 3598 3640 3640 3608 31 4063 4062 4062 4062 4062 4062 4062
276 1683292285 142 3708 3683 3662 3598 3640 3640 3608 31 4063 4063 4063 4063 4063 4063 4063
277 1683292285 160 3709 3683 3662 3598 3640 3640 3608 31 4063 4063 4063 4063 4063 4063 4063
278 1683292285 158 3709 3684 3663 3599 3641 3641 3609 31 4063 4062 4062 4062 4062 4062 4062
279 1683292286 167 3708 3683 3662 3598 3640 3640 3608 31 4063 4062 4062 4062 4062 4062 4062
280 1683292286 138 3709 3684 3663 3598 3641 3640 3608 31 4063 4063 4063 4063 4063 4063 4063
281 1683292286 129 3709 3684 3663 3598 3641 3641 3608 31 4063 4062 4062 4062 4062 4062 4062
282 1683292286 167 3708 3684 3662 3598 3641 3641 3608 31 4063 4062 4062 4062 4062 4062 4062
283 1683292286 175 3708 3683 3662 3598 3640 3640 3608 31 4061 4061 4061 4061 4061 4061 4061
284 1683292286 146 3708 3683 3662 3597 3640 3640 3608 31 4063 4062 4062 4062 4062 4062 4062
285 1683292286 133 3709 3684 3663 3599 3641 3641 3610 31 4062 4062 4062 4062 4062 4062 4062
286 1683292286 150 3708 3683 3662 3597 3640 3640 3608 31 4063 4062 4062 4062 4062 4062 4062
287 1683292286 151 3707 3682 3662 3597 3640 3640 3608 31 4063 4062 4062 4062 4062 4062 4062
288 1683292286 143 3709 3684 3663 3599 3642 3642 3609 31 4063 4062 4062 4062 4062 4062 4062
289 1683292286 167 3708 3683 3662 3598 3641 3640 3609 31 4063 4062 4062 4062 4062 4062 4062
290 1683292286 177 3708 3683 3662 3598 3641 3641 3608 31 4063 4063 4063 4063 4063 4063 4063
291 1683292287 163 3707 3683 3662 3598 3640 3640 3608 31 4063 4062 4062 4062 4062 4062 4062
292 1683292287 142 3708 3683 3662 3597 3640 3640 3608 31 4061 4061 4061 4061 4061 4061 4061
293 1683292287 150 3708 3683 3662 3598 3640 3640 3608 31 4063 4062 4062 4062 4062 4062 4062
294 1683292287 165 3708 3683 3662 3598 3640 3640 3609 31 4063 4062 4062 4062 4062 4062 4062
295 1683292287 148 3709 3684 3663 3598 3641 3641 3609 31 4063 4063 4063 4063 4063 4063 4063
296 1683292287 151 3709 3684 3663 3599 3642 3641 3609 31 4063 4062 4062 4062 4062 4062 4062
297 1683292287 150 3709 3684 3663 3599 3641 3641 3610 31 4063 4062 4062 4062 4062 4062 4062
298 1683292287 165 3708 3684 3663 3598 3640 3640 3608 31 4063 4062 4062 4062 4062 4062 4062
299 1683292287 170 3709 3683 3663 3598 3641 3640 3608 31 4063 4062 4062 4062 4062 4062 4062
300 1683292287 156 3709 3684 3662 3598 3640 3640 3609 31 4063 4062 4062 4062 4062 4062 4062
301 1683292287 160 3709 3684 3662 3598 3641 3640 3608 31 4063 4063 4063 4063 4063 4063 4063
302 1683292288 149 3709 3683 3663 3598 3640 3640 3609 31 4063 4063 4063 4063 4063 4063 4063
303 1683292288 184 3707 3683 3662 3598 3640 3640 3608 31 4063 4062 4062 4062 4062 4062 4062
304 1683292288 148 3708 3683 3662 3598 3640 3640 3608 31 4061 4061 4061 4061 4061 4061 4061
305 1683292288 131 3708 3683 3662 3598 3640 3640 3609 31 4063 4063 4063 4063 4063 4063 4063
306 1683292288 164 3708 3684 3662 3598 3641 3640 3609 31 4063 4062 4062 4062 4062 4062 4062
307 1683292288 155 3708 3683 3662 3598 3640 3640 3608 31 4061 4061 4061 4061 4061 4061 4061
308 1683292288 137 3709 3684 3663 3599 3642 3641 3609 31 4063 4062 4062 4062 4062 4062 4062
309 1683292288 170 3709 3684 3663 3599 3641 3641 3609 31 4061 4061 4061 4061 4061 4061 4061
310 1683292288 154 3708 3683 3662 3598 3640 3639 3608 31 4063 4062 4062 4062 4062 4062 4062
311 1683292288 155 3709 3684 3663 3598 3640 3641 3609 31 4063 4063 4063 4063 4063 4063 4063
312 1683292289 151 3709 3684 3663 3599 3642 3641 3610 31 4063 4063 4063 4063 4063 4063 4063
313 1683292289 151 3709 3684 3662 3598 3641 3641 3609 31 4063 4062 4062 4062 4062 4062 4062
314 1683292289 143 3708 3684 3663 3598 3642 3640 3609 31 4063 4063 4063 4063 4063 4063 4063
315 1683292289 164 3709 3684 3662 3598 3641 3640 3609 31 4063 4062 4062 4062 4062 4062 4062
316 1683292289 153 3708 3683 3662 3598 3640 3640 3609 31 4063 4062 4062 4062 4062 4062 4062
317 1683292289 158 3710 3684 3664 3599 3642 3641 3609 31 4063 4062 4062 4062 4062 4062 4062
318 1683292289 161 3708 3683 3663 3598 3641 3640 3608 31 4061 4061 4061 4061 4061 4061 4061
319 1683292290 164 3708 3683 3662 3598 3641 3640 3608 32 4063 4063 4063 4063 4063 4063 4063
320 1683292290 157 3709 3685 3663 3599 3642 3642 3610 31 4063 4062 4062 4062 4062 4062 4062
321 1683292290 160 3709 3684 3663 3598 3641 3641 3609 31 4063 4062 4062 4062 4062 4062 4062
322 1683292290 145 3710 3685 3664 3600 3642 3641 3609 31 4063 4062 4062 4062 4062 4062 4062
323 1683292290 154 3709 3684 3662 3599 3641 3641 3609 31 4063 4062 4062 4062 4062 4062 4062
324 1683292290 158 3710 3684 3663 3599 3641 3642 3609 31 4063 4062 4062 4062 4062 4062 4062
325 1683292290 171 3709 3684 3663 3599 3642 3641 3609 31 4063 4062 4062 4062 4062 4062 4062
326 1683292290 138 3708 3683 3663 3598 3640 3640 3609 31 4063 4062 4062 4062 4062 4062 4062
327 1683292290 158 3706 3681 3661 3596 3639 3638 3607 31 4063 4062 4062 4062 4062 4062 4062
328 1683292290 170 3708 3682 3662 3597 3640 3639 3607 31 4063 4062 4062 4062 4062 4062 4062
329 1683292290 172 3707 3682 3661 3597 3639 3639 3607 31 4063 4063 4063 4063 4063 4063 4063
330 1683292290 164 3708 3683 3661 3597 3639 3639 3607 31 4063 4062 4062 4062 4062 4062 4062
331 1683292290 164 3707 3681 3661 3596 3638 3638 3606 31 4063 4062 4062 4062 4062 4062 4062
332 1683292291 166 3706 3682 3661 3597 3640 3639 3607 31 4063 4062 4062 4062 4062 4062 4062
333 1683292291 149 3705 3681 3661 3597 3639 3639 3607 31 4061 4061 4061 4061 4061 4061 4061
334 1683292291 174 3707 3682 3661 3597 3640 3639 3607 31 4063 4062 4062 4062 4062 4062 4062
335 1683292291 145 3707 3682 3661 3597 3640 3640 3608 31 4063 4062 4062 4062 4062 4062 4062
336 1683292291 186 3706 3681 3661 3596 3639 3639 3607 31 4063 4063 4063 4063 4063 4063 4063
337 1683292291 154 3708 3682 3662 3597 3640 3640 3608 31 4063 4062 4062 4062 4062 4062 4062
338 1683292291 164 3708 3682 3661 3596 3639 3638 3606 31 4063 4063 4063 4063 4063 4063 4063
339 1683292291 163 3707 3681 3661 3597 3639 3639 3607 31 4063 4062 4062 4062 4062 4062 4062
340 1683292291 174 3706 3682 3661 3596 3639 3639 3607 31 4063 4063 4063 4063 4063 4063 4063
341 1683292291 164 3706 3681 3660 3596 3638 3638 3606 31 4063 4062 4062 4062 4062 4062 4062
342 1683292291 156 3706 3682 3661 3596 3639 3638 3607 31 4061 4061 4061 4061 4061 4061 4061
343 1683292291 150 3707 3682 3661 3596 3639 3639 3607 31 4061 4061 4061 4061 4061 4061 4061
344 1683292291 148 3707 3682 3661 3597 3640 3639 3607 31 4061 4061 4061 4061 4061 4061 4061
345 1683292292 163 3707 3681 3661 3596 3639 3639 3607 31 4063 4062 4062 4062 4062 4062 4062
346 1683292292 141 3708 3682 3661 3597 3640 3639 3607 31 4063 4062 4062 4062 4062 4062 4062
347 1683292292 141 3707 3682 3661 3596 3639 3639 3607 31 4063 4062 4062 4062 4062 4062 4062
348 1683292292 170 3707 3682 3661 3597 3639 3639 3607 31 4063 4063 4063 4063 4063 4063 4063
349 1683292292 153 3707 3681 3661 3597 3639 3638 3607 31 4063 4062 4062 4062 4062 4062 4062
350 1683292293 160 3707 3681 3661 3596 3638 3638 3607 31 4063 4062 4062 4062 4062 4062 4062
351 1683292293 159 3707 3682 3661 3596 3639 3639 3607 31 4063 4062 4062 4062 4062 4062 4062
352 1683292293 174 3707 3682 3661 3596 3638 3638 3606 31 4063 4062 4062 4062 4062 4062 4062
353 1683292293 148 3707 3682 3661 3596 3639 3639 3607 31 4061 4061 4061 4061 4061 4061 4061
354 1683292293 152 3707 3682 3661 3597 3639 3639 3607 31 4061 4061 4061 4061 4061 4061 4061
355 1683292293 165 3707 3682 3661 3597 3639 3639 3607 31 4063 4063 4063 4063 4063 4063 4063
356 1683292293 164 3708 3682 3661 3597 3639 3639 3607 31 4063 4062 4062 4062 4062 4062 4062
357 1683292293 138 3707 3682 3661 3596 3640 3639 3607 31 4063 4062 4062 4062 4062 4062 4062
358 1683292293 161 3707 3681 3661 3597 3639 3639 3607 31 4063 4063 4063 4063 4063 4063 4063
359 1683292293 145 3708 3682 3661 3596 3640 3639 3608 31 4063 4062 4062 4062 4062 4062 4062
360 1683292293 151 3707 3682 3661 3597 3639 3639 3607 31 4063 4062 4062 4062 4062 4062 4062
361 1683292293 174 3707 3682 3660 3596 3639 3639 3607 31 4063 4063 4063 4063 4063 4063 4063
362 1683292293 139 3708 3682 3661 3597 3640 3639 3607 31 4061 4061 4061 4061 4061 4061 4061
363 1683292294 165 3707 3682 3661 3597 3639 3639 3607 31 4063 4062 4062 4062 4062 4062 4062
364 1683292294 158 3706 3681 3660 3596 3638 3638 3606 31 4061 4061 4061 4061 4061 4061 4061
365 1683292294 155 3705 3680 3659 3595 3638 3638 3606 31 4061 4061 4061 4061 4061 4061 4061
366 1683292294 146 3706 3681 3660 3596 3639 3638 3606 31 4063 4063 4063 4063 4063 4063 4063
367 1683292294 158 3707 3682 3661 3597 3639 3638 3607 31 4063 4063 4063 4063 4063 4063 4063
368 1683292294 168 3708 3683 3662 3597 3639 3639 3607 31 4063 4063 4063 4063 4063 4063 4063
369 1683292295 174 3708 3682 3661 3597 3639 3639 3608 31 4061 4061 4061 4061 4061 4061 4061
370 1683292295 148 3708 3683 3662 3597 3640 3639 3607 31 4061 4061 4061 4061 4061 4061 4061
371 1683292295 151 3707 3682 3661 3597 3639 3639 3607 31 4063 4062 4062 4062 4062 4062 4062
372 1683292295 161 3708 3682 3661 3597 3639 3639 3607 31 4063 4062 4062 4062 4062 4062 4062
373 1683292295 166 3709 3684 3663 3599 3641 3641 1503 31 4063 4063 4063 4063 4063 4063 4063
374 1683292295 146 3706 3681 3660 3596 3638 3638 3607 31 4063 4063 4063 4063 4063 4063 4063
375 1683292295 154 3707 3682 3661 3597 3639 3639 3607 31 4063 4062 4062 4062 4062 4062 4062
376 1683292295 161 3707 3683 3661 3597 3639 3638 3607 31 4061 4061 4061 4061 4061 4061 4061
377 1683292295 166 3709 3683 3662 3597 3640 3639 3608 31 4061 4061 4061 4061 4061 4061 4061
378 1683292295 165 3707 3682 3661 3596 3639 3638 3607 31 4061 4061 4061 4061 4061 4061 4061
379 1683292295 161 3707 3682 3661 3597 3639 3639 3607 31 4063 4063 4063 4063 4063 4063 4063
380 1683292295 146 3708 3682 3661 3597 3639 3639 3607 31 4063 4063 4063 4063 4063 4063 4063
381 1683292295 165 3707 3682 3662 3597 3640 3639 3608 31 4063 4062 4062 4062 4062 4062 4062
382 1683292296 188 3708 3682 3662 3597 3640 3640 3608 31 4063 4063 4063 4063 4063 4063 4063
383 1683292296 127 3707 3682 3661 3597 3640 3640 3607 31 4062 4062 4062 4062 4062 4062 4062
384 1683292296 152 3707 3681 3661 3596 3638 3638 3607 31 4061 4061 4061 4061 4061 4061 4061
385 1683292296 157 3707 3682 3661 3596 3639 3639 3607 31 4063 4063 4063 4063 4063 4063 4063
386 1683292296 138 3709 3684 3663 3598 3641 3640 3608 31 4063 4062 4062 4062 4062 4062 4062
387 1683292296 154 3709 3684 3663 3599 3641 3641 3609 31 4063 4062 4062 4062 4062 4062 4062
388 1683292296 159 3708 3682 3662 3598 3640 3640 3608 31 4063 4062 4062 4062 4062 4062 4062
389 1683292296 176 3708 3683 3661 3597 3640 3640 3608 31 4063 4062 4062 4062 4062 4062 4062
390 1683292296 135 3707 3682 3661 3597 3639 3639 3607 31 4063 4063 4063 4063 4063 4063 4063
391 1683292296 154 3708 3682 3661 3597 3640 3640 3608 31 4063 4062 4062 4062 4062 4062 4062
392 1683292297 140 3706 3681 3660 3596 3638 3638 3606 31 4063 4062 4062 4062 4062 4062 4062
393 1683292297 159 3707 3682 3661 3597 3639 3639 3607 31 4063 4063 4063 4063 4063 4063 4063
394 1683292297 148 3708 3683 3662 3597 3640 3640 3608 31 4063 4062 4062 4062 4062 4062 4062
395 1683292297 153 3707 3682 3661 3597 3639 3639 3607 31 4063 4063 4063 4063 4063 4063 4063
396 1683292297 158 3706 3682 3661 3597 3640 3639 3607 31 4063 4062 4062 4062 4062 4062 4062
397 1683292297 175 3708 3682 3662 3597 3639 3639 3608 31 4063 4063 4063 4063 4063 4063 4063
398 1683292297 160 3708 3682 3662 3597 3640 3639 3607 31 4063 4062 4062 4062 4062 4062 4062
399 1683292297 183 3708 3682 3661 3597 3640 3639 3607 31 4063 4062 4062 4062 4062 4062 4062
400 1683292297 145 3708 3683 3662 3598 3640 3640 3608 31 4063 4062 4062 4062 4062 4062 4062
401 1683292297 160 3707 3682 3662 3597 3640 3639 3607 31 4061 4061 4061 4061 4061 4061 4061
402 1683292297 161 3709 3683 3662 3598 3641 3640 3609 31 4063 4062 4062 4062 4062 4062 4062
403 1683292297 164 3707 3682 3661 3597 3639 3639 3607 31 4063 4062 4062 4062 4062 4062 4062
404 1683292298 152 3708 3683 3662 3597 3640 3639 3608 31 4063 4063 4063 4063 4063 4063 4063
405 1683292298 94 3707 3682 3661 3596 3639 3638 3607 31 4063 4063 4063 4063 4063 4063 4063
406 1683292298 152 3708 3682 3661 3597 3640 3639 3608 31 4063 4062 4062 4062 4062 4062 4062
407 1683292298 143 3708 3682 3661 3597 3639 3639 3607 31 4063 4062 4062 4062 4062 4062 4062
408 1683292298 153 3707 3682 3661 3597 3639 3639 3607 31 4063 4062 4062 4062 4062 4062 4062
409 1683292298 162 3708 3683 3663 3598 3640 3640 3608 31 4061 4061 4061 4061 4061 4061 4061
410 1683292298 156 3708 3683 3662 3598 3640 3639 3607 31 4063 4063 4063 4063 4063 4063 4063
411 1683292298 164 3707 3682 3661 3598 3640 3640 3608 31 4063 4063 4063 4063 4063 4063 4063
412 1683292298 166 3707 3682 3661 3597 3639 3639 3607 31 4061 4061 4061 4061 4061 4061 4061
413 1683292298 181 3707 3682 3661 3597 3640 3639 3608 31 4063 4062 4062 4062 4062 4062 4062
414 1683292299 172 3707 3682 3661 3597 3640 3639 3607 31 4063 4062 4062 4062 4062 4062 4062
415 1683292299 137 3708 3683 3662 3598 3640 3640 3608 31 4063 4062 4062 4062 4062 4062 4062
416 1683292299 174 3708 3683 3662 3598 3640 3640 3608 31 4063 4062 4062 4062 4062 4062 4062
417 1683292299 154 3707 3682 3660 3596 3639 3639 3607 31 4063 4063 4063 4063 4063 4063 4063
418 1683292299 166 3708 3683 3662 3598 3640 3640 3608 31 4063 4062 4062 4062 4062 4062 4062
419 1683292299 148 3708 3683 3662 3598 3640 3640 3609 31 4061 4061 4061 4061 4061 4061 4061
420 1683292299 150 3709 3684 3663 3599 3641 3640 3609 31 4061 4061 4061 4061 4061 4061 4061
421 1683292299 147 3707 3683 3662 3597 3640 3639 3608 31 4063 4062 4062 4062 4062 4062 4062
422 1683292299 147 3708 3684 3662 3598 3641 3640 3608 31 4063 4063 4063 4063 4063 4063 4063
423 1683292299 153 3708 3682 3661 3596 3639 3638 3607 31 4063 4062 4062 4062 4062 4062 4062
424 1683292300 168 3707 3682 3661 3597 3640 3640 3608 31 4061 4061 4061 4061 4061 4061 4061
425 1683292300 152 3707 3682 3661 3597 3639 3639 3607 31 4063 4062 4062 4062 4062 4062 4062
426 1683292300 161 3707 3682 3661 3596 3639 3639 3607 31 4063 4063 4063 4063 4063 4063 4063
427 1683292300 155 3707 3682 3662 3597 3640 3640 3608 31 4063 4062 4062 4062 4062 4062 4062
428 1683292300 154 3706 3682 3661 3597 3639 3639 3607 31 4063 4062 4062 4062 4062 4062 4062
429 1683292300 168 3708 3682 3661 3597 3640 3640 3608 31 4063 4062 4062 4062 4062 4062 4062
430 1683292301 177 3708 3683 3662 3597 3640 3640 3608 31 4063 4062 4062 4062 4062 4062 4062
431 1683292301 151 3707 3682 3661 3597 3639 3640 3607 31 4063 4062 4062 4062 4062 4062 4062
432 1683292301 146 3708 3683 3662 3598 3640 3640 3608 31 4063 4062 4062 4062 4062 4062 4062
433 1683292301 153 3708 3683 3662 3598 3640 3640 3608 31 4063 4063 4063 4063 4063 4063 4063
434 1683292301 152 3708 3683 3662 3598 3640 3640 3608 31 4063 4062 4062 4062 4062 4062 4062
435 1683292301 154 3707 3683 3661 3597 3639 3639 3608 31 4063 4062 4062 4062 4062 4062 4062
436 1683292301 141 3707 3682 3661 3597 3639 3640 3608 31 4061 4061 4061 4061 4061 4061 4061
437 1683292301 155 3707 3682 3661 3597 3639 3639 3607 31 4061 4061 4061 4061 4061 4061 4061
438 1683292301 154 3708 3683 3662 3597 3640 3640 3607 31 4063 4062 4062 4062 4062 4062 4062
439 1683292301 151 3707 3683 3662 3597 3640 3640 3608 31 4063 4063 4063 4063 4063 4063 4063
440 1683292301 144 3707 3682 3661 3597 3640 3639 3608 31 4061 4061 4061 4061 4061 4061 4061
441 1683292301 145 3707 3683 3662 3597 3640 3640 3609 31 4063 4062 4062 4062 4062 4062 4062
442 1683292301 149 3708 3683 3661 3597 3640 3640 3608 31 4061 4061 4061 4061 4061 4061 4061
443 1683292301 127 3709 3684 3663 3598 3641 3640 3609 31 4061 4061 4061 4061 4061 4061 4061
444 1683292301 153 3708 3683 3662 3598 3641 3641 3608 31 4063 4062 4062 4062 4062 4062 4062
445 1683292302 149 3708 3683 3661 3597 3639 3639 3608 31 4061 4061 4061 4061 4061 4061 4061
446 1683292302 112 3708 3682 3661 3597 3639 3640 3608 31 4061 4061 4061 4061 4061 4061 4061
447 1683292302 155 3707 3683 3662 3597 3640 3640 3609 31 4061 4061 4061 4061 4061 4061 4061
448 1683292302 150 3708 3682 3662 3598 3639 3639 3607 31 4063 4062 4062 4062 4062 4062 4062
449 1683292302 144 3708 3683 3662 3598 3640 3640 3608 31 4063 4063 4063 4063 4063 4063 4063
450 1683292302 169 3709 3684 3663 3599 3641 3641 3609 31 4063 4062 4062 4062 4062 4062 4062
451 1683292302 174 3707 3682 3661 3596 3639 3639 3607 31 4061 4061 4061 4061 4061 4061 4061
452 1683292302 153 3708 3683 3662 3598 3641 3640 3609 31 4063 4062 4062 4062 4062 4062 4062
453 1683292302 156 3709 3684 3663 3599 3641 3641 3609 31 4063 4062 4062 4062 4062 4062 4062
454 1683292302 157 3708 3682 3661 3597 3639 3639 3607 31 4063 4062 4062 4062 4062 4062 4062
455 1683292302 152 3708 3683 3662 3598 3640 3640 3608 31 4063 4063 4063 4063 4063 4063 4063
456 1683292302 170 3708 3684 3663 3598 3641 3640 3608 31 4063 4062 4062 4062 4062 4062 4062
457 1683292303 172 3707 3682 3661 3597 3639 3639 3607 31 4063 4063 4063 4063 4063 4063 4063
458 1683292303 150 3707 3682 3661 3596 3639 3639 3608 31 4061 4061 4061 4061 4061 4061 4061
459 1683292303 160 3707 3683 3662 3597 3640 3640 3608 31 4063 4063 4063 4063 4063 4063 4063
460 1683292303 165 3706 3682 3662 3597 3640 3639 3608 31 4063 4062 4062 4062 4062 4062 4062
461 1683292303 159 3708 3682 3662 3597 3639 3639 3608 31 4063 4062 4062 4062 4062 4062 4062
462 1683292303 179 3709 3683 3663 3599 3641 3641 3609 31 4063 4063 4063 4063 4063 4063 4063
463 1683292303 151 3707 3682 3661 3597 3640 3639 3607 31 4063 4062 4062 4062 4062 4062 4062
464 1683292303 148 3707 3682 3662 3597 3639 3639 3607 31 4063 4062 4062 4062 4062 4062 4062
465 1683292303 165 3708 3683 3662 3598 3641 3640 3608 31 4063 4063 4063 4063 4063 4063 4063
466 1683292304 159 3707 3682 3661 3597 3639 3639 3607 31 4063 4062 4062 4062 4062 4062 4062
467 1683292304 150 3707 3683 3662 3598 3640 3639 3608 31 4063 4062 4062 4062 4062 4062 4062
468 1683292304 158 3708 3683 3662 3598 3640 3640 3609 31 4063 4063 4063 4063 4063 4063 4063
469 1683292304 156 3708 3683 3662 3598 3641 3640 3608 31 4063 4062 4062 4062 4062 4062 4062
470 1683292304 159 3708 3682 3661 3597 3640 3640 3608 31 4063 4063 4063 4063 4063 4063 4063
471 1683292304 120 3707 3683 3662 3597 3640 3639 3607 31 4063 4062 4062 4062 4062 4062 4062
472 1683292304 187 3708 3683 3662 3598 3640 3640 3608 31 4063 4063 4063 4063 4063 4063 4063
473 1683292304 158 3707 3683 3662 3597 3640 3639 3608 31 4063 4062 4062 4062 4062 4062 4062
474 1683292304 150 3708 3682 3661 3597 3639 3639 3607 31 4063 4063 4063 4063 4063 4063 4063
475 1683292304 159 3709 3683 3662 3598 3641 3640 3609 31 4063 4062 4062 4062 4062 4062 4062
476 1683292304 152 3708 3683 3662 3598 3640 3639 3608 31 4063 4063 4063 4063 4063 4063 4063
477 1683292305 164 3708 3683 3662 3598 3641 3640 3609 31 4063 4062 4062 4062 4062 4062 4062
478 1683292305 196 3708 3683 3662 3598 3640 3640 3608 31 4063 4062 4062 4062 4062 4062 4062
479 1683292305 152 3709 3684 3663 3599 3641 3641 3609 31 4061 4061 4061 4061 4061 4061 4061
480 1683292305 161 3707 3682 3662 3597 3640 3640 3608 31 4063 4063 4063 4063 4063 4063 4063
481 1683292305 162 3708 3682 3661 3597 3639 3639 3607 31 4063 4062 4062 4062 4062 4062 4062
482 1683292305 160 3708 3683 3662 3598 3640 3640 3608 31 4063 4062 4062 4062 4062 4062 4062
483 1683292305 163 3707 3683 3662 3597 3640 3640 3608 31 4063 4062 4062 4062 4062 4062 4062
484 1683292305 161 3709 3683 3663 3598 3641 3640 3609 31 4063 4063 4063 4063 4063 4063 4063
485 1683292305 154 3707 3683 3662 3598 3640 3640 3608 31 4063 4062 4062 4062 4062 4062 4062
486 1683292305 157 3708 3683 3663 3598 3640 3640 3608 31 4061 4061 4061 4061 4061 4061 4061
487 1683292305 150 3707 3682 3662 3597 3640 3640 3607 31 4063 4062 4062 4062 4062 4062 4062
488 1683292305 158 3708 3683 3662 3598 3640 3640 3607 31 4063 4063 4063 4063 4063 4063 4063
489 1683292305 153 3708 3683 3662 3598 3640 3640 3608 31 4063 4062 4062 4062 4062 4062 4062
490 1683292306 164 3707 3682 3661 3596 3639 3640 3607 31 4063 4063 4063 4063 4063 4063 4063
491 1683292306 139 3707 3682 3662 3597 3640 3640 3608 31 4061 4061 4061 4061 4061 4061 4061
492 1683292306 162 3708 3683 3662 3598 3640 3640 3608 31 4063 4062 4062 4062 4062 4062 4062
493 1683292306 173 3707 3682 3661 3597 3639 3639 3607 31 4063 4062 4062 4062 4062 4062 4062
494 1683292306 158 3708 3684 3663 3598 3640 3640 3608 31 4063 4062 4062 4062 4062 4062 4062
495 1683292306 151 3707 3682 3661 3597 3640 3639 3608 31 4063 4062 4062 4062 4062 4062 4062
496 1683292306 149 3708 3683 3663 3598 3640 3640 3608 31 4063 4063 4063 4063 4063 4063 4063
497 1683292306 160 3709 3683 3662 3598 3640 3640 3608 31 4063 4062 4062 4062 4062 4062 4062
498 1683292306 155 3708 3683 3662 3598 3640 3640 3608 31 4062 4062 4062 4062 4062 4062 4062
499 1683292306 143 3707 3683 3662 3597 3640 3640 3608 31 4061 4061 4061 4061 4061 4061 4061
500 1683292306 154 3708 3683 3662 3598 3640 3640 3608 31 4063 4063 4063 4063 4063 4063 4063
501 1683292306 153 3707 3683 3662 3598 3640 3640 3608 31 4063 4063 4063 4063 4063 4063 4063
502 1683292306 160 3709 3684 3663 3598 3641 3640 3609 31 4063 4062 4062 4062 4062 4062 4062
503 1683292306 136 3709 3683 3663 3598 3641 3641 3609 31 4063 4062 4062 4062 4062 4062 4062
504 1683292306 153 3708 3683 3663 3598 3640 3640 3608 31 4061 4061 4061 4061 4061 4061 4061
505 1683292307 151 3708 3683 3662 3598 3640 3639 3608 31 4063 4062 4062 4062 4062 4062 4062
506 1683292307 173 3708 3683 3662 3598 3640 3640 3608 31 4063 4062 4062 4062 4062 4062 4062
507 1683292307 172 3707 3682 3662 3597 3640 3640 3608 31 4063 4063 4063 4063 4063 4063 4063
508 1683292307 168 3706 3682 3661 3597 3639 3639 3607 31 4063 4062 4062 4062 4062 4062 4062
509 1683292307 140 3707 3682 3661 3597 3639 3639 3607 31 4063 4063 4063 4063 4063 4063 4063
510 1683292307 146 3708 3682 3662 3597 3640 3640 3609 31 4063 4062 4062 4062 4062 4062 4062
511 1683292308 188 3709 3683 3662 3598 3640 3640 3609 31 4063 4062 4062 4062 4062 4062 4062
512 1683292308 160 3708 3683 3663 3598 3640 3640 3608 31 4063 4063 4063 4063 4063 4063 4063
513 1683292308 154 3709 3684 3663 3599 3642 3641 3610 31 4063 4062 4062 4062 4062 4062 4062
514 1683292308 138 3708 3683 3662 3598 3640 3640 3608 31 4063 4062 4062 4062 4062 4062 4062
515 1683292308 162 3709 3683 3663 3598 3641 3640 3609 31 4061 4061 4061 4061 4061 4061 4061
516 1683292308 151 3709 3683 3663 3598 3641 3641 3609 31 4063 4062 4062 4062 4062 4062 4062
517 1683292308 157 3708 3683 3663 3598 3640 3640 3608 31 4061 4061 4061 4061 4061 4061 4061
518 1683292308 151 3708 3683 3662 3598 3641 3640 3609 31 4063 4063 4063 4063 4063 4063 4063
519 1683292308 160 3708 3684 3662 3598 3640 3640 3608 31 4063 4063 4063 4063 4063 4063 4063
520 1683292308 147 3708 3683 3662 3598 3641 3640 3608 31 4061 4061 4061 4061 4061 4061 4061
521 1683292308 152 3709 3684 3663 3599 3642 3641 3609 31 4063 4062 4062 4062 4062 4062 4062
522 1683292308 123 3708 3684 3663 3599 3641 3641 3608 31 4063 4063 4063 4063 4063 4063 4063
523 1683292308 153 3707 3683 3663 3598 3640 3640 3608 31 4063 4062 4062 4062 4062 4062 4062
524 1683292309 153 3710 3684 3662 3598 3641 3640 3608 31 4063 4062 4062 4062 4062 4062 4062
525 1683292309 170 3709 3683 3663 3598 3641 3641 3609 31 4063 4062 4062 4062 4062 4062 4062
526 1683292309 142 3708 3682 3661 3596 3639 3639 3608 31 4063 4063 4063 4063 4063 4063 4063
527 1683292309 152 3708 3683 3662 3598 3640 3640 3608 31 4063 4063 4063 4063 4063 4063 4063
528 1683292309 165 3709 3684 3663 3599 3641 3641 3609 31 4061 4061 4061 4061 4061 4061 4061
529 1683292309 152 3709 3684 3662 3598 3641 3640 3608 31 4063 4062 4062 4062 4062 4062 4062
530 1683292309 153 3708 3683 3662 3598 3640 3640 3608 31 4063 4062 4062 4062 4062 4062 4062
531 1683292309 160 3709 3684 3664 3599 3641 3641 3608 31 4063 4062 4062 4062 4062 4062 4062
532 1683292309 148 3709 3684 3663 3599 3641 3641 3609 31 4063 4062 4062 4062 4062 4062 4062
533 1683292309 159 3708 3683 3662 3598 3640 3640 3608 31 4063 4063 4063 4063 4063 4063 4063
534 1683292309 145 3708 3683 3663 3598 3640 3640 3608 31 4063 4062 4062 4062 4062 4062 4062
535 1683292310 121 3707 3683 3662 3598 3640 3640 3608 31 4063 4062 4062 4062 4062 4062 4062
536 1683292310 155 3708 3684 3662 3598 3641 3641 3608 31 4063 4062 4062 4062 4062 4062 4062
537 1683292310 143 3708 3683 3663 3598 3640 3640 3608 31 4063 4062 4062 4062 4062 4062 4062
538 1683292310 156 3708 3684 3663 3598 3641 3641 3609 31 4061 4061 4061 4061 4061 4061 4061
539 1683292310 149 3707 3683 3662 3597 3640 3640 3608 31 4063 4063 4063 4063 4063 4063 4063
540 1683292310 167 3709 3683 3662 3598 3641 3641 3609 31 4063 4063 4063 4063 4063 4063 4063
541 1683292310 125 3708 3683 3662 3598 3640 3641 3609 31 4063 4062 4062 4062 4062 4062 4062
542 1683292310 147 3708 3683 3662 3598 3640 3640 3608 31 4061 4061 4061 4061 4061 4061 4061
543 1683292311 146 3709 3684 3663 3599 3641 3641 3609 31 4063 4063 4063 4063 4063 4063 4063
544 1683292311 148 3708 3683 3663 3598 3640 3640 3608 31 4061 4061 4061 4061 4061 4061 4061
545 1683292311 166 3708 3683 3662 3598 3640 3640 3608 31 4063 4062 4062 4062 4062 4062 4062
546 1683292311 157 3708 3684 3663 3599 3641 3641 3609 31 4063 4062 4062 4062 4062 4062 4062
547 1683292311 156 3709 3683 3663 3598 3641 3640 3608 31 4063 4062 4062 4062 4062 4062 4062
548 1683292311 155 3709 3684 3663 3598 3641 3641 3609 31 4063 4063 4063 4063 4063 4063 4063
549 1683292311 178 3708 3683 3662 3598 3640 3640 3608 31 4063 4062 4062 4062 4062 4062 4062
550 1683292311 151 3710 3685 3664 3599 3641 3641 3609 31 4061 4061 4061 4061 4061 4061 4061
551 1683292311 168 3709 3683 3663 3598 3641 3641 3609 31 4061 4061 4061 4061 4061 4061 4061
552 1683292311 152 3709 3684 3662 3599 3641 3641 3609 31 4063 4063 4063 4063 4063 4063 4063
553 1683292311 166 3709 3684 3662 3598 3641 3641 3609 31 4063 4063 4063 4063 4063 4063 4063
554 1683292311 172 3708 3683 3661 3597 3640 3640 3608 31 4061 4061 4061 4061 4061 4061 4061
555 1683292312 155 3709 3684 3663 3599 3642 3642 3609 31 4063 4063 4063 4063 4063 4063 4063
556 1683292312 145 3708 3683 3662 3598 3640 3640 3608 31 4063 4062 4062 4062 4062 4062 4062
557 1683292312 168 3708 3683 3662 3598 3640 3640 3608 31 4063 4062 4062 4062 4062 4062 4062
558 1683292312 155 3708 3683 3663 3598 3641 3640 3609 31 4061 4061 4061 4061 4061 4061 4061
559 1683292312 150 3710 3685 3664 3599 3642 3641 3610 31 4063 4063 4063 4063 4063 4063 4063
560 1683292312 171 3709 3683 3662 3598 3641 3640 3609 31 4063 4063 4063 4063 4063 4063 4063
561 1683292313 167 3707 3682 3661 3597 3640 3639 3607 31 4063 4062 4062 4062 4062 4062 4062
562 1683292313 167 3710 3684 3663 3599 3642 3642 3610 31 4063 4062 4062 4062 4062 4062 4062
563 1683292313 175 3709 3684 3662 3598 3641 3640 3608 31 4063 4062 4062 4062 4062 4062 4062
564 1683292313 169 3708 3683 3662 3597 3640 3640 3608 31 4063 4062 4062 4062 4062 4062 4062
565 1683292313 180 3709 3684 3663 3598 3641 3640 3609 31 4061 4061 4061 4061 4061 4061 4061
566 1683292313 161 3712 3687 3667 3602 1443 1490 1481 31 4061 4061 4061 4061 4061 4061 4061
567 1683292313 159 3709 3684 3663 3599 3641 3641 3609 31 4063 4062 4062 4062 4062 4062 4062
568 1683292313 165 3709 3683 3663 3599 3641 3641 3609 31 4063 4063 4063 4063 4063 4063 4063
569 1683292313 150 3709 3684 3663 3598 3641 3640 3609 31 4063 4063 4063 4063 4063 4063 4063
570 1683292313 177 3710 3684 3664 3598 3641 3641 3610 31 4063 4062 4062 4062 4062 4062 4062
571 1683292313 148 3709 3684 3663 3598 3641 3641 3609 31 4063 4063 4063 4063 4063 4063 4063
572 1683292313 149 3709 3684 3662 3599 3641 3641 3609 31 4063 4063 4063 4063 4063 4063 4063
573 1683292313 168 3709 3683 3662 3598 3641 3640 3608 31 4061 4061 4061 4061 4061 4061 4061
574 1683292314 162 3708 3683 3663 3598 3641 3641 3608 31 4061 4061 4061 4061 4061 4061 4061
575 1683292314 170 3708 3684 3662 3598 3641 3640 3609 31 4063 4062 4062 4062 4062 4062 4062
576 1683292314 170 3710 3684 3663 3599 3641 3641 3609 31 4063 4062 4062 4062 4062 4062 4062
577 1683292314 152 3710 3685 3663 3599 3642 3641 3609 31 4063 4062 4062 4062 4062 4062 4062
578 1683292314 157 3708 3683 3662 3598 3640 3640 3609 31 4063 4062 4062 4062 4062 4062 4062
579 1683292314 176 3708 3683 3662 3598 3640 3640 3608 31 4063 4063 4063 4063 4063 4063 4063
580 1683292314 169 3708 3683 3663 3598 3641 3640 3609 31 4063 4062 4062 4062 4062 4062 4062
581 1683292315 158 3708 3683 3662 3598 3640 3640 3608 31 4063 4062 4062 4062 4062 4062 4062
582 1683292315 124 3709 3684 3663 3598 3641 3641 3609 31 4063 4063 4063 4063 4063 4063 4063
583 1683292315 147 3707 3682 3661 3596 3639 3638 3607 31 4063 4062 4062 4062 4062 4062 4062
584 1683292315 163 3707 3682 3661 3597 3639 3639 3607 31 4063 4063 4063 4063 4063 4063 4063
585 1683292315 165 3707 3682 3661 3596 3639 3639 3607 31 4063 4063 4063 4063 4063 4063 4063
586 1683292315 147 3706 3682 3661 3596 3638 3638 3606 31 4063 4063 4063 4063 4063 4063 4063
587 1683292315 152 3707 3682 3661 3597 3639 3639 3607 31 4063 4062 4062 4062 4062 4062 4062
588 1683292315 148 3708 3682 3662 3597 3639 3639 3608 31 4063 4062 4062 4062 4062 4062 4062
589 1683292315 138 3708 3683 3662 3598 3641 3640 3608 31 4063 4062 4062 4062 4062 4062 4062
590 1683292315 145 3708 3683 3662 3598 3640 3640 3608 31 4063 4063 4063 4063 4063 4063 4063
591 1683292315 181 3707 3682 3661 3597 3639 3639 3607 31 4063 4062 4062 4062 4062 4062 4062
592 1683292315 150 3706 3681 3661 3596 3639 3638 3607 31 4061 4061 4061 4061 4061 4061 4061
593 1683292316 158 3707 3682 3661 3596 3639 3638 3606 31 4061 4061 4061 4061 4061 4061 4061
594 1683292316 149 3707 3682 3661 3597 3639 3639 3607 31 4063 4062 4062 4062 4062 4062 4062
595 1683292316 157 3707 3682 3661 3597 3639 3639 3607 31 4063 4062 4062 4062 4062 4062 4062
596 1683292316 144 3707 3682 3662 3597 3640 3639 3607 31 4063 4062 4062 4062 4062 4062 4062
597 1683292316 181 3707 3682 3661 3597 3640 3639 3607 31 4063 4063 4063 4063 4063 4063 4063
598 1683292316 145 3708 3682 3662 3597 3639 3639 3608 31 4063 4063 4063 4063 4063 4063 4063
599 1683292316 141 3707 3682 3661 3597 3639 3639 3608 31 4061 4061 4061 4061 4061 4061 4061
600 1683292317 157 3708 3683 3661 3597 3639 3639 3608 31 4063 4063 4063 4063 4063 4063 4063
601 1683292317 167 3707 3682 3661 3596 3639 3639 3607 31 4063 4063 4063 4063 4063 4063 4063
602 1683292317 129 3708 3683 3662 3597 3640 3640 3608 31 4063 4062 4062 4062 4062 4062 4062
603 1683292318 153 3707 3682 3661 3597 3640 3639 3607 31 4063 4062 4062 4062 4062 4062 4062
604 1683292318 151 3706 3682 3661 3597 3639 3639 3607 31 4063 4063 4063 4063 4063 4063 4063
605 1683292318 148 3707 3682 3660 3596 3638 3639 3607 31 4063 4063 4063 4063 4063 4063 4063
606 1683292318 172 3707 3682 3661 3596 3639 3639 3607 31 4063 4062 4062 4062 4062 4062 4062
607 1683292318 148 3707 3682 3661 3597 3639 3639 3607 31 4063 4062 4062 4062 4062 4062 4062
608 1683292318 148 3707 3682 3661 3596 3640 3639 3607 31 4063 4062 4062 4062 4062 4062 4062
609 1683292318 171 3706 3681 3660 3596 3638 3638 3606 31 4061 4061 4061 4061 4061 4061 4061
610 1683292318 145 3708 3683 3662 3597 3639 3639 3607 31 4061 4061 4061 4061 4061 4061 4061
611 1683292319 160 3707 3682 3662 3597 3640 3639 3608 31 4061 4061 4061 4061 4061 4061 4061
612 1683292319 167 3707 3682 3661 3597 3639 3639 3607 31 4063 4063 4063 4063 4063 4063 4063
613 1683292319 153 3708 3683 3662 3597 3640 3640 3607 31 4063 4063 4063 4063 4063 4063 4063
614 1683292319 177 3708 3683 3662 3598 3641 3640 3608 31 4063 4062 4062 4062 4062 4062 4062
615 1683292319 156 3708 3682 3662 3598 3640 3640 3608 31 4063 4062 4062 4062 4062 4062 4062
616 1683292319 153 3708 3682 3662 3598 3640 3640 3608 31 4063 4062 4062 4062 4062 4062 4062
617 1683292319 153 3707 3682 3661 3597 3640 3639 3607 31 4063 4062 4062 4062 4062 4062 4062
618 1683292319 177 3708 3684 3662 3598 3640 3641 3609 31 4063 4062 4062 4062 4062 4062 4062
619 1683292319 158 3706 3681 3660 3596 3639 3638 3607 31 4061 4061 4061 4061 4061 4061 4061
620 1683292319 124 3709 3683 3663 3598 3641 3640 3609 31 4063 4062 4062 4062 4062 4062 4062
621 1683292319 163 3707 3682 3661 3596 3639 3639 3608 31 4063 4062 4062 4062 4062 4062 4062
622 1683292320 155 3707 3682 3661 3596 3639 3639 3607 31 4063 4062 4062 4062 4062 4062 4062
623 1683292320 147 3708 3683 3662 3597 3640 3640 3608 31 4063 4063 4063 4063 4063 4063 4063
624 1683292320 150 3708 3683 3661 3597 3640 3640 3608 31 4063 4063 4063 4063 4063 4063 4063
625 1683292320 142 3708 3683 3662 3597 3640 3640 3608 31 4063 4062 4062 4062 4062 4062 4062
626 1683292320 156 3707 3682 3661 3597 3639 3639 3607 31 4061 4061 4061 4061 4061 4061 4061
627 1683292320 154 3707 3683 3662 3598 3640 3640 3608 31 4063 4062 4062 4062 4062 4062 4062
628 1683292320 133 3708 3682 3662 3598 3639 3639 3607 31 4063 4063 4063 4063 4063 4063 4063
629 1683292321 144 3707 3682 3662 3596 3639 3639 3607 31 4063 4062 4062 4062 4062 4062 4062
630 1683292321 171 3707 3682 3661 3597 3639 3639 3607 31 4063 4062 4062 4062 4062 4062 4062
631 1683292321 147 3708 3682 3662 3598 3640 3640 3608 31 4061 4061 4061 4061 4061 4061 4061
632 1683292321 151 3707 3682 3662 3597 3640 3640 3607 31 4063 4062 4062 4062 4062 4062 4062
633 1683292321 183 3707 3682 3662 3597 3639 3639 3607 31 4063 4062 4062 4062 4062 4062 4062
634 1683292321 159 3708 3683 3662 3598 3640 3640 3608 31 4063 4062 4062 4062 4062 4062 4062
635 1683292321 164 3707 3682 3661 3597 3639 3639 3607 31 4063 4063 4063 4063 4063 4063 4063
636 1683292321 142 3709 3683 3663 3598 3641 3640 3608 31 4063 4062 4062 4062 4062 4062 4062
637 1683292321 147 3708 3683 3662 3598 3640 3640 3608 31 4063 4062 4062 4062 4062 4062 4062
638 1683292321 158 3709 3684 3663 3599 3641 3641 3608 31 4061 4061 4061 4061 4061 4061 4061
639 1683292321 141 3709 3683 3662 3598 3640 3640 3608 31 4063 4062 4062 4062 4062 4062 4062
640 1683292321 163 3707 3682 3661 3597 3639 3639 3607 31 4063 4063 4063 4063 4063 4063 4063
641 1683292321 161 3709 3683 3662 3598 3640 3640 3609 31 4063 4062 4062 4062 4062 4062 4062
642 1683292321 162 3708 3683 3662 3598 3639 3639 3608 31 4063 4062 4062 4062 4062 4062 4062
643 1683292321 149 3707 3682 3660 3596 3639 3638 3606 31 4063 4062 4062 4062 4062 4062 4062
644 1683292321 171 3708 3683 3662 3597 3639 3639 3608 31 4061 4061 4061 4061 4061 4061 4061
645 1683292322 149 3708 3683 3662 3598 3640 3640 3608 31 4063 4062 4062 4062 4062 4062 4062
646 1683292322 159 3708 3683 3662 3598 3640 3640 3608 31 4063 4062 4062 4062 4062 4062 4062
647 1683292322 159 3707 3681 3661 3596 3639 3639 3606 31 4063 4063 4063 4063 4063 4063 4063
648 1683292322 144 3708 3683 3661 3597 3640 3639 3608 31 4063 4062 4062 4062 4062 4062 4062
649 1683292322 150 3708 3683 3662 3597 3640 3639 3607 31 4063 4063 4063 4063 4063 4063 4063
650 1683292322 157 3708 3683 3662 3598 3641 3641 3609 31 4063 4062 4062 4062 4062 4062 4062
651 1683292323 155 3707 3682 3661 3597 3639 3639 3607 31 4063 4062 4062 4062 4062 4062 4062
652 1683292323 163 3707 3682 3661 3597 3640 3639 3607 31 4063 4063 4063 4063 4063 4063 4063
653 1683292323 149 3707 3683 3662 3598 3640 3640 3609 31 4063 4062 4062 4062 4062 4062 4062
654 1683292323 156 3707 3682 3661 3597 3640 3639 3608 31 4063 4063 4063 4063 4063 4063 4063
655 1683292323 165 3709 3683 3662 3598 3641 3641 3609 31 4063 4062 4062 4062 4062 4062 4062
656 1683292323 137 3707 3683 3661 3597 3640 3639 3607 31 4063 4062 4062 4062 4062 4062 4062
657 1683292323 140 3708 3683 3662 3597 3640 3641 3608 31 4061 4061 4061 4061 4061 4061 4061
658 1683292323 169 3708 3682 3661 3597 3640 3639 3608 31 4063 4062 4062 4062 4062 4062 4062
659 1683292323 148 114 3681 3663 122 3638 3640 3608 31 4063 4063 4063 4063 4063 4063 4063
660 1683292323 152 3708 3682 3662 3597 3639 3639 3607 31 4063 4062 4062 4062 4062 4062 4062
661 1683292323 158 3709 3683 3662 3598 3641 3640 3608 31 4061 4061 4061 4061 4061 4061 4061
662 1683292324 134 3708 3683 3662 3598 3641 3640 3609 31 4063 4062 4062 4062 4062 4062 4062
663 1683292324 157 3707 3682 3661 3597 3640 3640 3608 31 4063 4062 4062 4062 4062 4062 4062
664 1683292324 159 3708 3683 3662 3597 3640 3640 3608 31 4061 4061 4061 4061 4061 4061 4061
665 1683292324 142 3708 3683 3662 3598 3640 3640 3608 31 4061 4061 4061 4061 4061 4061 4061
666 1683292324 170 3708 3682 3661 3597 3639 3639 3607 31 4061 4061 4061 4061 4061 4061 4061
667 1683292324 161 3707 3682 3662 3597 3640 3639 3607 32 4061 4061 4061 4061 4061 4061 4061
668 1683292324 164 3707 3683 3661 3597 3640 3640 3608 31 4061 4061 4061 4061 4061 4061 4061
669 1683292324 154 3707 3682 3661 3597 3639 3639 3607 31 4063 4062 4062 4062 4062 4062 4062
670 1683292324 168 3708 3683 3662 3597 3640 3639 3608 31 4061 4061 4061 4061 4061 4061 4061
671 1683292324 159 3709 3683 3662 3598 3640 3640 3608 31 4063 4062 4062 4062 4062 4062 4062
672 1683292324 166 3708 3683 3662 3597 3641 3640 3608 31 4063 4062 4062 4062 4062 4062 4062
673 1683292325 169 3707 3682 3661 3597 3639 3639 3607 31 4063 4062 4062 4062 4062 4062 4062
674 1683292325 153 3708 3683 3662 3597 3640 3640 3608 31 4063 4062 4062 4062 4062 4062 4062
675 1683292325 149 3707 3682 3662 3597 3640 3640 3608 31 4063 4062 4062 4062 4062 4062 4062
676 1683292325 177 3708 3683 3662 3597 3639 3638 3607 31 4063 4063 4063 4063 4063 4063 4063
677 1683292325 168 3708 3682 3661 3597 3640 3639 3608 31 4063 4063 4063 4063 4063 4063 4063
678 1683292325 148 3708 3683 3662 3598 3640 3641 3609 31 4063 4062 4062 4062 4062 4062 4062
679 1683292325 156 3707 3682 3661 3597 3639 3639 3608 31 4063 4063 4063 4063 4063 4063 4063
680 1683292325 159 3709 3683 3663 3598 3641 3641 3608 31 4063 4062 4062 4062 4062 4062 4062
681 1683292325 167 3709 3684 3662 3599 3641 3641 3608 31 4063 4062 4062 4062 4062 4062 4062
682 1683292325 141 3707 3682 3662 3597 3639 3639 3607 31 4063 4062 4062 4062 4062 4062 4062
683 1683292326 161 3707 3683 3662 3598 3640 3639 3608 31 4063 4062 4062 4062 4062 4062 4062
684 1683292326 165 3706 3683 3661 3598 3640 3639 3607 31 4063 4063 4063 4063 4063 4063 4063
685 1683292326 170 3708 3683 3662 3598 3641 3640 3608 31 4063 4062 4062 4062 4062 4062 4062
686 1683292326 139 3709 3683 3662 3598 3640 3640 3609 31 4063 4063 4063 4063 4063 4063 4063
687 1683292326 146 3707 3683 3662 3597 3640 3640 3608 31 4063 4062 4062 4062 4062 4062 4062
688 1683292326 145 3707 3683 3662 3597 3639 3639 3608 31 4063 4062 4062 4062 4062 4062 4062
689 1683292326 151 3708 3682 3662 3597 3640 3641 3608 31 4061 4061 4061 4061 4061 4061 4061
690 1683292327 180 3708 3683 3662 3598 3640 3640 3608 31 4063 4063 4063 4063 4063 4063 4063
691 1683292327 154 3707 3683 3662 3597 3640 3640 3608 31 4063 4062 4062 4062 4062 4062 4062
692 1683292327 160 3709 3683 3663 3598 3641 3640 3609 31 4061 4061 4061 4061 4061 4061 4061
693 1683292327 148 3709 3685 3663 3599 3641 3641 3609 31 4063 4062 4062 4062 4062 4062 4062
694 1683292327 150 3708 3683 3662 3598 3641 3640 3608 31 4063 4063 4063 4063 4063 4063 4063
695 1683292327 183 3709 3684 3663 3599 3641 3641 3609 31 4063 4062 4062 4062 4062 4062 4062
696 1683292327 168 3708 3683 3662 3597 3640 3639 3607 31 4063 4062 4062 4062 4062 4062 4062
697 1683292327 168 3708 3683 3662 3598 3641 3640 3608 31 4063 4062 4062 4062 4062 4062 4062
698 1683292327 141 3708 3683 3662 3597 3640 3640 3608 31 4063 4062 4062 4062 4062 4062 4062
699 1683292327 166 3708 3683 3662 3598 3641 3641 3609 31 4063 4063 4063 4063 4063 4063 4063
700 1683292327 165 3708 3683 3661 3598 3640 3640 3608 31 4063 4062 4062 4062 4062 4062 4062
701 1683292328 171 3709 3684 3663 3598 3641 3640 3609 32 4063 4062 4062 4062 4062 4062 4062
702 1683292328 156 3708 3683 3662 3598 3640 3640 3608 31 4063 4062 4062 4062 4062 4062 4062
703 1683292328 141 3708 3683 3662 3598 3640 3640 3608 31 4063 4063 4063 4063 4063 4063 4063
704 1683292328 169 3708 3683 3662 3597 3640 3639 3608 31 4061 4061 4061 4061 4061 4061 4061
705 1683292328 173 3708 3683 3662 3597 3640 3640 3608 31 4063 4062 4062 4062 4062 4062 4062
706 1683292328 168 3708 3683 3662 3598 3640 3640 3608 31 4063 4063 4063 4063 4063 4063 4063
707 1683292328 146 3709 3683 3662 3597 3640 3639 3607 31 4063 4063 4063 4063 4063 4063 4063
708 1683292328 172 3708 3683 3663 3598 3641 3640 3609 31 4063 4063 4063 4063 4063 4063 4063
709 1683292328 164 3708 3684 3663 3598 3640 3640 3608 31 4063 4062 4062 4062 4062 4062 4062
710 1683292329 148 3708 3683 3662 3597 3640 3640 3608 31 4063 4062 4062 4062 4062 4062 4062
711 1683292329 162 3709 3684 3663 3598 3641 3641 3609 31 4063 4063 4063 4063 4063 4063 4063
712 1683292329 183 3709 3683 3662 3598 3640 3640 3608 31 4063 4062 4062 4062 4062 4062 4062
713 1683292329 167 3708 3683 3662 3597 3640 3639 3608 31 4063 4062 4062 4062 4062 4062 4062
714 1683292329 169 3708 3684 3664 3599 3641 3641 3610 31 4063 4063 4063 4063 4063 4063 4063
715 1683292330 147 3707 3684 3662 3598 3640 3640 3608 31 4063 4062 4062 4062 4062 4062 4062
716 1683292330 149 3706 3682 3662 3597 3640 3639 3608 31 4063 4062 4062 4062 4062 4062 4062
717 1683292330 149 3708 3682 3662 3597 3640 3639 3608 31 4063 4063 4063 4063 4063 4063 4063
718 1683292330 149 3708 3682 3661 3597 3640 3639 3607 31 4063 4063 4063 4063 4063 4063 4063
719 1683292330 155 3708 3683 3661 3598 3640 3640 3607 31 4063 4062 4062 4062 4062 4062 4062
720 1683292330 149 184 160 136 157 1408 1478 1465 31 4063 4063 4063 4063 4063 4063 4063
721 1683292330 171 3709 3684 3663 3598 3641 3641 3609 31 4063 4062 4062 4062 4062 4062 4062
722 1683292330 161 3708 3683 3663 3598 3641 3640 3608 31 4063 4062 4062 4062 4062 4062 4062
723 1683292330 160 3707 3683 3662 3597 3640 3639 3607 31 4063 4062 4062 4062 4062 4062 4062
724 1683292330 164 3709 3684 3663 3599 3641 3641 3609 31 4063 4062 4062 4062 4062 4062 4062
725 1683292330 177 3709 3683 3662 3598 3640 3640 3609 31 4063 4063 4063 4063 4063 4063 4063
726 1683292331 133 167 97 157 3598 3643 3642 3610 31 4063 4063 4063 4063 4063 4063 4063
727 1683292331 158 3707 3683 3662 3597 3640 3640 3608 31 4063 4062 4062 4062 4062 4062 4062
728 1683292331 154 3708 3683 3662 3598 3641 3640 3608 31 4063 4063 4063 4063 4063 4063 4063
729 1683292331 153 3708 3683 3662 3597 3640 3640 3608 31 4063 4063 4063 4063 4063 4063 4063
730 1683292331 130 3708 3684 3663 3599 3641 3641 3609 31 4063 4062 4062 4062 4062 4062 4062
731 1683292331 157 3707 3682 3661 3597 3640 3640 3607 32 4063 4063 4063 4063 4063 4063 4063
732 1683292331 148 3708 3682 3661 3597 3639 3639 3607 31 4061 4061 4061 4061 4061 4061 4061
733 1683292332 145 3709 3683 3663 3599 3641 3641 3609 31 4063 4062 4062 4062 4062 4062 4062
734 1683292332 164 3708 3683 3662 3598 3640 3640 3608 31 4063 4063 4063 4063 4063 4063 4063
735 1683292332 171 3708 3683 3662 3598 3640 3640 3608 31 4063 4062 4062 4062 4062 4062 4062
736 1683292332 175 3709 3684 3663 3598 3640 3641 3609 31 4063 4063 4063 4063 4063 4063 4063
737 1683292332 150 3709 3685 3664 3599 3642 3642 3609 31 4063 4062 4062 4062 4062 4062 4062
738 1683292332 163 3708 3683 3662 3598 3640 3640 3608 31 4063 4063 4063 4063 4063 4063 4063
739 1683292332 149 3707 3683 3662 3598 3640 3640 3608 31 4063 4062 4062 4062 4062 4062 4062
740 1683292332 157 3708 3684 3663 3598 3641 3641 3609 31 4063 4062 4062 4062 4062 4062 4062
741 1683292333 148 3708 3683 3662 3598 3640 3641 3608 31 4063 4062 4062 4062 4062 4062 4062
742 1683292333 145 3708 3684 3663 3598 3641 3641 3609 31 4063 4062 4062 4062 4062 4062 4062
743 1683292333 144 3709 3683 3663 3598 3641 3640 3609 31 4063 4063 4063 4063 4063 4063 4063
744 1683292333 161 3708 3683 3662 3597 3640 3640 3608 31 4061 4061 4061 4061 4061 4061 4061
745 1683292333 167 3709 3684 3663 3598 3641 3640 3609 31 4063 4062 4062 4062 4062 4062 4062
746 1683292333 159 3708 3684 3663 3599 3641 3641 3609 31 4063 4063 4063 4063 4063 4063 4063
747 1683292333 147 3707 3683 3663 3598 3641 3640 3608 31 4063 4063 4063 4063 4063 4063 4063
748 1683292333 154 3709 3683 3662 3598 3641 3641 3609 31 4063 4063 4063 4063 4063 4063 4063
749 1683292333 169 3708 3683 3662 3598 3640 3640 3608 31 4063 4063 4063 4063 4063 4063 4063
750 1683292333 144 3708 3684 3664 3599 3641 3641 3609 31 4063 4062 4062 4062 4062 4062 4062
751 1683292333 155 3709 3684 3663 3599 3641 3641 3609 31 4063 4062 4062 4062 4062 4062 4062
752 1683292333 160 3709 3684 3663 3599 3641 3641 3609 31 4063 4063 4063 4063 4063 4063 4063
753 1683292333 157 3709 3684 3663 3599 3641 3641 3609 31 4063 4062 4062 4062 4062 4062 4062
754 1683292334 151 3709 3684 3663 3599 3641 3641 3609 31 4063 4063 4063 4063 4063 4063 4063
755 1683292334 151 3709 3684 3663 3599 3641 3640 3609 31 4061 4061 4061 4061 4061 4061 4061
756 1683292334 161 3709 3683 3663 3599 3641 3641 3609 31 4063 4063 4063 4063 4063 4063 4063
757 1683292334 153 3709 3683 3663 3598 3641 3640 3608 31 4063 4062 4062 4062 4062 4062 4062
758 1683292334 161 3710 3685 3664 3599 3641 3642 3610 31 4063 4062 4062 4062 4062 4062 4062
759 1683292334 126 3708 3683 3662 3598 3640 3640 3609 31 4063 4063 4063 4063 4063 4063 4063
760 1683292334 167 3710 3685 3664 3599 3641 3641 3609 31 4063 4062 4062 4062 4062 4062 4062
761 1683292334 146 3709 3685 3663 3599 3641 3642 3609 31 4063 4062 4062 4062 4062 4062 4062
762 1683292334 149 3708 3683 3662 3598 3640 3640 3608 31 4063 4062 4062 4062 4062 4062 4062
763 1683292334 144 3709 3683 3662 3598 3641 3640 3608 31 4063 4062 4062 4062 4062 4062 4062
764 1683292334 163 3709 3684 3663 3598 3641 3641 3609 31 4061 4061 4061 4061 4061 4061 4061
765 1683292334 150 3708 3683 3662 3598 3640 3640 3608 31 4063 4062 4062 4062 4062 4062 4062
766 1683292334 136 3708 3683 3663 3598 3640 3640 3608 31 4063 4062 4062 4062 4062 4062 4062
767 1683292334 157 3707 3683 3662 3597 3640 3640 3608 31 4063 4062 4062 4062 4062 4062 4062
768 1683292334 164 3709 3684 3663 3598 3641 3641 3609 31 4063 4062 4062 4062 4062 4062 4062
769 1683292334 158 3709 3684 3663 3599 3642 3641 3609 31 4063 4063 4063 4063 4063 4063 4063
770 1683292335 148 3708 3683 3662 3598 3641 3640 3608 31 4063 4063 4063 4063 4063 4063 4063
771 1683292335 154 3707 3682 3662 3598 3640 3640 3608 31 4063 4063 4063 4063 4063 4063 4063
772 1683292335 163 3709 3683 3662 3598 3641 3641 3609 31 4063 4062 4062 4062 4062 4062 4062
773 1683292335 133 3708 3683 3662 3598 3640 3640 3608 31 4063 4062 4062 4062 4062 4062 4062
774 1683292335 153 3709 3684 3663 3599 3641 3641 3609 31 4063 4062 4062 4062 4062 4062 4062
775 1683292335 138 3709 3684 3663 3598 3641 3640 3609 31 4063 4063 4063 4063 4063 4063 4063
776 1683292335 141 3709 3684 3662 3598 3641 3641 3609 31 4063 4062 4062 4062 4062 4062 4062
777 1683292335 164 3709 3685 3664 3600 3642 3642 3610 31 4061 4061 4061 4061 4061 4061 4061
778 1683292336 151 3708 3684 3663 3599 3641 3641 3609 31 4063 4062 4062 4062 4062 4062 4062
779 1683292336 164 3707 3683 3663 3598 3640 3640 3608 31 4063 4063 4063 4063 4063 4063 4063
780 1683292336 166 3709 3683 3663 3598 3641 3641 3609 31 4063 4063 4063 4063 4063 4063 4063
781 1683292336 157 3708 3683 3662 3598 3640 3640 3608 31 4061 4061 4061 4061 4061 4061 4061
782 1683292336 143 3710 3685 3663 3599 3642 3642 3610 31 4063 4062 4062 4062 4062 4062 4062
783 1683292336 145 3709 3684 3663 3598 3641 3640 3609 31 4063 4062 4062 4062 4062 4062 4062
784 1683292336 158 3710 3684 3663 3599 3641 3641 3609 31 4063 4062 4062 4062 4062 4062 4062
785 1683292336 160 3709 3684 3663 3598 3641 3641 3609 31 4061 4061 4061 4061 4061 4061 4061
786 1683292336 165 3708 3684 3662 3598 3640 3640 3608 31 4063 4062 4062 4062 4062 4062 4062
787 1683292336 145 3709 3684 3663 3599 3641 3641 3609 31 4063 4062 4062 4062 4062 4062 4062
788 1683292336 161 3709 3684 3663 3599 3641 3641 3609 31 4063 4062 4062 4062 4062 4062 4062
789 1683292337 159 3709 3683 3662 3598 3641 3640 3608 31 4063 4062 4062 4062 4062 4062 4062
790 1683292337 174 3708 3684 3663 3599 3641 3641 3609 31 4063 4063 4063 4063 4063 4063 4063
791 1683292337 158 3709 3684 3663 3599 3641 3641 3609 31 4063 4062 4062 4062 4062 4062 4062
792 1683292337 150 3709 3683 3663 3598 3641 3641 3609 31 4063 4062 4062 4062 4062 4062 4062
793 1683292337 159 3709 3684 3663 3598 3641 3640 3608 31 4063 4062 4062 4062 4062 4062 4062
794 1683292337 161 3708 3684 3663 3599 3641 3641 3609 31 4063 4062 4062 4062 4062 4062 4062
795 1683292337 156 3709 3684 3663 3598 3641 3641 3609 32 4063 4062 4062 4062 4062 4062 4062
796 1683292337 164 3709 3683 3663 3598 3641 3641 3608 31 4063 4062 4062 4062 4062 4062 4062
797 1683292337 163 3709 3684 3663 3598 3641 3640 3609 31 4063 4062 4062 4062 4062 4062 4062
798 1683292337 160 3708 3683 3662 3598 3640 3640 3609 31 4063 4063 4063 4063 4063 4063 4063
799 1683292337 165 3709 3684 3663 3599 3641 3641 3609 31 4063 4063 4063 4063 4063 4063 4063
800 1683292337 169 3709 3684 3663 3598 3641 3640 3609 31 4063 4062 4062 4062 4062 4062 4062
801 1683292337 162 3709 3684 3662 3598 3640 3640 3608 31 4063 4062 4062 4062 4062 4062 4062
802 1683292337 130 3708 3683 3663 3598 3641 3640 3609 31 4061 4061 4061 4061 4061 4061 4061
803 1683292337 150 3709 3684 3663 3599 3641 3641 3609 31 4063 4063 4063 4063 4063 4063 4063
804 1683292338 154 3710 3684 3663 3599 3642 3642 3609 31 4063 4062 4062 4062 4062 4062 4062
805 1683292338 154 3709 3684 3663 3598 3641 3641 3609 31 4063 4062 4062 4062 4062 4062 4062
806 1683292338 161 3709 3685 3663 3599 3641 3641 3609 31 4063 4062 4062 4062 4062 4062 4062
807 1683292338 178 3708 3683 3662 3598 3641 3641 3609 31 4063 4063 4063 4063 4063 4063 4063
808 1683292338 155 3710 3685 3664 3599 3643 3642 3610 31 4063 4062 4062 4062 4062 4062 4062
809 1683292338 147 3709 3684 3663 3598 3641 3641 3609 31 4063 4062 4062 4062 4062 4062 4062
810 1683292338 149 3708 3684 3663 3598 3641 3641 3609 31 4063 4062 4062 4062 4062 4062 4062
811 1683292338 167 3709 3684 3663 3598 3641 3641 3608 31 4063 4062 4062 4062 4062 4062 4062
812 1683292338 150 3710 3684 3663 3599 3642 3641 3610 31 4063 4063 4063 4063 4063 4063 4063
813 1683292338 161 3709 3684 3664 3599 3642 3642 3610 31 4063 4062 4062 4062 4062 4062 4062
814 1683292338 171 3709 3683 3663 3598 3640 3640 3608 31 4063 4062 4062 4062 4062 4062 4062
815 1683292338 146 3709 3684 3663 3598 3640 3640 3608 31 4063 4062 4062 4062 4062 4062 4062
816 1683292338 114 3709 3684 3663 3599 3641 3641 3609 31 4063 4063 4063 4063 4063 4063 4063
817 1683292338 153 3709 3684 3663 3598 3641 3641 3608 31 4063 4062 4062 4062 4062 4062 4062
818 1683292339 149 226 3682 122 167 3639 3641 3609 31 4063 4062 4062 4062 4062 4062 4062
819 1683292339 167 3708 3684 3663 3598 3641 3641 3609 31 4063 4062 4062 4062 4062 4062 4062
820 1683292339 169 3708 3682 3662 3598 3640 3640 3608 31 4063 4062 4062 4062 4062 4062 4062
821 1683292339 176 3709 3683 3662 3599 3641 3641 3608 31 4063 4062 4062 4062 4062 4062 4062
822 1683292339 160 3709 3684 3663 3599 3641 3641 3609 31 4063 4062 4062 4062 4062 4062 4062
823 1683292339 146 3710 3684 3664 3600 3642 3642 3610 31 4063 4062 4062 4062 4062 4062 4062
824 1683292339 167 3708 3683 3662 3598 3641 3641 3609 31 4063 4062 4062 4062 4062 4062 4062
825 1683292339 150 3708 3683 3662 3598 3640 3640 3609 31 4063 4062 4062 4062 4062 4062 4062
826 1683292340 162 3708 3683 3663 3598 3641 3641 3609 31 4063 4062 4062 4062 4062 4062 4062
827 1683292340 182 3709 3684 3662 3598 3640 3640 3609 31 4063 4062 4062 4062 4062 4062 4062
828 1683292340 166 3708 3683 3662 3598 3640 3640 3609 31 4063 4062 4062 4062 4062 4062 4062
829 1683292340 155 3709 3684 3663 3598 3641 3641 3609 31 4063 4062 4062 4062 4062 4062 4062
830 1683292340 153 3710 3685 3663 3599 3641 3642 3610 31 4063 4063 4063 4063 4063 4063 4063
831 1683292340 158 3709 3684 3663 3598 3641 3641 3609 31 4063 4062 4062 4062 4062 4062 4062
832 1683292340 160 3709 3684 3663 3599 3641 3641 3609 31 4063 4062 4062 4062 4062 4062 4062
833 1683292340 142 3709 3684 3662 3598 3641 3641 3609 31 4063 4063 4063 4063 4063 4063 4063
834 1683292340 153 3710 3684 3663 3599 3642 3641 3609 31 4063 4062 4062 4062 4062 4062 4062
835 1683292340 146 3708 3684 3663 3599 3641 3640 3609 31 4063 4062 4062 4062 4062 4062 4062
836 1683292340 170 3708 3683 3663 3599 3641 3641 3609 31 4063 4062 4062 4062 4062 4062 4062
837 1683292340 159 3709 3684 3663 3599 3642 3641 3610 31 4061 4061 4061 4061 4061 4061 4061
838 1683292340 162 3709 3684 3663 3599 3641 3641 3609 31 4063 4062 4062 4062 4062 4062 4062
839 1683292340 156 3708 3684 3663 3598 3641 3640 3608 31 4063 4062 4062 4062 4062 4062 4062
840 1683292341 163 3707 3682 3661 3597 3640 3639 3607 31 4063 4062 4062 4062 4062 4062 4062
841 1683292341 148 3707 3682 3661 3596 3639 3639 3607 31 4063 4062 4062 4062 4062 4062 4062
842 1683292341 186 3708 3682 3661 3597 3639 3639 3607 31 4063 4062 4062 4062 4062 4062 4062
843 1683292341 158 3706 3681 3660 3596 3639 3638 3607 31 4063 4062 4062 4062 4062 4062 4062
844 1683292341 152 3706 3682 3662 3597 3639 3639 3607 31 4063 4063 4063 4063 4063 4063 4063
845 1683292341 164 3705 3682 3661 3597 3639 3639 3607 31 4063 4062 4062 4062 4062 4062 4062
846 1683292341 169 3708 3683 3661 3597 3640 3640 3608 31 4063 4062 4062 4062 4062 4062 4062
847 1683292341 164 3706 3681 3661 3596 3639 3639 3607 31 4063 4062 4062 4062 4062 4062 4062
848 1683292341 154 3706 3682 3660 3596 3639 3638 3606 31 4061 4061 4061 4061 4061 4061 4061
849 1683292342 161 3708 3682 3662 3598 3640 3640 3608 31 4063 4062 4062 4062 4062 4062 4062
850 1683292342 163 3708 3683 3662 3598 3640 3640 3608 31 4063 4062 4062 4062 4062 4062 4062
851 1683292342 160 3707 3682 3661 3596 3639 3639 3607 31 4063 4063 4063 4063 4063 4063 4063
852 1683292342 157 3708 3683 3662 3597 3640 3639 3607 35 4061 4061 4061 4061 4061 4061 4061
853 1683292342 166 3708 3682 3661 3597 3640 3639 3607 31 4061 4061 4061 4061 4061 4061 4061
854 1683292342 151 3707 3682 3661 3597 3639 3639 3607 31 4063 4062 4062 4062 4062 4062 4062
855 1683292342 154 3707 3682 3661 3597 3639 3639 3607 31 4063 4062 4062 4062 4062 4062 4062
856 1683292342 157 3707 3682 3661 3597 3639 3639 3607 31 4063 4062 4062 4062 4062 4062 4062
857 1683292343 155 3708 3682 3661 3597 3639 3639 3607 31 4063 4063 4063 4063 4063 4063 4063
858 1683292343 170 3708 3683 3661 3597 3639 3639 3607 31 4063 4062 4062 4062 4062 4062 4062
859 1683292343 174 3707 3682 3661 3597 3639 3639 3607 31 4063 4062 4062 4062 4062 4062 4062
860 1683292343 158 3706 3682 3661 3597 3639 3639 3607 31 4063 4062 4062 4062 4062 4062 4062
861 1683292343 173 3707 3681 3660 3596 3638 3638 3606 31 4063 4063 4063 4063 4063 4063 4063
862 1683292343 130 3706 3681 3660 3596 3638 3638 3606 31 4061 4061 4061 4061 4061 4061 4061
863 1683292343 153 3707 3681 3661 3597 3639 3639 3606 31 4061 4061 4061 4061 4061 4061 4061
864 1683292343 148 3707 3682 3661 3596 3639 3639 3607 31 4063 4063 4063 4063 4063 4063 4063
865 1683292344 150 3707 3682 3661 3596 3639 3639 3607 31 4061 4061 4061 4061 4061 4061 4061
866 1683292344 155 3708 3683 3662 3597 3640 3640 3607 31 4063 4062 4062 4062 4062 4062 4062
867 1683292344 164 3707 3682 3661 3597 3639 3639 3607 31 4063 4063 4063 4063 4063 4063 4063
868 1683292344 140 3708 3683 3662 3597 3640 3639 3607 31 4061 4061 4061 4061 4061 4061 4061
869 1683292344 155 3707 3682 3661 3597 3640 3640 3608 31 4061 4061 4061 4061 4061 4061 4061
870 1683292344 170 3707 3681 3661 3596 3639 3639 3607 31 4063 4062 4062 4062 4062 4062 4062
871 1683292344 156 3708 3683 3662 3598 3640 3640 3608 31 4063 4063 4063 4063 4063 4063 4063
872 1683292344 174 3707 3681 3661 3596 3639 3639 3607 31 4063 4062 4062 4062 4062 4062 4062
873 1683292344 181 3708 3683 3662 3598 3640 3640 3608 31 4063 4062 4062 4062 4062 4062 4062
874 1683292345 146 3708 3683 3662 3597 3639 3640 3608 31 4063 4063 4063 4063 4063 4063 4063
875 1683292345 148 3707 3682 3661 3597 3640 3639 3607 31 4063 4062 4062 4062 4062 4062 4062
876 1683292345 161 3706 3682 3661 3597 3639 3639 3607 31 4063 4062 4062 4062 4062 4062 4062
877 1683292345 171 3708 3682 3662 3597 3640 3639 3607 31 4063 4062 4062 4062 4062 4062 4062
878 1683292345 149 3708 3683 3662 3597 3640 3640 3608 31 4063 4063 4063 4063 4063 4063 4063
879 1683292345 167 3707 3681 3660 3596 3639 3639 3607 31 4061 4061 4061 4061 4061 4061 4061
880 1683292345 160 3707 3683 3662 3597 3640 3639 3608 31 4063 4063 4063 4063 4063 4063 4063
881 1683292346 161 3707 3682 3662 3597 3640 3639 3607 31 4063 4062 4062 4062 4062 4062 4062
882 1683292346 144 3708 3683 3661 3597 3639 3639 3607 31 4063 4062 4062 4062 4062 4062 4062
883 1683292346 138 3708 3683 3662 3598 3640 3640 3608 31 4063 4062 4062 4062 4062 4062 4062
884 1683292346 166 3707 3682 3661 3597 3639 3639 3607 31 4063 4063 4063 4063 4063 4063 4063
885 1683292346 158 3707 3682 3661 3597 3639 3639 3608 31 4063 4062 4062 4062 4062 4062 4062
886 1683292346 130 3707 3682 3661 3596 3639 3638 3606 31 4063 4062 4062 4062 4062 4062 4062
887 1683292346 159 3709 3683 3663 3598 3641 3640 3608 32 4063 4063 4063 4063 4063 4063 4063
888 1683292346 166 3708 3683 3662 3598 3640 3640 3608 31 4063 4062 4062 4062 4062 4062 4062
889 1683292346 173 3708 3682 3662 3598 3640 3639 3608 31 4061 4061 4061 4061 4061 4061 4061
890 1683292346 166 3708 3684 3663 3598 3641 3641 3609 31 4063 4062 4062 4062 4062 4062 4062
891 1683292346 146 3707 3682 3662 3597 3640 3640 3607 31 4063 4063 4063 4063 4063 4063 4063
892 1683292346 146 3708 3683 3662 3598 3639 3640 3608 31 4063 4063 4063 4063 4063 4063 4063
893 1683292346 169 3707 3682 3662 3597 3639 3639 3607 31 4063 4063 4063 4063 4063 4063 4063
894 1683292347 158 3707 3682 3661 3596 3639 3638 3607 31 4061 4061 4061 4061 4061 4061 4061
895 1683292347 157 3708 3683 3663 3598 3641 3641 3609 31 4063 4063 4063 4063 4063 4063 4063
896 1683292347 160 3708 3682 3662 3597 3639 3639 3608 31 4063 4062 4062 4062 4062 4062 4062
897 1683292347 147 3708 3683 3662 3597 3640 3639 3608 31 4063 4062 4062 4062 4062 4062 4062
898 1683292347 142 3708 3683 3663 3598 3640 3640 3608 31 4063 4062 4062 4062 4062 4062 4062
899 1683292347 149 3708 3683 3662 3598 3640 3640 3608 31 4061 4060 4060 4060 4060 4060 4060
900 1683292347 152 3708 3683 3662 3597 3640 3639 3607 31 4061 4061 4061 4061 4061 4061 4061
901 1683292347 156 3708 3683 3662 3597 3640 3639 3608 31 4063 4062 4062 4062 4062 4062 4062
902 1683292347 167 3707 3682 3661 3597 3639 3639 3607 31 4063 4062 4062 4062 4062 4062 4062
903 1683292347 149 3708 3683 3662 3597 3640 3639 3608 31 4063 4062 4062 4062 4062 4062 4062
904 1683292347 149 3707 3682 3661 3597 3639 3639 3607 31 4063 4062 4062 4062 4062 4062 4062
905 1683292347 180 3709 210 173 3596 3641 3641 3609 31 4063 4062 4062 4062 4062 4062 4062
906 1683292347 178 3708 3683 3662 3598 3640 3639 3608 31 4063 4062 4062 4062 4062 4062 4062
907 1683292348 149 3707 3682 3661 3597 3639 3639 3607 31 4063 4062 4062 4062 4062 4062 4062
908 1683292348 161 3708 3683 3662 3597 3640 3640 3608 31 4063 4063 4063 4063 4063 4063 4063
909 1683292348 149 3707 3682 3661 3597 3640 3640 3608 31 4063 4062 4062 4062 4062 4062 4062
910 1683292348 151 3708 3682 3661 3597 3640 3639 3607 31 4061 4061 4061 4061 4061 4061 4061
911 1683292348 154 3707 3683 3662 3598 3640 3640 3608 31 4063 4062 4062 4062 4062 4062 4062
912 1683292348 172 3708 3682 3661 3597 3640 3639 3608 31 4063 4063 4063 4063 4063 4063 4063
913 1683292348 167 3708 3683 3662 3598 3640 3640 3608 31 4063 4062 4062 4062 4062 4062 4062
914 1683292348 162 3708 3683 3662 3597 3640 3640 3608 31 4063 4063 4063 4063 4063 4063 4063
915 1683292348 148 3707 3682 3661 3597 3640 3639 3607 31 4063 4063 4063 4063 4063 4063 4063
916 1683292348 166 3708 3683 3662 3597 3639 3639 3607 31 4063 4063 4063 4063 4063 4063 4063
917 1683292348 163 3707 3681 3661 3596 3639 3639 3607 31 4063 4063 4063 4063 4063 4063 4063
918 1683292349 164 3708 3684 3663 3598 3640 3640 3608 31 4063 4063 4063 4063 4063 4063 4063
919 1683292349 158 3708 3683 3662 3598 3641 3640 3608 31 4063 4062 4062 4062 4062 4062 4062
920 1683292349 157 3707 3682 3661 3597 3639 3639 3607 31 4063 4063 4063 4063 4063 4063 4063
921 1683292349 166 3708 3683 3662 3598 3640 3640 3608 31 4063 4062 4062 4062 4062 4062 4062
922 1683292349 153 3708 3683 3662 3598 3640 3640 3608 31 4063 4063 4063 4063 4063 4063 4063
923 1683292349 167 3707 3683 3662 3598 3640 3640 3608 31 4063 4063 4063 4063 4063 4063 4063
924 1683292349 141 3708 3683 3662 3598 3640 3640 3609 31 4063 4063 4063 4063 4063 4063 4063
925 1683292349 161 3709 3683 3662 3598 3640 3640 3609 31 4063 4063 4063 4063 4063 4063 4063
926 1683292349 168 3708 3683 3662 3598 3640 3640 3608 31 4063 4062 4062 4062 4062 4062 4062
927 1683292349 143 3707 3682 3662 3597 3640 3639 3608 31 4063 4062 4062 4062 4062 4062 4062
928 1683292350 151 3707 3683 3661 3597 3639 3640 3607 31 4063 4062 4062 4062 4062 4062 4062
929 1683292350 186 3708 3682 3662 3597 3640 3640 3607 31 4063 4062 4062 4062 4062 4062 4062
930 1683292350 140 3708 3683 3662 3597 3640 3639 3607 31 4063 4062 4062 4062 4062 4062 4062
931 1683292350 145 3708 3683 3661 3597 3640 3640 3608 31 4063 4062 4062 4062 4062 4062 4062
932 1683292350 163 3709 3684 3663 3599 3641 3641 3609 31 4063 4063 4063 4063 4063 4063 4063
933 1683292350 173 3709 3684 3662 3598 3640 3640 3608 31 4061 4061 4061 4061 4061 4061 4061
934 1683292350 156 3708 3683 3662 3597 3640 3640 3608 31 4063 4063 4063 4063 4063 4063 4063
935 1683292350 183 3708 3682 3661 3597 3639 3640 3608 31 4063 4062 4062 4062 4062 4062 4062
936 1683292350 170 3708 3683 3662 3597 3640 3640 3608 31 4063 4062 4062 4062 4062 4062 4062
937 1683292350 183 3707 3682 3661 3597 3639 3640 3608 31 4063 4062 4062 4062 4062 4062 4062
938 1683292350 130 3708 3683 3663 3598 3640 3641 3608 31 4063 4062 4062 4062 4062 4062 4062
939 1683292350 149 3707 3683 3663 3598 3641 3640 3609 31 4063 4062 4062 4062 4062 4062 4062
940 1683292350 182 3708 3683 3662 3598 3640 3640 3608 31 4063 4063 4063 4063 4063 4063 4063
941 1683292350 165 3708 3682 3661 3597 3640 3639 3608 31 4063 4062 4062 4062 4062 4062 4062
942 1683292351 144 3708 3683 3662 3597 3640 3640 3608 31 4063 4062 4062 4062 4062 4062 4062
943 1683292351 150 3709 3684 3662 3598 3640 3640 3608 32 4061 4061 4061 4061 4061 4061 4061
944 1683292351 172 3708 3683 3662 3598 3640 3640 3608 31 4063 4062 4062 4062 4062 4062 4062
945 1683292351 163 3709 3683 3663 3598 3640 3640 3608 31 4063 4063 4063 4063 4063 4063 4063
946 1683292351 168 3708 3684 3663 3599 3641 3641 3608 31 4063 4062 4062 4062 4062 4062 4062
947 1683292351 136 3709 3684 3663 3598 3641 3640 3608 31 4063 4063 4063 4063 4063 4063 4063
948 1683292351 160 3708 3682 3662 3598 3640 3639 3608 31 4063 4062 4062 4062 4062 4062 4062
949 1683292351 176 3708 3683 3662 3597 3640 3640 3607 31 4063 4063 4063 4063 4063 4063 4063
950 1683292352 158 3708 3682 3662 3597 3640 3639 3607 31 4063 4062 4062 4062 4062 4062 4062
951 1683292352 164 3708 3683 3662 3598 3640 3640 3608 31 4063 4062 4062 4062 4062 4062 4062
952 1683292352 163 3709 3684 3663 3599 3642 3641 3609 31 4063 4062 4062 4062 4062 4062 4062
953 1683292352 145 3708 3683 3662 3598 3640 3640 3608 31 4063 4063 4063 4063 4063 4063 4063
954 1683292352 156 3708 3683 3663 3598 3641 3640 3608 31 4061 4061 4061 4061 4061 4061 4061
955 1683292352 157 3707 3682 3663 3598 3640 3640 3608 31 4063 4062 4062 4062 4062 4062 4062
956 1683292352 149 3706 3682 3661 3597 3639 3639 3607 31 4063 4062 4062 4062 4062 4062 4062
957 1683292352 149 3707 3682 3661 3597 3639 3638 3607 31 4063 4063 4063 4063 4063 4063 4063
958 1683292352 179 3708 3683 3662 3598 3641 3641 3609 31 4063 4062 4062 4062 4062 4062 4062
959 1683292353 155 3707 3682 3661 3597 3640 3640 3608 31 4063 4063 4063 4063 4063 4063 4063
960 1683292353 145 3708 3682 3661 3597 3640 3640 3608 31 4061 4061 4061 4061 4061 4061 4061
961 1683292353 158 3708 3683 3662 3598 3640 3639 3608 31 4063 4063 4063 4063 4063 4063 4063
962 1683292353 161 3708 3682 3661 3597 3639 3639 3608 31 4063 4063 4063 4063 4063 4063 4063
963 1683292353 157 3709 3684 3663 3599 3641 3641 3609 31 4063 4063 4063 4063 4063 4063 4063
964 1683292353 144 3708 3683 3661 3597 3639 3640 3608 31 4063 4062 4062 4062 4062 4062 4062
965 1683292353 145 3708 3683 3662 3598 3641 3641 3609 31 4063 4063 4063 4063 4063 4063 4063
966 1683292353 145 3708 3683 3662 3598 3640 3640 3608 31 4063 4063 4063 4063 4063 4063 4063
967 1683292353 150 3709 3684 3663 3598 3641 3641 3609 31 4063 4062 4062 4062 4062 4062 4062
968 1683292353 146 3708 3683 3662 3598 3640 3640 3608 31 4063 4063 4063 4063 4063 4063 4063
969 1683292353 169 3708 3683 3662 3597 3639 3639 3608 31 4063 4062 4062 4062 4062 4062 4062
970 1683292353 143 3708 3684 3662 3598 3641 3640 3608 31 4063 4062 4062 4062 4062 4062 4062
971 1683292353 173 3707 3684 3662 3598 3640 3640 3608 31 4062 4062 4062 4062 4062 4062 4062
972 1683292354 131 3708 3684 3663 3598 3640 3640 3607 31 4063 4062 4062 4062 4062 4062 4062
973 1683292354 170 3708 3683 3662 3598 3640 3640 3608 31 4063 4062 4062 4062 4062 4062 4062
974 1683292354 174 3708 3682 3662 3597 3640 3639 3608 31 4063 4062 4062 4062 4062 4062 4062
975 1683292354 154 3707 3683 3661 3597 3640 3639 3607 31 4063 4062 4062 4062 4062 4062 4062
976 1683292354 161 3709 3684 3663 3598 3641 3640 3608 31 4063 4062 4062 4062 4062 4062 4062
977 1683292354 136 3709 3684 3663 3598 3641 3640 3608 31 4063 4062 4062 4062 4062 4062 4062
978 1683292354 204 3708 3683 3662 3598 3641 3640 3609 31 4061 4061 4061 4061 4061 4061 4061
979 1683292354 148 3708 3683 3662 3598 3640 3640 3608 31 4063 4062 4062 4062 4062 4062 4062
980 1683292354 170 3708 3683 3662 3598 3641 3640 3608 31 4063 4062 4062 4062 4062 4062 4062
981 1683292354 159 3708 3682 3661 3597 3640 3640 3608 31 4063 4062 4062 4062 4062 4062 4062
982 1683292354 152 3709 3684 3663 3599 3641 3641 3608 31 4063 4062 4062 4062 4062 4062 4062
983 1683292354 162 3707 3683 3662 3597 3640 3639 3608 31 4063 4062 4062 4062 4062 4062 4062
984 1683292354 198 3708 3683 3662 3598 3640 3640 3608 31 4063 4063 4063 4063 4063 4063 4063
985 1683292355 158 3708 3683 3662 3597 3640 3640 3608 31 4063 4063 4063 4063 4063 4063 4063
986 1683292355 150 3708 3683 3663 3598 3641 3640 3609 31 4061 4061 4061 4061 4061 4061 4061
987 1683292355 162 3707 3683 3662 3598 3641 3640 3608 31 4063 4062 4062 4062 4062 4062 4062
988 1683292355 148 3708 3683 3662 3597 3640 3640 3609 31 4063 4062 4062 4062 4062 4062 4062
989 1683292355 171 3709 3683 3662 3598 3641 3640 3609 31 4063 4063 4063 4063 4063 4063 4063
990 1683292355 161 3708 3683 3663 3598 3641 3641 3609 31 4063 4062 4062 4062 4062 4062 4062
991 1683292355 161 3709 3683 3663 3598 3640 3640 3609 31 4063 4062 4062 4062 4062 4062 4062
992 1683292355 166 3709 3684 3663 3598 3641 3640 3609 31 4063 4062 4062 4062 4062 4062 4062
993 1683292355 157 3710 3686 3664 3600 3642 3642 3610 31 4063 4063 4063 4063 4063 4063 4063
994 1683292355 142 3708 3683 3663 3598 3641 3640 3608 31 4063 4062 4062 4062 4062 4062 4062
995 1683292355 179 3709 3684 3663 3598 3641 3640 3608 31 4063 4062 4062 4062 4062 4062 4062
996 1683292355 150 3709 3684 3663 3599 3642 3642 3610 31 4063 4062 4062 4062 4062 4062 4062
997 1683292355 149 3709 3683 3663 3598 3640 3640 3609 31 4063 4063 4063 4063 4063 4063 4063
998 1683292355 187 3708 3682 3662 3597 3640 3640 3608 31 4063 4062 4062 4062 4062 4062 4062
999 1683292356 172 3709 3684 3663 3599 3641 3641 3608 31 4063 4063 4063 4063 4063 4063 4063
1000 1683292356 169 3710 3684 3663 3599 3642 3641 3610 31 4063 4063 4063 4063 4063 4063 4063
