1 1683123779 3546 3691 3663 3642 3578 564 606 614 4065 4065 4064 4064 4064 4064 4064 4064
2 1683123779 3545 3690 3662 3641 3577 563 606 3586 4063 4063 4063 4063 4063 4063 4063 4063
3 1683123779 3545 3690 3662 3642 3577 562 605 3586 4063 4063 4063 4063 4063 4063 4063 4063
4 1683123779 3546 3691 3663 3642 3578 549 608 3586 4065 4065 4064 4064 4064 4064 4064 4064
5 1683123779 3546 3691 3663 3642 3579 560 606 3587 4063 4063 4063 4063 4063 4063 4063 4063
6 1683123779 3548 3692 3665 3644 3580 567 605 611 4065 4065 4064 4064 4064 4064 4064 4064
7 1683123779 3545 3690 3663 3642 3577 535 609 3586 4065 4065 4065 4065 4065 4065 4065 4065
8 1683123779 3547 3692 3664 3643 3580 565 605 640 4065 4065 4064 4064 4064 4064 4064 4064
9 1683123779 3546 3691 3662 3641 3577 557 607 3586 4064 4065 4064 4064 4064 4064 4064 4064
10 1683123780 3546 3691 3663 3642 3578 559 607 3586 4065 4065 4064 4064 4064 4064 4064 4064
11 1683123780 3548 3693 3665 3644 3580 566 605 597 4065 4065 4065 4065 4065 4065 4065 4065
12 1683123780 3548 3693 3665 3644 3580 564 606 606 4063 4063 4063 4063 4063 4063 4063 4063
13 1683123780 3546 3691 3663 3642 3578 541 609 3586 4063 4063 4063 4063 4063 4063 4063 4063
14 1683123780 3549 3694 3666 3645 3580 555 608 596 4063 4063 4063 4063 4063 4063 4063 4063
15 1683123780 3546 3690 3663 3642 3578 548 608 3586 4065 4065 4064 4064 4064 4064 4064 4064
16 1683123780 3547 3692 3664 3643 3579 564 605 3588 4063 4063 4063 4063 4063 4063 4063 4063
17 1683123780 3547 3692 3664 3643 3579 556 607 3587 4061 4061 4061 4061 4061 4061 4061 4061
18 1683123780 3547 3691 3664 3644 3579 549 608 602 4063 4063 4063 4063 4063 4063 4063 4063
19 1683123780 3549 3694 3666 3645 3581 554 608 649 4065 4065 4064 4064 4064 4064 4064 4064
20 1683123780 3547 3693 3665 3644 3579 528 610 3587 4065 4065 4064 4064 4064 4064 4064 4064
21 1683123780 3547 3692 3664 3644 3579 547 608 3588 4067 4065 4065 4065 4065 4065 4065 4065
22 1683123780 3547 3692 3665 3643 3579 552 608 3588 4065 4065 4064 4064 4064 4064 4064 4064
23 1683123780 3546 3692 3664 3643 3579 536 610 3587 4065 4065 4065 4065 4065 4065 4065 4065
24 1683123780 3545 3690 3663 3642 3577 549 608 3586 4063 4063 4063 4063 4063 4063 4063 4063
25 1683123780 3547 3692 3664 3643 3579 551 608 3587 4065 4065 4064 4064 4064 4064 4064 4064
26 1683123780 3547 3691 3664 3643 3579 560 606 3588 4063 4063 4063 4063 4063 4063 4063 4063
27 1683123780 3547 3693 3664 3644 3579 548 609 3588 4065 4065 4064 4064 4064 4064 4064 4064
28 1683123780 3549 3694 3666 3645 3581 553 608 627 4065 4065 4064 4064 4064 4064 4064 4064
29 1683123780 3547 3691 3664 3643 3579 550 608 3587 4065 4065 4064 4064 4064 4064 4064 4064
30 1683123781 3547 3692 3664 3643 3578 559 607 3587 4065 4065 4064 4064 4064 4064 4064 4064
31 1683123781 3547 3692 3665 3644 3580 566 605 3588 4065 4065 4064 4064 4064 4064 4064 4064
32 1683123781 3548 3693 3664 3644 3579 538 609 3587 4065 4063 4063 4063 4063 4063 4063 4063
33 1683123781 3547 3693 3665 3644 3580 556 608 3588 4063 4063 4063 4063 4063 4063 4063 4063
34 1683123781 3547 3692 3664 3643 3578 550 608 3587 4065 4065 4064 4064 4064 4064 4064 4064
35 1683123781 3547 3692 3664 3643 3578 546 609 3587 4065 4065 4065 4065 4065 4065 4065 4065
36 1683123781 3548 3692 3665 3644 3580 547 609 3588 4065 4063 4063 4063 4063 4063 4063 4063
37 1683123781 3547 3692 3664 3644 3579 545 609 3588 4065 4065 4064 4064 4064 4064 4064 4064
38 1683123781 3549 3694 3666 3644 3580 563 606 599 4063 4063 4062 4062 4062 4062 4062 4062
39 1683123781 3548 3693 3665 3645 3580 537 609 600 4065 4065 4065 4065 4065 4065 4065 4065
40 1683123781 3548 3693 3665 3644 3580 551 608 610 4065 4065 4064 4064 4064 4064 4064 4064
41 1683123781 3546 3691 3663 3643 3579 557 607 3587 4063 4063 4063 4063 4063 4063 4063 4063
42 1683123781 3548 3693 3665 3644 3580 550 608 3588 4065 4065 4065 4065 4065 4065 4065 4065
43 1683123781 3548 3694 3666 3645 3581 564 606 626 4067 4065 4065 4065 4065 4065 4065 4065
44 1683123781 3547 3692 3664 3643 3579 527 610 3588 4065 4065 4065 4065 4065 4065 4065 4065
45 1683123781 3550 3695 3667 3646 3582 554 608 639 4065 4065 4065 4065 4065 4065 4065 4065
46 1683123781 3547 3693 3665 3644 3580 547 608 3589 4063 4063 4063 4063 4063 4063 4063 4063
47 1683123781 3549 3694 3666 3646 3581 560 606 602 4065 4065 4064 4064 4064 4064 4064 4064
48 1683123781 3547 3692 3665 3643 3579 554 608 3588 4065 4065 4064 4064 4064 4064 4064 4064
49 1683123781 3547 3693 3665 3644 3580 540 610 3587 4065 4065 4064 4064 4064 4064 4064 4064
50 1683123781 3548 3693 3666 3644 3580 547 609 3588 4065 4063 4063 4063 4063 4063 4063 4063
51 1683123781 3549 3693 3666 3645 3580 556 608 3588 4065 4065 4065 4065 4065 4065 4065 4065
52 1683123781 3548 3693 3665 3644 3580 529 610 3588 4063 4063 4063 4063 4063 4063 4063 4063
53 1683123781 3548 3693 3665 3644 3580 548 609 3588 4065 4065 4064 4064 4064 4064 4064 4064
54 1683123782 3547 3692 3664 3643 3579 539 609 3588 4063 4063 4063 4063 4063 4063 4063 4063
55 1683123782 3548 3693 3665 3644 3580 544 609 3589 4065 4065 4065 4065 4065 4065 4065 4065
56 1683123782 3547 3692 3664 3643 3579 532 609 3588 4065 4065 4064 4064 4064 4064 4064 4064
57 1683123782 3547 3691 3664 3643 3579 556 608 3587 4065 4065 4064 4064 4064 4064 4064 4064
58 1683123782 3549 3694 3666 3645 3581 554 608 608 4063 4063 4063 4063 4063 4063 4063 4063
59 1683123782 3548 3693 3665 3644 3580 563 606 3588 4065 4065 4064 4064 4064 4064 4064 4064
60 1683123782 3547 3691 3665 3643 3579 539 610 3588 4065 4065 4064 4064 4064 4064 4064 4064
61 1683123782 3549 3694 3666 3645 3581 554 608 613 4063 4063 4063 4063 4063 4063 4063 4063
62 1683123782 3547 3692 3665 3643 3579 563 606 3588 4065 4065 4064 4064 4064 4064 4064 4064
63 1683123782 3548 3693 3665 3644 3580 553 608 3589 4065 4065 4065 4065 4065 4065 4065 4065
64 1683123782 3547 3692 3664 3644 3578 549 608 3588 4063 4063 4063 4063 4063 4063 4063 4063
65 1683123782 3547 3692 3664 3644 3579 538 610 3587 4065 4065 4064 4064 4064 4064 4064 4064
66 1683123782 3547 3692 3664 3643 3579 569 605 3588 4065 4065 4064 4064 4064 4064 4064 4064
67 1683123782 3549 3694 3666 3645 3580 544 609 3589 4065 4065 4064 4064 4064 4064 4064 4064
68 1683123782 3549 3694 3666 3645 3581 563 606 600 4065 4065 4064 4064 4064 4064 4064 4064
69 1683123782 3547 3692 3665 3644 3579 549 609 3587 4065 4065 4064 4064 4064 4064 4064 4064
70 1683123782 3548 3693 3665 3644 3580 555 608 3588 4065 4065 4065 4065 4065 4065 4065 4065
71 1683123782 3547 3692 3664 3643 3579 556 607 3588 4065 4065 4064 4064 4064 4064 4064 4064
72 1683123782 3548 3693 3665 3644 3580 544 609 3588 4065 4065 4065 4065 4065 4065 4065 4065
73 1683123782 3547 3692 3665 3644 3579 564 606 3588 4065 4065 4065 4065 4065 4065 4065 4065
74 1683123782 3549 3694 3666 3645 3580 556 609 597 4063 4063 4063 4063 4063 4063 4063 4063
75 1683123782 3548 3693 3665 3645 3581 532 610 3589 4067 4065 4065 4065 4065 4065 4065 4065
76 1683123782 3548 3693 3666 3645 3581 549 609 3588 4065 4065 4065 4065 4065 4065 4065 4065
77 1683123782 3547 3691 3664 3643 3579 536 610 3587 4067 4065 4065 4065 4065 4065 4065 4065
78 1683123782 3547 3692 3664 3643 3579 543 609 3588 4065 4065 4064 4064 4064 4064 4064 4064
79 1683123782 3548 3694 3665 3645 3580 530 610 3589 4065 4065 4065 4065 4065 4065 4065 4065
80 1683123783 3547 3691 3664 3643 3579 562 606 3588 4065 4065 4065 4065 4065 4065 4065 4065
81 1683123783 3546 3692 3664 3643 3579 559 607 3587 4065 4065 4065 4065 4065 4065 4065 4065
82 1683123783 3548 3693 3665 3644 3580 548 609 3588 4063 4063 4063 4063 4063 4063 4063 4063
83 1683123783 3548 3693 3665 3644 3580 552 609 3588 4065 4065 4064 4064 4064 4064 4064 4064
84 1683123783 3547 3692 3664 3643 3579 560 607 3588 4065 4065 4064 4064 4064 4064 4064 4064
85 1683123783 3548 3692 3665 3644 3580 558 608 3588 4065 4065 4065 4065 4065 4065 4065 4065
86 1683123783 3550 3695 3667 3646 3582 568 606 594 4065 4065 4064 4064 4064 4064 4064 4064
87 1683123783 3548 3693 3665 3645 3580 545 609 3589 4065 4065 4064 4064 4064 4064 4064 4064
88 1683123783 3546 3691 3663 3643 3579 541 610 3588 4063 4063 4063 4063 4063 4063 4063 4063
89 1683123783 3550 3695 3667 3646 3582 560 607 604 4065 4065 4064 4064 4064 4064 4064 4064
90 1683123783 3548 3693 3665 3645 3580 555 607 3589 4065 4065 4064 4064 4064 4064 4064 4064
91 1683123783 3548 3693 3665 3644 3580 546 610 3588 4065 4065 4064 4064 4064 4064 4064 4064
92 1683123783 3550 3695 3667 3647 3583 553 608 616 4065 4065 4064 4064 4064 4064 4064 4064
93 1683123783 3547 3692 3664 3644 3579 547 608 3587 4065 4065 4064 4064 4064 4064 4064 4064
94 1683123783 3548 3693 3665 3644 3580 506 611 3589 4065 4065 4064 4064 4064 4064 4064 4064
95 1683123783 3549 3694 3666 3646 3581 560 607 617 4065 4065 4064 4064 4064 4064 4064 4064
96 1683123783 3549 3694 3666 3645 3581 563 607 632 4065 4064 4064 4064 4064 4064 4064 4064
97 1683123783 3550 3695 3667 3646 3582 560 607 609 4065 4065 4065 4065 4065 4065 4065 4065
98 1683123783 3546 3691 3663 3643 3578 554 608 3586 4065 4065 4065 4065 4065 4065 4065 4065
99 1683123783 3547 3692 3665 3644 3580 546 609 3588 4065 4065 4065 4065 4065 4065 4065 4065
100 1683123783 3548 3693 3665 3644 3580 565 606 3588 4063 4063 4063 4063 4063 4063 4063 4063
101 1683123783 3547 3693 3665 3644 3580 508 611 3588 4065 4065 4064 4064 4064 4064 4064 4064
102 1683123783 3549 3694 3666 3645 3581 559 608 618 4063 4063 4063 4063 4063 4063 4063 4063
103 1683123783 3547 3692 3664 3644 3580 546 609 3588 4065 4065 4064 4064 4064 4064 4064 4064
104 1683123783 3548 3692 3665 3644 3579 555 608 3588 4063 4063 4063 4063 4063 4063 4063 4063
105 1683123783 3548 3693 3665 3644 3580 540 610 3588 4063 4063 4063 4063 4063 4063 4063 4063
106 1683123784 3548 3693 3665 3644 3580 551 609 3588 4065 4065 4064 4064 4064 4064 4064 4064
107 1683123784 3549 3694 3666 3646 3581 555 608 651 4065 4065 4064 4064 4064 4064 4064 4064
108 1683123784 3546 3691 3664 3643 3579 551 609 3587 4065 4065 4064 4064 4064 4064 4064 4064
109 1683123784 3546 3692 3664 3643 3579 555 608 3587 4065 4065 4064 4064 4064 4064 4064 4064
110 1683123784 3548 3693 3665 3644 3579 557 608 3589 4063 4063 4063 4063 4063 4063 4063 4063
111 1683123784 3547 3692 3664 3643 3579 558 607 3587 4065 4065 4065 4065 4065 4065 4065 4065
112 1683123784 3548 3693 3665 3645 3581 555 608 3589 4065 4065 4065 4065 4065 4065 4065 4065
113 1683123784 3546 3691 3663 3642 3578 559 608 3587 4065 4065 4065 4065 4065 4065 4065 4065
114 1683123784 3548 3693 3665 3644 3580 537 610 3588 4065 4065 4064 4064 4064 4064 4064 4064
115 1683123784 3548 3693 3665 3644 3580 568 605 3589 4065 4065 4064 4064 4064 4064 4064 4064
116 1683123784 3546 3692 3664 3643 3579 545 609 3588 4065 4065 4065 4065 4065 4065 4065 4065
117 1683123784 3548 3693 3665 3644 3580 558 608 3588 4063 4063 4063 4063 4063 4063 4063 4063
118 1683123784 3548 3693 3666 3644 3580 550 609 3589 4065 4065 4064 4064 4064 4064 4064 4064
119 1683123784 3547 3693 3665 3644 3580 554 608 3588 4065 4065 4064 4064 4064 4064 4064 4064
120 1683123784 3549 3694 3666 3645 3581 554 608 613 4065 4065 4064 4064 4064 4064 4064 4064
121 1683123784 3548 3693 3664 3644 3580 555 608 3587 4065 4065 4064 4064 4064 4064 4064 4064
122 1683123784 3547 3692 3665 3644 3580 549 609 3589 4063 4063 4063 4063 4063 4063 4063 4063
123 1683123784 3550 3695 3667 3647 3582 554 608 646 4063 4063 4063 4063 4063 4063 4063 4063
124 1683123784 3547 3692 3664 3643 3579 529 610 3588 4065 4065 4065 4065 4065 4065 4065 4065
125 1683123784 3548 3693 3665 3644 3580 547 609 3589 4065 4065 4064 4064 4064 4064 4064 4064
126 1683123784 3547 3692 3664 3643 3579 548 610 3588 4065 4065 4064 4064 4064 4064 4064 4064
127 1683123784 3549 3694 3667 3646 3582 549 609 606 4065 4065 4065 4065 4065 4065 4065 4065
128 1683123784 3550 3695 3667 3646 3582 557 608 606 4063 4063 4062 4062 4062 4062 4062 4062
129 1683123784 3547 3692 3664 3644 3578 556 608 3587 4065 4065 4064 4064 4064 4064 4064 4064
130 1683123785 3550 3694 3667 3646 3581 551 609 629 4065 4065 4064 4064 4064 4064 4064 4064
131 1683123785 3548 3693 3665 3644 3580 541 610 3588 4063 4063 4063 4063 4063 4063 4063 4063
132 1683123785 3548 3692 3665 3644 3579 537 610 3588 4065 4065 4064 4064 4064 4064 4064 4064
133 1683123785 3546 3691 3664 3642 3578 544 610 3587 4065 4065 4064 4064 4064 4064 4064 4064
134 1683123785 3549 3693 3666 3645 3581 547 610 3590 4065 4065 4064 4064 4064 4064 4064 4064
135 1683123785 3550 3694 3667 3646 3582 563 606 578 4065 4065 4064 4064 4064 4064 4064 4064
136 1683123785 3548 3693 3665 3644 3580 550 609 3588 4065 4065 4064 4064 4064 4064 4064 4064
137 1683123785 3548 3693 3666 3645 3580 550 609 3589 4065 4065 4065 4065 4065 4065 4065 4065
138 1683123785 3547 3692 3665 3643 3579 548 610 3588 4065 4065 4064 4064 4064 4064 4064 4064
139 1683123785 3548 3692 3665 3644 3580 552 609 3588 4065 4065 4065 4065 4065 4065 4065 4065
140 1683123785 3548 3693 3666 3645 3581 557 608 591 4063 4063 4063 4063 4063 4063 4063 4063
141 1683123785 3549 3695 3667 3646 3582 561 607 619 4065 4065 4064 4064 4064 4064 4064 4064
142 1683123785 3550 3694 3667 3645 3581 551 609 601 4065 4065 4064 4064 4064 4064 4064 4064
143 1683123785 3547 3692 3664 3643 3579 548 610 3587 4065 4065 4064 4064 4064 4064 4064 4064
144 1683123785 3548 3693 3665 3644 3579 543 610 3588 4065 4065 4064 4064 4064 4064 4064 4064
145 1683123785 3548 3692 3665 3644 3580 562 607 3589 4065 4065 4064 4064 4064 4064 4064 4064
146 1683123785 3547 3692 3664 3643 3579 558 608 3587 4065 4065 4064 4064 4064 4064 4064 4064
147 1683123785 3548 3693 3665 3645 3580 563 607 3589 4065 4065 4064 4064 4064 4064 4064 4064
148 1683123785 3547 3691 3664 3643 3579 564 607 3587 4063 4063 4063 4063 4063 4063 4063 4063
149 1683123785 3547 3692 3664 3643 3579 565 607 3587 4065 4065 4065 4065 4065 4065 4065 4065
150 1683123785 3548 3693 3665 3644 3580 545 610 3588 4065 4065 4064 4064 4064 4064 4064 4064
151 1683123785 3547 3693 3665 3644 3580 563 607 3588 4065 4065 4065 4065 4065 4065 4065 4065
152 1683123785 3548 3693 3665 3644 3580 554 609 3588 4065 4065 4064 4064 4064 4064 4064 4064
153 1683123785 3547 3693 3665 3644 3580 536 610 3587 4063 4063 4063 4063 4063 4063 4063 4063
154 1683123785 3548 3693 3666 3645 3581 547 610 3589 4063 4063 4063 4063 4063 4063 4063 4063
155 1683123786 3551 3696 3668 3647 3583 552 609 606 4065 4065 4064 4064 4064 4064 4064 4064
156 1683123786 3548 3693 3665 3645 3581 562 608 3589 4065 4065 4064 4064 4064 4064 4064 4064
157 1683123786 3548 3693 3666 3644 3581 545 610 3589 4065 4065 4064 4064 4064 4064 4064 4064
158 1683123786 3549 3694 3666 3645 3581 557 609 3589 4063 4063 4063 4063 4063 4063 4063 4063
159 1683123786 3547 3692 3664 3644 3579 535 610 3588 4065 4065 4064 4064 4064 4064 4064 4064
160 1683123786 3548 3692 3664 3644 3580 557 608 3588 4065 4065 4064 4064 4064 4064 4064 4064
161 1683123786 3548 3693 3665 3645 3580 563 607 3589 4065 4065 4064 4064 4064 4064 4064 4064
162 1683123786 3550 3695 3667 3646 3582 567 606 597 4065 4065 4065 4065 4065 4065 4065 4065
163 1683123786 3548 3693 3666 3644 3580 573 605 3588 4065 4065 4064 4064 4064 4064 4064 4064
164 1683123786 3549 3695 3667 3646 3582 556 608 626 4063 4063 4063 4063 4063 4063 4063 4063
165 1683123786 3548 3693 3665 3644 3579 550 609 3588 4065 4065 4064 4064 4064 4064 4064 4064
166 1683123786 3547 3692 3664 3643 3579 561 608 3588 4065 4065 4064 4064 4064 4064 4064 4064
167 1683123786 3549 3695 3667 3646 3582 551 609 610 4059 4059 4058 4058 4058 4058 4058 4058
168 1683123786 3547 3692 3664 3643 3579 544 610 3588 4065 4065 4064 4064 4064 4064 4064 4064
169 1683123786 3548 3693 3666 3645 3580 546 610 3589 4065 4065 4065 4065 4065 4065 4065 4065
170 1683123786 3548 3692 3665 3644 3580 559 608 3588 4065 4065 4064 4064 4064 4064 4064 4064
171 1683123786 3548 3693 3666 3644 3580 548 610 3589 4065 4065 4064 4064 4064 4064 4064 4064
172 1683123786 3548 3693 3666 3645 3581 551 609 3589 4065 4063 4063 4063 4063 4063 4063 4063
173 1683123786 3548 3693 3665 3644 3580 566 607 3589 4065 4065 4065 4065 4065 4065 4065 4065
174 1683123786 3549 3693 3666 3646 3581 555 608 612 4067 4065 4065 4065 4065 4065 4065 4065
175 1683123787 3548 3693 3665 3644 3580 553 609 3589 4065 4065 4064 4064 4064 4064 4064 4064
176 1683123787 3548 3692 3664 3644 3580 554 609 3588 4065 4065 4064 4064 4064 4064 4064 4064
177 1683123787 3548 3693 3666 3645 3580 548 610 3589 4065 4065 4064 4064 4064 4064 4064 4064
178 1683123787 3550 3696 3667 3646 3582 566 606 638 4065 4065 4065 4065 4065 4065 4065 4065
179 1683123787 3549 3694 3666 3645 3581 544 610 3589 4065 4065 4064 4064 4064 4064 4064 4064
180 1683123787 3548 3693 3665 3644 3580 541 610 3589 4065 4065 4065 4065 4065 4065 4065 4065
181 1683123787 3548 3693 3665 3644 3580 550 610 3589 4065 4065 4065 4065 4065 4065 4065 4065
182 1683123787 3550 3695 3667 3647 3582 559 608 616 4065 4065 4064 4064 4064 4064 4064 4064
183 1683123787 3550 3695 3667 3646 3582 554 609 587 4065 4065 4064 4064 4064 4064 4064 4064
184 1683123787 3548 3693 3665 3644 3580 535 611 3588 4065 4065 4064 4064 4064 4064 4064 4064
185 1683123787 3548 3693 3665 3644 3580 544 611 3587 4065 4065 4064 4064 4064 4064 4064 4064
186 1683123787 3549 3694 3666 3645 3581 544 610 3590 4065 4065 4064 4064 4064 4064 4064 4064
187 1683123787 3551 3696 3668 3647 3583 560 608 626 4065 4065 4064 4064 4064 4064 4064 4064
188 1683123787 3548 3693 3666 3645 3581 556 609 3589 4065 4065 4064 4064 4064 4064 4064 4064
189 1683123787 3546 3692 3664 3643 3579 556 606 3587 4065 4065 4064 4064 4064 4064 4064 4064
190 1683123787 3549 3694 3666 3645 3581 557 605 604 4065 4065 4065 4065 4065 4065 4065 4065
191 1683123787 3547 3692 3664 3643 3579 556 607 3588 4065 4065 4065 4065 4065 4065 4065 4065
192 1683123787 3547 3693 3664 3643 3579 553 607 3588 4065 4065 4065 4065 4065 4065 4065 4065
193 1683123787 3546 3691 3663 3642 3578 562 605 3587 4065 4065 4064 4064 4064 4064 4064 4064
194 1683123787 3549 3694 3666 3645 3581 550 607 616 4065 4065 4064 4064 4064 4064 4064 4064
195 1683123787 3546 3691 3663 3642 3578 552 607 3586 4065 4065 4064 4064 4064 4064 4064 4064
196 1683123787 3547 3692 3664 3643 3579 543 608 632 4065 4065 4064 4064 4064 4064 4064 4064
197 1683123787 3546 3692 3664 3643 3578 562 605 3586 4065 4065 4064 4064 4064 4064 4064 4064
198 1683123787 3546 3691 3664 3642 3579 492 610 3586 4065 4063 4063 4063 4063 4063 4063 4063
199 1683123787 3548 3693 3665 3645 3580 551 607 598 4063 4063 4063 4063 4063 4063 4063 4063
200 1683123787 3546 3691 3663 3642 3577 526 609 3586 4065 4065 4064 4064 4064 4064 4064 4064
201 1683123787 3547 3692 3664 3643 3579 548 608 3587 4065 4065 4064 4064 4064 4064 4064 4064
202 1683123787 3547 3692 3664 3643 3579 583 597 3587 4065 4065 4064 4064 4064 4064 4064 4064
203 1683123788 3546 3691 3664 3643 3579 555 606 3587 4065 4065 4065 4065 4065 4065 4065 4065
204 1683123788 3545 3690 3663 3641 3578 538 609 3586 4065 4065 4065 4065 4065 4065 4065 4065
205 1683123788 3547 3692 3665 3644 3580 557 607 625 4065 4065 4065 4065 4065 4065 4065 4065
206 1683123788 3547 3692 3665 3643 3579 541 609 3587 4065 4065 4064 4064 4064 4064 4064 4064
207 1683123788 3546 3691 3663 3642 3578 553 607 3587 4065 4065 4064 4064 4064 4064 4064 4064
208 1683123788 3546 3691 3664 3643 3578 534 608 3587 4067 4065 4065 4065 4065 4065 4065 4065
209 1683123788 3547 3692 3664 3644 3580 562 605 3587 4063 4063 4063 4063 4063 4063 4063 4063
210 1683123788 3547 3692 3664 3643 3579 553 607 3588 4065 4065 4065 4065 4065 4065 4065 4065
211 1683123788 3546 3691 3663 3642 3578 540 609 3586 4065 4065 4064 4064 4064 4064 4064 4064
212 1683123788 3546 3690 3663 3642 3578 554 607 3586 4065 4065 4064 4064 4064 4064 4064 4064
213 1683123788 3546 3691 3664 3643 3579 554 607 3587 4065 4065 4064 4064 4064 4064 4064 4064
214 1683123788 3547 3691 3664 3643 3579 534 609 3588 4063 4063 4063 4063 4063 4063 4063 4063
215 1683123788 3548 3692 3665 3644 3580 548 608 3588 4065 4065 4064 4064 4064 4064 4064 4064
216 1683123788 3548 3693 3665 3644 3580 555 607 583 4065 4065 4064 4064 4064 4064 4064 4064
217 1683123788 3547 3692 3664 3643 3579 555 607 3587 4065 4065 4064 4064 4064 4064 4064 4064
218 1683123788 3548 3692 3664 3643 3579 537 609 3589 4065 4065 4065 4065 4065 4065 4065 4065
219 1683123788 3546 3691 3664 3643 3579 548 607 3587 4065 4065 4064 4064 4064 4064 4064 4064
220 1683123788 3546 3691 3663 3642 3578 522 609 3587 4065 4065 4064 4064 4064 4064 4064 4064
221 1683123788 3546 3691 3663 3642 3578 560 605 3587 4063 4063 4063 4063 4063 4063 4063 4063
222 1683123788 3546 3690 3663 3642 3578 554 607 3586 4065 4065 4065 4065 4065 4065 4065 4065
223 1683123788 3547 3692 3664 3643 3579 542 609 3587 4065 4065 4064 4064 4064 4064 4064 4064
224 1683123788 3547 3691 3664 3643 3579 570 603 3587 4065 4065 4065 4065 4065 4065 4065 4065
225 1683123788 3547 3692 3664 3643 3579 559 606 3587 4065 4065 4064 4064 4064 4064 4064 4064
226 1683123788 3548 3693 3665 3644 3579 554 607 3588 4065 4065 4064 4064 4064 4064 4064 4064
227 1683123788 3547 3692 3664 3643 3579 549 608 3587 4065 4065 4064 4064 4064 4064 4064 4064
228 1683123788 3549 3694 3666 3645 3581 546 608 607 4067 4065 4065 4065 4065 4065 4065 4065
229 1683123788 3548 3693 3665 3644 3580 544 608 597 4065 4065 4064 4064 4064 4064 4064 4064
230 1683123788 3549 3693 3665 3644 3580 532 609 589 4065 4065 4065 4065 4065 4065 4065 4065
231 1683123789 3546 3691 3663 3642 3578 558 607 3587 4065 4065 4064 4064 4064 4064 4064 4064
232 1683123789 3547 3692 3664 3643 3579 546 608 3587 4063 4063 4063 4063 4063 4063 4063 4063
233 1683123789 3546 3690 3663 3642 3578 564 605 3587 4063 4063 4063 4063 4063 4063 4063 4063
234 1683123789 3546 3691 3663 3643 3578 545 608 3586 4063 4063 4063 4063 4063 4063 4063 4063
235 1683123789 3546 3691 3662 3642 3578 546 608 3587 4065 4065 4065 4065 4065 4065 4065 4065
236 1683123789 3546 3691 3664 3642 3577 551 608 3586 4063 4063 4063 4063 4063 4063 4063 4063
237 1683123789 3547 3692 3664 3644 3579 546 608 3588 4065 4065 4064 4064 4064 4064 4064 4064
238 1683123789 3547 3692 3664 3644 3579 553 607 638 4065 4065 4064 4064 4064 4064 4064 4064
239 1683123789 3547 3692 3664 3643 3579 556 607 3587 4063 4063 4063 4063 4063 4063 4063 4063
240 1683123789 3548 3693 3665 3644 3580 562 605 3588 4065 4063 4063 4063 4063 4063 4063 4063
241 1683123789 3547 3692 3665 3644 3579 591 591 591 4065 4065 4065 4065 4065 4065 4065 4065
242 1683123789 3547 3693 3664 3644 3579 533 609 3588 4065 4063 4063 4063 4063 4063 4063 4063
243 1683123789 3549 3694 3666 3645 3581 556 607 593 4065 4065 4064 4064 4064 4064 4064 4064
244 1683123789 3547 3691 3663 3643 3578 560 606 3586 4065 4065 4065 4065 4065 4065 4065 4065
245 1683123789 3547 3692 3664 3643 3579 541 609 3587 4065 4065 4064 4064 4064 4064 4064 4064
246 1683123789 3546 3691 3664 3643 3579 551 608 3588 4063 4063 4063 4063 4063 4063 4063 4063
247 1683123789 3547 3692 3664 3643 3579 535 609 3588 4065 4065 4064 4064 4064 4064 4064 4064
248 1683123789 3550 3694 3667 3645 3581 556 607 588 4063 4063 4063 4063 4063 4063 4063 4063
249 1683123789 3546 3690 3663 3642 3578 560 606 3586 4065 4065 4064 4064 4064 4064 4064 4064
250 1683123789 3547 3691 3664 3643 3578 550 608 3586 4065 4063 4063 4063 4063 4063 4063 4063
251 1683123789 3546 3691 3664 3643 3579 546 608 3585 4065 4065 4064 4064 4064 4064 4064 4064
252 1683123789 3547 3691 3664 3643 3578 561 606 3588 4065 4065 4064 4064 4064 4064 4064 4064
253 1683123789 3546 3691 3663 3642 3578 522 610 3587 4063 4063 4063 4063 4063 4063 4063 4063
254 1683123789 3548 3692 3664 3643 3579 562 606 3588 4065 4065 4064 4064 4064 4064 4064 4064
255 1683123789 3547 3692 3664 3643 3578 558 607 3587 4065 4065 4065 4065 4065 4065 4065 4065
256 1683123789 3546 3691 3663 3643 3578 560 606 3587 4067 4065 4065 4065 4065 4065 4065 4065
257 1683123789 3548 3693 3665 3645 3580 551 607 3588 4065 4065 4065 4065 4065 4065 4065 4065
258 1683123789 3548 3692 3665 3644 3580 555 607 597 4065 4065 4064 4064 4064 4064 4064 4064
259 1683123789 3548 3693 3665 3643 3579 543 609 3588 4065 4065 4064 4064 4064 4064 4064 4064
260 1683123789 3547 3691 3664 3643 3579 551 608 3588 4065 4065 4064 4064 4064 4064 4064 4064
261 1683123789 3547 3692 3664 3644 3579 552 608 3588 4065 4065 4064 4064 4064 4064 4064 4064
262 1683123790 3547 3692 3665 3644 3580 548 608 3588 4065 4065 4064 4064 4064 4064 4064 4064
263 1683123790 3546 3692 3664 3642 3578 558 607 3588 4063 4063 4063 4063 4063 4063 4063 4063
264 1683123790 3547 3692 3665 3644 3580 546 609 3588 4065 4065 4064 4064 4064 4064 4064 4064
265 1683123790 3549 3694 3666 3645 3581 554 608 635 4065 4065 4065 4065 4065 4065 4065 4065
266 1683123790 3546 3692 3664 3643 3579 543 609 3587 4065 4065 4065 4065 4065 4065 4065 4065
267 1683123790 3548 3693 3665 3644 3580 522 610 3589 4065 4065 4064 4064 4064 4064 4064 4064
268 1683123790 3547 3692 3664 3644 3579 548 608 3588 4065 4065 4064 4064 4064 4064 4064 4064
269 1683123790 3547 3692 3664 3643 3579 549 608 3588 4065 4065 4064 4064 4064 4064 4064 4064
270 1683123790 3547 3691 3664 3643 3579 540 609 3588 4065 4065 4065 4065 4065 4065 4065 4065
271 1683123790 3548 3693 3665 3644 3579 554 608 3589 4065 4063 4063 4063 4063 4063 4063 4063
272 1683123790 3547 3693 3664 3643 3579 528 610 3588 4065 4065 4064 4064 4064 4064 4064 4064
273 1683123790 3547 3692 3665 3644 3579 549 608 3587 4063 4063 4063 4063 4063 4063 4063 4063
274 1683123790 3548 3693 3665 3644 3580 551 607 3589 4065 4065 4064 4064 4064 4064 4064 4064
275 1683123790 3549 3693 3665 3645 3581 570 604 597 4065 4065 4064 4064 4064 4064 4064 4064
276 1683123790 3547 3692 3664 3643 3579 533 609 3588 4067 4065 4065 4065 4065 4065 4065 4065
277 1683123790 3547 3692 3664 3643 3580 540 608 3588 4065 4065 4064 4064 4064 4064 4064 4064
278 1683123790 3549 3694 3667 3646 3581 563 606 612 4065 4065 4064 4064 4064 4064 4064 4064
279 1683123790 3548 3692 3665 3644 3580 557 607 3589 4065 4065 4065 4065 4065 4065 4065 4065
280 1683123790 3548 3693 3665 3644 3580 541 609 3588 4065 4065 4064 4064 4064 4064 4064 4064
281 1683123790 3547 3693 3664 3644 3579 551 608 3587 4065 4065 4064 4064 4064 4064 4064 4064
282 1683123790 3547 3692 3664 3644 3579 557 607 3588 4065 4065 4064 4064 4064 4064 4064 4064
283 1683123790 3549 3694 3666 3645 3581 552 608 622 4065 4065 4065 4065 4065 4065 4065 4065
284 1683123790 3548 3693 3666 3644 3580 577 601 619 4065 4065 4064 4064 4064 4064 4064 4064
285 1683123790 3547 3693 3665 3644 3580 562 606 3588 4065 4065 4065 4065 4065 4065 4065 4065
286 1683123790 3550 3695 3667 3645 3581 559 607 592 4065 4065 4065 4065 4065 4065 4065 4065
287 1683123790 3546 3691 3663 3642 3578 549 608 3586 4065 4065 4064 4064 4064 4064 4064 4064
288 1683123790 3549 3694 3666 3645 3581 539 609 582 4065 4063 4063 4063 4063 4063 4063 4063
289 1683123790 3547 3692 3664 3644 3579 536 610 3587 4065 4065 4065 4065 4065 4065 4065 4065
290 1683123790 3548 3693 3665 3644 3581 567 605 612 4065 4065 4064 4064 4064 4064 4064 4064
291 1683123790 3547 3692 3664 3643 3578 554 608 3587 4065 4065 4065 4065 4065 4065 4065 4065
292 1683123790 3547 3692 3664 3644 3579 539 609 3588 4065 4065 4064 4064 4064 4064 4064 4064
293 1683123790 3549 3694 3667 3646 3581 548 608 598 4064 4065 4064 4064 4064 4064 4064 4064
294 1683123790 3547 3693 3665 3643 3579 548 608 3588 4063 4063 4063 4063 4063 4063 4063 4063
295 1683123790 3546 3691 3663 3642 3578 559 607 3587 4065 4065 4064 4064 4064 4064 4064 4064
296 1683123790 3547 3693 3665 3644 3580 553 608 3588 4063 4063 4063 4063 4063 4063 4063 4063
297 1683123790 3548 3693 3665 3644 3580 557 607 3589 4065 4065 4065 4065 4065 4065 4065 4065
298 1683123790 3547 3692 3665 3643 3579 548 609 3588 4065 4065 4064 4064 4064 4064 4064 4064
299 1683123790 3548 3694 3666 3645 3581 555 607 595 4063 4063 4063 4063 4063 4063 4063 4063
300 1683123790 3548 3693 3665 3645 3581 550 608 3590 4065 4065 4064 4064 4064 4064 4064 4064
301 1683123791 3547 3692 3664 3643 3578 555 608 3587 4065 4065 4065 4065 4065 4065 4065 4065
302 1683123791 3547 3692 3664 3643 3579 545 608 3588 4065 4065 4064 4064 4064 4064 4064 4064
303 1683123791 3548 3693 3665 3644 3580 535 610 3589 4065 4065 4065 4065 4065 4065 4065 4065
304 1683123791 3548 3693 3665 3644 3580 561 606 3589 4065 4063 4063 4063 4063 4063 4063 4063
305 1683123791 3548 3692 3664 3644 3580 554 608 3588 4065 4065 4065 4065 4065 4065 4065 4065
306 1683123791 3548 3692 3665 3644 3580 537 609 3588 4065 4065 4064 4064 4064 4064 4064 4064
307 1683123791 3547 3692 3665 3644 3579 544 609 3587 4065 4065 4064 4064 4064 4064 4064 4064
308 1683123791 3547 3692 3664 3643 3579 549 608 3588 4065 4065 4065 4065 4065 4065 4065 4065
309 1683123791 3547 3692 3664 3643 3579 553 609 3587 4065 4065 4065 4065 4065 4065 4065 4065
310 1683123791 3549 3694 3667 3646 3581 555 607 609 4063 4063 4063 4063 4063 4063 4063 4063
311 1683123791 3546 3692 3664 3643 3579 518 610 3587 4065 4065 4064 4064 4064 4064 4064 4064
312 1683123791 3548 3693 3666 3645 3581 555 607 632 4063 4063 4063 4063 4063 4063 4063 4063
313 1683123791 3549 3693 3666 3645 3581 558 607 594 4065 4065 4064 4064 4064 4064 4064 4064
314 1683123791 3547 3692 3664 3643 3579 571 604 3586 4065 4065 4065 4065 4065 4065 4065 4065
315 1683123791 3548 3692 3665 3644 3579 546 609 3588 4065 4065 4064 4064 4064 4064 4064 4064
316 1683123791 3548 3693 3665 3644 3579 550 609 3588 4065 4063 4063 4063 4063 4063 4063 4063
317 1683123791 3549 3694 3666 3646 3581 563 606 644 4065 4065 4065 4065 4065 4065 4065 4065
318 1683123791 3547 3691 3664 3643 3579 547 609 3587 4065 4065 4064 4064 4064 4064 4064 4064
319 1683123791 3547 3692 3665 3643 3580 562 606 3589 4065 4065 4064 4064 4064 4064 4064 4064
320 1683123791 3547 3693 3665 3644 3579 521 610 3588 4065 4063 4063 4063 4063 4063 4063 4063
321 1683123791 3547 3692 3664 3644 3579 536 610 3588 4065 4065 4064 4064 4064 4064 4064 4064
322 1683123791 3548 3693 3665 3644 3580 551 609 3589 4065 4065 4064 4064 4064 4064 4064 4064
323 1683123791 3547 3693 3665 3643 3579 551 608 3588 4065 4065 4065 4065 4065 4065 4065 4065
324 1683123791 3550 3694 3667 3646 3582 552 608 606 4065 4065 4064 4064 4064 4064 4064 4064
325 1683123791 3547 3692 3665 3644 3579 547 609 3587 4065 4065 4064 4064 4064 4064 4064 4064
326 1683123792 3546 3691 3664 3642 3578 528 610 3587 4065 4065 4064 4064 4064 4064 4064 4064
327 1683123792 3548 3693 3665 3644 3580 531 610 3588 4065 4065 4065 4065 4065 4065 4065 4065
328 1683123792 3545 3690 3663 3642 3578 569 604 3586 4065 4065 4064 4064 4064 4064 4064 4064
329 1683123792 3549 3694 3666 3645 3581 550 608 613 4065 4065 4064 4064 4064 4064 4064 4064
330 1683123792 3549 3694 3667 3645 3582 555 607 605 4065 4065 4064 4064 4064 4064 4064 4064
331 1683123792 3548 3692 3665 3644 3580 542 609 3589 4065 4065 4064 4064 4064 4064 4064 4064
332 1683123792 3548 3693 3666 3644 3580 568 605 3588 4065 4065 4064 4064 4064 4064 4064 4064
333 1683123792 3548 3693 3665 3644 3579 555 608 3588 4065 4065 4064 4064 4064 4064 4064 4064
334 1683123792 3547 3691 3664 3643 3578 571 604 3586 4065 4065 4065 4065 4065 4065 4065 4065
335 1683123792 3547 3692 3665 3644 3580 553 609 3589 4065 4065 4064 4064 4064 4064 4064 4064
336 1683123792 3548 3693 3665 3645 3580 579 601 3588 4063 4063 4063 4063 4063 4063 4063 4063
337 1683123792 3549 3694 3667 3645 3581 561 606 596 4065 4065 4065 4065 4065 4065 4065 4065
338 1683123792 3547 3692 3664 3643 3579 562 606 3588 4065 4065 4064 4064 4064 4064 4064 4064
339 1683123792 3551 3696 3668 3647 3582 550 608 597 4065 4065 4064 4064 4064 4064 4064 4064
340 1683123792 3548 3693 3664 3644 3579 543 610 3588 4065 4065 4064 4064 4064 4064 4064 4064
341 1683123792 3548 3692 3665 3644 3580 546 609 3588 4063 4063 4063 4063 4063 4063 4063 4063
342 1683123792 3547 3692 3664 3643 3579 539 610 3588 4065 4063 4063 4063 4063 4063 4063 4063
343 1683123792 3550 3694 3667 3646 3582 556 608 629 4065 4065 4065 4065 4065 4065 4065 4065
344 1683123792 3548 3694 3666 3645 3581 553 608 593 4065 4065 4064 4064 4064 4064 4064 4064
345 1683123792 3548 3693 3665 3644 3580 534 610 3587 4065 4065 4065 4065 4065 4065 4065 4065
346 1683123792 3548 3692 3665 3644 3579 562 606 3588 4063 4063 4063 4063 4063 4063 4063 4063
347 1683123792 3549 3694 3666 3644 3581 554 608 617 4065 4065 4065 4065 4065 4065 4065 4065
348 1683123793 3548 3693 3665 3644 3580 550 609 3588 4063 4063 4063 4063 4063 4063 4063 4063
349 1683123793 3549 3695 3667 3645 3581 578 603 619 4065 4065 4064 4064 4064 4064 4064 4064
350 1683123793 3549 3694 3667 3645 3581 551 609 598 4063 4063 4063 4063 4063 4063 4063 4063
351 1683123793 3547 3692 3664 3643 3579 552 609 3588 4065 4065 4065 4065 4065 4065 4065 4065
352 1683123793 3549 3693 3665 3644 3580 545 610 3588 4065 4065 4065 4065 4065 4065 4065 4065
353 1683123793 3548 3693 3665 3645 3580 548 609 3589 4065 4065 4064 4064 4064 4064 4064 4064
354 1683123793 3548 3692 3665 3644 3580 547 609 3588 4061 4061 4061 4061 4061 4061 4061 4061
355 1683123793 3549 3693 3666 3645 3581 562 607 635 4065 4065 4064 4064 4064 4064 4064 4064
356 1683123793 3548 3693 3665 3644 3580 552 608 3588 4065 4065 4064 4064 4064 4064 4064 4064
357 1683123793 3547 3692 3665 3643 3579 556 608 3588 4065 4065 4064 4064 4064 4064 4064 4064
358 1683123793 3548 3693 3665 3644 3580 546 609 3589 4065 4065 4065 4065 4065 4065 4065 4065
359 1683123793 3549 3694 3667 3646 3581 555 608 613 4063 4063 4063 4063 4063 4063 4063 4063
360 1683123793 3547 3692 3664 3644 3580 548 609 3588 4065 4065 4065 4065 4065 4065 4065 4065
361 1683123793 3549 3694 3666 3645 3581 552 608 3589 4061 4061 4061 4061 4061 4061 4061 4061
362 1683123793 3548 3693 3664 3644 3580 556 608 3588 4065 4065 4065 4065 4065 4065 4065 4065
363 1683123793 3550 3695 3667 3646 3582 553 609 618 4065 4065 4064 4064 4064 4064 4064 4064
364 1683123793 3548 3694 3666 3645 3581 552 608 613 4065 4065 4064 4064 4064 4064 4064 4064
365 1683123793 3548 3693 3665 3644 3580 553 608 3589 4065 4065 4064 4064 4064 4064 4064 4064
366 1683123793 3550 3694 3666 3646 3581 559 608 606 4065 4065 4064 4064 4064 4064 4064 4064
367 1683123793 3550 3695 3668 3647 3583 554 608 613 4063 4063 4063 4063 4063 4063 4063 4063
368 1683123793 3548 3693 3665 3645 3580 542 609 3588 4065 4065 4065 4065 4065 4065 4065 4065
369 1683123793 3550 3695 3667 3646 3582 556 608 611 4065 4065 4064 4064 4064 4064 4064 4064
370 1683123793 3548 3692 3665 3644 3580 548 609 3588 4065 4065 4064 4064 4064 4064 4064 4064
371 1683123793 3549 3693 3666 3644 3580 542 610 3589 4065 4065 4064 4064 4064 4064 4064 4064
372 1683123793 3548 3693 3665 3644 3580 551 608 3588 4065 4065 4064 4064 4064 4064 4064 4064
373 1683123793 3547 3691 3664 3643 3579 548 609 3587 4065 4065 4064 4064 4064 4064 4064 4064
374 1683123793 3549 3694 3666 3645 3581 540 610 588 4065 4065 4064 4064 4064 4064 4064 4064
375 1683123793 3548 3692 3665 3644 3580 537 610 3588 4065 4065 4064 4064 4064 4064 4064 4064
376 1683123793 3549 3694 3667 3646 3582 561 606 586 4065 4065 4064 4064 4064 4064 4064 4064
377 1683123793 3550 3695 3667 3646 3582 556 608 629 4065 4065 4064 4064 4064 4064 4064 4064
378 1683123793 3548 3693 3665 3644 3580 564 606 3588 4065 4065 4064 4064 4064 4064 4064 4064
379 1683123793 3550 3694 3667 3646 3582 547 609 613 4065 4065 4065 4065 4065 4065 4065 4065
380 1683123793 3550 3695 3667 3646 3582 562 608 601 4065 4065 4065 4065 4065 4065 4065 4065
381 1683123793 3548 3694 3666 3644 3580 538 610 3589 4063 4063 4063 4063 4063 4063 4063 4063
382 1683123793 3550 3695 3668 3647 3582 562 607 612 4065 4065 4065 4065 4065 4065 4065 4065
383 1683123793 3547 3692 3664 3643 3579 543 609 3588 4065 4065 4064 4064 4064 4064 4064 4064
384 1683123793 3547 3692 3665 3643 3579 526 611 3588 4065 4065 4065 4065 4065 4065 4065 4065
385 1683123793 3549 3693 3666 3645 3581 555 609 3589 4065 4065 4064 4064 4064 4064 4064 4064
386 1683123794 3550 3695 3667 3645 3581 543 610 612 4065 4065 4064 4064 4064 4064 4064 4064
387 1683123794 3548 3693 3665 3644 3580 548 609 3588 4065 4063 4063 4063 4063 4063 4063 4063
388 1683123794 3547 3693 3664 3644 3580 543 610 3588 4065 4065 4064 4064 4064 4064 4064 4064
389 1683123794 3548 3693 3665 3645 3580 556 608 3589 4065 4065 4065 4065 4065 4065 4065 4065
390 1683123794 3549 3695 3667 3645 3581 567 606 592 4065 4065 4064 4064 4064 4064 4064 4064
391 1683123794 3549 3694 3666 3645 3581 554 608 3589 4065 4065 4064 4064 4064 4064 4064 4064
392 1683123794 3548 3693 3665 3644 3579 548 609 3588 4065 4065 4064 4064 4064 4064 4064 4064
393 1683123794 3548 3693 3665 3644 3580 506 612 3587 4065 4063 4063 4063 4063 4063 4063 4063
394 1683123794 3548 3693 3665 3644 3580 539 610 3589 4065 4065 4064 4064 4064 4064 4064 4064
395 1683123794 3549 3694 3666 3645 3581 546 610 3589 4063 4063 4063 4063 4063 4063 4063 4063
396 1683123794 3550 3695 3668 3646 3582 549 609 626 4065 4065 4065 4065 4065 4065 4065 4065
397 1683123794 3549 3694 3666 3646 3581 532 611 3590 4063 4063 4063 4063 4063 4063 4063 4063
398 1683123794 3550 3695 3666 3646 3582 549 610 3590 4063 4063 4063 4063 4063 4063 4063 4063
399 1683123794 3547 3692 3664 3643 3579 546 610 3588 4065 4065 4064 4064 4064 4064 4064 4064
400 1683123794 3548 3693 3665 3644 3580 571 605 3588 4065 4065 4064 4064 4064 4064 4064 4064
401 1683123794 3549 3694 3666 3645 3581 543 610 3589 4065 4065 4064 4064 4064 4064 4064 4064
402 1683123794 3549 3694 3666 3645 3581 555 609 3589 4065 4065 4064 4064 4064 4064 4064 4064
403 1683123794 3550 3695 3667 3647 3582 564 606 608 4065 4065 4064 4064 4064 4064 4064 4064
404 1683123794 3549 3694 3667 3645 3581 547 609 3590 4065 4065 4064 4064 4064 4064 4064 4064
405 1683123794 3547 3692 3665 3643 3579 552 609 3589 4065 4065 4064 4064 4064 4064 4064 4064
406 1683123794 3551 3696 3669 3647 3583 563 607 605 4065 4065 4064 4064 4064 4064 4064 4064
407 1683123794 3548 3693 3665 3644 3580 557 609 3589 4065 4065 4065 4065 4065 4065 4065 4065
408 1683123794 3552 3697 3669 3648 3584 561 607 599 4065 4065 4065 4065 4065 4065 4065 4065
409 1683123794 3548 3693 3665 3644 3580 550 609 3589 4063 4063 4063 4063 4063 4063 4063 4063
410 1683123794 3548 3693 3665 3645 3580 558 608 3588 4065 4063 4063 4063 4063 4063 4063 4063
411 1683123794 3550 3695 3667 3646 3582 557 608 617 4065 4065 4065 4065 4065 4065 4065 4065
412 1683123794 3548 3692 3665 3644 3580 525 611 3589 4065 4065 4064 4064 4064 4064 4064 4064
413 1683123794 3548 3693 3666 3644 3580 553 609 3589 4063 4063 4063 4063 4063 4063 4063 4063
414 1683123794 3549 3694 3667 3646 3581 552 609 3589 4065 4065 4064 4064 4064 4064 4064 4064
415 1683123794 3548 3693 3665 3644 3580 548 610 3588 4065 4065 4064 4064 4064 4064 4064 4064
416 1683123794 3550 3695 3667 3646 3582 549 609 618 4065 4065 4064 4064 4064 4064 4064 4064
417 1683123794 3550 3695 3667 3645 3581 534 611 599 4065 4065 4064 4064 4064 4064 4064 4064
418 1683123794 3550 3695 3668 3647 3582 553 609 618 4063 4063 4063 4063 4063 4063 4063 4063
419 1683123794 3548 3693 3665 3644 3580 570 605 3589 4065 4065 4064 4064 4064 4064 4064 4064
420 1683123794 3547 3692 3664 3644 3580 537 611 3588 4065 4065 4065 4065 4065 4065 4065 4065
421 1683123795 3548 3694 3665 3645 3580 538 610 3588 4065 4065 4065 4065 4065 4065 4065 4065
422 1683123795 3548 3693 3665 3644 3580 539 611 3590 4065 4065 4064 4064 4064 4064 4064 4064
423 1683123795 3551 3696 3668 3647 3582 584 600 621 4065 4065 4064 4064 4064 4064 4064 4064
424 1683123795 3549 3695 3667 3646 3582 570 606 616 4065 4063 4063 4063 4063 4063 4063 4063
425 1683123795 3547 3693 3666 3644 3580 543 611 3587 4065 4065 4065 4065 4065 4065 4065 4065
426 1683123795 3549 3694 3666 3646 3581 547 609 3590 4065 4065 4065 4065 4065 4065 4065 4065
427 1683123795 3551 3696 3667 3647 3582 558 608 608 4065 4065 4064 4064 4064 4064 4064 4064
428 1683123795 3549 3695 3667 3646 3581 551 609 614 4065 4065 4064 4064 4064 4064 4064 4064
429 1683123795 3547 3692 3665 3644 3580 561 607 3588 4063 4063 4063 4063 4063 4063 4063 4063
430 1683123795 3549 3694 3665 3644 3581 537 611 3589 4065 4065 4065 4065 4065 4065 4065 4065
431 1683123795 3549 3694 3666 3645 3580 558 608 3589 4065 4065 4064 4064 4064 4064 4064 4064
432 1683123795 3548 3693 3664 3644 3579 545 610 3588 4065 4065 4064 4064 4064 4064 4064 4064
433 1683123795 3549 3695 3667 3646 3581 548 610 612 4065 4065 4065 4065 4065 4065 4065 4065
434 1683123795 3548 3694 3665 3645 3580 555 609 3588 4063 4063 4062 4062 4062 4062 4062 4062
435 1683123795 3548 3693 3666 3645 3581 554 609 3589 4065 4065 4064 4064 4064 4064 4064 4064
436 1683123795 3550 3695 3668 3647 3582 546 610 3591 4065 4065 4065 4065 4065 4065 4065 4065
437 1683123795 3548 3693 3665 3644 3580 547 610 3589 4065 4065 4064 4064 4064 4064 4064 4064
438 1683123795 3549 3693 3666 3645 3581 541 611 3590 4065 4065 4064 4064 4064 4064 4064 4064
439 1683123795 3548 3692 3665 3644 3580 542 610 3588 4065 4065 4064 4064 4064 4064 4064 4064
440 1683123795 3548 3693 3665 3644 3580 549 609 3588 4065 4065 4064 4064 4064 4064 4064 4064
441 1683123795 3548 3693 3666 3645 3580 553 610 3587 4065 4065 4064 4064 4064 4064 4064 4064
442 1683123795 3549 3694 3667 3645 3581 555 609 3590 4065 4065 4064 4064 4064 4064 4064 4064
443 1683123795 3550 3695 3667 3646 3582 556 609 609 4063 4063 4063 4063 4063 4063 4063 4063
444 1683123795 3549 3694 3666 3645 3581 559 609 3589 4065 4065 4064 4064 4064 4064 4064 4064
445 1683123795 3547 3692 3664 3643 3579 546 607 3587 4063 4063 4063 4063 4063 4063 4063 4063
446 1683123795 3547 3691 3664 3643 3579 557 607 3587 4065 4065 4064 4064 4064 4064 4064 4064
447 1683123795 3546 3691 3663 3642 3578 556 606 3587 4065 4065 4064 4064 4064 4064 4064 4064
448 1683123795 3547 3692 3665 3644 3579 558 606 3588 4065 4065 4064 4064 4064 4064 4064 4064
449 1683123795 3547 3692 3663 3643 3579 550 607 3587 4065 4065 4065 4065 4065 4065 4065 4065
450 1683123795 3546 3692 3664 3643 3579 552 607 3587 4065 4065 4065 4065 4065 4065 4065 4065
451 1683123796 3546 3691 3663 3642 3578 545 608 3587 4065 4065 4064 4064 4064 4064 4064 4064
452 1683123796 3549 3693 3666 3644 3580 561 605 609 4063 4063 4063 4063 4063 4063 4063 4063
453 1683123796 3547 3692 3664 3644 3579 556 607 3588 4065 4065 4065 4065 4065 4065 4065 4065
454 1683123796 3547 3692 3664 3643 3579 546 608 3587 4065 4065 4064 4064 4064 4064 4064 4064
455 1683123796 3546 3691 3663 3642 3578 558 606 3587 4063 4063 4063 4063 4063 4063 4063 4063
456 1683123796 3548 3693 3665 3644 3579 560 606 3588 4065 4065 4065 4065 4065 4065 4065 4065
457 1683123796 3547 3692 3664 3642 3578 536 608 3587 4065 4065 4065 4065 4065 4065 4065 4065
458 1683123796 3548 3692 3665 3643 3579 561 605 3588 4063 4063 4063 4063 4063 4063 4063 4063
459 1683123796 3546 3691 3664 3643 3578 546 607 3587 4065 4065 4064 4064 4064 4064 4064 4064
460 1683123796 3547 3692 3665 3644 3579 537 609 3588 4065 4065 4064 4064 4064 4064 4064 4064
461 1683123796 3547 3691 3663 3643 3579 547 608 3587 4065 4065 4064 4064 4064 4064 4064 4064
462 1683123796 3547 3692 3665 3644 3580 562 605 3588 4063 4063 4063 4063 4063 4063 4063 4063
463 1683123796 3547 3692 3664 3643 3580 551 607 3588 4063 4063 4063 4063 4063 4063 4063 4063
464 1683123796 3549 3694 3666 3645 3581 551 608 621 4067 4065 4065 4065 4065 4065 4065 4065
465 1683123796 3549 3694 3666 3645 3580 548 607 618 4065 4065 4064 4064 4064 4064 4064 4064
466 1683123796 3547 3692 3664 3643 3579 561 605 3588 4065 4063 4063 4063 4063 4063 4063 4063
467 1683123796 3548 3692 3664 3643 3579 552 607 3589 4065 4065 4064 4064 4064 4064 4064 4064
468 1683123796 3547 3691 3664 3643 3579 551 607 3588 4065 4065 4064 4064 4064 4064 4064 4064
469 1683123796 3547 3692 3664 3644 3580 552 607 3588 4065 4065 4064 4064 4064 4064 4064 4064
470 1683123796 3547 3692 3663 3643 3578 543 608 3588 4065 4065 4064 4064 4064 4064 4064 4064
471 1683123796 3550 3694 3666 3645 3582 532 609 617 4063 4063 4063 4063 4063 4063 4063 4063
472 1683123796 3546 3691 3664 3643 3579 545 608 3587 4063 4063 4063 4063 4063 4063 4063 4063
473 1683123796 3549 3694 3666 3645 3581 562 605 635 4065 4065 4064 4064 4064 4064 4064 4064
474 1683123796 3548 3692 3664 3644 3580 545 608 3588 4065 4065 4065 4065 4065 4065 4065 4065
475 1683123796 3547 3693 3664 3644 3580 546 608 3588 4065 4065 4065 4065 4065 4065 4065 4065
476 1683123796 3547 3691 3664 3643 3578 548 608 3587 4065 4065 4064 4064 4064 4064 4064 4064
477 1683123797 3547 3692 3664 3644 3579 547 608 3588 4065 4065 4064 4064 4064 4064 4064 4064
478 1683123797 3546 3691 3663 3643 3578 557 606 3587 4065 4065 4064 4064 4064 4064 4064 4064
479 1683123797 3548 3693 3665 3644 3580 557 607 3588 4063 4063 4063 4063 4063 4063 4063 4063
480 1683123797 3547 3692 3664 3643 3579 561 605 3588 4065 4065 4064 4064 4064 4064 4064 4064
481 1683123797 3548 3692 3665 3644 3580 549 608 3587 4065 4065 4064 4064 4064 4064 4064 4064
482 1683123797 3548 3693 3665 3644 3580 563 605 3588 4065 4065 4064 4064 4064 4064 4064 4064
483 1683123797 3549 3694 3666 3645 3581 555 607 628 4065 4065 4064 4064 4064 4064 4064 4064
484 1683123797 3547 3692 3664 3644 3579 537 609 3588 4065 4065 4065 4065 4065 4065 4065 4065
485 1683123797 3547 3692 3664 3643 3579 547 608 3587 4065 4065 4064 4064 4064 4064 4064 4064
486 1683123797 3548 3693 3665 3643 3579 545 608 3588 4065 4065 4065 4065 4065 4065 4065 4065
487 1683123797 3549 3694 3667 3646 3581 554 607 619 4063 4063 4063 4063 4063 4063 4063 4063
488 1683123797 3548 3692 3665 3644 3580 545 608 3588 4065 4065 4065 4065 4065 4065 4065 4065
489 1683123797 3549 3694 3666 3645 3581 545 608 647 4065 4065 4065 4065 4065 4065 4065 4065
490 1683123797 3548 3692 3665 3644 3579 537 609 3588 4065 4065 4065 4065 4065 4065 4065 4065
491 1683123797 3550 3695 3667 3646 3581 548 608 614 4063 4063 4063 4063 4063 4063 4063 4063
492 1683123797 3549 3694 3666 3645 3581 551 608 597 4065 4065 4064 4064 4064 4064 4064 4064
493 1683123797 3549 3694 3666 3645 3581 566 605 602 4065 4065 4064 4064 4064 4064 4064 4064
494 1683123797 3549 3694 3667 3645 3581 559 607 608 4065 4065 4065 4065 4065 4065 4065 4065
495 1683123797 3548 3693 3665 3645 3580 550 608 3589 4065 4065 4064 4064 4064 4064 4064 4064
496 1683123797 3550 3694 3667 3645 3581 551 608 592 4065 4065 4065 4065 4065 4065 4065 4065
497 1683123797 3548 3693 3665 3644 3580 558 607 3588 4065 4065 4065 4065 4065 4065 4065 4065
498 1683123797 3548 3693 3666 3645 3580 557 606 3589 4065 4065 4065 4065 4065 4065 4065 4065
499 1683123797 3547 3692 3664 3643 3578 558 606 3587 4065 4065 4064 4064 4064 4064 4064 4064
500 1683123797 3547 3692 3664 3643 3579 541 609 3588 4065 4065 4064 4064 4064 4064 4064 4064
501 1683123797 3548 3692 3665 3644 3580 570 603 3588 4065 4065 4065 4065 4065 4065 4065 4065
502 1683123797 3547 3692 3664 3643 3579 546 608 3588 4063 4063 4063 4063 4063 4063 4063 4063
503 1683123797 3548 3693 3665 3644 3580 539 609 3589 4065 4065 4064 4064 4064 4064 4064 4064
504 1683123797 3549 3694 3666 3646 3581 559 607 593 4065 4065 4064 4064 4064 4064 4064 4064
505 1683123797 3548 3693 3666 3645 3581 552 608 665 4065 4065 4064 4064 4064 4064 4064 4064
506 1683123798 3550 3695 3667 3647 3582 554 607 616 4065 4065 4064 4064 4064 4064 4064 4064
507 1683123798 3547 3692 3664 3643 3579 546 609 3587 4065 4065 4064 4064 4064 4064 4064 4064
508 1683123798 3550 3695 3667 3646 3582 534 609 571 4065 4065 4064 4064 4064 4064 4064 4064
509 1683123798 3548 3693 3665 3645 3580 574 602 3590 4065 4065 4065 4065 4065 4065 4065 4065
510 1683123798 3549 3694 3666 3645 3581 555 607 619 4065 4065 4064 4064 4064 4064 4064 4064
511 1683123798 3547 3692 3664 3643 3579 548 608 3587 4067 4065 4065 4065 4065 4065 4065 4065
512 1683123798 3547 3693 3664 3643 3580 530 610 3588 4065 4065 4065 4065 4065 4065 4065 4065
513 1683123798 3547 3692 3665 3644 3580 548 608 3588 4065 4065 4064 4064 4064 4064 4064 4064
514 1683123798 3548 3692 3665 3644 3580 556 607 3588 4065 4065 4064 4064 4064 4064 4064 4064
515 1683123798 3547 3692 3664 3643 3579 542 609 3587 4065 4065 4065 4065 4065 4065 4065 4065
516 1683123798 3548 3693 3665 3644 3580 551 608 3588 4065 4065 4064 4064 4064 4064 4064 4064
517 1683123798 3550 3695 3667 3647 3582 546 608 613 4065 4065 4064 4064 4064 4064 4064 4064
518 1683123798 3546 3691 3664 3643 3578 563 605 3587 4063 4063 4063 4063 4063 4063 4063 4063
519 1683123798 3548 3694 3666 3645 3580 530 610 3589 4063 4063 4063 4063 4063 4063 4063 4063
520 1683123798 3548 3693 3665 3645 3580 550 608 3588 4063 4063 4063 4063 4063 4063 4063 4063
521 1683123798 3549 3695 3666 3645 3581 555 608 636 4063 4063 4063 4063 4063 4063 4063 4063
522 1683123798 3550 3694 3666 3646 3581 543 609 594 4065 4065 4065 4065 4065 4065 4065 4065
523 1683123798 3547 3692 3664 3643 3579 554 607 3587 4063 4063 4063 4063 4063 4063 4063 4063
524 1683123798 3549 3695 3667 3646 3581 548 608 590 4063 4063 4063 4063 4063 4063 4063 4063
525 1683123798 3548 3693 3665 3645 3580 534 609 3589 4065 4065 4064 4064 4064 4064 4064 4064
526 1683123798 3548 3692 3665 3644 3580 539 609 3588 4065 4065 4064 4064 4064 4064 4064 4064
527 1683123798 3549 3694 3666 3645 3581 536 609 3589 4065 4065 4064 4064 4064 4064 4064 4064
528 1683123798 3548 3693 3665 3644 3580 518 611 3588 4065 4065 4064 4064 4064 4064 4064 4064
529 1683123799 3547 3692 3664 3643 3579 542 609 3587 4065 4065 4064 4064 4064 4064 4064 4064
530 1683123799 3550 3694 3667 3646 3582 561 606 607 4065 4065 4064 4064 4064 4064 4064 4064
531 1683123799 3549 3694 3666 3645 3581 560 606 3589 4065 4065 4065 4065 4065 4065 4065 4065
532 1683123799 3548 3692 3665 3644 3580 542 608 3588 4065 4065 4065 4065 4065 4065 4065 4065
533 1683123799 3551 3696 3668 3647 3583 556 607 602 4065 4065 4064 4064 4064 4064 4064 4064
534 1683123799 3548 3693 3665 3644 3580 555 607 3589 4065 4065 4064 4064 4064 4064 4064 4064
535 1683123799 3549 3695 3667 3646 3582 568 604 614 4065 4065 4064 4064 4064 4064 4064 4064
536 1683123799 3548 3693 3665 3644 3580 542 609 3588 4065 4065 4064 4064 4064 4064 4064 4064
537 1683123799 3548 3693 3665 3644 3580 553 607 3587 4065 4065 4064 4064 4064 4064 4064 4064
538 1683123799 3547 3693 3665 3644 3580 547 609 3588 4065 4065 4064 4064 4064 4064 4064 4064
539 1683123799 3550 3695 3667 3646 3582 555 608 605 4065 4065 4064 4064 4064 4064 4064 4064
540 1683123799 3547 3693 3665 3643 3579 537 610 3588 4065 4065 4065 4065 4065 4065 4065 4065
541 1683123799 3550 3695 3667 3647 3583 545 608 613 4065 4065 4064 4064 4064 4064 4064 4064
542 1683123799 3548 3693 3665 3644 3579 555 608 3588 4065 4065 4064 4064 4064 4064 4064 4064
543 1683123799 3547 3692 3664 3643 3579 542 609 3587 4065 4065 4064 4064 4064 4064 4064 4064
544 1683123800 3548 3693 3665 3644 3580 559 606 3588 4065 4063 4063 4063 4063 4063 4063 4063
545 1683123800 3547 3693 3665 3645 3580 548 608 3589 4065 4065 4065 4065 4065 4065 4065 4065
546 1683123800 3548 3693 3665 3644 3580 559 606 3588 4063 4063 4063 4063 4063 4063 4063 4063
547 1683123800 3547 3692 3664 3643 3579 563 606 3588 4065 4065 4064 4064 4064 4064 4064 4064
548 1683123800 3548 3693 3665 3644 3580 557 607 3588 4065 4065 4064 4064 4064 4064 4064 4064
549 1683123800 3548 3693 3666 3645 3580 531 610 3590 4065 4065 4064 4064 4064 4064 4064 4064
550 1683123800 3549 3695 3667 3645 3581 555 608 618 4065 4065 4064 4064 4064 4064 4064 4064
551 1683123800 3548 3693 3665 3644 3580 524 610 3589 4065 4065 4064 4064 4064 4064 4064 4064
552 1683123800 3547 3692 3664 3644 3580 543 609 3588 4065 4065 4065 4065 4065 4065 4065 4065
553 1683123800 3548 3693 3665 3644 3580 562 606 3588 4065 4065 4064 4064 4064 4064 4064 4064
554 1683123800 3547 3692 3665 3644 3579 537 610 3588 4065 4065 4064 4064 4064 4064 4064 4064
555 1683123800 3548 3693 3666 3644 3580 564 606 3589 4065 4065 4064 4064 4064 4064 4064 4064
556 1683123800 3548 3693 3665 3644 3580 544 610 3588 4065 4065 4065 4065 4065 4065 4065 4065
557 1683123800 3548 3693 3664 3644 3579 556 607 3589 4065 4065 4064 4064 4064 4064 4064 4064
558 1683123800 3547 3692 3665 3643 3579 565 606 3588 4065 4065 4064 4064 4064 4064 4064 4064
559 1683123800 3548 3693 3666 3645 3580 567 605 3589 4065 4065 4065 4065 4065 4065 4065 4065
560 1683123800 3548 3692 3665 3643 3579 543 609 3588 4065 4065 4064 4064 4064 4064 4064 4064
561 1683123800 3548 3693 3665 3644 3580 542 609 3589 4063 4063 4063 4063 4063 4063 4063 4063
562 1683123800 3548 3693 3665 3644 3580 553 609 3588 4065 4063 4063 4063 4063 4063 4063 4063
563 1683123800 3549 3694 3666 3645 3581 567 605 3589 4065 4065 4065 4065 4065 4065 4065 4065
564 1683123800 3547 3692 3664 3642 3579 565 606 3587 4065 4065 4064 4064 4064 4064 4064 4064
565 1683123800 3550 3695 3667 3646 3582 542 609 616 4065 4065 4064 4064 4064 4064 4064 4064
566 1683123800 3548 3692 3665 3644 3580 570 604 3588 4063 4063 4063 4063 4063 4063 4063 4063
567 1683123800 3547 3692 3665 3644 3579 550 608 3589 4065 4065 4064 4064 4064 4064 4064 4064
568 1683123800 3549 3694 3666 3645 3581 550 608 3588 4065 4065 4065 4065 4065 4065 4065 4065
569 1683123800 3548 3693 3666 3644 3580 561 606 3587 4065 4065 4065 4065 4065 4065 4065 4065
570 1683123800 3548 3693 3665 3644 3580 541 609 3589 4065 4065 4064 4064 4064 4064 4064 4064
571 1683123800 3549 3694 3666 3646 3581 542 609 3589 4065 4065 4064 4064 4064 4064 4064 4064
572 1683123800 3549 3694 3666 3645 3581 560 606 603 4065 4065 4064 4064 4064 4064 4064 4064
573 1683123800 3549 3694 3666 3645 3581 535 610 3589 4063 4063 4063 4063 4063 4063 4063 4063
574 1683123800 3548 3693 3665 3644 3580 534 610 3589 4063 4063 4063 4063 4063 4063 4063 4063
575 1683123800 3549 3694 3667 3646 3582 526 610 572 4065 4065 4064 4064 4064 4064 4064 4064
576 1683123800 3550 3695 3667 3646 3582 547 608 618 4065 4065 4064 4064 4064 4064 4064 4064
577 1683123800 3548 3693 3665 3644 3580 550 608 3588 4065 4065 4064 4064 4064 4064 4064 4064
578 1683123800 3548 3693 3665 3644 3580 561 607 3590 4065 4065 4064 4064 4064 4064 4064 4064
579 1683123800 3548 3693 3665 3644 3579 556 608 3588 4065 4065 4064 4064 4064 4064 4064 4064
580 1683123800 3547 3692 3665 3644 3580 564 606 3588 4063 4063 4063 4063 4063 4063 4063 4063
581 1683123801 3550 3695 3667 3646 3582 548 608 626 4065 4065 4064 4064 4064 4064 4064 4064
582 1683123801 3550 3695 3667 3646 3582 546 609 619 4067 4065 4065 4065 4065 4065 4065 4065
583 1683123808 3547 3692 3665 3644 3579 545 609 624 4065 4063 4063 4063 4063 4063 4063 4063
584 1683123808 3548 3692 3664 3644 3579 545 609 590 4065 4065 4065 4065 4065 4065 4065 4065
585 1683123808 3546 3691 3662 3642 3578 545 609 3586 4065 4065 4064 4064 4064 4064 4064 4064
586 1683123809 3545 3690 3662 3642 3578 534 610 3586 4065 4065 4064 4064 4064 4064 4064 4064
587 1683123809 3546 3691 3663 3642 3578 553 608 3587 4065 4065 4064 4064 4064 4064 4064 4064
588 1683123809 3547 3692 3664 3642 3579 554 608 3587 4063 4063 4063 4063 4063 4063 4063 4063
589 1683123809 3549 3694 3666 3645 3580 559 607 600 4063 4063 4063 4063 4063 4063 4063 4063
590 1683123809 3547 3692 3664 3643 3579 554 608 3588 4065 4065 4064 4064 4064 4064 4064 4064
591 1683123809 3548 3693 3665 3644 3580 557 608 601 4065 4065 4064 4064 4064 4064 4064 4064
592 1683123809 3547 3692 3664 3643 3579 556 608 3587 4065 4065 4064 4064 4064 4064 4064 4064
593 1683123809 3549 3694 3666 3645 3581 561 606 606 4065 4065 4065 4065 4065 4065 4065 4065
594 1683123809 3546 3691 3664 3643 3578 552 609 3587 4065 4065 4064 4064 4064 4064 4064 4064
595 1683123809 3547 3692 3664 3643 3579 541 609 3588 4065 4065 4065 4065 4065 4065 4065 4065
596 1683123809 3548 3692 3665 3644 3580 549 609 3588 4065 4065 4064 4064 4064 4064 4064 4064
597 1683123809 3548 3693 3665 3644 3580 560 607 3588 4065 4065 4064 4064 4064 4064 4064 4064
598 1683123809 3548 3693 3665 3644 3580 540 610 3588 4065 4065 4064 4064 4064 4064 4064 4064
599 1683123809 3546 3691 3663 3643 3579 539 610 3588 4065 4065 4064 4064 4064 4064 4064 4064
600 1683123809 3547 3692 3664 3644 3579 548 609 3587 4065 4065 4064 4064 4064 4064 4064 4064
601 1683123809 3547 3691 3664 3643 3578 537 610 3586 4065 4065 4065 4065 4065 4065 4065 4065
602 1683123809 3548 3693 3665 3644 3580 549 609 3589 4065 4065 4064 4064 4064 4064 4064 4064
603 1683123809 3547 3692 3664 3643 3579 557 608 3587 4065 4065 4065 4065 4065 4065 4065 4065
604 1683123809 3548 3693 3665 3644 3579 554 609 3588 4063 4063 4063 4063 4063 4063 4063 4063
605 1683123809 3548 3692 3665 3644 3580 550 609 3589 4065 4065 4064 4064 4064 4064 4064 4064
606 1683123809 3549 3694 3667 3645 3581 568 606 601 4065 4065 4065 4065 4065 4065 4065 4065
607 1683123809 3547 3692 3665 3643 3579 535 610 3588 4065 4065 4065 4065 4065 4065 4065 4065
608 1683123809 3547 3693 3665 3644 3580 556 608 3589 4065 4065 4064 4064 4064 4064 4064 4064
609 1683123809 3547 3692 3665 3644 3580 541 610 3588 4065 4065 4064 4064 4064 4064 4064 4064
610 1683123809 3547 3693 3664 3644 3580 562 607 3589 4065 4065 4064 4064 4064 4064 4064 4064
611 1683123809 3548 3693 3665 3645 3580 557 608 3589 4065 4065 4065 4065 4065 4065 4065 4065
612 1683123809 3549 3694 3666 3645 3581 561 607 3589 4063 4063 4062 4062 4062 4062 4062 4062
613 1683123809 3547 3692 3665 3644 3579 549 609 3588 4065 4065 4064 4064 4064 4064 4064 4064
614 1683123810 3547 3692 3664 3643 3579 562 607 3588 4065 4065 4065 4065 4065 4065 4065 4065
615 1683123810 3548 3693 3665 3644 3580 550 609 3588 4065 4065 4064 4064 4064 4064 4064 4064
616 1683123810 3548 3693 3665 3644 3580 532 610 3589 4065 4065 4064 4064 4064 4064 4064 4064
617 1683123810 3549 3694 3667 3646 3581 537 610 601 4065 4063 4063 4063 4063 4063 4063 4063
618 1683123810 3547 3692 3665 3643 3579 547 609 3588 4063 4063 4063 4063 4063 4063 4063 4063
619 1683123810 3550 3694 3667 3645 3582 555 608 614 4065 4065 4065 4065 4065 4065 4065 4065
620 1683123810 3548 3692 3665 3644 3580 562 606 3588 4065 4065 4064 4064 4064 4064 4064 4064
621 1683123810 3548 3692 3665 3644 3580 567 605 3588 4065 4065 4064 4064 4064 4064 4064 4064
622 1683123810 3547 3692 3665 3644 3579 546 609 3588 4063 4063 4063 4063 4063 4063 4063 4063
623 1683123810 3548 3693 3665 3645 3580 542 609 3588 4065 4065 4065 4065 4065 4065 4065 4065
624 1683123810 3549 3693 3665 3644 3580 558 608 3589 4065 4065 4064 4064 4064 4064 4064 4064
625 1683123810 3546 3692 3664 3643 3579 550 608 3588 4065 4063 4063 4063 4063 4063 4063 4063
626 1683123810 3550 3695 3667 3646 3582 562 607 605 4065 4065 4064 4064 4064 4064 4064 4064
627 1683123810 3549 3695 3667 3646 3582 556 608 588 4065 4065 4065 4065 4065 4065 4065 4065
628 1683123810 3548 3692 3665 3644 3580 547 609 3589 4063 4063 4063 4063 4063 4063 4063 4063
629 1683123810 3548 3693 3665 3644 3580 531 611 3589 4065 4065 4064 4064 4064 4064 4064 4064
630 1683123810 3548 3693 3665 3644 3580 549 609 3588 4065 4065 4064 4064 4064 4064 4064 4064
631 1683123810 3548 3693 3665 3644 3580 573 603 3588 4065 4065 4065 4065 4065 4065 4065 4065
632 1683123810 3550 3694 3666 3645 3581 550 609 645 4065 4065 4064 4064 4064 4064 4064 4064
633 1683123810 3548 3693 3665 3644 3580 543 610 3589 4065 4065 4065 4065 4065 4065 4065 4065
634 1683123810 3551 3696 3668 3647 3583 565 607 631 4065 4065 4064 4064 4064 4064 4064 4064
635 1683123810 3549 3694 3666 3645 3581 550 609 3589 4065 4065 4064 4064 4064 4064 4064 4064
636 1683123810 3551 3696 3668 3648 3583 562 607 625 4065 4065 4064 4064 4064 4064 4064 4064
637 1683123810 3550 3695 3667 3647 3583 556 608 592 4063 4063 4063 4063 4063 4063 4063 4063
638 1683123810 3548 3692 3664 3643 3579 554 608 3588 4065 4065 4064 4064 4064 4064 4064 4064
639 1683123810 3548 3693 3666 3645 3581 532 611 3589 4065 4065 4065 4065 4065 4065 4065 4065
640 1683123810 3551 3695 3667 3646 3582 552 609 625 4065 4065 4064 4064 4064 4064 4064 4064
641 1683123810 3550 3695 3667 3646 3582 555 608 636 4061 4061 4061 4061 4061 4061 4061 4061
642 1683123810 3547 3693 3665 3644 3579 539 610 3588 4065 4065 4065 4065 4065 4065 4065 4065
643 1683123811 3548 3693 3665 3644 3580 562 607 3588 4065 4065 4064 4064 4064 4064 4064 4064
644 1683123811 3548 3693 3666 3645 3581 539 610 3589 4065 4065 4064 4064 4064 4064 4064 4064
645 1683123811 3548 3693 3665 3644 3580 549 609 3589 4065 4065 4064 4064 4064 4064 4064 4064
646 1683123811 3550 3695 3668 3646 3582 558 608 601 4063 4063 4063 4063 4063 4063 4063 4063
647 1683123811 3548 3693 3665 3644 3580 536 611 3588 4065 4065 4064 4064 4064 4064 4064 4064
648 1683123811 3549 3694 3667 3646 3581 564 607 3590 4065 4065 4064 4064 4064 4064 4064 4064
649 1683123811 3548 3693 3666 3644 3580 551 609 3589 4065 4065 4064 4064 4064 4064 4064 4064
650 1683123811 3549 3694 3666 3646 3581 544 610 3590 4065 4065 4064 4064 4064 4064 4064 4064
651 1683123811 3549 3694 3666 3645 3580 549 610 3589 4065 4065 4064 4064 4064 4064 4064 4064
652 1683123811 3549 3693 3666 3644 3580 544 610 3589 4065 4065 4064 4064 4064 4064 4064 4064
653 1683123811 3549 3694 3666 3645 3581 553 609 3590 4063 4063 4063 4063 4063 4063 4063 4063
654 1683123811 3549 3694 3666 3645 3581 563 607 3589 4065 4065 4065 4065 4065 4065 4065 4065
655 1683123811 3548 3693 3665 3644 3580 549 609 3588 4067 4065 4065 4065 4065 4065 4065 4065
656 1683123811 3548 3694 3666 3645 3581 556 609 3590 4065 4065 4065 4065 4065 4065 4065 4065
657 1683123811 3549 3695 3666 3645 3581 536 611 3590 4065 4065 4064 4064 4064 4064 4064 4064
658 1683123811 3550 3695 3667 3646 3582 559 608 601 4065 4065 4064 4064 4064 4064 4064 4064
659 1683123811 3548 3693 3665 3644 3580 537 610 3588 4065 4065 4064 4064 4064 4064 4064 4064
660 1683123811 3549 3694 3666 3645 3581 564 607 3590 4065 4065 4064 4064 4064 4064 4064 4064
661 1683123811 3550 3695 3667 3646 3582 552 609 606 4065 4063 4063 4063 4063 4063 4063 4063
662 1683123811 3550 3694 3667 3646 3582 546 610 3589 4065 4065 4065 4065 4065 4065 4065 4065
663 1683123811 3548 3693 3666 3645 3581 558 608 3590 4067 4065 4065 4065 4065 4065 4065 4065
664 1683123811 3548 3693 3666 3645 3581 551 609 3589 4065 4065 4064 4064 4064 4064 4064 4064
665 1683123811 3550 3695 3667 3646 3582 571 606 623 4063 4063 4063 4063 4063 4063 4063 4063
666 1683123811 3550 3695 3667 3646 3582 557 608 3591 4065 4065 4064 4064 4064 4064 4064 4064
667 1683123811 3550 3695 3667 3646 3582 561 608 3590 4063 4063 4063 4063 4063 4063 4063 4063
668 1683123811 3551 3696 3668 3647 3583 548 610 626 4063 4063 4063 4063 4063 4063 4063 4063
669 1683123812 3548 3694 3666 3645 3581 551 610 3589 4067 4065 4065 4065 4065 4065 4065 4065
670 1683123812 3549 3694 3666 3644 3580 555 609 3589 4065 4065 4065 4065 4065 4065 4065 4065
671 1683123812 3549 3694 3666 3645 3581 555 608 3590 4065 4065 4064 4064 4064 4064 4064 4064
672 1683123812 3551 3696 3668 3647 3583 555 609 598 4063 4063 4063 4063 4063 4063 4063 4063
673 1683123812 3548 3693 3665 3644 3580 569 606 3588 4065 4065 4064 4064 4064 4064 4064 4064
674 1683123812 3550 3695 3667 3646 3582 548 609 600 4065 4065 4065 4065 4065 4065 4065 4065
675 1683123812 3551 3695 3668 3646 3582 567 606 610 4063 4063 4063 4063 4063 4063 4063 4063
676 1683123812 3551 3696 3668 3647 3583 552 609 620 4065 4065 4064 4064 4064 4064 4064 4064
677 1683123812 3549 3694 3666 3645 3581 546 610 3590 4063 4063 4063 4063 4063 4063 4063 4063
678 1683123812 3548 3694 3666 3644 3580 551 609 3589 4065 4065 4065 4065 4065 4065 4065 4065
679 1683123812 3551 3696 3668 3647 3583 561 608 611 4065 4065 4065 4065 4065 4065 4065 4065
680 1683123812 3551 3696 3668 3647 3583 557 609 604 4065 4065 4065 4065 4065 4065 4065 4065
681 1683123812 3548 3693 3665 3645 3580 549 609 3589 4063 4063 4063 4063 4063 4063 4063 4063
682 1683123812 3549 3694 3667 3646 3582 546 610 3589 4065 4065 4065 4065 4065 4065 4065 4065
683 1683123812 3550 3695 3666 3646 3582 546 610 3590 4065 4065 4064 4064 4064 4064 4064 4064
684 1683123812 3550 3696 3667 3647 3583 537 610 3591 4065 4065 4064 4064 4064 4064 4064 4064
685 1683123812 3547 3692 3664 3643 3579 546 610 3588 4065 4065 4064 4064 4064 4064 4064 4064
686 1683123812 3548 3694 3666 3645 3581 559 608 3590 4067 4065 4065 4065 4065 4065 4065 4065
687 1683123812 3550 3695 3667 3646 3582 542 610 3590 4065 4065 4064 4064 4064 4064 4064 4064
688 1683123812 3550 3695 3667 3647 3582 557 609 3591 4067 4065 4065 4065 4065 4065 4065 4065
689 1683123812 3549 3694 3666 3645 3581 560 608 3590 4065 4065 4065 4065 4065 4065 4065 4065
690 1683123812 3549 3694 3666 3645 3581 556 609 3589 4063 4063 4063 4063 4063 4063 4063 4063
691 1683123812 3550 3695 3667 3647 3582 556 608 3590 4065 4065 4064 4064 4064 4064 4064 4064
692 1683123812 3549 3694 3665 3644 3580 553 609 3590 4065 4065 4065 4065 4065 4065 4065 4065
693 1683123812 3549 3694 3666 3645 3581 527 611 3590 4065 4065 4065 4065 4065 4065 4065 4065
694 1683123812 3550 3695 3668 3646 3582 540 610 3589 4063 4063 4062 4062 4062 4062 4062 4062
695 1683123813 3550 3696 3668 3648 3583 568 606 631 4067 4065 4065 4065 4065 4065 4065 4065
696 1683123813 3551 3696 3667 3647 3582 537 611 3591 4065 4065 4064 4064 4064 4064 4064 4064
697 1683123813 3550 3695 3666 3646 3582 551 609 3590 4063 4063 4063 4063 4063 4063 4063 4063
698 1683123813 3550 3694 3667 3646 3582 556 609 3589 4063 4063 4063 4063 4063 4063 4063 4063
699 1683123813 3550 3694 3667 3645 3581 561 608 3590 4065 4065 4064 4064 4064 4064 4064 4064
700 1683123813 3549 3695 3667 3646 3582 551 607 619 4067 4065 4065 4065 4065 4065 4065 4065
701 1683123813 3547 3691 3664 3643 3579 544 608 3587 4065 4065 4065 4065 4065 4065 4065 4065
702 1683123813 3548 3693 3665 3644 3580 549 607 3589 4065 4065 4064 4064 4064 4064 4064 4064
703 1683123813 3547 3693 3665 3644 3580 550 607 3589 4063 4063 4063 4063 4063 4063 4063 4063
704 1683123813 3547 3693 3665 3644 3580 567 603 3589 4067 4065 4065 4065 4065 4065 4065 4065
705 1683123813 3548 3693 3665 3643 3579 547 608 3588 4065 4065 4064 4064 4064 4064 4064 4064
706 1683123813 3550 3695 3667 3646 3582 551 607 599 4065 4063 4063 4063 4063 4063 4063 4063
707 1683123813 3547 3692 3664 3643 3579 556 607 3588 4065 4065 4064 4064 4064 4064 4064 4064
708 1683123813 3548 3693 3665 3645 3580 553 607 3589 4065 4065 4064 4064 4064 4064 4064 4064
709 1683123813 3547 3693 3665 3644 3579 543 608 3588 4065 4065 4064 4064 4064 4064 4064 4064
710 1683123813 3548 3694 3665 3645 3580 534 609 3589 4065 4065 4064 4064 4064 4064 4064 4064
711 1683123813 3547 3692 3665 3644 3579 537 609 3588 4065 4065 4064 4064 4064 4064 4064 4064
712 1683123813 3547 3692 3664 3643 3579 553 607 3587 4065 4065 4064 4064 4064 4064 4064 4064
713 1683123813 3548 3694 3666 3645 3580 548 608 3590 4065 4065 4065 4065 4065 4065 4065 4065
714 1683123813 3549 3694 3666 3645 3581 571 603 3589 4065 4065 4064 4064 4064 4064 4064 4064
715 1683123813 3549 3694 3666 3645 3580 534 609 3589 4063 4063 4063 4063 4063 4063 4063 4063
716 1683123813 3549 3694 3666 3645 3580 561 605 3590 4065 4065 4064 4064 4064 4064 4064 4064
717 1683123813 3548 3693 3665 3644 3580 553 607 3589 4067 4065 4065 4065 4065 4065 4065 4065
718 1683123814 3548 3694 3666 3645 3580 565 604 3589 4065 4065 4064 4064 4064 4064 4064 4064
719 1683123814 3550 3696 3667 3647 3582 555 607 620 4063 4063 4063 4063 4063 4063 4063 4063
720 1683123814 3550 3695 3666 3646 3581 561 605 628 4065 4065 4064 4064 4064 4064 4064 4064
721 1683123814 3548 3692 3665 3644 3580 561 605 3589 4065 4065 4065 4065 4065 4065 4065 4065
722 1683123814 3549 3694 3667 3645 3582 571 603 588 4065 4065 4064 4064 4064 4064 4064 4064
723 1683123814 3549 3694 3666 3645 3581 549 608 618 4065 4065 4064 4064 4064 4064 4064 4064
724 1683123814 3550 3695 3667 3646 3581 554 607 617 4065 4065 4064 4064 4064 4064 4064 4064
725 1683123814 3549 3693 3666 3645 3581 551 607 614 4063 4063 4063 4063 4063 4063 4063 4063
726 1683123814 3548 3692 3664 3644 3580 529 609 3588 4065 4065 4064 4064 4064 4064 4064 4064
727 1683123814 3547 3693 3665 3644 3579 560 605 3588 4065 4065 4065 4065 4065 4065 4065 4065
728 1683123814 3549 3695 3667 3646 3581 544 608 635 4065 4065 4064 4064 4064 4064 4064 4064
729 1683123814 3547 3693 3665 3644 3579 543 608 3588 4065 4065 4064 4064 4064 4064 4064 4064
730 1683123814 3549 3694 3667 3646 3582 558 606 612 4063 4063 4063 4063 4063 4063 4063 4063
731 1683123814 3548 3693 3665 3644 3580 533 609 3589 4065 4065 4064 4064 4064 4064 4064 4064
732 1683123814 3548 3693 3665 3644 3580 548 608 3588 4065 4065 4064 4064 4064 4064 4064 4064
733 1683123814 3548 3693 3665 3644 3580 549 608 3589 4065 4065 4064 4064 4064 4064 4064 4064
734 1683123814 3548 3693 3665 3644 3580 527 609 3588 4063 4063 4063 4063 4063 4063 4063 4063
735 1683123814 3549 3694 3666 3645 3581 546 608 3590 4065 4065 4064 4064 4064 4064 4064 4064
736 1683123814 3550 3695 3667 3646 3582 566 604 624 4065 4065 4064 4064 4064 4064 4064 4064
737 1683123814 3548 3693 3665 3643 3579 539 609 3588 4065 4065 4064 4064 4064 4064 4064 4064
738 1683123814 3547 3693 3665 3645 3581 547 608 3589 4065 4065 4065 4065 4065 4065 4065 4065
739 1683123814 3548 3693 3665 3644 3580 569 604 3589 4065 4065 4064 4064 4064 4064 4064 4064
740 1683123814 3547 3692 3665 3644 3580 549 608 3589 4065 4065 4065 4065 4065 4065 4065 4065
741 1683123814 3549 3694 3666 3645 3580 539 609 3589 4065 4065 4064 4064 4064 4064 4064 4064
742 1683123814 3549 3694 3667 3646 3582 550 607 602 4063 4063 4063 4063 4063 4063 4063 4063
743 1683123814 3548 3693 3666 3645 3581 537 609 3588 4065 4065 4064 4064 4064 4064 4064 4064
744 1683123815 3551 3696 3668 3646 3582 572 603 612 4065 4065 4065 4065 4065 4065 4065 4065
745 1683123815 3547 3692 3665 3644 3580 534 609 3588 4067 4065 4065 4065 4065 4065 4065 4065
746 1683123815 3548 3693 3665 3644 3581 558 607 3589 4065 4065 4065 4065 4065 4065 4065 4065
747 1683123815 3550 3695 3668 3646 3582 554 607 601 4065 4065 4064 4064 4064 4064 4064 4064
748 1683123815 3550 3695 3667 3647 3583 562 605 599 4065 4065 4064 4064 4064 4064 4064 4064
749 1683123815 3548 3693 3665 3644 3580 553 607 3589 4065 4065 4065 4065 4065 4065 4065 4065
750 1683123815 3549 3694 3666 3645 3581 547 608 3589 4065 4065 4064 4064 4064 4064 4064 4064
751 1683123815 3548 3693 3665 3644 3581 563 605 3589 4065 4065 4064 4064 4064 4064 4064 4064
752 1683123815 3547 3692 3664 3643 3579 564 605 3588 4065 4065 4064 4064 4064 4064 4064 4064
753 1683123815 3548 3692 3664 3643 3579 555 607 3588 4065 4065 4065 4065 4065 4065 4065 4065
754 1683123815 3549 3693 3665 3645 3580 542 609 3589 4065 4065 4064 4064 4064 4064 4064 4064
755 1683123815 3548 3693 3665 3644 3580 553 607 3589 4065 4065 4065 4065 4065 4065 4065 4065
756 1683123815 3547 3692 3664 3643 3580 558 606 3589 4065 4065 4065 4065 4065 4065 4065 4065
757 1683123815 3549 3693 3666 3645 3580 554 607 3589 4065 4065 4065 4065 4065 4065 4065 4065
758 1683123815 3548 3694 3666 3645 3581 552 607 3589 4065 4065 4064 4064 4064 4064 4064 4064
759 1683123815 3549 3694 3666 3645 3581 546 609 3588 4065 4065 4065 4065 4065 4065 4065 4065
760 1683123815 3550 3695 3667 3647 3582 555 607 596 4065 4065 4065 4065 4065 4065 4065 4065
761 1683123815 3549 3694 3666 3645 3581 549 608 3590 4063 4063 4063 4063 4063 4063 4063 4063
762 1683123815 3549 3694 3666 3645 3581 548 608 3589 4065 4065 4064 4064 4064 4064 4064 4064
763 1683123815 3550 3695 3667 3646 3582 543 609 621 4065 4065 4064 4064 4064 4064 4064 4064
764 1683123815 3549 3694 3667 3645 3581 547 608 3589 4063 4063 4063 4063 4063 4063 4063 4063
765 1683123815 3549 3693 3665 3644 3580 545 609 3590 4065 4065 4064 4064 4064 4064 4064 4064
766 1683123815 3548 3692 3665 3644 3580 534 609 3589 4065 4065 4065 4065 4065 4065 4065 4065
767 1683123815 3548 3693 3666 3645 3580 548 609 3589 4065 4065 4065 4065 4065 4065 4065 4065
768 1683123816 3549 3694 3666 3646 3581 544 609 3590 4065 4065 4064 4064 4064 4064 4064 4064
769 1683123816 3550 3695 3667 3646 3581 546 608 3590 4065 4065 4064 4064 4064 4064 4064 4064
770 1683123816 3549 3695 3667 3646 3581 560 606 622 4063 4063 4063 4063 4063 4063 4063 4063
771 1683123816 3549 3694 3667 3645 3581 543 609 3590 4065 4065 4065 4065 4065 4065 4065 4065
772 1683123816 3548 3693 3665 3644 3580 548 608 3589 4065 4065 4064 4064 4064 4064 4064 4064
773 1683123816 3549 3693 3665 3645 3581 525 610 3589 4065 4065 4064 4064 4064 4064 4064 4064
774 1683123816 3548 3693 3665 3644 3580 554 608 3589 4065 4065 4064 4064 4064 4064 4064 4064
775 1683123816 3550 3695 3667 3646 3582 560 606 623 4065 4065 4065 4065 4065 4065 4065 4065
776 1683123816 3549 3694 3666 3645 3581 548 608 3590 4065 4065 4064 4064 4064 4064 4064 4064
777 1683123816 3548 3693 3665 3644 3580 544 608 3588 4065 4065 4064 4064 4064 4064 4064 4064
778 1683123816 3550 3695 3668 3646 3582 562 606 609 4063 4063 4063 4063 4063 4063 4063 4063
779 1683123816 3550 3695 3667 3646 3582 553 608 609 4065 4063 4063 4063 4063 4063 4063 4063
780 1683123816 3548 3694 3666 3645 3581 552 607 593 4065 4065 4064 4064 4064 4064 4064 4064
781 1683123816 3550 3695 3668 3647 3583 557 608 598 4065 4065 4065 4065 4065 4065 4065 4065
782 1683123816 3549 3694 3666 3645 3581 561 606 3589 4065 4065 4064 4064 4064 4064 4064 4064
783 1683123816 3551 3696 3668 3648 3583 548 608 616 4065 4065 4064 4064 4064 4064 4064 4064
784 1683123816 3549 3694 3666 3645 3581 548 608 3590 4065 4065 4064 4064 4064 4064 4064 4064
785 1683123816 3550 3695 3667 3646 3582 552 607 585 4065 4065 4064 4064 4064 4064 4064 4064
786 1683123816 3549 3694 3665 3645 3581 547 608 622 4063 4063 4063 4063 4063 4063 4063 4063
787 1683123816 3548 3693 3665 3644 3580 541 609 3589 4065 4065 4065 4065 4065 4065 4065 4065
788 1683123816 3548 3693 3666 3644 3580 548 608 3589 4064 4065 4064 4064 4064 4064 4064 4064
789 1683123816 3550 3694 3666 3645 3581 553 608 616 4065 4065 4065 4065 4065 4065 4065 4065
790 1683123816 3550 3695 3668 3647 3582 553 608 585 4065 4065 4065 4065 4065 4065 4065 4065
791 1683123816 3550 3695 3667 3646 3582 553 608 607 4065 4065 4064 4064 4064 4064 4064 4064
792 1683123816 3549 3694 3666 3645 3581 564 606 3589 4065 4065 4064 4064 4064 4064 4064 4064
793 1683123816 3549 3694 3667 3646 3581 545 609 3590 4065 4065 4065 4065 4065 4065 4065 4065
794 1683123816 3549 3694 3666 3645 3581 546 609 3589 4065 4065 4064 4064 4064 4064 4064 4064
795 1683123816 3549 3695 3667 3645 3581 550 608 3590 4065 4065 4064 4064 4064 4064 4064 4064
796 1683123817 3549 3694 3666 3645 3580 548 609 3589 4065 4065 4064 4064 4064 4064 4064 4064
797 1683123817 3549 3694 3666 3645 3581 543 609 3590 4065 4065 4064 4064 4064 4064 4064 4064
798 1683123817 3549 3694 3666 3645 3580 554 608 3589 4065 4065 4064 4064 4064 4064 4064 4064
799 1683123817 3549 3694 3666 3645 3581 555 608 3590 4065 4065 4065 4065 4065 4065 4065 4065
800 1683123817 3549 3695 3667 3646 3582 551 608 613 4065 4065 4064 4064 4064 4064 4064 4064
801 1683123817 3550 3695 3668 3647 3582 555 608 612 4063 4063 4063 4063 4063 4063 4063 4063
802 1683123817 3552 3696 3668 3647 3584 548 608 584 4063 4063 4063 4063 4063 4063 4063 4063
803 1683123817 3551 3696 3668 3647 3582 547 609 617 4065 4065 4065 4065 4065 4065 4065 4065
804 1683123817 3548 3694 3665 3645 3581 548 608 3588 4063 4063 4063 4063 4063 4063 4063 4063
805 1683123817 3551 3696 3668 3647 3583 550 608 602 4065 4065 4065 4065 4065 4065 4065 4065
806 1683123817 3551 3696 3668 3647 3583 557 607 606 4063 4063 4063 4063 4063 4063 4063 4063
807 1683123817 3549 3694 3666 3645 3581 541 609 3589 4067 4065 4065 4065 4065 4065 4065 4065
808 1683123817 3549 3694 3666 3645 3581 556 607 3590 4065 4065 4064 4064 4064 4064 4064 4064
809 1683123817 3549 3694 3666 3646 3581 531 610 3590 4063 4063 4063 4063 4063 4063 4063 4063
810 1683123817 3549 3694 3667 3646 3581 555 608 3590 4065 4065 4064 4064 4064 4064 4064 4064
811 1683123817 3549 3693 3666 3645 3581 556 607 3590 4063 4063 4063 4063 4063 4063 4063 4063
812 1683123817 3551 3696 3668 3648 3583 554 608 621 4065 4063 4063 4063 4063 4063 4063 4063
813 1683123817 3549 3695 3667 3646 3582 545 609 3590 4065 4065 4064 4064 4064 4064 4064 4064
814 1683123817 3548 3694 3666 3645 3580 536 610 3589 4065 4065 4064 4064 4064 4064 4064 4064
815 1683123817 3548 3694 3666 3645 3580 565 606 3588 4065 4065 4064 4064 4064 4064 4064 4064
816 1683123817 3548 3693 3666 3644 3580 19 608 3589 4065 4065 4064 4064 4064 4064 4064 4064
817 1683123817 3550 3694 3667 3646 3582 534 610 3590 4065 4065 4064 4064 4064 4064 4064 4064
818 1683123817 3549 3694 3666 3645 3581 547 608 3589 4065 4065 4064 4064 4064 4064 4064 4064
819 1683123817 3548 3693 3666 3645 3581 554 608 3589 4065 4065 4064 4064 4064 4064 4064 4064
820 1683123817 3552 3697 3669 3648 3583 552 608 643 4063 4063 4063 4063 4063 4063 4063 4063
821 1683123817 3549 3693 3666 3645 3581 547 608 3590 4065 4065 4064 4064 4064 4064 4064 4064
822 1683123817 3551 3696 3668 3647 3582 562 606 613 4067 4065 4065 4065 4065 4065 4065 4065
823 1683123817 3551 3696 3668 3647 3583 559 607 633 4067 4065 4065 4065 4065 4065 4065 4065
824 1683123817 3549 3695 3667 3646 3581 548 608 3591 4065 4065 4065 4065 4065 4065 4065 4065
825 1683123817 3549 3694 3666 3646 3581 559 607 3590 4067 4065 4065 4065 4065 4065 4065 4065
826 1683123818 3551 3696 3668 3648 3583 563 606 616 4065 4065 4064 4064 4064 4064 4064 4064
827 1683123818 3549 3694 3666 3645 3581 546 609 3590 4065 4065 4064 4064 4064 4064 4064 4064
828 1683123818 3549 3694 3667 3645 3581 558 607 3590 4065 4065 4064 4064 4064 4064 4064 4064
829 1683123818 3549 3694 3666 3645 3581 531 611 3590 4065 4065 4065 4065 4065 4065 4065 4065
830 1683123818 3548 3693 3666 3645 3581 540 609 3589 4065 4065 4064 4064 4064 4064 4064 4064
831 1683123818 3549 3694 3666 3645 3581 551 609 3590 4063 4063 4063 4063 4063 4063 4063 4063
832 1683123818 3549 3694 3666 3645 3581 548 608 3590 4065 4065 4064 4064 4064 4064 4064 4064
833 1683123818 3550 3695 3667 3647 3582 555 608 610 4065 4065 4064 4064 4064 4064 4064 4064
834 1683123818 3550 3694 3667 3645 3582 534 610 3590 4065 4065 4064 4064 4064 4064 4064 4064
835 1683123818 3551 3696 3668 3647 3583 543 609 612 4065 4065 4064 4064 4064 4064 4064 4064
836 1683123818 3549 3695 3666 3646 3582 548 609 3590 4065 4065 4064 4064 4064 4064 4064 4064
837 1683123818 3549 3694 3666 3645 3582 549 609 3590 4065 4065 4064 4064 4064 4064 4064 4064
838 1683123818 3549 3694 3667 3646 3582 550 609 3589 4063 4063 4063 4063 4063 4063 4063 4063
839 1683123818 3550 3695 3667 3646 3581 543 609 3590 4065 4065 4064 4064 4064 4064 4064 4064
840 1683123818 3549 3695 3667 3645 3582 534 609 3591 4065 4065 4064 4064 4064 4064 4064 4064
841 1683123818 3551 3696 3668 3648 3583 551 608 614 4065 4065 4064 4064 4064 4064 4064 4064
842 1683123818 3551 3696 3669 3648 3584 571 604 609 4065 4065 4064 4064 4064 4064 4064 4064
843 1683123818 3551 3697 3668 3647 3583 548 609 624 4065 4065 4064 4064 4064 4064 4064 4064
844 1683123818 3550 3696 3668 3646 3582 563 606 628 4065 4065 4064 4064 4064 4064 4064 4064
845 1683123818 3550 3695 3667 3646 3581 540 610 3590 4065 4065 4065 4065 4065 4065 4065 4065
846 1683123818 3549 3694 3666 3645 3580 558 609 3589 4063 4063 4063 4063 4063 4063 4063 4063
847 1683123818 3549 3694 3666 3645 3581 557 608 3590 4067 4065 4065 4065 4065 4065 4065 4065
848 1683123818 3552 3696 3669 3648 3583 544 609 625 4065 4065 4064 4064 4064 4064 4064 4064
849 1683123818 3550 3695 3667 3646 3582 552 608 3590 4063 4063 4063 4063 4063 4063 4063 4063
850 1683123818 3552 3697 3669 3648 3583 555 608 609 4065 4065 4064 4064 4064 4064 4064 4064
851 1683123818 3551 3695 3668 3646 3582 558 607 3591 4063 4063 4063 4063 4063 4063 4063 4063
852 1683123818 3549 3694 3666 3645 3580 547 609 3589 4065 4065 4064 4064 4064 4064 4064 4064
853 1683123818 3550 3695 3667 3646 3582 539 610 3590 4065 4065 4064 4064 4064 4064 4064 4064
854 1683123818 3548 3693 3665 3645 3580 544 609 3589 4063 4063 4062 4062 4062 4062 4062 4062
855 1683123818 3549 3694 3666 3645 3581 563 606 3590 4065 4065 4064 4064 4064 4064 4064 4064
856 1683123818 3549 3694 3667 3646 3581 548 609 3591 4065 4065 4065 4065 4065 4065 4065 4065
857 1683123818 3550 3695 3667 3646 3582 545 609 3590 4065 4065 4064 4064 4064 4064 4064 4064
858 1683123819 3551 3696 3668 3647 3582 553 608 3591 4065 4065 4065 4065 4065 4065 4065 4065
859 1683123819 3549 3694 3667 3646 3581 539 610 3590 4065 4065 4064 4064 4064 4064 4064 4064
860 1683123819 3549 3694 3667 3646 3582 566 606 3590 4065 4065 4064 4064 4064 4064 4064 4064
861 1683123819 3550 3696 3668 3647 3583 546 610 3590 4063 4063 4063 4063 4063 4063 4063 4063
862 1683123819 3549 3695 3667 3646 3582 559 607 3590 4065 4065 4064 4064 4064 4064 4064 4064
863 1683123819 3551 3695 3668 3646 3582 549 608 3590 4065 4065 4064 4064 4064 4064 4064 4064
864 1683123819 3550 3695 3667 3646 3582 556 608 3591 4065 4065 4065 4065 4065 4065 4065 4065
865 1683123819 3550 3695 3668 3647 3582 550 609 3590 4063 4063 4063 4063 4063 4063 4063 4063
866 1683123819 3551 3696 3668 3648 3584 558 608 601 4065 4065 4065 4065 4065 4065 4065 4065
867 1683123819 3550 3695 3667 3646 3582 547 609 3590 4065 4065 4064 4064 4064 4064 4064 4064
868 1683123819 3550 3695 3667 3646 3582 556 608 3591 4065 4065 4064 4064 4064 4064 4064 4064
869 1683123819 3550 3695 3667 3646 3582 555 608 3590 4065 4065 4064 4064 4064 4064 4064 4064
870 1683123819 3550 3695 3668 3646 3582 544 609 3591 4065 4065 4064 4064 4064 4064 4064 4064
871 1683123819 3550 3695 3667 3647 3582 545 609 3591 4065 4065 4064 4064 4064 4064 4064 4064
872 1683123819 3549 3694 3667 3645 3582 551 609 3591 4065 4065 4064 4064 4064 4064 4064 4064
873 1683123819 3549 3694 3667 3646 3582 550 610 3590 4065 4065 4065 4065 4065 4065 4065 4065
874 1683123819 3551 3696 3668 3647 3583 552 608 599 4065 4065 4065 4065 4065 4065 4065 4065
875 1683123819 3551 3697 3669 3648 3584 577 602 605 4065 4065 4065 4065 4065 4065 4065 4065
876 1683123819 3549 3694 3667 3645 3581 560 607 3591 4065 4065 4065 4065 4065 4065 4065 4065
877 1683123819 3550 3695 3667 3646 3581 544 610 3590 4065 4065 4065 4065 4065 4065 4065 4065
878 1683123819 3552 3697 3669 3648 3584 551 609 617 4065 4065 4064 4064 4064 4064 4064 4064
879 1683123819 3552 3696 3669 3647 3583 573 604 606 4063 4063 4063 4063 4063 4063 4063 4063
880 1683123819 3552 3697 3669 3648 3584 560 607 597 4065 4065 4064 4064 4064 4064 4064 4064
881 1683123819 3549 3694 3667 3645 3581 535 611 3590 4065 4065 4065 4065 4065 4065 4065 4065
882 1683123819 3552 3697 3669 3648 3584 554 609 603 4065 4065 4064 4064 4064 4064 4064 4064
883 1683123827 3548 3693 3665 3644 3580 532 611 3589 4065 4065 4064 4064 4064 4064 4064 4064
884 1683123827 3549 3694 3666 3645 3581 555 608 3590 4065 4065 4064 4064 4064 4064 4064 4064
885 1683123827 3551 3695 3668 3647 3582 554 608 3591 4065 4065 4065 4065 4065 4065 4065 4065
886 1683123827 3548 3693 3666 3646 3581 554 608 3590 4065 4065 4064 4064 4064 4064 4064 4064
887 1683123827 3551 3697 3669 3648 3584 568 606 613 4067 4065 4065 4065 4065 4065 4065 4065
888 1683123827 3550 3695 3667 3646 3582 553 609 3590 4065 4065 4064 4064 4064 4064 4064 4064
889 1683123827 3549 3695 3667 3646 3581 558 608 3590 4065 4065 4064 4064 4064 4064 4064 4064
890 1683123827 3549 3694 3666 3645 3581 557 608 3590 4065 4065 4064 4064 4064 4064 4064 4064
891 1683123827 3549 3694 3667 3646 3582 550 609 3590 4065 4065 4064 4064 4064 4064 4064 4064
892 1683123827 3550 3695 3667 3647 3583 548 610 3590 4065 4065 4065 4065 4065 4065 4065 4065
893 1683123827 3549 3695 3667 3646 3582 546 610 3590 4065 4065 4065 4065 4065 4065 4065 4065
894 1683123827 3550 3694 3667 3646 3581 549 609 3590 4065 4065 4064 4064 4064 4064 4064 4064
895 1683123827 3550 3695 3668 3647 3582 567 606 3591 4065 4065 4064 4064 4064 4064 4064 4064
896 1683123827 3550 3695 3667 3646 3582 527 610 3590 4065 4065 4064 4064 4064 4064 4064 4064
897 1683123827 3551 3696 3669 3648 3584 555 608 611 4065 4065 4064 4064 4064 4064 4064 4064
898 1683123827 3552 3698 3670 3649 3585 562 607 608 4065 4065 4065 4065 4065 4065 4065 4065
899 1683123827 3551 3696 3668 3648 3583 561 607 603 4065 4065 4065 4065 4065 4065 4065 4065
900 1683123827 3550 3695 3667 3646 3582 557 608 3590 4063 4063 4063 4063 4063 4063 4063 4063
901 1683123828 3551 3696 3668 3647 3582 550 609 3592 4065 4065 4064 4064 4064 4064 4064 4064
902 1683123828 3549 3694 3666 3645 3581 549 610 3590 4065 4065 4065 4065 4065 4065 4065 4065
903 1683123828 3551 3696 3668 3647 3582 552 609 3591 4065 4065 4064 4064 4064 4064 4064 4064
904 1683123828 3549 3694 3666 3646 3582 550 609 3590 4065 4065 4065 4065 4065 4065 4065 4065
905 1683123828 3550 3695 3667 3646 3582 547 609 3591 4065 4065 4065 4065 4065 4065 4065 4065
906 1683123828 3552 3697 3669 3648 3584 581 601 614 4065 4065 4064 4064 4064 4064 4064 4064
907 1683123828 3550 3695 3667 3646 3582 551 609 3591 4065 4065 4064 4064 4064 4064 4064 4064
908 1683123828 3550 3695 3667 3646 3582 559 609 3590 4065 4065 4065 4065 4065 4065 4065 4065
909 1683123828 3552 3697 3669 3648 3584 558 609 614 4065 4065 4065 4065 4065 4065 4065 4065
910 1683123828 3551 3697 3669 3648 3584 544 610 3592 4065 4065 4065 4065 4065 4065 4065 4065
911 1683123828 3551 3696 3669 3648 3583 550 610 3591 4065 4065 4064 4064 4064 4064 4064 4064
912 1683123828 3550 3695 3667 3646 3582 557 608 3591 4065 4065 4065 4065 4065 4065 4065 4065
913 1683123828 3550 3696 3668 3647 3583 543 610 3592 4065 4065 4065 4065 4065 4065 4065 4065
914 1683123828 3551 3697 3669 3647 3583 549 609 3592 4063 4063 4063 4063 4063 4063 4063 4063
915 1683123828 3550 3696 3668 3647 3582 542 610 3591 4065 4065 4065 4065 4065 4065 4065 4065
916 1683123828 3551 3696 3668 3647 3583 547 610 3591 4065 4065 4064 4064 4064 4064 4064 4064
917 1683123828 3551 3696 3667 3647 3583 544 610 3592 4065 4065 4064 4064 4064 4064 4064 4064
918 1683123828 3550 3695 3667 3646 3581 550 609 3590 4065 4065 4064 4064 4064 4064 4064 4064
919 1683123828 3552 3696 3669 3648 3583 558 609 655 4065 4065 4064 4064 4064 4064 4064 4064
920 1683123828 3551 3696 3668 3647 3583 554 609 3591 4065 4065 4064 4064 4064 4064 4064 4064
921 1683123828 3552 3697 3669 3649 3584 550 609 616 4065 4065 4064 4064 4064 4064 4064 4064
922 1683123828 3549 3695 3667 3646 3582 531 611 3590 4065 4065 4065 4065 4065 4065 4065 4065
923 1683123829 3550 3695 3666 3646 3582 545 610 3591 4065 4065 4064 4064 4064 4064 4064 4064
924 1683123829 3551 3696 3668 3647 3583 552 609 3592 4067 4065 4065 4065 4065 4065 4065 4065
925 1683123829 3550 3695 3667 3646 3582 546 610 3591 4065 4065 4064 4064 4064 4064 4064 4064
926 1683123829 3551 3695 3668 3646 3582 558 609 3591 4065 4065 4064 4064 4064 4064 4064 4064
927 1683123829 3553 3698 3670 3649 3585 550 609 605 4065 4065 4064 4064 4064 4064 4064 4064
928 1683123829 3551 3696 3668 3647 3583 555 609 3591 4067 4065 4065 4065 4065 4065 4065 4065
929 1683123829 3551 3697 3669 3648 3584 544 610 3593 4063 4063 4063 4063 4063 4063 4063 4063
930 1683123829 3550 3696 3668 3647 3582 519 612 3592 4065 4065 4064 4064 4064 4064 4064 4064
931 1683123829 3551 3696 3668 3647 3583 552 609 3591 4065 4065 4065 4065 4065 4065 4065 4065
932 1683123829 3552 3697 3669 3647 3583 539 611 3592 4065 4065 4064 4064 4064 4064 4064 4064
933 1683123829 3551 3696 3667 3647 3583 556 609 3592 4065 4065 4064 4064 4064 4064 4064 4064
934 1683123829 3551 3696 3668 3646 3583 553 609 3592 4065 4065 4064 4064 4064 4064 4064 4064
935 1683123829 3551 3696 3668 3647 3583 548 610 3591 4065 4065 4064 4064 4064 4064 4064 4064
936 1683123829 3551 3696 3668 3647 3583 561 607 3592 4067 4065 4065 4065 4065 4065 4065 4065
937 1683123829 3551 3696 3668 3647 3583 535 611 3591 4063 4063 4063 4063 4063 4063 4063 4063
938 1683123829 3551 3696 3668 3647 3582 546 610 3592 4065 4065 4064 4064 4064 4064 4064 4064
939 1683123829 3551 3696 3668 3647 3582 534 611 3591 4063 4063 4063 4063 4063 4063 4063 4063
940 1683123829 3552 3697 3669 3649 3584 549 610 602 4063 4063 4063 4063 4063 4063 4063 4063
941 1683123829 3551 3697 3668 3648 3583 543 610 3592 4063 4063 4063 4063 4063 4063 4063 4063
942 1683123829 3551 3695 3668 3646 3582 552 610 3591 4065 4065 4064 4064 4064 4064 4064 4064
943 1683123829 3552 3697 3669 3648 3583 569 606 3592 4065 4065 4064 4064 4064 4064 4064 4064
944 1683123829 3553 3698 3670 3649 3584 564 607 631 4065 4065 4064 4064 4064 4064 4064 4064
945 1683123829 3552 3697 3670 3649 3585 554 609 3593 4065 4065 4065 4065 4065 4065 4065 4065
946 1683123829 3550 3695 3668 3647 3583 539 611 3592 4065 4065 4064 4064 4064 4064 4064 4064
947 1683123830 3551 3696 3668 3647 3583 550 609 3591 4065 4065 4064 4064 4064 4064 4064 4064
948 1683123830 3551 3697 3669 3648 3583 550 610 3590 4065 4065 4065 4065 4065 4065 4065 4065
949 1683123830 3550 3695 3668 3647 3583 558 608 3592 4065 4065 4064 4064 4064 4064 4064 4064
950 1683123830 3553 3698 3671 3650 3585 545 610 616 4065 4065 4065 4065 4065 4065 4065 4065
951 1683123830 3551 3697 3669 3647 3583 552 609 3592 4065 4065 4065 4065 4065 4065 4065 4065
952 1683123830 3552 3697 3669 3648 3584 559 609 652 4065 4065 4064 4064 4064 4064 4064 4064
953 1683123830 3552 3698 3669 3649 3584 549 610 625 4067 4065 4065 4065 4065 4065 4065 4065
954 1683123830 3551 3696 3668 3647 3583 565 607 3592 4065 4065 4064 4064 4064 4064 4064 4064
955 1683123830 3550 3695 3667 3646 3582 558 606 3591 4065 4065 4064 4064 4064 4064 4064 4064
956 1683123830 3548 3694 3666 3645 3581 539 609 3590 4065 4065 4064 4064 4064 4064 4064 4064
957 1683123830 3549 3694 3666 3645 3581 546 608 3590 4065 4065 4064 4064 4064 4064 4064 4064
958 1683123830 3551 3696 3668 3647 3583 549 607 636 4065 4065 4064 4064 4064 4064 4064 4064
959 1683123830 3550 3695 3667 3646 3582 520 609 3590 4063 4063 4063 4063 4063 4063 4063 4063
960 1683123830 3550 3695 3667 3646 3582 540 609 3590 4065 4065 4064 4064 4064 4064 4064 4064
961 1683123830 3550 3695 3667 3646 3582 555 606 612 4065 4065 4064 4064 4064 4064 4064 4064
962 1683123830 3550 3695 3668 3647 3583 563 605 608 4065 4065 4064 4064 4064 4064 4064 4064
963 1683123830 3548 3694 3666 3645 3580 522 609 3588 4065 4065 4065 4065 4065 4065 4065 4065
964 1683123830 3549 3694 3667 3645 3581 540 609 3590 4065 4065 4064 4064 4064 4064 4064 4064
965 1683123830 3551 3696 3668 3647 3582 561 605 603 4065 4065 4064 4064 4064 4064 4064 4064
966 1683123830 3550 3695 3667 3646 3582 565 605 628 4065 4065 4064 4064 4064 4064 4064 4064
967 1683123830 3549 3693 3666 3645 3580 553 607 3589 4065 4065 4065 4065 4065 4065 4065 4065
968 1683123830 3551 3696 3667 3647 3583 550 607 626 4067 4065 4065 4065 4065 4065 4065 4065
969 1683123830 3551 3696 3668 3647 3583 562 605 629 4065 4065 4064 4064 4064 4064 4064 4064
970 1683123831 3550 3694 3667 3646 3582 535 609 3590 4067 4065 4065 4065 4065 4065 4065 4065
971 1683123831 3551 3695 3667 3647 3583 536 609 3591 4065 4065 4065 4065 4065 4065 4065 4065
972 1683123831 3549 3695 3666 3646 3581 547 608 3590 4065 4065 4064 4064 4064 4064 4064 4064
973 1683123831 3549 3694 3666 3646 3581 552 607 3590 4065 4065 4065 4065 4065 4065 4065 4065
974 1683123831 3550 3695 3667 3647 3582 552 607 613 4065 4065 4065 4065 4065 4065 4065 4065
975 1683123831 3548 3694 3666 3645 3580 531 609 3589 4063 4063 4063 4063 4063 4063 4063 4063
976 1683123831 3548 3693 3665 3644 3580 548 608 3588 4065 4065 4064 4064 4064 4064 4064 4064
977 1683123831 3549 3694 3666 3646 3581 546 608 3590 4065 4065 4064 4064 4064 4064 4064 4064
978 1683123831 3550 3695 3667 3646 3582 543 608 3591 4063 4063 4063 4063 4063 4063 4063 4063
979 1683123831 3548 3694 3666 3645 3581 542 609 3590 4067 4065 4065 4065 4065 4065 4065 4065
980 1683123831 3550 3695 3667 3646 3582 536 609 3590 4065 4065 4064 4064 4064 4064 4064 4064
981 1683123831 3549 3694 3667 3646 3581 541 609 3590 4065 4065 4065 4065 4065 4065 4065 4065
982 1683123831 3550 3695 3667 3645 3582 565 605 3591 4065 4065 4064 4064 4064 4064 4064 4064
983 1683123831 3549 3694 3666 3644 3580 560 606 3589 4065 4065 4064 4064 4064 4064 4064 4064
984 1683123831 3551 3696 3668 3647 3583 547 608 628 4065 4065 4064 4064 4064 4064 4064 4064
985 1683123831 3549 3694 3666 3645 3581 562 606 3590 4065 4065 4064 4064 4064 4064 4064 4064
986 1683123831 3550 3695 3668 3647 3583 551 608 603 4065 4065 4065 4065 4065 4065 4065 4065
987 1683123831 3550 3695 3667 3646 3582 540 609 3591 4063 4063 4063 4063 4063 4063 4063 4063
988 1683123831 3551 3696 3668 3647 3583 565 605 593 4063 4063 4063 4063 4063 4063 4063 4063
989 1683123831 3550 3695 3667 3646 3582 563 606 598 4063 4063 4063 4063 4063 4063 4063 4063
990 1683123831 3550 3695 3667 3646 3581 527 610 3590 4065 4065 4064 4064 4064 4064 4064 4064
991 1683123831 3551 3696 3668 3647 3583 550 608 627 4063 4063 4063 4063 4063 4063 4063 4063
992 1683123831 3549 3694 3666 3645 3581 547 608 3590 4065 4065 4064 4064 4064 4064 4064 4064
993 1683123831 3551 3696 3668 3647 3583 546 608 612 4065 4065 4064 4064 4064 4064 4064 4064
994 1683123831 3549 3694 3666 3645 3581 540 609 3590 4065 4065 4065 4065 4065 4065 4065 4065
995 1683123831 3548 3693 3666 3645 3580 536 609 3589 4065 4065 4065 4065 4065 4065 4065 4065
996 1683123831 3548 3693 3666 3645 3581 549 607 3590 4063 4063 4063 4063 4063 4063 4063 4063
997 1683123831 3549 3694 3666 3645 3581 549 608 3589 4063 4063 4063 4063 4063 4063 4063 4063
998 1683123831 3549 3694 3666 3645 3581 573 603 3590 4065 4065 4064 4064 4064 4064 4064 4064
999 1683123831 3549 3694 3667 3646 3581 542 609 3590 4065 4065 4064 4064 4064 4064 4064 4064
1000 1683123831 3549 3695 3667 3646 3582 554 608 3590 4065 4065 4064 4064 4064 4064 4064 4064
