1 1683103914 374 3684 3660 3639 3575 3617 3617 3585 4065 4065 4065 4065 4065 4065 4065 4065
2 1683103914 374 3685 3661 3640 3576 3618 3617 3586 4065 4065 4064 4064 4064 4064 4064 4064
3 1683103914 374 3686 3661 3641 3577 3618 3618 3587 4067 4065 4065 4065 4065 4065 4065 4065
4 1683103914 373 3685 3660 3640 3576 3618 3618 3586 4065 4065 4064 4064 4064 4064 4064 4064
5 1683103914 374 3685 3661 3640 3576 3618 3618 3586 4065 4065 4064 4064 4064 4064 4064 4064
6 1683103914 373 3684 3660 3639 3575 3617 3617 3585 4065 4065 4065 4065 4065 4065 4065 4065
7 1683103914 374 3685 3661 3640 3576 3618 3617 3585 4065 4065 4064 4064 4064 4064 4064 4064
8 1683103914 374 3686 3660 3639 3576 3618 3617 3585 4065 4065 4065 4065 4065 4065 4065 4065
9 1683103914 374 3685 3660 3639 3576 3618 3618 3586 4065 4065 4064 4064 4064 4064 4064 4064
10 1683103914 374 3686 3661 3641 3577 3618 3618 3586 4067 4067 4066 4066 4066 4066 4066 4066
11 1683103914 374 3685 3660 3639 3575 3618 3617 3585 4065 4065 4065 4065 4065 4065 4065 4065
12 1683103914 374 3685 3661 3640 3576 3618 3618 3586 4065 4065 4065 4065 4065 4065 4065 4065
13 1683103914 373 3685 3661 3640 3576 3618 3618 3586 4065 4065 4064 4064 4064 4064 4064 4064
14 1683103914 374 3686 3661 3641 3577 3619 3618 3586 4067 4067 4066 4066 4066 4066 4066 4066
15 1683103914 374 3686 3661 3640 3577 3619 3619 3587 4063 4063 4063 4063 4063 4063 4063 4063
16 1683103914 374 3686 3661 3640 3576 3618 3618 3586 4063 4063 4063 4063 4063 4063 4063 4063
17 1683103914 374 3685 3660 3640 3576 3618 3618 3586 4067 4067 4066 4066 4066 4066 4066 4066
18 1683103914 374 3685 3661 3640 3576 3618 3618 3586 4065 4065 4064 4064 4064 4064 4064 4064
19 1683103914 374 3686 3661 3640 3577 3619 3619 3587 4065 4065 4064 4064 4064 4064 4064 4064
20 1683103914 374 3686 3661 3640 3576 3619 3618 3587 4065 4065 4065 4065 4065 4065 4065 4065
21 1683103914 374 3687 3661 3640 3577 3619 3618 3586 4065 4065 4065 4065 4065 4065 4065 4065
22 1683103914 374 3685 3661 3639 3576 3617 3617 3585 4065 4065 4065 4065 4065 4065 4065 4065
23 1683103914 373 3686 3661 3640 3576 3618 3618 3586 4065 4065 4065 4065 4065 4065 4065 4065
24 1683103914 374 3686 3661 3640 3576 3618 3618 3585 4065 4065 4065 4065 4065 4065 4065 4065
25 1683103914 374 3686 3661 3640 3576 3618 3617 3586 4065 4065 4065 4065 4065 4065 4065 4065
26 1683103914 374 3687 3662 3641 3577 3619 3619 3587 4067 4067 4066 4066 4066 4066 4066 4066
27 1683103914 374 3685 3660 3640 3576 3619 3618 3586 4065 4065 4065 4065 4065 4065 4065 4065
28 1683103914 374 3686 3662 3641 3577 3619 3619 3587 4067 4067 4066 4066 4066 4066 4066 4066
29 1683103914 374 3687 3662 3641 3577 3619 3618 3587 4067 4067 4066 4066 4066 4066 4066 4066
30 1683103914 374 3686 3661 3640 3576 3618 3618 3586 4065 4065 4064 4064 4064 4064 4064 4064
31 1683103914 373 3687 3662 3642 3577 3619 3619 3587 4065 4065 4065 4065 4065 4065 4065 4065
32 1683103914 373 3686 3661 3640 3577 3619 3619 3587 4065 4065 4065 4065 4065 4065 4065 4065
33 1683103914 374 3686 3661 3640 3577 3619 3618 3587 4067 4065 4065 4065 4065 4065 4065 4065
34 1683103914 374 3685 3660 3639 3576 3618 3617 3586 4067 4065 4065 4065 4065 4065 4065 4065
35 1683103914 374 3686 3661 3640 3577 3619 3618 3587 4065 4065 4064 4064 4064 4064 4064 4064
36 1683103914 374 3686 3662 3640 3577 3619 3619 3587 4065 4065 4065 4065 4065 4065 4065 4065
37 1683103914 374 3686 3661 3640 3576 3618 3618 3586 4067 4065 4065 4065 4065 4065 4065 4065
38 1683103914 373 3686 3661 3640 3576 3619 3618 3586 4065 4065 4064 4064 4064 4064 4064 4064
39 1683103914 374 3686 3661 3640 3577 3619 3619 3587 4065 4065 4064 4064 4064 4064 4064 4064
40 1683103915 373 3686 3662 3641 3577 3619 3618 3586 4067 4067 4066 4066 4066 4066 4066 4066
41 1683103915 374 3686 3661 3640 3576 3618 3618 3586 4065 4065 4065 4065 4065 4065 4065 4065
42 1683103915 374 3687 3661 3641 3577 3620 3619 3587 4065 4065 4064 4064 4064 4064 4064 4064
43 1683103915 374 3686 3661 3640 3576 3619 3618 3587 4065 4065 4065 4065 4065 4065 4065 4065
44 1683103915 374 3686 3662 3641 3578 3619 3619 3587 4065 4065 4065 4065 4065 4065 4065 4065
45 1683103915 374 3685 3661 3640 3577 3619 3618 3586 4065 4065 4064 4064 4064 4064 4064 4064
46 1683103915 374 3686 3661 3641 3577 3619 3619 3587 4065 4065 4065 4065 4065 4065 4065 4065
47 1683103915 374 3685 3660 3639 3576 3618 3618 3586 4067 4067 4066 4066 4066 4066 4066 4066
48 1683103915 374 3687 3662 3641 3577 3619 3619 3587 4067 4065 4065 4065 4065 4065 4065 4065
49 1683103915 374 3685 3661 3640 3576 3618 3618 3586 4065 4065 4065 4065 4065 4065 4065 4065
50 1683103915 374 3686 3661 3640 3576 3618 3618 3586 4065 4065 4064 4064 4064 4064 4064 4064
51 1683103915 374 3685 3660 3639 3576 3618 3618 3586 4065 4065 4065 4065 4065 4065 4065 4065
52 1683103915 374 3685 3661 3640 3577 3619 3619 3586 4067 4067 4066 4066 4066 4066 4066 4066
53 1683103915 374 3685 3661 3640 3576 3619 3618 3587 4065 4065 4065 4065 4065 4065 4065 4065
54 1683103915 374 3687 3661 3641 3577 3619 3618 3587 4065 4065 4065 4065 4065 4065 4065 4065
55 1683103915 374 3686 3661 3640 3576 3618 3618 3586 4067 4067 4066 4066 4066 4066 4066 4066
56 1683103915 374 3686 3661 3641 3577 3619 3619 3586 4065 4065 4065 4065 4065 4065 4065 4065
57 1683103915 374 3686 3661 3640 3577 3619 3619 3587 4065 4065 4064 4064 4064 4064 4064 4064
58 1683103915 374 3686 3661 3641 3577 3619 3619 3587 4065 4065 4064 4064 4064 4064 4064 4064
59 1683103915 374 3687 3661 3640 3577 3619 3619 3587 4065 4065 4064 4064 4064 4064 4064 4064
60 1683103915 374 3685 3660 3639 3576 3618 3618 3586 4065 4065 4065 4065 4065 4065 4065 4065
61 1683103915 374 3687 3662 3641 3577 3619 3618 3587 4065 4065 4065 4065 4065 4065 4065 4065
62 1683103915 374 3686 3661 3641 3577 3619 3619 3587 4067 4065 4065 4065 4065 4065 4065 4065
63 1683103915 375 3686 3661 3640 3577 3619 3619 3587 4065 4065 4065 4065 4065 4065 4065 4065
64 1683103915 374 3686 3661 3640 3577 3619 3619 3587 4065 4065 4065 4065 4065 4065 4065 4065
65 1683103915 374 3685 3661 3640 3576 3618 3618 3587 4065 4065 4065 4065 4065 4065 4065 4065
66 1683103915 374 3686 3661 3641 3577 3620 3619 3587 4065 4065 4065 4065 4065 4065 4065 4065
67 1683103915 374 3686 3662 3641 3577 3620 3619 3587 4065 4065 4065 4065 4065 4065 4065 4065
68 1683103915 374 3686 3662 3641 3577 3619 3619 3588 4065 4065 4064 4064 4064 4064 4064 4064
69 1683103915 374 3687 3661 3641 3578 3620 3619 3587 4067 4067 4066 4066 4066 4066 4066 4066
70 1683103915 374 3687 3662 3641 3577 3619 3619 3587 4065 4065 4065 4065 4065 4065 4065 4065
71 1683103915 374 3686 3661 3640 3576 3618 3619 3587 4065 4065 4064 4064 4064 4064 4064 4064
72 1683103915 374 3686 3661 3641 3577 3619 3619 3587 4065 4065 4065 4065 4065 4065 4065 4065
73 1683103915 374 3686 3661 3640 3576 3619 3619 3586 4063 4063 4063 4063 4063 4063 4063 4063
74 1683103915 374 3687 3662 3641 3577 3619 3619 3587 4065 4065 4064 4064 4064 4064 4064 4064
75 1683103915 374 3686 3661 3640 3577 3619 3618 3586 4065 4065 4065 4065 4065 4065 4065 4065
76 1683103915 373 3686 3662 3642 3578 3620 3620 3588 4065 4065 4065 4065 4065 4065 4065 4065
77 1683103915 374 3685 3660 3640 3576 3618 3618 3586 4065 4065 4064 4064 4064 4064 4064 4064
78 1683103915 374 3687 3662 3641 3577 3620 3619 3587 4065 4065 4065 4065 4065 4065 4065 4065
79 1683103915 375 3686 3661 3641 3577 3619 3619 3587 4065 4065 4064 4064 4064 4064 4064 4064
80 1683103915 374 3686 3661 3640 3577 3619 3619 3587 4065 4065 4064 4064 4064 4064 4064 4064
81 1683103915 374 3687 3662 3641 3577 3619 3618 3587 4065 4065 4064 4064 4064 4064 4064 4064
82 1683103915 374 3687 3662 3641 3577 3619 3619 3588 4065 4065 4064 4064 4064 4064 4064 4064
83 1683103915 374 3686 3662 3641 3577 3619 3619 3587 4065 4065 4064 4064 4064 4064 4064 4064
84 1683103915 374 3686 3662 3641 3578 3619 3619 3587 4065 4065 4064 4064 4064 4064 4064 4064
85 1683103915 374 3687 3662 3641 3577 3620 3620 3588 4065 4065 4065 4065 4065 4065 4065 4065
86 1683103915 374 3686 3661 3641 3577 3619 3619 3587 4065 4065 4065 4065 4065 4065 4065 4065
87 1683103915 373 3687 3662 3641 3577 3619 3618 3586 4065 4065 4064 4064 4064 4064 4064 4064
88 1683103915 374 3687 3662 3641 3577 3620 3619 3587 4065 4065 4065 4065 4065 4065 4065 4065
89 1683103915 374 3687 3662 3641 3577 3619 3619 3587 4065 4065 4064 4064 4064 4064 4064 4064
90 1683103915 375 3686 3661 3641 3577 3619 3619 3587 4065 4065 4064 4064 4064 4064 4064 4064
91 1683103915 374 3686 3661 3640 3576 3619 3618 3587 4061 4061 4061 4061 4061 4061 4061 4061
92 1683103915 374 3686 3661 3640 3576 3619 3619 3587 4065 4065 4064 4064 4064 4064 4064 4064
93 1683103915 374 3686 3662 3641 3577 3619 3619 3588 4065 4065 4064 4064 4064 4064 4064 4064
94 1683103915 374 3687 3662 3641 3577 3619 3619 3587 4065 4065 4065 4065 4065 4065 4065 4065
95 1683103915 374 3687 3662 3642 3578 3620 3620 3587 4067 4067 4066 4066 4066 4066 4066 4066
96 1683103915 374 3686 3662 3641 3577 3619 3618 3587 4065 4065 4065 4065 4065 4065 4065 4065
97 1683103915 374 3687 3662 3641 3577 3619 3619 3587 4065 4065 4064 4064 4064 4064 4064 4064
98 1683103915 374 3687 3662 3641 3578 3620 3620 3588 4065 4065 4064 4064 4064 4064 4064 4064
99 1683103915 374 3687 3662 3641 3577 3619 3619 3587 4065 4065 4064 4064 4064 4064 4064 4064
100 1683103915 374 3687 3663 3642 3577 3620 3619 3587 4065 4065 4065 4065 4065 4065 4065 4065
101 1683103915 374 3687 3662 3641 3577 3620 3619 3587 4065 4065 4065 4065 4065 4065 4065 4065
102 1683103915 375 3686 3661 3641 3577 3619 3619 3587 4065 4065 4065 4065 4065 4065 4065 4065
103 1683103915 374 3687 3662 3641 3577 3620 3619 3588 4067 4067 4066 4066 4066 4066 4066 4066
104 1683103915 375 3686 3662 3641 3578 3620 3619 3587 4067 4065 4065 4065 4065 4065 4065 4065
105 1683103915 374 3686 3661 3641 3577 3620 3619 3587 4065 4065 4065 4065 4065 4065 4065 4065
106 1683103915 374 3688 3662 3642 3578 3620 3619 3588 4067 4067 4066 4066 4066 4066 4066 4066
107 1683103915 375 3686 3662 3641 3577 3620 3620 3588 4065 4065 4064 4064 4064 4064 4064 4064
108 1683103915 375 3686 3662 3641 3577 3620 3619 3587 4065 4065 4065 4065 4065 4065 4065 4065
109 1683103915 374 3687 3662 3642 3577 3620 3619 3587 4065 4065 4065 4065 4065 4065 4065 4065
110 1683103915 374 3687 3662 3641 3577 3620 3619 3587 4065 4065 4065 4065 4065 4065 4065 4065
111 1683103915 375 3687 3662 3641 3577 3619 3619 3587 4065 4065 4064 4064 4064 4064 4064 4064
112 1683103915 374 3687 3662 3642 3578 3620 3619 3588 4065 4065 4065 4065 4065 4065 4065 4065
113 1683103915 374 3687 3662 3641 3578 3620 3619 3588 4065 4065 4065 4065 4065 4065 4065 4065
114 1683103915 374 3686 3661 3641 3577 3619 3619 3587 4065 4065 4064 4064 4064 4064 4064 4064
115 1683103915 375 3687 3662 3642 3578 3620 3620 3588 4065 4065 4065 4065 4065 4065 4065 4065
116 1683103915 374 3686 3661 3641 3577 3619 3619 3587 4065 4065 4064 4064 4064 4064 4064 4064
117 1683103915 375 3687 3662 3641 3578 3619 3619 3587 4067 4067 4066 4066 4066 4066 4066 4066
118 1683103915 374 3687 3662 3641 3577 3620 3619 3588 4067 4065 4065 4065 4065 4065 4065 4065
119 1683103915 374 3687 3662 3642 3578 3620 3620 3588 4065 4065 4065 4065 4065 4065 4065 4065
120 1683103915 374 3687 3662 3642 3578 3620 3619 3588 4065 4065 4064 4064 4064 4064 4064 4064
121 1683103915 374 3687 3662 3642 3578 3620 3619 3587 4065 4065 4064 4064 4064 4064 4064 4064
122 1683103915 374 3687 3662 3641 3577 3619 3619 3587 4067 4067 4066 4066 4066 4066 4066 4066
123 1683103915 374 3687 3662 3641 3578 3620 3619 3588 4065 4065 4065 4065 4065 4065 4065 4065
124 1683103915 375 3686 3662 3641 3578 3620 3619 3588 4067 4065 4065 4065 4065 4065 4065 4065
125 1683103915 375 3687 3662 3641 3577 3619 3619 3587 4063 4063 4063 4063 4063 4063 4063 4063
126 1683103915 375 3687 3662 3641 3578 3620 3619 3588 4065 4065 4065 4065 4065 4065 4065 4065
127 1683103916 374 3687 3662 3642 3578 3620 3620 3587 4065 4065 4064 4064 4064 4064 4064 4064
128 1683103916 374 3688 3663 3642 3578 3620 3619 3587 4065 4065 4065 4065 4065 4065 4065 4065
129 1683103916 374 3687 3662 3642 3578 3620 3620 3588 4067 4067 4066 4066 4066 4066 4066 4066
130 1683103916 375 3686 3661 3641 3577 3620 3618 3587 4065 4065 4065 4065 4065 4065 4065 4065
131 1683103916 375 3687 3662 3641 3577 3619 3619 3587 4065 4065 4064 4064 4064 4064 4064 4064
132 1683103916 374 3687 3662 3641 3577 3620 3619 3587 4065 4065 4065 4065 4065 4065 4065 4065
133 1683103916 375 3687 3662 3641 3577 3620 3619 3587 4065 4065 4065 4065 4065 4065 4065 4065
134 1683103916 374 3687 3662 3641 3577 3620 3619 3587 4065 4065 4065 4065 4065 4065 4065 4065
135 1683103916 374 3687 3663 3641 3578 3620 3620 3588 4065 4065 4065 4065 4065 4065 4065 4065
136 1683103916 374 3687 3662 3641 3577 3619 3619 3587 4065 4065 4065 4065 4065 4065 4065 4065
137 1683103916 374 3688 3663 3642 3577 3619 3619 3587 4065 4065 4064 4064 4064 4064 4064 4064
138 1683103916 375 3688 3662 3641 3578 3620 3620 3588 4065 4065 4065 4065 4065 4065 4065 4065
139 1683103916 375 3687 3663 3642 3578 3620 3620 3588 4067 4067 4066 4066 4066 4066 4066 4066
140 1683103916 374 3689 3664 3643 3579 3621 3621 3589 4065 4065 4065 4065 4065 4065 4065 4065
141 1683103916 375 3685 3662 3641 3577 3620 3618 3586 4063 4063 4063 4063 4063 4063 4063 4063
142 1683103916 375 3688 3662 3641 3577 3620 3619 3587 4067 4067 4066 4066 4066 4066 4066 4066
143 1683103916 374 3687 3662 3641 3577 3620 3620 3588 4065 4065 4064 4064 4064 4064 4064 4064
144 1683103916 374 3688 3663 3642 3579 3620 3619 3588 4065 4065 4065 4065 4065 4065 4065 4065
145 1683103916 374 3688 3663 3642 3578 3620 3620 3588 4065 4065 4065 4065 4065 4065 4065 4065
146 1683103916 374 3687 3662 3641 3577 3619 3619 3587 4065 4065 4064 4064 4064 4064 4064 4064
147 1683103916 375 3687 3661 3640 3577 3619 3618 3586 4065 4065 4065 4065 4065 4065 4065 4065
148 1683103916 374 3686 3662 3641 3577 3619 3619 3587 4061 4061 4061 4061 4061 4061 4061 4061
149 1683103916 375 3686 3662 3640 3576 3619 3619 3587 4065 4065 4065 4065 4065 4065 4065 4065
150 1683103916 375 3688 3663 3642 3578 3621 3620 3589 4065 4065 4065 4065 4065 4065 4065 4065
151 1683103916 375 3687 3662 3641 3578 3620 3620 3587 4065 4065 4065 4065 4065 4065 4065 4065
152 1683103916 375 3687 3663 3642 3578 3620 3620 3588 4065 4065 4064 4064 4064 4064 4064 4064
153 1683103916 375 3687 3661 3641 3577 3619 3619 3587 4065 4065 4065 4065 4065 4065 4065 4065
154 1683103916 375 3687 3662 3642 3578 3621 3620 3588 4065 4065 4065 4065 4065 4065 4065 4065
155 1683103916 375 3687 3663 3642 3578 3620 3620 3589 4065 4065 4065 4065 4065 4065 4065 4065
156 1683103916 375 3686 3662 3642 3578 3620 3620 3588 4067 4067 4066 4066 4066 4066 4066 4066
157 1683103916 375 3687 3663 3642 3577 3620 3620 3588 4065 4065 4065 4065 4065 4065 4065 4065
158 1683103916 375 3688 3663 3642 3578 3621 3620 3588 4065 4065 4065 4065 4065 4065 4065 4065
159 1683103916 375 3688 3663 3642 3579 3621 3620 3588 4065 4065 4064 4064 4064 4064 4064 4064
160 1683103916 374 3688 3662 3642 3578 3620 3620 3588 4065 4065 4065 4065 4065 4065 4065 4065
161 1683103916 375 3687 3662 3641 3577 3619 3619 3588 4067 4067 4066 4066 4066 4066 4066 4066
162 1683103916 375 3688 3662 3641 3578 3620 3620 3588 4063 4063 4062 4062 4062 4062 4062 4062
163 1683103916 375 3687 3662 3641 3577 3620 3619 3587 4065 4065 4064 4064 4064 4064 4064 4064
164 1683103916 375 3688 3662 3642 3578 3620 3620 3587 4067 4067 4066 4066 4066 4066 4066 4066
165 1683103916 375 3687 3662 3642 3578 3620 3620 3588 4067 4067 4066 4066 4066 4066 4066 4066
166 1683103916 375 3688 3663 3642 3578 3621 3620 3589 4065 4065 4065 4065 4065 4065 4065 4065
167 1683103916 375 3687 3663 3642 3578 3620 3620 3588 4065 4065 4064 4064 4064 4064 4064 4064
168 1683103916 375 3687 3661 3641 3578 3620 3619 3587 4065 4065 4065 4065 4065 4065 4065 4065
169 1683103916 375 3687 3662 3641 3577 3620 3620 3588 4065 4065 4064 4064 4064 4064 4064 4064
170 1683103916 375 3687 3662 3641 3577 3620 3620 3588 4067 4067 4066 4066 4066 4066 4066 4066
171 1683103916 375 3687 3662 3641 3578 3620 3619 3588 4065 4065 4064 4064 4064 4064 4064 4064
172 1683103916 374 3688 3662 3642 3578 3620 3620 3588 4065 4065 4065 4065 4065 4065 4065 4065
173 1683103916 375 3688 3663 3642 3578 3620 3620 3588 4065 4065 4065 4065 4065 4065 4065 4065
174 1683103916 375 3687 3662 3642 3578 3620 3620 3588 4067 4067 4066 4066 4066 4066 4066 4066
175 1683103916 375 3688 3663 3642 3578 3620 3620 3588 4065 4065 4065 4065 4065 4065 4065 4065
176 1683103916 375 3688 3663 3642 3578 3620 3620 3588 4065 4065 4065 4065 4065 4065 4065 4065
177 1683103916 374 3688 3663 3642 3578 3620 3620 3588 4065 4065 4064 4064 4064 4064 4064 4064
178 1683103916 375 3687 3662 3641 3577 3619 3619 3587 4065 4065 4065 4065 4065 4065 4065 4065
179 1683103924 373 3684 3659 3638 3574 3616 3616 3584 4065 4065 4065 4065 4065 4065 4065 4065
180 1683103924 373 3685 3660 3639 3575 3617 3617 3585 4065 4065 4065 4065 4065 4065 4065 4065
181 1683103924 373 3683 3659 3638 3574 3616 3616 3584 4065 4065 4065 4065 4065 4065 4065 4065
182 1683103924 373 3685 3661 3640 3576 3618 3618 3586 4065 4065 4064 4064 4064 4064 4064 4064
183 1683103924 373 3684 3660 3639 3575 3616 3616 3584 4065 4065 4065 4065 4065 4065 4065 4065
184 1683103924 373 3684 3659 3638 3575 3617 3616 3584 4067 4067 4066 4066 4066 4066 4066 4066
185 1683103924 373 3684 3660 3638 3575 3617 3616 3584 4067 4067 4066 4066 4066 4066 4066 4066
186 1683103924 373 3686 3660 3640 3576 3618 3618 3586 4065 4065 4065 4065 4065 4065 4065 4065
187 1683103924 373 3686 3660 3639 3576 3617 3617 3585 4065 4065 4065 4065 4065 4065 4065 4065
188 1683103924 373 3684 3659 3638 3575 3617 3616 3585 4065 4065 4064 4064 4064 4064 4064 4064
189 1683103924 373 3686 3661 3640 3576 3618 3617 3585 4065 4065 4065 4065 4065 4065 4065 4065
190 1683103924 373 3685 3661 3640 3576 3618 3618 3586 4065 4065 4065 4065 4065 4065 4065 4065
191 1683103924 373 3686 3661 3640 3576 3618 3618 3586 4067 4065 4065 4065 4065 4065 4065 4065
192 1683103924 373 3685 3660 3639 3576 3618 3617 3585 4065 4065 4065 4065 4065 4065 4065 4065
193 1683103924 373 3684 3659 3638 3574 3617 3616 3584 4065 4065 4065 4065 4065 4065 4065 4065
194 1683103924 372 3685 3660 3638 3575 3617 3616 3585 4065 4065 4065 4065 4065 4065 4065 4065
195 1683103924 373 3685 3660 3639 3576 3618 3618 3585 4065 4065 4065 4065 4065 4065 4065 4065
196 1683103924 373 3685 3660 3639 3575 3617 3617 3585 4065 4065 4065 4065 4065 4065 4065 4065
197 1683103924 374 3685 3660 3639 3576 3618 3617 3585 4067 4067 4066 4066 4066 4066 4066 4066
198 1683103924 373 3685 3660 3640 3576 3618 3617 3585 4067 4067 4066 4066 4066 4066 4066 4066
199 1683103924 373 3686 3661 3640 3577 3618 3618 3586 4067 4067 4066 4066 4066 4066 4066 4066
200 1683103924 373 3685 3661 3639 3576 3618 3618 3586 4065 4065 4065 4065 4065 4065 4065 4065
201 1683103924 373 3686 3660 3640 3576 3617 3618 3585 4065 4065 4065 4065 4065 4065 4065 4065
202 1683103924 373 3684 3659 3639 3575 3617 3617 3585 4067 4067 4066 4066 4066 4066 4066 4066
203 1683103924 373 3685 3660 3639 3576 3617 3617 3585 4065 4065 4064 4064 4064 4064 4064 4064
204 1683103924 373 3685 3660 3640 3576 3618 3618 3586 4065 4065 4065 4065 4065 4065 4065 4065
205 1683103924 373 3684 3660 3640 3575 3617 3617 3585 4067 4067 4066 4066 4066 4066 4066 4066
206 1683103924 373 3685 3660 3639 3575 3618 3618 3585 4065 4063 4063 4063 4063 4063 4063 4063
207 1683103924 373 3686 3660 3639 3575 3618 3617 3585 4065 4065 4064 4064 4064 4064 4064 4064
208 1683103924 373 3685 3660 3640 3576 3618 3618 3586 4065 4065 4064 4064 4064 4064 4064 4064
209 1683103924 373 3686 3661 3640 3576 3618 3618 3586 4067 4065 4065 4065 4065 4065 4065 4065
210 1683103924 373 3685 3660 3639 3576 3618 3617 3585 4065 4065 4065 4065 4065 4065 4065 4065
211 1683103924 373 3685 3660 3640 3576 3618 3618 3586 4065 4065 4065 4065 4065 4065 4065 4065
212 1683103924 373 3685 3661 3640 3576 3618 3618 3586 4065 4065 4065 4065 4065 4065 4065 4065
213 1683103924 373 3686 3661 3640 3575 3618 3617 3585 4065 4065 4064 4064 4064 4064 4064 4064
214 1683103924 373 3685 3660 3639 3575 3618 3617 3585 4065 4063 4063 4063 4063 4063 4063 4063
215 1683103924 374 3686 3661 3641 3577 3619 3619 3586 4067 4067 4066 4066 4066 4066 4066 4066
216 1683103924 373 3686 3661 3640 3577 3619 3619 3587 4065 4065 4065 4065 4065 4065 4065 4065
217 1683103924 374 3684 3659 3639 3575 3617 3617 3585 4065 4065 4065 4065 4065 4065 4065 4065
218 1683103924 373 3687 3661 3640 3577 3618 3618 3586 4065 4065 4064 4064 4064 4064 4064 4064
219 1683103924 374 3685 3661 3639 3576 3618 3618 3586 4065 4065 4064 4064 4064 4064 4064 4064
220 1683103924 373 3685 3660 3640 3576 3618 3618 3586 4065 4065 4065 4065 4065 4065 4065 4065
221 1683103924 373 3684 3660 3640 3576 3617 3617 3585 4065 4065 4065 4065 4065 4065 4065 4065
222 1683103924 373 3686 3660 3640 3576 3618 3618 3586 4065 4065 4064 4064 4064 4064 4064 4064
223 1683103924 374 3686 3661 3640 3576 3618 3618 3586 4065 4065 4064 4064 4064 4064 4064 4064
224 1683103924 373 3685 3661 3640 3576 3618 3618 3586 4065 4065 4065 4065 4065 4065 4065 4065
225 1683103924 374 3685 3661 3640 3576 3618 3618 3586 4065 4065 4065 4065 4065 4065 4065 4065
226 1683103924 373 3686 3661 3641 3576 3619 3619 3587 4067 4067 4066 4066 4066 4066 4066 4066
227 1683103925 373 3686 3661 3640 3577 3619 3618 3587 4067 4067 4066 4066 4066 4066 4066 4066
228 1683103925 373 3685 3660 3639 3575 3617 3617 3585 4065 4065 4064 4064 4064 4064 4064 4064
229 1683103925 373 3686 3661 3640 3576 3619 3618 3587 4065 4065 4064 4064 4064 4064 4064 4064
230 1683103925 373 3686 3661 3640 3576 3619 3619 3586 4065 4065 4064 4064 4064 4064 4064 4064
231 1683103925 374 3686 3661 3640 3576 3619 3618 3586 4065 4065 4065 4065 4065 4065 4065 4065
232 1683103925 373 3686 3661 3640 3577 3618 3618 3586 4065 4065 4065 4065 4065 4065 4065 4065
233 1683103925 374 3685 3660 3640 3577 3618 3617 3586 4065 4065 4065 4065 4065 4065 4065 4065
234 1683103932 373 3686 3660 3639 3575 3618 3618 3586 4065 4065 4064 4064 4064 4064 4064 4064
235 1683103932 373 3685 3660 3639 3575 3617 3617 3585 4065 4065 4065 4065 4065 4065 4065 4065
236 1683103933 373 3684 3660 3640 3576 3618 3617 3585 4065 4065 4064 4064 4064 4064 4064 4064
237 1683103933 373 3685 3660 3640 3576 3619 3618 3586 4065 4065 4064 4064 4064 4064 4064 4064
238 1683103933 373 3685 3660 3639 3574 3617 3617 3585 4065 4065 4065 4065 4065 4065 4065 4065
239 1683103933 373 3685 3660 3640 3576 3618 3618 3585 4065 4065 4064 4064 4064 4064 4064 4064
240 1683103933 373 3685 3660 3640 3576 3618 3617 3586 4065 4065 4065 4065 4065 4065 4065 4065
241 1683103933 373 3685 3660 3640 3576 3618 3617 3586 4065 4065 4065 4065 4065 4065 4065 4065
242 1683103933 373 3686 3661 3640 3576 3618 3618 3586 4065 4065 4065 4065 4065 4065 4065 4065
243 1683103933 373 3685 3661 3640 3576 3618 3618 3586 4065 4065 4064 4064 4064 4064 4064 4064
244 1683103933 373 3684 3659 3639 3575 3617 3616 3584 4065 4065 4065 4065 4065 4065 4065 4065
245 1683103933 373 3686 3661 3641 3577 3619 3618 3586 4065 4065 4065 4065 4065 4065 4065 4065
246 1683103933 374 3686 3661 3640 3577 3619 3618 3586 4065 4065 4064 4064 4064 4064 4064 4064
247 1683103933 373 3686 3661 3640 3576 3618 3618 3586 4067 4065 4065 4065 4065 4065 4065 4065
248 1683103933 373 3685 3660 3639 3576 3618 3618 3586 4065 4065 4064 4064 4064 4064 4064 4064
249 1683103933 374 3685 3660 3639 3576 3618 3617 3586 4065 4065 4064 4064 4064 4064 4064 4064
250 1683103933 374 3685 3660 3639 3575 3618 3617 3586 4067 4067 4066 4066 4066 4066 4066 4066
251 1683103933 373 3686 3661 3641 3577 3618 3619 3586 4065 4065 4064 4064 4064 4064 4064 4064
252 1683103933 374 3686 3661 3640 3576 3618 3618 3586 4065 4065 4064 4064 4064 4064 4064 4064
253 1683103933 374 3685 3660 3639 3576 3618 3618 3586 4065 4065 4065 4065 4065 4065 4065 4065
254 1683103933 373 3686 3661 3640 3576 3618 3618 3586 4065 4065 4065 4065 4065 4065 4065 4065
255 1683103933 374 3685 3660 3640 3576 3618 3618 3586 4065 4065 4065 4065 4065 4065 4065 4065
256 1683103933 373 3684 3660 3639 3575 3618 3617 3585 4065 4065 4065 4065 4065 4065 4065 4065
257 1683103933 373 3685 3661 3640 3576 3618 3618 3585 4065 4065 4065 4065 4065 4065 4065 4065
258 1683103933 373 3689 371 367 394 1660 1754 1712 4067 4067 4066 4066 4066 4066 4066 4066
259 1683103933 373 3685 3661 3640 366 3615 3618 3586 4065 4065 4065 4065 4065 4065 4065 4065
260 1683103933 373 3684 3660 3639 3575 3617 3617 3585 4067 4065 4065 4065 4065 4065 4065 4065
261 1683103933 373 3685 3660 3639 3575 3618 3617 3585 4065 4065 4064 4064 4064 4064 4064 4064
262 1683103933 374 3686 3661 3640 3576 3619 3618 3586 4065 4065 4065 4065 4065 4065 4065 4065
263 1683103933 374 3686 3661 3640 3576 3618 3618 3586 4065 4065 4065 4065 4065 4065 4065 4065
264 1683103933 373 3686 3661 3641 3576 3619 3618 3586 4065 4065 4064 4064 4064 4064 4064 4064
265 1683103933 374 3685 3660 3640 3576 3618 3618 3586 4065 4065 4065 4065 4065 4065 4065 4065
266 1683103933 374 3685 3660 3639 3575 3618 3618 3586 4065 4065 4065 4065 4065 4065 4065 4065
267 1683103933 373 3685 3661 3640 3576 3619 3619 3587 4065 4065 4065 4065 4065 4065 4065 4065
268 1683103933 374 3686 3661 3640 3576 3618 3618 3586 4067 4065 4065 4065 4065 4065 4065 4065
269 1683103933 374 3685 3660 3640 3576 3618 3618 3586 4067 4067 4066 4066 4066 4066 4066 4066
270 1683103933 374 3686 3661 3641 3577 3619 3618 3587 4065 4065 4064 4064 4064 4064 4064 4064
271 1683103933 373 3685 3661 3640 3576 3619 3618 3586 4065 4065 4065 4065 4065 4065 4065 4065
272 1683103933 374 3686 3661 3640 3577 3618 3618 3586 4065 4065 4065 4065 4065 4065 4065 4065
273 1683103933 374 3685 3660 3640 3576 3618 3618 3586 4065 4065 4064 4064 4064 4064 4064 4064
274 1683103933 374 3686 3661 3640 3576 3619 3618 3586 4065 4065 4065 4065 4065 4065 4065 4065
275 1683103933 374 3685 3660 3640 3576 3618 3618 3586 4065 4065 4065 4065 4065 4065 4065 4065
276 1683103933 373 3686 1912 3640 3577 3619 3619 3587 4065 4065 4065 4065 4065 4065 4065 4065
277 1683103933 373 3687 3661 3640 3576 3619 3618 3586 4065 4065 4065 4065 4065 4065 4065 4065
278 1683103933 374 3686 3661 3640 3577 3619 3618 3586 4065 4065 4065 4065 4065 4065 4065 4065
279 1683103933 373 3687 3662 3640 3577 3619 3619 3586 4065 4065 4065 4065 4065 4065 4065 4065
280 1683103933 374 3684 3660 3640 3577 3619 3618 3586 4065 4065 4065 4065 4065 4065 4065 4065
281 1683103933 374 3687 3662 3641 3577 3619 3619 3586 4065 4065 4065 4065 4065 4065 4065 4065
282 1683103933 374 3686 3661 3640 3577 3619 3619 3587 4065 4065 4064 4064 4064 4064 4064 4064
283 1683103933 374 3687 3662 3641 3577 3619 3619 3587 4065 4065 4065 4065 4065 4065 4065 4065
284 1683103933 374 3685 3661 3640 3577 3619 3618 3587 4065 4065 4065 4065 4065 4065 4065 4065
285 1683103933 374 3686 3662 3641 3577 3619 3619 3587 4067 4067 4066 4066 4066 4066 4066 4066
286 1683103933 374 3686 3661 3641 3577 3619 3618 3586 4067 4065 4065 4065 4065 4065 4065 4065
287 1683103933 374 3687 3662 3641 3577 3619 3619 3586 4065 4065 4065 4065 4065 4065 4065 4065
288 1683103933 374 3685 3660 3639 3576 3618 3618 3586 4065 4065 4065 4065 4065 4065 4065 4065
289 1683103933 374 3685 3661 3640 3576 3619 3618 3586 4063 4063 4063 4063 4063 4063 4063 4063
290 1683103933 373 3686 3661 3640 3576 3619 3619 3587 4065 4065 4065 4065 4065 4065 4065 4065
291 1683103933 374 3685 3661 3640 3576 3618 3618 3586 4065 4065 4065 4065 4065 4065 4065 4065
292 1683103933 374 3686 3661 3640 3577 3619 3618 3586 4065 4065 4065 4065 4065 4065 4065 4065
293 1683103933 373 3687 3661 3641 3577 3619 3619 3587 4065 4065 4065 4065 4065 4065 4065 4065
294 1683103933 374 3686 3661 3640 3576 3618 3618 3586 4065 4065 4064 4064 4064 4064 4064 4064
295 1683103933 374 3686 3661 3640 3576 3618 3618 3586 4065 4065 4065 4065 4065 4065 4065 4065
296 1683103933 374 3687 3662 3641 3577 3619 3619 3587 4063 4063 4063 4063 4063 4063 4063 4063
297 1683103933 374 3687 3662 3641 3577 3619 3619 3587 4065 4065 4065 4065 4065 4065 4065 4065
298 1683103933 374 3686 3661 3640 3576 3619 3618 3586 4067 4067 4066 4066 4066 4066 4066 4066
299 1683103933 374 3685 3662 3641 3577 3619 3619 3587 4065 4065 4065 4065 4065 4065 4065 4065
300 1683103933 374 3686 3661 3641 3576 3619 3619 3587 4065 4065 4065 4065 4065 4065 4065 4065
301 1683103933 373 3687 3662 3641 3577 3619 3618 3587 4065 4065 4065 4065 4065 4065 4065 4065
302 1683103933 374 3688 3662 3641 3578 3619 3619 3587 4065 4065 4065 4065 4065 4065 4065 4065
303 1683103933 374 3686 3662 3641 3577 3619 3618 3587 4065 4065 4064 4064 4064 4064 4064 4064
304 1683103933 374 3686 3661 3641 3577 3619 3619 3587 4065 4065 4065 4065 4065 4065 4065 4065
305 1683103933 374 3687 3662 3641 3577 3619 3619 3587 4065 4065 4065 4065 4065 4065 4065 4065
306 1683103933 374 3686 3662 3641 3578 3619 3619 3587 4063 4063 4063 4063 4063 4063 4063 4063
307 1683103933 374 3687 3662 3641 3577 3619 3619 3587 4065 4065 4065 4065 4065 4065 4065 4065
308 1683103933 374 3687 3662 3642 3578 3620 3619 3587 4065 4065 4064 4064 4064 4064 4064 4064
309 1683103933 373 3686 3661 3640 3576 3619 3618 3586 4067 4067 4066 4066 4066 4066 4066 4066
310 1683103933 374 3686 3661 3640 3576 3618 3618 3586 4065 4065 4065 4065 4065 4065 4065 4065
311 1683103933 374 3686 3661 3641 3577 3619 3618 3586 4065 4065 4065 4065 4065 4065 4065 4065
312 1683103933 375 3686 3662 3641 3577 3620 3619 3587 4067 4067 4066 4066 4066 4066 4066 4066
313 1683103933 374 3687 3662 3641 3577 3620 3619 3587 4065 4065 4065 4065 4065 4065 4065 4065
314 1683103933 375 3686 3662 3641 3577 3619 3619 3587 4065 4065 4064 4064 4064 4064 4064 4064
315 1683103933 374 3687 3662 3641 3577 3619 3619 3587 4065 4065 4064 4064 4064 4064 4064 4064
316 1683103933 374 3687 3662 3641 3578 3620 3620 3588 4065 4065 4065 4065 4065 4065 4065 4065
317 1683103933 373 3686 3661 3641 3577 3619 3619 3587 4065 4065 4065 4065 4065 4065 4065 4065
318 1683103933 374 3686 3661 3640 3577 3619 3619 3586 4065 4065 4064 4064 4064 4064 4064 4064
319 1683103933 374 3686 3661 3641 3577 3618 3619 3586 4065 4065 4064 4064 4064 4064 4064 4064
320 1683103933 374 3687 3662 3641 3577 3619 3619 3587 4063 4063 4063 4063 4063 4063 4063 4063
321 1683103933 374 3687 3662 3642 3578 3620 3620 3587 4065 4065 4064 4064 4064 4064 4064 4064
322 1683103933 374 3686 3661 3640 3577 3619 3619 3587 4067 4067 4066 4066 4066 4066 4066 4066
323 1683103933 374 3687 3661 3641 3577 3619 3619 3587 4065 4065 4065 4065 4065 4065 4065 4065
324 1683103933 374 3687 3662 3641 3577 3620 3619 3587 4065 4065 4065 4065 4065 4065 4065 4065
325 1683103933 374 3687 3662 3641 3577 3619 3619 3587 4065 4065 4064 4064 4064 4064 4064 4064
326 1683103933 374 3686 3661 3641 3577 3619 3618 3587 4065 4065 4064 4064 4064 4064 4064 4064
327 1683103933 374 3687 3662 3641 3577 3620 3619 3587 4067 4067 4066 4066 4066 4066 4066 4066
328 1683103934 374 3686 3661 3640 3576 3619 3618 3586 4067 4067 4066 4066 4066 4066 4066 4066
329 1683103934 374 3686 3661 3640 3576 3618 3618 3587 4065 4065 4065 4065 4065 4065 4065 4065
330 1683103934 374 3686 3662 3642 3578 3620 3620 3587 4065 4065 4064 4064 4064 4064 4064 4064
331 1683103934 374 3685 3662 3642 3578 3620 3619 3588 4065 4065 4065 4065 4065 4065 4065 4065
332 1683103934 374 3687 3662 3642 3578 3620 3619 3587 4065 4065 4065 4065 4065 4065 4065 4065
333 1683103934 374 3687 3662 3642 3577 3620 3619 3587 4067 4067 4066 4066 4066 4066 4066 4066
334 1683103934 374 3687 3663 3642 3578 3620 3619 3588 4065 4065 4064 4064 4064 4064 4064 4064
335 1683103934 374 3687 3662 3642 3578 3620 3619 3587 4065 4065 4064 4064 4064 4064 4064 4064
336 1683103934 374 3686 3662 3641 3577 3619 3618 3586 4065 4065 4065 4065 4065 4065 4065 4065
337 1683103934 374 3686 3662 3641 3577 3619 3619 3587 4063 4063 4063 4063 4063 4063 4063 4063
338 1683103934 374 3686 3662 3641 3577 3619 3618 3586 4065 4065 4065 4065 4065 4065 4065 4065
339 1683103934 374 3687 3662 3641 3577 3620 3620 3587 4067 4065 4065 4065 4065 4065 4065 4065
340 1683103934 374 3687 3662 3641 3578 3620 3619 3587 4067 4065 4065 4065 4065 4065 4065 4065
341 1683103934 374 3687 3663 3642 3578 3620 3620 3588 4065 4065 4065 4065 4065 4065 4065 4065
342 1683103934 374 3687 3663 3642 3578 3620 3620 3587 4065 4065 4065 4065 4065 4065 4065 4065
343 1683103934 374 3687 3662 3642 3578 3620 3619 3587 4063 4063 4063 4063 4063 4063 4063 4063
344 1683103934 374 3687 3662 3641 3577 3620 3619 3587 4065 4065 4065 4065 4065 4065 4065 4065
345 1683103934 374 3687 3662 3642 3578 3620 3620 3587 4065 4065 4064 4064 4064 4064 4064 4064
346 1683103934 374 21 3659 3641 3578 3620 3619 3587 4065 4065 4065 4065 4065 4065 4065 4065
347 1683103934 374 3686 3662 3641 3577 3618 3618 3587 4065 4065 4064 4064 4064 4064 4064 4064
348 1683103934 374 3688 3663 3642 3578 3621 3621 3588 4065 4065 4065 4065 4065 4065 4065 4065
349 1683103934 374 3687 3661 3641 3577 3619 3619 3587 4065 4065 4065 4065 4065 4065 4065 4065
350 1683103934 374 3687 3662 3641 3578 3620 3619 3587 4065 4065 4065 4065 4065 4065 4065 4065
351 1683103934 374 3686 3661 3641 3577 3619 3619 3587 4067 4067 4066 4066 4066 4066 4066 4066
352 1683103934 374 3686 3662 3641 3577 3619 3619 3587 4065 4065 4065 4065 4065 4065 4065 4065
353 1683103934 374 3687 3662 3641 3577 3619 3619 3587 4065 4065 4065 4065 4065 4065 4065 4065
354 1683103934 374 3687 3662 3641 3578 3620 3619 3587 4065 4065 4065 4065 4065 4065 4065 4065
355 1683103934 374 3686 3662 3641 3577 3619 3619 3586 4065 4065 4064 4064 4064 4064 4064 4064
356 1683103934 374 3687 3662 3641 3578 3619 3620 3588 4065 4065 4064 4064 4064 4064 4064 4064
357 1683103934 374 3687 3662 3641 3578 3620 3619 3587 4065 4065 4065 4065 4065 4065 4065 4065
358 1683103934 374 3687 3662 3641 3577 3619 3619 3587 4065 4065 4064 4064 4064 4064 4064 4064
359 1683103934 374 3688 3663 3642 3578 3620 3620 3587 4065 4065 4064 4064 4064 4064 4064 4064
360 1683103934 374 3687 3662 3641 3578 3620 3619 3588 4065 4065 4064 4064 4064 4064 4064 4064
361 1683103934 374 3687 3661 3641 3577 3619 3619 3587 4065 4065 4065 4065 4065 4065 4065 4065
362 1683103934 374 3687 3662 3642 3578 3620 3619 3587 4065 4065 4065 4065 4065 4065 4065 4065
363 1683103934 374 3687 3662 3641 3577 3620 3620 3588 4065 4065 4064 4064 4064 4064 4064 4064
364 1683103934 374 3687 3662 3641 3577 3619 3618 3587 4065 4065 4065 4065 4065 4065 4065 4065
365 1683103934 374 3687 3663 3642 3578 3620 3619 3587 4067 4067 4066 4066 4066 4066 4066 4066
366 1683103934 374 3687 3662 3641 3577 3619 3619 3587 4065 4065 4065 4065 4065 4065 4065 4065
367 1683103934 374 3688 3663 3642 3578 3620 3620 3588 4065 4063 4063 4063 4063 4063 4063 4063
368 1683103934 374 3687 3663 3642 3578 3620 3619 3588 4065 4065 4065 4065 4065 4065 4065 4065
369 1683103934 374 3687 3662 3641 3577 3620 3619 3588 4065 4065 4065 4065 4065 4065 4065 4065
370 1683103934 374 3686 3662 3641 3578 3619 3619 3587 4065 4063 4063 4063 4063 4063 4063 4063
371 1683103934 374 3686 3662 3641 3577 3620 3619 3587 4065 4065 4065 4065 4065 4065 4065 4065
372 1683103934 374 3687 3663 3642 3578 3620 3620 3587 4067 4067 4066 4066 4066 4066 4066 4066
373 1683103934 374 3687 3662 3641 3577 3620 3619 3587 4065 4065 4064 4064 4064 4064 4064 4064
374 1683103934 375 3686 3662 3640 3577 3619 3618 3586 4065 4065 4065 4065 4065 4065 4065 4065
375 1683103934 374 3687 3662 3642 3578 3620 3619 3587 4065 4065 4064 4064 4064 4064 4064 4064
376 1683103934 374 3687 3662 3642 3578 3620 3620 3588 4065 4065 4065 4065 4065 4065 4065 4065
377 1683103934 374 3687 3662 3642 3578 3620 3619 3587 4065 4065 4065 4065 4065 4065 4065 4065
378 1683103934 375 3686 3662 3642 3578 3620 3620 3588 4065 4065 4065 4065 4065 4065 4065 4065
379 1683103934 375 3687 3661 3641 3577 3620 3619 3587 4065 4065 4065 4065 4065 4065 4065 4065
380 1683103934 375 3687 3663 3642 3578 3621 3620 3588 4065 4065 4065 4065 4065 4065 4065 4065
381 1683103934 374 3687 3661 3641 3577 3619 3619 3587 4065 4065 4064 4064 4064 4064 4064 4064
382 1683103934 374 3688 3662 3642 3578 3620 3619 3588 4065 4065 4065 4065 4065 4065 4065 4065
383 1683103934 374 3687 3662 3641 3578 3620 3619 3587 4065 4065 4065 4065 4065 4065 4065 4065
384 1683103934 375 3687 3662 3641 3578 3619 3619 3588 4065 4065 4065 4065 4065 4065 4065 4065
385 1683103934 374 3687 3662 3642 3578 3620 3620 3588 4067 4067 4066 4066 4066 4066 4066 4066
386 1683103934 374 3687 3662 3641 3578 3620 3619 3587 4065 4065 4064 4064 4064 4064 4064 4064
387 1683103934 375 3687 3662 3642 3577 3620 3620 3588 4065 4065 4065 4065 4065 4065 4065 4065
388 1683103934 375 3688 3663 3642 3578 3620 3620 3588 4065 4065 4064 4064 4064 4064 4064 4064
389 1683103934 374 3687 3662 3642 3577 3620 3620 3588 4065 4065 4065 4065 4065 4065 4065 4065
390 1683103934 374 3688 3663 3642 3578 3621 3620 3588 4065 4065 4065 4065 4065 4065 4065 4065
391 1683103934 374 3687 3662 3642 3578 3620 3620 3588 4065 4065 4065 4065 4065 4065 4065 4065
392 1683103934 374 3688 3663 3642 3578 3620 3620 3588 4065 4065 4065 4065 4065 4065 4065 4065
393 1683103934 375 3687 3663 3642 3578 3620 3620 3589 4065 4065 4065 4065 4065 4065 4065 4065
394 1683103934 374 3688 3663 3642 3579 3621 3621 3588 4065 4065 4065 4065 4065 4065 4065 4065
395 1683103934 375 3687 3662 3642 3578 3621 3621 3588 4065 4065 4064 4064 4064 4064 4064 4064
396 1683103934 375 3687 3663 3642 3578 3620 3620 3588 4067 4065 4065 4065 4065 4065 4065 4065
397 1683103934 374 3688 3663 3642 3579 3620 3620 3588 4065 4065 4064 4064 4064 4064 4064 4064
398 1683103934 374 3687 3662 3641 3578 3620 3619 3587 4067 4067 4066 4066 4066 4066 4066 4066
399 1683103934 374 3687 3662 3642 3578 3620 3619 3587 4067 4067 4066 4066 4066 4066 4066 4066
400 1683103934 375 3687 3663 3643 3579 3621 3620 3588 4065 4065 4065 4065 4065 4065 4065 4065
401 1683103934 375 3687 3662 3642 3577 3620 3619 3587 4065 4065 4064 4064 4064 4064 4064 4064
402 1683103934 375 3688 3663 3642 3578 3620 3621 3588 4067 4067 4066 4066 4066 4066 4066 4066
403 1683103934 374 3688 3663 3642 3578 3620 3620 3589 4067 4065 4065 4065 4065 4065 4065 4065
404 1683103934 374 3688 3663 3641 3578 3620 3620 3587 4065 4065 4065 4065 4065 4065 4065 4065
405 1683103934 375 3688 3663 3642 3578 3621 3620 3588 4063 4063 4062 4062 4062 4062 4062 4062
406 1683103942 375 3685 3661 3640 3576 3618 3618 3586 4065 4065 4065 4065 4065 4065 4065 4065
407 1683103942 375 3687 3662 3641 3577 3619 3619 3586 4067 4065 4065 4065 4065 4065 4065 4065
408 1683103942 375 3686 3661 3641 3577 3620 3620 3587 4067 4067 4066 4066 4066 4066 4066 4066
409 1683103942 375 3688 3663 3642 3579 3620 3620 3588 4065 4065 4065 4065 4065 4065 4065 4065
410 1683103942 374 3688 3663 3642 3578 3620 3620 3588 4065 4065 4065 4065 4065 4065 4065 4065
411 1683103942 374 3687 3662 3641 3577 3620 3619 3587 4065 4065 4065 4065 4065 4065 4065 4065
412 1683103942 375 3687 3662 3641 3577 3620 3620 3588 4065 4065 4065 4065 4065 4065 4065 4065
413 1683103942 374 3687 3663 3642 3578 3620 3619 3588 4065 4065 4064 4064 4064 4064 4064 4064
414 1683103942 374 3687 3663 3642 3578 3620 3620 3588 4065 4065 4064 4064 4064 4064 4064 4064
415 1683103942 375 3686 3662 3641 3577 3620 3620 3587 4065 4065 4064 4064 4064 4064 4064 4064
416 1683103942 375 3688 3663 3643 3578 3621 3620 3588 4065 4065 4065 4065 4065 4065 4065 4065
417 1683103942 374 3687 3663 3642 3578 3620 3618 3587 4065 4065 4064 4064 4064 4064 4064 4064
418 1683103942 374 3687 3662 3641 3577 3619 3619 3587 4065 4065 4065 4065 4065 4065 4065 4065
419 1683103942 375 3686 3662 3641 3578 3619 3619 3587 4065 4065 4065 4065 4065 4065 4065 4065
420 1683103942 374 3687 3661 3640 3577 3619 3618 3586 4065 4065 4065 4065 4065 4065 4065 4065
421 1683103942 375 3687 3663 3642 3578 3620 3620 3588 4065 4065 4065 4065 4065 4065 4065 4065
422 1683103943 374 3687 3662 3641 3578 3619 3619 3587 4065 4065 4065 4065 4065 4065 4065 4065
423 1683103943 375 3688 3663 3641 3578 3620 3620 3588 4065 4065 4065 4065 4065 4065 4065 4065
424 1683103943 375 3687 3663 3642 3579 3621 3620 3588 4065 4065 4065 4065 4065 4065 4065 4065
425 1683103943 375 3686 3662 3641 3578 3620 3619 3587 4063 4063 4063 4063 4063 4063 4063 4063
426 1683103943 375 3689 3663 3642 3579 3621 3620 3588 4067 4067 4066 4066 4066 4066 4066 4066
427 1683103943 375 3688 3663 3642 3578 3620 3619 3588 4065 4065 4065 4065 4065 4065 4065 4065
428 1683103943 375 3687 3663 3642 3579 3620 3620 3588 4063 4063 4063 4063 4063 4063 4063 4063
429 1683103943 375 3688 3663 3643 3579 3621 3620 3588 4065 4065 4064 4064 4064 4064 4064 4064
430 1683103943 375 3687 3662 3641 3578 3620 3620 3588 4065 4065 4064 4064 4064 4064 4064 4064
431 1683103943 375 3688 3662 3641 3578 3620 3619 3587 4065 4065 4064 4064 4064 4064 4064 4064
432 1683103943 374 3686 3661 3641 3577 3619 3618 3586 4067 4067 4066 4066 4066 4066 4066 4066
433 1683103943 373 3686 3661 3640 3576 3618 3619 3586 4065 4065 4064 4064 4064 4064 4064 4064
434 1683103943 373 3686 3661 3640 3576 3619 3618 3586 4065 4065 4064 4064 4064 4064 4064 4064
435 1683103943 373 3686 3660 3640 3576 3618 3617 3585 4065 4065 4064 4064 4064 4064 4064 4064
436 1683103943 373 3685 3660 3639 3575 3617 3617 3585 4067 4067 4066 4066 4066 4066 4066 4066
437 1683103943 373 3685 3660 3640 3576 3618 3618 3586 4065 4065 4064 4064 4064 4064 4064 4064
438 1683103943 373 3686 3661 3640 3576 3618 3618 3586 4065 4065 4065 4065 4065 4065 4065 4065
439 1683103943 373 3684 3660 3639 3575 3617 3617 3584 4065 4065 4065 4065 4065 4065 4065 4065
440 1683103943 373 3685 3660 3640 3576 3618 3618 3585 4065 4065 4065 4065 4065 4065 4065 4065
441 1683103943 373 3686 3661 3640 3576 3618 3618 3586 4065 4065 4064 4064 4064 4064 4064 4064
442 1683103943 373 3685 3660 3640 3576 3618 3617 3586 4067 4067 4066 4066 4066 4066 4066 4066
443 1683103943 373 3686 3661 3640 3577 3619 3619 3586 4065 4065 4064 4064 4064 4064 4064 4064
444 1683103943 373 3687 3662 3641 3577 3619 3619 3588 4065 4065 4064 4064 4064 4064 4064 4064
445 1683103943 373 3686 3661 3640 3576 3618 3618 3586 4065 4065 4064 4064 4064 4064 4064 4064
446 1683103943 373 3685 3660 3639 3576 3618 3618 3586 4067 4067 4066 4066 4066 4066 4066 4066
447 1683103943 373 3685 3660 3640 3576 3618 3618 3586 4065 4065 4064 4064 4064 4064 4064 4064
448 1683103943 373 3686 3661 3640 3576 3618 3618 3586 4065 4065 4065 4065 4065 4065 4065 4065
449 1683103943 373 3686 3661 3640 3576 3618 3618 3586 4065 4065 4064 4064 4064 4064 4064 4064
450 1683103943 373 3685 3661 3640 3576 3618 3617 3586 4067 4067 4066 4066 4066 4066 4066 4066
451 1683103943 373 3686 3661 3640 3576 3618 3618 3586 4065 4065 4065 4065 4065 4065 4065 4065
452 1683103943 373 3686 3661 3641 3577 3619 3618 3587 4065 4065 4065 4065 4065 4065 4065 4065
453 1683103943 373 3686 3661 3640 3576 3618 3618 3586 4065 4065 4065 4065 4065 4065 4065 4065
454 1683103943 373 3685 3661 3640 3576 3618 3618 3586 4067 4067 4066 4066 4066 4066 4066 4066
455 1683103943 373 3686 3661 3640 3577 3619 3619 3587 4065 4065 4065 4065 4065 4065 4065 4065
456 1683103943 373 3687 3661 3640 3576 3619 3618 3587 4065 4065 4065 4065 4065 4065 4065 4065
457 1683103943 373 3685 3660 3639 3576 3618 3617 3586 4065 4065 4064 4064 4064 4064 4064 4064
458 1683103943 373 3685 3661 3640 3577 3619 3618 3586 4067 4067 4066 4066 4066 4066 4066 4066
459 1683103943 373 3684 3661 3640 3577 3619 3618 3586 4067 4067 4066 4066 4066 4066 4066 4066
460 1683103943 372 3687 3661 3640 3576 3618 3618 3587 4065 4065 4065 4065 4065 4065 4065 4065
461 1683103943 373 3686 3661 3640 3577 3619 3618 3586 4065 4065 4064 4064 4064 4064 4064 4064
462 1683103943 373 3685 3661 3640 3577 3619 3619 3586 4065 4065 4064 4064 4064 4064 4064 4064
463 1683103943 373 3686 3661 3641 3577 3619 3618 3586 4065 4065 4065 4065 4065 4065 4065 4065
464 1683103943 374 3687 3662 3641 3577 3619 3619 3587 4065 4065 4064 4064 4064 4064 4064 4064
465 1683103943 373 3686 3662 3641 3577 3620 3619 3587 4067 4065 4065 4065 4065 4065 4065 4065
466 1683103943 373 3685 3661 3640 3576 3619 3618 3586 4065 4065 4065 4065 4065 4065 4065 4065
467 1683103943 373 3686 3661 3640 3577 3619 3619 3587 4065 4065 4064 4064 4064 4064 4064 4064
468 1683103943 373 3686 3661 3641 3577 3619 3619 3587 4065 4065 4064 4064 4064 4064 4064 4064
469 1683103943 374 3686 3661 3640 3577 3619 3619 3587 4065 4065 4065 4065 4065 4065 4065 4065
470 1683103943 373 3685 3661 3640 3577 3618 3617 3586 4065 4065 4064 4064 4064 4064 4064 4064
471 1683103943 373 3686 3661 3640 3576 3618 3618 3586 4067 4067 4066 4066 4066 4066 4066 4066
472 1683103943 373 3686 3661 3640 3576 3619 3618 3586 4065 4065 4064 4064 4064 4064 4064 4064
473 1683103943 373 3686 3661 3640 3576 3619 3618 3586 4063 4063 4063 4063 4063 4063 4063 4063
474 1683103943 373 3685 3660 3639 3576 3618 3618 3586 4063 4063 4063 4063 4063 4063 4063 4063
475 1683103951 373 3684 3659 3638 3575 3616 3616 3585 4065 4065 4064 4064 4064 4064 4064 4064
476 1683103951 373 3684 3659 3639 3575 3617 3617 3585 4065 4065 4065 4065 4065 4065 4065 4065
477 1683103951 373 3685 3660 3638 3575 3617 3616 3585 4065 4065 4065 4065 4065 4065 4065 4065
478 1683103951 373 3685 3660 3639 3575 3618 3617 3586 4067 4067 4066 4066 4066 4066 4066 4066
479 1683103951 373 3686 3661 3640 3577 3618 3618 3586 4065 4065 4064 4064 4064 4064 4064 4064
480 1683103951 374 3685 3660 3640 3576 3618 3618 3586 4065 4065 4065 4065 4065 4065 4065 4065
481 1683103951 373 3685 3660 3639 3575 3617 3617 3585 4065 4065 4065 4065 4065 4065 4065 4065
482 1683103951 373 3684 3659 3639 3575 3617 3616 3585 4065 4065 4065 4065 4065 4065 4065 4065
483 1683103951 373 3685 3661 3640 3576 3618 3618 3585 4067 4065 4065 4065 4065 4065 4065 4065
484 1683103951 373 3687 3662 3641 3577 3620 3619 3587 4065 4065 4064 4064 4064 4064 4064 4064
485 1683103951 374 3685 3660 3639 3576 3618 3618 3586 4065 4065 4065 4065 4065 4065 4065 4065
486 1683103951 374 3685 3660 3639 3576 3618 3617 3586 4065 4065 4064 4064 4064 4064 4064 4064
487 1683103951 373 3685 3661 3639 3576 3618 3617 3585 4065 4065 4065 4065 4065 4065 4065 4065
488 1683103951 374 3686 3661 3640 3576 3618 3618 3587 4067 4067 4066 4066 4066 4066 4066 4066
489 1683103951 374 3685 3661 3640 3576 3618 3618 3586 4065 4065 4065 4065 4065 4065 4065 4065
490 1683103951 373 3684 3660 3640 3576 3618 3618 3586 4067 4065 4065 4065 4065 4065 4065 4065
491 1683103951 374 3685 3661 3640 3577 3618 3618 3586 4065 4065 4065 4065 4065 4065 4065 4065
492 1683103951 373 3685 3660 3640 3576 3618 3617 3586 4065 4065 4065 4065 4065 4065 4065 4065
493 1683103951 373 3686 3662 3640 3576 3618 3618 3586 4065 4065 4065 4065 4065 4065 4065 4065
494 1683103951 374 3685 3660 3639 3576 3618 3617 3586 4065 4065 4065 4065 4065 4065 4065 4065
495 1683103951 374 3685 3661 3640 3576 3618 3618 3586 4065 4065 4065 4065 4065 4065 4065 4065
496 1683103951 374 3685 3660 3639 3575 3617 3618 3585 4067 4065 4065 4065 4065 4065 4065 4065
497 1683103951 373 3685 3660 3639 3576 3617 3617 3585 4065 4065 4065 4065 4065 4065 4065 4065
498 1683103951 373 3686 3660 3640 3576 3618 3618 3586 4065 4065 4064 4064 4064 4064 4064 4064
499 1683103951 373 3686 3661 3640 3576 3618 3618 3586 4065 4065 4064 4064 4064 4064 4064 4064
500 1683103951 374 3686 3661 3640 3576 3619 3618 3586 4065 4065 4065 4065 4065 4065 4065 4065
501 1683103951 374 3685 3660 3640 3576 3619 3618 3586 4065 4065 4065 4065 4065 4065 4065 4065
502 1683103951 373 3685 3660 3639 3576 3618 3618 3586 4065 4065 4065 4065 4065 4065 4065 4065
503 1683103951 373 3686 3662 3640 3576 3619 3618 3587 4065 4065 4065 4065 4065 4065 4065 4065
504 1683103951 374 3686 3661 3640 3576 3618 3618 3586 4065 4065 4064 4064 4064 4064 4064 4064
505 1683103951 374 3685 3661 3640 3577 3619 3619 3587 4065 4065 4065 4065 4065 4065 4065 4065
506 1683103951 373 3687 3662 3641 3577 3619 3619 3587 4067 4065 4065 4065 4065 4065 4065 4065
507 1683103951 374 3685 3660 3639 3576 3618 3617 3586 4067 4067 4066 4066 4066 4066 4066 4066
508 1683103951 373 3686 3661 3641 3577 3619 3619 3587 4067 4067 4066 4066 4066 4066 4066 4066
509 1683103951 373 3686 3662 3640 3577 3619 3618 3586 4065 4065 4064 4064 4064 4064 4064 4064
510 1683103951 373 3685 3660 3639 3576 3618 3618 3586 4065 4065 4064 4064 4064 4064 4064 4064
511 1683103951 373 3686 3661 3640 3576 3619 3618 3586 4067 4067 4066 4066 4066 4066 4066 4066
512 1683103951 373 3685 3660 3639 3575 3618 3617 3585 4065 4065 4064 4064 4064 4064 4064 4064
513 1683103951 374 3685 3661 3640 3576 3618 3617 3586 4065 4065 4065 4065 4065 4065 4065 4065
514 1683103951 374 3686 3661 3641 3576 3618 3619 3586 4065 4065 4065 4065 4065 4065 4065 4065
515 1683103951 374 3685 3660 3640 3576 3618 3617 3585 4065 4065 4064 4064 4064 4064 4064 4064
516 1683103951 374 3686 3661 3640 3577 3619 3619 3587 4065 4065 4065 4065 4065 4065 4065 4065
517 1683103951 374 3686 3661 3640 3576 3618 3618 3586 4065 4065 4065 4065 4065 4065 4065 4065
518 1683103951 374 3684 3660 3639 3576 3618 3617 3585 4065 4065 4065 4065 4065 4065 4065 4065
519 1683103951 373 3686 3660 3640 3576 3618 3618 3586 4065 4065 4065 4065 4065 4065 4065 4065
520 1683103951 373 3686 3661 3640 3576 3618 3619 3587 4065 4065 4065 4065 4065 4065 4065 4065
521 1683103951 374 3685 3662 3641 3577 3619 3619 3587 4065 4065 4065 4065 4065 4065 4065 4065
522 1683103959 375 3683 3659 3639 3575 3617 3617 3585 4067 4067 4066 4066 4066 4066 4066 4066
523 1683103959 374 3686 3661 3639 3576 3617 3617 3586 4065 4065 4064 4064 4064 4064 4064 4064
524 1683103959 374 3685 3661 3640 3576 3618 3618 3586 4065 4065 4064 4064 4064 4064 4064 4064
525 1683103959 374 3685 3660 3639 3576 3618 3617 3586 4065 4065 4064 4064 4064 4064 4064 4064
526 1683103959 374 3686 3660 3640 3576 3618 3618 3586 4065 4065 4065 4065 4065 4065 4065 4065
527 1683103959 374 3685 3660 3640 3576 3618 3618 3586 4065 4065 4065 4065 4065 4065 4065 4065
528 1683103959 374 3685 3660 3639 3575 3617 3617 3585 4067 4067 4066 4066 4066 4066 4066 4066
529 1683103959 374 3686 3661 3640 3577 3619 3618 3586 4067 4067 4066 4066 4066 4066 4066 4066
530 1683103959 374 3685 3660 3639 3576 3618 3618 3586 4067 4065 4065 4065 4065 4065 4065 4065
531 1683103959 374 3684 3660 3639 3575 3617 3617 3585 4067 4067 4066 4066 4066 4066 4066 4066
532 1683103959 374 3685 3660 3638 3575 3617 3617 3585 4067 4067 4066 4066 4066 4066 4066 4066
533 1683103959 374 3686 3661 3640 3576 3618 3618 3587 4065 4065 4064 4064 4064 4064 4064 4064
534 1683103959 374 3685 3660 3639 3575 3617 3617 3585 4067 4065 4065 4065 4065 4065 4065 4065
535 1683103959 374 3686 3660 3640 3576 3618 3618 3586 4065 4065 4064 4064 4064 4064 4064 4064
536 1683103959 374 3685 3660 3640 3576 3619 3618 3586 4067 4065 4065 4065 4065 4065 4065 4065
537 1683103959 374 3684 3660 3639 3576 3618 3617 3586 4065 4065 4065 4065 4065 4065 4065 4065
538 1683103959 374 3686 3661 3640 3576 3618 3618 3586 4067 4067 4066 4066 4066 4066 4066 4066
539 1683103959 374 3686 3661 3639 3576 3618 3618 3586 4067 4065 4065 4065 4065 4065 4065 4065
540 1683103959 374 3685 3660 3639 3576 3618 3617 3585 4065 4065 4065 4065 4065 4065 4065 4065
541 1683103959 374 3686 3661 3640 3576 3618 3619 3586 4065 4065 4064 4064 4064 4064 4064 4064
542 1683103959 374 3685 3661 3640 3576 3618 3617 3586 4065 4065 4064 4064 4064 4064 4064 4064
543 1683103959 374 3686 3661 3640 3577 3619 3619 3587 4065 4065 4064 4064 4064 4064 4064 4064
544 1683103960 374 3685 3660 3640 3576 3618 3618 3586 4065 4065 4065 4065 4065 4065 4065 4065
545 1683103960 373 3686 3661 3640 3577 3619 3619 3586 4065 4065 4065 4065 4065 4065 4065 4065
546 1683103960 374 3686 3661 3640 397 3617 3619 3587 4065 4065 4064 4064 4064 4064 4064 4064
547 1683103960 374 3686 3660 3639 3576 3618 3618 3586 4065 4065 4064 4064 4064 4064 4064 4064
548 1683103960 374 3685 3660 3640 3576 3618 3617 3586 4065 4065 4064 4064 4064 4064 4064 4064
549 1683103960 374 3686 3661 3641 3577 3619 3619 3587 4067 4067 4066 4066 4066 4066 4066 4066
550 1683103960 373 3687 3661 3640 3576 3619 3618 3587 4065 4065 4065 4065 4065 4065 4065 4065
551 1683103960 374 3686 3662 3640 3576 3619 3618 3587 4065 4065 4065 4065 4065 4065 4065 4065
552 1683103960 374 3685 3661 3640 3576 3618 3618 3586 4065 4065 4064 4064 4064 4064 4064 4064
553 1683103960 374 3686 3661 3640 3577 3619 3618 3587 4065 4065 4065 4065 4065 4065 4065 4065
554 1683103960 374 3686 3660 3640 3576 3618 3618 3587 4065 4065 4064 4064 4064 4064 4064 4064
555 1683103960 374 3686 3661 3640 3577 3619 3619 3587 4065 4065 4065 4065 4065 4065 4065 4065
556 1683103960 374 3686 3661 3640 3576 3619 3618 3586 4067 4067 4066 4066 4066 4066 4066 4066
557 1683103960 374 3686 3661 3641 3577 3619 3618 3587 4065 4065 4065 4065 4065 4065 4065 4065
558 1683103960 374 3686 3662 3641 3577 3619 3618 3587 4067 4067 4066 4066 4066 4066 4066 4066
559 1683103960 374 3686 3661 3640 3576 3618 3617 3586 4065 4065 4065 4065 4065 4065 4065 4065
560 1683103960 374 3685 3661 3640 3576 3619 3618 3586 4065 4065 4065 4065 4065 4065 4065 4065
561 1683103960 374 3687 3662 3641 3578 3619 3619 3587 4063 4063 4063 4063 4063 4063 4063 4063
562 1683103960 373 3686 3661 3640 3576 3618 3618 3586 4065 4067 4065 4065 4065 4065 4065 4065
563 1683103960 374 3686 3661 3640 3576 3618 3618 3585 4065 4065 4065 4065 4065 4065 4065 4065
564 1683103960 374 3685 3660 3639 3576 3617 3617 3585 4065 4065 4065 4065 4065 4065 4065 4065
565 1683103960 375 3686 3661 3641 3577 3619 3618 3586 4065 4065 4064 4064 4064 4064 4064 4064
566 1683103960 374 3687 3662 3641 3577 3619 3618 3586 4065 4065 4064 4064 4064 4064 4064 4064
567 1683103960 374 3685 3661 3640 3576 3618 3618 3586 4065 4065 4065 4065 4065 4065 4065 4065
568 1683103960 374 3686 3661 3641 3577 3619 3619 3587 4065 4065 4065 4065 4065 4065 4065 4065
569 1683103960 374 3686 3661 3640 3576 3618 3618 3586 4065 4065 4065 4065 4065 4065 4065 4065
570 1683103960 374 3687 3662 3641 3577 3619 3619 3587 4067 4065 4065 4065 4065 4065 4065 4065
571 1683103960 374 3686 3661 3640 3576 3618 3618 3586 4065 4065 4064 4064 4064 4064 4064 4064
572 1683103960 374 3687 3662 3641 3577 3620 3619 3587 4067 4067 4066 4066 4066 4066 4066 4066
573 1683103960 374 3686 3661 3640 3577 3618 3618 3586 4065 4065 4064 4064 4064 4064 4064 4064
574 1683103960 374 3687 3662 3641 3577 3619 3619 3587 4065 4065 4064 4064 4064 4064 4064 4064
575 1683103960 374 3686 3661 3639 3576 3618 3618 3586 4067 4067 4066 4066 4066 4066 4066 4066
576 1683103960 374 3686 3662 3640 3577 3618 3618 3587 4065 4065 4064 4064 4064 4064 4064 4064
577 1683103960 374 3686 3661 3640 3576 3618 3618 3586 4065 4065 4064 4064 4064 4064 4064 4064
578 1683103960 375 3686 3661 3640 3576 3618 3618 3586 4063 4063 4063 4063 4063 4063 4063 4063
579 1683103960 374 3686 3660 3640 3576 3618 3619 3586 4065 4065 4065 4065 4065 4065 4065 4065
580 1683103960 374 3686 3661 3640 3577 3619 3618 3587 4065 4065 4065 4065 4065 4065 4065 4065
581 1683103960 374 3686 3661 3640 3577 3619 3618 3586 4065 4065 4065 4065 4065 4065 4065 4065
582 1683103960 374 3686 3661 3640 3576 3619 3619 3586 4065 4065 4064 4064 4064 4064 4064 4064
583 1683103960 374 3686 3661 3640 3577 3619 3618 3587 4065 4065 4065 4065 4065 4065 4065 4065
584 1683103960 374 3685 3660 3640 3576 3618 3618 3586 4065 4065 4065 4065 4065 4065 4065 4065
585 1683103960 374 3684 3661 3640 3576 3618 3617 3586 4067 4067 4066 4066 4066 4066 4066 4066
586 1683103960 374 3686 3661 3640 3576 3618 3618 3586 4067 4065 4065 4065 4065 4065 4065 4065
587 1683103960 374 3686 3660 3640 3576 3618 3618 3586 4065 4065 4065 4065 4065 4065 4065 4065
588 1683103960 374 3687 3662 3641 3577 3619 3619 3587 4065 4065 4065 4065 4065 4065 4065 4065
589 1683103960 375 3686 3662 3641 3577 3619 3619 3587 4065 4065 4065 4065 4065 4065 4065 4065
590 1683103960 374 3686 3661 3640 3576 3619 3618 3586 4067 4067 4066 4066 4066 4066 4066 4066
591 1683103960 374 3685 3661 3640 3576 3618 3618 3586 4065 4065 4065 4065 4065 4065 4065 4065
592 1683103960 375 3687 3662 3641 3577 3620 3619 3588 4065 4065 4065 4065 4065 4065 4065 4065
593 1683103960 374 3686 3662 3641 3577 3619 3619 3587 4065 4065 4064 4064 4064 4064 4064 4064
594 1683103960 374 3687 3662 3641 3577 3619 3619 3587 4065 4065 4065 4065 4065 4065 4065 4065
595 1683103960 374 3686 3661 3640 3577 3619 3618 3587 4065 4065 4065 4065 4065 4065 4065 4065
596 1683103960 374 3686 3661 3641 3577 3619 3619 3587 4065 4065 4065 4065 4065 4065 4065 4065
597 1683103960 374 3685 3661 3639 3576 3618 3618 3586 4067 4065 4065 4065 4065 4065 4065 4065
598 1683103960 375 3686 3661 3640 3577 3619 3620 3588 4065 4065 4065 4065 4065 4065 4065 4065
599 1683103960 374 3685 3660 3640 3576 3618 3618 3586 4065 4065 4064 4064 4064 4064 4064 4064
600 1683103960 374 3687 3662 3641 3577 3620 3619 3587 4065 4065 4065 4065 4065 4065 4065 4065
601 1683103960 374 3685 3660 3640 3576 3618 3618 3586 4065 4065 4064 4064 4064 4064 4064 4064
602 1683103960 375 3687 3661 3640 3577 3619 3619 3587 4065 4065 4064 4064 4064 4064 4064 4064
603 1683103960 374 3686 3661 3640 3577 3619 3618 3586 4065 4065 4065 4065 4065 4065 4065 4065
604 1683103960 375 3687 3662 3641 3577 3619 3619 3587 4067 4067 4066 4066 4066 4066 4066 4066
605 1683103960 375 3686 3661 3641 3577 3618 3618 3587 4065 4065 4065 4065 4065 4065 4065 4065
606 1683103960 374 3687 3662 3641 3577 3620 3619 3587 4065 4065 4065 4065 4065 4065 4065 4065
607 1683103960 374 3686 3661 3640 3576 3618 3618 3586 4065 4065 4065 4065 4065 4065 4065 4065
608 1683103960 374 3687 3662 3641 3577 3619 3618 3586 4065 4065 4065 4065 4065 4065 4065 4065
609 1683103960 374 3686 3662 3641 3577 3620 3619 3587 4065 4065 4064 4064 4064 4064 4064 4064
610 1683103960 374 3686 3661 3640 3576 3618 3618 3586 4067 4065 4065 4065 4065 4065 4065 4065
611 1683103960 374 3686 3662 3641 3577 3619 3619 3587 4067 4067 4066 4066 4066 4066 4066 4066
612 1683103960 375 3686 3661 3641 3576 3619 3619 3587 4065 4065 4065 4065 4065 4065 4065 4065
613 1683103960 375 3686 3661 3640 3576 3619 3619 3586 4065 4065 4065 4065 4065 4065 4065 4065
614 1683103960 374 3687 3662 3641 3577 3619 3619 3587 4065 4065 4064 4064 4064 4064 4064 4064
615 1683103960 374 3686 3661 3640 3577 3619 3618 3587 4067 4067 4066 4066 4066 4066 4066 4066
616 1683103960 375 3685 3660 3640 3576 3619 3618 3587 4063 4063 4063 4063 4063 4063 4063 4063
617 1683103960 374 3684 3661 3640 3576 3618 3618 3586 4065 4065 4064 4064 4064 4064 4064 4064
618 1683103960 374 3687 3662 3641 3577 3620 3619 3588 4067 4067 4066 4066 4066 4066 4066 4066
619 1683103960 374 3688 3663 3642 3579 3621 3621 3589 4067 4065 4065 4065 4065 4065 4065 4065
620 1683103960 374 3687 3661 3641 3577 3619 3619 3587 4065 4065 4065 4065 4065 4065 4065 4065
621 1683103960 374 3686 3661 3641 3577 3619 3619 3588 4065 4065 4064 4064 4064 4064 4064 4064
622 1683103960 374 3687 3662 3641 3577 3619 3619 3587 4065 4065 4064 4064 4064 4064 4064 4064
623 1683103960 374 3687 3662 3641 3577 3619 3619 3587 4065 4065 4064 4064 4064 4064 4064 4064
624 1683103960 374 3685 3661 3640 3576 3618 3618 3586 4065 4065 4065 4065 4065 4065 4065 4065
625 1683103960 374 3686 3661 3641 3577 3619 3619 3587 4065 4065 4065 4065 4065 4065 4065 4065
626 1683103960 375 3687 3662 3641 3577 3620 3619 3587 4065 4065 4064 4064 4064 4064 4064 4064
627 1683103960 374 3687 3661 3641 3577 3619 3619 3587 4067 4067 4066 4066 4066 4066 4066 4066
628 1683103960 375 3688 3663 3642 3578 3620 3619 3587 4065 4065 4064 4064 4064 4064 4064 4064
629 1683103960 374 3687 3661 3641 3577 3618 3618 3586 4065 4065 4065 4065 4065 4065 4065 4065
630 1683103960 375 3687 3662 3640 3577 3620 3619 3588 4065 4065 4065 4065 4065 4065 4065 4065
631 1683103960 375 3686 3661 3640 3576 3619 3618 3586 4065 4065 4065 4065 4065 4065 4065 4065
632 1683103960 374 3685 3661 3640 3577 3619 3620 3588 4065 4065 4064 4064 4064 4064 4064 4064
633 1683103960 374 3688 3662 3642 3578 3620 3620 3588 4065 4065 4064 4064 4064 4064 4064 4064
634 1683103960 375 3686 3661 3640 3576 3618 3618 3587 4067 4065 4065 4065 4065 4065 4065 4065
635 1683103960 374 3687 3662 3641 3577 3619 3618 3587 4067 4067 4066 4066 4066 4066 4066 4066
636 1683103960 374 3687 3661 3640 3577 3619 3619 3587 4065 4065 4064 4064 4064 4064 4064 4064
637 1683103960 375 3687 3662 3641 3578 3620 3620 3588 4065 4065 4065 4065 4065 4065 4065 4065
638 1683103960 375 3686 3661 3640 3576 3617 3618 3586 4065 4065 4064 4064 4064 4064 4064 4064
639 1683103960 375 3687 3662 3641 3578 3619 3619 3587 4065 4065 4064 4064 4064 4064 4064 4064
640 1683103960 375 3687 3662 3641 3577 3620 3620 3587 4067 4067 4066 4066 4066 4066 4066 4066
641 1683103960 375 3687 3662 3641 3578 3620 3619 3588 4065 4065 4065 4065 4065 4065 4065 4065
642 1683103960 375 3686 3661 3640 3577 3619 3619 3587 4065 4065 4064 4064 4064 4064 4064 4064
643 1683103960 375 3686 3662 3641 3577 3620 3619 3587 4067 4067 4066 4066 4066 4066 4066 4066
644 1683103961 374 3687 3662 3642 3577 3619 3619 3587 4065 4065 4064 4064 4064 4064 4064 4064
645 1683103961 375 3687 3662 3642 3578 3620 3620 3588 4065 4065 4065 4065 4065 4065 4065 4065
646 1683103961 375 3687 3661 3641 3577 3619 3619 3587 4065 4065 4065 4065 4065 4065 4065 4065
647 1683103961 375 3686 3662 3641 3577 3620 3619 3587 4067 4065 4065 4065 4065 4065 4065 4065
648 1683103961 374 3687 3662 3642 3578 3620 3620 3588 4065 4065 4064 4064 4064 4064 4064 4064
649 1683103961 374 3688 3662 3642 3578 3621 3620 3587 4065 4065 4065 4065 4065 4065 4065 4065
650 1683103961 375 3688 3663 3642 3578 3620 3620 3588 4067 4067 4066 4066 4066 4066 4066 4066
651 1683103961 375 3686 3661 3641 3577 3619 3619 3587 4065 4065 4064 4064 4064 4064 4064 4064
652 1683103961 375 3686 3662 3640 3577 3619 3619 3587 4065 4065 4064 4064 4064 4064 4064 4064
653 1683103961 375 3687 3662 3641 3577 3620 3619 3588 4065 4065 4064 4064 4064 4064 4064 4064
654 1683103961 374 3687 3662 3641 3577 3619 3619 3587 4067 4065 4065 4065 4065 4065 4065 4065
655 1683103961 374 3686 3662 3641 3578 3620 3619 3587 4067 4065 4065 4065 4065 4065 4065 4065
656 1683103961 375 3687 3662 3642 3577 3619 3619 3587 4065 4065 4064 4064 4064 4064 4064 4064
657 1683103961 375 3687 3663 3642 3578 3620 3620 3587 4065 4065 4065 4065 4065 4065 4065 4065
658 1683103961 375 3685 3661 3640 3576 3619 3618 3586 4065 4065 4065 4065 4065 4065 4065 4065
659 1683103961 375 3687 3662 3641 3578 3620 3619 3587 4065 4065 4065 4065 4065 4065 4065 4065
660 1683103961 375 3687 3662 3641 3577 3620 3619 3587 4065 4065 4065 4065 4065 4065 4065 4065
661 1683103961 375 3687 3662 3641 3577 3620 3619 3587 4065 4065 4064 4064 4064 4064 4064 4064
662 1683103961 375 3686 3661 3640 3577 3620 3619 3587 4065 4065 4065 4065 4065 4065 4065 4065
663 1683103961 375 3688 3663 3642 3578 3621 3620 3588 4065 4065 4064 4064 4064 4064 4064 4064
664 1683103961 375 3687 3662 3641 3577 3620 3620 3588 4065 4065 4065 4065 4065 4065 4065 4065
665 1683103961 374 3688 3662 3642 3578 3620 3619 3588 4063 4063 4062 4062 4062 4062 4062 4062
666 1683103961 374 3686 3662 3640 3577 3619 3619 3587 4065 4065 4065 4065 4065 4065 4065 4065
667 1683103961 375 3688 3663 3642 3578 3620 3620 3588 4067 4065 4065 4065 4065 4065 4065 4065
668 1683103961 375 3687 3662 3641 3577 3619 3619 3587 4065 4065 4064 4064 4064 4064 4064 4064
669 1683103961 375 3687 3662 3641 3577 3620 3620 3588 4065 4065 4064 4064 4064 4064 4064 4064
670 1683103961 375 3687 3662 3642 3577 3620 3620 3588 4067 4067 4066 4066 4066 4066 4066 4066
671 1683103961 375 3686 3661 3640 3576 3618 3618 3587 4067 4067 4066 4066 4066 4066 4066 4066
672 1683103961 375 3688 3663 3642 3578 3620 3620 3588 4065 4065 4065 4065 4065 4065 4065 4065
673 1683103961 375 3688 3663 3642 3578 3621 3621 3588 4065 4065 4065 4065 4065 4065 4065 4065
674 1683103961 375 3688 3662 3641 3578 3620 3620 3588 4067 4065 4065 4065 4065 4065 4065 4065
675 1683103961 375 3687 3662 3641 3577 3619 3619 3588 4065 4065 4065 4065 4065 4065 4065 4065
676 1683103961 375 3687 3662 3642 3578 3619 3620 3588 4065 4065 4065 4065 4065 4065 4065 4065
677 1683103961 375 3687 3662 3641 3577 3620 3620 3588 4067 4067 4066 4066 4066 4066 4066 4066
678 1683103961 375 3687 3662 3642 3578 3620 3620 3588 4065 4065 4064 4064 4064 4064 4064 4064
679 1683103961 375 3688 3663 3642 3578 3620 3621 3589 4067 4065 4065 4065 4065 4065 4065 4065
680 1683103961 375 3687 3663 3642 3578 3619 3619 3587 4065 4065 4065 4065 4065 4065 4065 4065
681 1683103961 375 3686 3662 3641 3577 3620 3620 3587 4065 4065 4065 4065 4065 4065 4065 4065
682 1683103961 375 3687 3661 3641 3578 3620 3619 3588 4067 4067 4066 4066 4066 4066 4066 4066
683 1683103961 375 3687 3663 3641 3578 3620 3620 3588 4067 4065 4065 4065 4065 4065 4065 4065
684 1683103961 374 3688 3663 3643 3578 3621 3620 3588 4065 4065 4064 4064 4064 4064 4064 4064
685 1683103961 375 3687 3663 3641 3578 3620 3619 3588 4065 4065 4064 4064 4064 4064 4064 4064
686 1683103961 373 3685 3660 3639 3575 3617 3617 3586 4065 4065 4064 4064 4064 4064 4064 4064
687 1683103961 373 3685 3660 3639 3575 3617 3617 3585 4065 4065 4065 4065 4065 4065 4065 4065
688 1683103961 373 3685 3659 3639 3575 3617 3617 3585 4065 4065 4064 4064 4064 4064 4064 4064
689 1683103961 373 3685 3660 3640 3575 3618 3617 3586 4067 4065 4065 4065 4065 4065 4065 4065
690 1683103961 373 3685 3660 3639 3576 3618 3617 3586 4065 4065 4065 4065 4065 4065 4065 4065
691 1683103961 373 3685 3659 3639 3575 3617 3617 3585 4067 4067 4066 4066 4066 4066 4066 4066
692 1683103961 373 3686 3661 3640 3576 3618 3618 3586 4067 4067 4066 4066 4066 4066 4066 4066
693 1683103961 373 3685 3661 3640 3576 3618 3618 3586 4065 4065 4064 4064 4064 4064 4064 4064
694 1683103961 373 3686 3660 3640 3576 3618 3618 3587 4065 4065 4065 4065 4065 4065 4065 4065
695 1683103961 374 3685 3660 3639 3576 3618 3617 3585 4065 4065 4064 4064 4064 4064 4064 4064
696 1683103961 373 3685 3660 3639 3575 3618 3618 3586 4065 4065 4064 4064 4064 4064 4064 4064
697 1683103961 374 3684 3660 3639 3575 3617 3617 3585 4067 4067 4066 4066 4066 4066 4066 4066
698 1683103961 373 3685 3660 3639 3575 3617 3618 3586 4065 4065 4064 4064 4064 4064 4064 4064
699 1683103961 374 3685 3660 3639 3575 3617 3617 3586 4065 4065 4065 4065 4065 4065 4065 4065
700 1683103961 373 3685 3660 3639 3576 3618 3618 3586 4065 4065 4065 4065 4065 4065 4065 4065
701 1683103961 373 3686 3661 3640 3576 3618 3618 3586 4065 4065 4064 4064 4064 4064 4064 4064
702 1683103961 373 3685 3660 3640 3576 3617 3617 3586 4065 4065 4064 4064 4064 4064 4064 4064
703 1683103961 373 3685 3660 3640 3576 3618 3617 3586 4065 4065 4065 4065 4065 4065 4065 4065
704 1683103961 373 3686 3661 3639 3576 3618 3618 3587 4065 4065 4064 4064 4064 4064 4064 4064
705 1683103961 374 3684 3660 3639 3576 3617 3617 3585 4065 4065 4064 4064 4064 4064 4064 4064
706 1683103961 373 3685 3660 3639 3575 3618 3617 3586 4065 4065 4065 4065 4065 4065 4065 4065
707 1683103961 373 3685 3660 3639 3575 3617 3617 3586 4065 4065 4065 4065 4065 4065 4065 4065
708 1683103961 373 3685 3660 3639 3575 3618 3617 3586 4065 4065 4064 4064 4064 4064 4064 4064
709 1683103961 373 3686 3661 3640 3576 3618 3618 3586 4065 4065 4065 4065 4065 4065 4065 4065
710 1683103961 373 3685 3660 3639 3576 3618 3617 3585 4065 4065 4065 4065 4065 4065 4065 4065
711 1683103961 373 3685 3660 3639 3575 3617 3617 3586 4065 4065 4064 4064 4064 4064 4064 4064
712 1683103961 373 3685 3660 3640 3576 3618 3618 3586 4067 4065 4065 4065 4065 4065 4065 4065
713 1683103961 373 3684 3661 3640 3576 3619 3618 3587 4065 4065 4065 4065 4065 4065 4065 4065
714 1683103961 373 3683 3660 3640 3576 3618 3618 3586 4065 4065 4065 4065 4065 4065 4065 4065
715 1683103961 373 3685 3660 3639 3575 3618 3617 3586 4065 4065 4065 4065 4065 4065 4065 4065
716 1683103961 373 3685 3661 3640 3576 3618 3618 3586 4067 4067 4066 4066 4066 4066 4066 4066
717 1683103961 373 3685 3660 3639 3576 3618 3617 3586 4065 4065 4065 4065 4065 4065 4065 4065
718 1683103961 374 3685 3660 3640 3576 3619 3619 3587 4065 4065 4065 4065 4065 4065 4065 4065
719 1683103961 373 3686 3661 3640 3576 3618 3618 3586 4067 4065 4065 4065 4065 4065 4065 4065
720 1683103961 373 3686 3662 3641 3577 3618 3619 3587 4065 4065 4065 4065 4065 4065 4065 4065
721 1683103961 373 3684 3660 3639 3576 3618 3617 3586 4065 4065 4064 4064 4064 4064 4064 4064
722 1683103961 373 3685 3661 3640 3576 3618 3618 3586 4065 4065 4064 4064 4064 4064 4064 4064
723 1683103961 374 3685 3660 3639 3575 3617 3617 3585 4063 4063 4062 4062 4062 4062 4062 4062
724 1683103961 373 3686 3661 3640 3577 3619 3618 3586 4065 4065 4064 4064 4064 4064 4064 4064
725 1683103961 373 3686 3661 3640 3576 3618 3617 3585 4065 4065 4064 4064 4064 4064 4064 4064
726 1683103961 373 3686 3661 3640 3576 3618 3618 3586 4065 4065 4065 4065 4065 4065 4065 4065
727 1683103961 373 3686 3661 3640 3576 3618 3618 3585 4067 4067 4066 4066 4066 4066 4066 4066
728 1683103961 373 3685 3661 3640 3576 3619 3618 3586 4065 4065 4064 4064 4064 4064 4064 4064
729 1683103961 374 3686 3661 3641 3577 3619 3618 3586 4065 4065 4064 4064 4064 4064 4064 4064
730 1683103961 374 3685 3660 3640 3576 3618 3618 3586 4067 4067 4066 4066 4066 4066 4066 4066
731 1683103961 373 3685 3661 3640 3576 3618 3618 3586 4065 4065 4064 4064 4064 4064 4064 4064
732 1683103962 373 3685 3661 3640 3576 3618 3618 3586 4065 4065 4065 4065 4065 4065 4065 4065
733 1683103962 373 3686 3661 3640 3577 3619 3618 3587 4065 4065 4065 4065 4065 4065 4065 4065
734 1683103962 374 3685 3661 3640 3576 3619 3618 3586 4065 4065 4064 4064 4064 4064 4064 4064
735 1683103962 374 3686 3660 3640 3576 3618 3618 3586 4065 4065 4065 4065 4065 4065 4065 4065
736 1683103962 374 3685 3661 3640 3576 3619 3618 3587 4065 4065 4064 4064 4064 4064 4064 4064
737 1683103962 373 3686 3661 3640 3576 3619 3618 3585 4067 4065 4065 4065 4065 4065 4065 4065
738 1683103962 374 3685 3660 3639 3576 3618 3618 3586 4067 4067 4066 4066 4066 4066 4066 4066
739 1683103962 374 3685 3660 3639 3575 3617 3617 3586 4067 4067 4066 4066 4066 4066 4066 4066
740 1683103962 373 3685 3661 3639 3576 3618 3618 3586 4067 4067 4066 4066 4066 4066 4066 4066
741 1683103962 374 3685 3660 3639 3576 3618 3617 3585 4065 4065 4064 4064 4064 4064 4064 4064
742 1683103962 374 3686 3661 3640 3576 3618 3618 3586 4065 4065 4065 4065 4065 4065 4065 4065
743 1683103962 373 3686 3660 3639 3576 3618 3617 3586 4065 4065 4065 4065 4065 4065 4065 4065
744 1683103962 373 3685 3661 3640 3576 3618 3618 3586 4065 4065 4064 4064 4064 4064 4064 4064
745 1683103962 374 3686 3660 3640 3576 3618 3618 3586 4065 4065 4064 4064 4064 4064 4064 4064
746 1683103962 373 3685 3660 3639 3575 3618 3618 3586 4065 4065 4065 4065 4065 4065 4065 4065
747 1683103962 374 3686 3661 3640 3576 3618 3618 3586 4065 4065 4065 4065 4065 4065 4065 4065
748 1683103962 373 3685 3660 3639 3576 3618 3618 3586 4065 4065 4064 4064 4064 4064 4064 4064
749 1683103962 374 3686 3661 3641 3577 3619 3619 3587 4065 4065 4065 4065 4065 4065 4065 4065
750 1683103962 373 3685 3660 3640 3576 3618 3618 3586 4065 4065 4065 4065 4065 4065 4065 4065
751 1683103962 374 3686 3661 3640 3576 3618 3618 3586 4065 4065 4064 4064 4064 4064 4064 4064
752 1683103962 373 3685 3661 3640 3575 3618 3618 3587 4063 4063 4063 4063 4063 4063 4063 4063
753 1683103962 373 3686 3661 3640 3576 3618 3618 3586 4065 4065 4065 4065 4065 4065 4065 4065
754 1683103962 374 3687 3661 3640 3577 3618 3618 3586 4065 4065 4065 4065 4065 4065 4065 4065
755 1683103962 373 3686 3660 3639 3576 3618 3618 3586 4065 4065 4064 4064 4064 4064 4064 4064
756 1683103962 374 3685 3660 3640 3576 3618 3617 3586 4067 4067 4066 4066 4066 4066 4066 4066
757 1683103962 373 3686 3661 3640 3576 3619 3618 3587 4065 4065 4064 4064 4064 4064 4064 4064
758 1683103962 373 3686 3661 3640 3576 3619 3618 3587 4063 4063 4063 4063 4063 4063 4063 4063
759 1683103962 374 3686 3661 3640 3576 3618 3618 3586 4067 4067 4066 4066 4066 4066 4066 4066
760 1683103962 373 3685 3661 3640 3576 3618 3618 3586 4065 4065 4065 4065 4065 4065 4065 4065
761 1683103962 373 3686 3661 3640 3576 3618 3618 3586 4065 4065 4065 4065 4065 4065 4065 4065
762 1683103962 374 3685 3660 3640 3576 3619 3618 3586 4065 4065 4065 4065 4065 4065 4065 4065
763 1683103962 374 3686 3661 3640 3576 3618 3618 3586 4065 4065 4064 4064 4064 4064 4064 4064
764 1683103962 374 3686 3661 3641 3577 3619 3619 3587 4065 4065 4064 4064 4064 4064 4064 4064
765 1683103962 374 3686 3661 3640 3577 3619 3619 3587 4065 4065 4064 4064 4064 4064 4064 4064
766 1683103962 374 3686 3661 3640 3576 3619 3618 3586 4065 4065 4064 4064 4064 4064 4064 4064
767 1683103962 374 3686 3661 3640 3576 3618 3618 3586 4065 4065 4065 4065 4065 4065 4065 4065
768 1683103962 374 3686 3661 3640 3576 3618 3618 3587 4065 4065 4064 4064 4064 4064 4064 4064
769 1683103962 374 3686 3661 3640 3576 3619 3618 3586 4065 4065 4065 4065 4065 4065 4065 4065
770 1683103962 374 3685 3661 3640 3576 3618 3618 3587 4067 4065 4065 4065 4065 4065 4065 4065
771 1683103962 374 3685 3660 3639 3575 3617 3617 3586 4065 4065 4065 4065 4065 4065 4065 4065
772 1683103962 374 3687 3662 3641 3578 3619 3619 3587 4065 4065 4065 4065 4065 4065 4065 4065
773 1683103962 374 3686 3661 3640 3576 3618 3618 3586 4065 4065 4065 4065 4065 4065 4065 4065
774 1683103962 374 3686 3661 3640 3576 3619 3618 3586 4065 4065 4065 4065 4065 4065 4065 4065
775 1683103962 374 3686 3661 3640 3577 3619 3619 3587 4065 4065 4065 4065 4065 4065 4065 4065
776 1683103962 374 3685 3661 3640 3577 3619 3619 3587 4065 4065 4065 4065 4065 4065 4065 4065
777 1683103962 374 3686 3661 3640 3577 3619 3619 3587 4065 4065 4064 4064 4064 4064 4064 4064
778 1683103962 374 3687 3661 3641 3577 3619 3619 3587 4067 4065 4065 4065 4065 4065 4065 4065
779 1683103962 373 3687 3662 3641 3577 3620 3619 3587 4065 4065 4064 4064 4064 4064 4064 4064
780 1683103962 373 3685 3661 3640 3577 3618 3618 3587 4067 4065 4065 4065 4065 4065 4065 4065
781 1683103962 374 3686 3661 3641 3577 3619 3619 3587 4065 4065 4065 4065 4065 4065 4065 4065
782 1683103962 374 3686 3661 3640 3576 3619 3618 3586 4065 4065 4065 4065 4065 4065 4065 4065
783 1683103962 374 3686 3661 3640 3576 3618 3618 3586 4065 4065 4064 4064 4064 4064 4064 4064
784 1683103962 373 3686 3662 3640 3577 3619 3618 3586 4067 4067 4066 4066 4066 4066 4066 4066
785 1683103962 374 3686 3660 3640 3576 3618 3618 3587 4065 4065 4064 4064 4064 4064 4064 4064
786 1683103962 374 3685 3661 3640 3576 3619 3619 3587 4065 4065 4064 4064 4064 4064 4064 4064
787 1683103962 374 3687 3661 3641 3577 3619 3619 3587 4065 4065 4064 4064 4064 4064 4064 4064
788 1683103962 374 3686 3661 3640 3577 3619 3619 3586 4067 4067 4066 4066 4066 4066 4066 4066
789 1683103962 374 3685 3660 3639 3575 3618 3617 3585 4065 4065 4064 4064 4064 4064 4064 4064
790 1683103962 374 3687 3662 3641 3577 3619 3619 3587 4065 4065 4065 4065 4065 4065 4065 4065
791 1683103962 374 3686 3661 3640 3576 3618 3618 3587 4067 4067 4066 4066 4066 4066 4066 4066
792 1683103962 374 3685 3661 3640 3576 3618 3618 3586 4065 4065 4064 4064 4064 4064 4064 4064
793 1683103962 374 3686 3661 3640 3576 3618 3618 3586 4065 4065 4065 4065 4065 4065 4065 4065
794 1683103962 374 3686 3661 3641 3577 3619 3619 3586 4067 4067 4066 4066 4066 4066 4066 4066
795 1683103962 374 3686 3661 3640 3576 3618 3618 3586 4065 4065 4065 4065 4065 4065 4065 4065
796 1683103962 374 3686 3662 3641 3577 3619 3619 3587 4065 4065 4064 4064 4064 4064 4064 4064
797 1683103962 374 3687 3661 3641 3577 3619 3619 3587 4065 4065 4064 4064 4064 4064 4064 4064
798 1683103962 374 3686 3661 3640 3576 3619 3619 3587 4065 4065 4065 4065 4065 4065 4065 4065
799 1683103962 374 3686 3661 3641 3576 3619 3618 3587 4065 4065 4064 4064 4064 4064 4064 4064
800 1683103962 374 3687 3662 3641 3578 3620 3619 3588 4065 4065 4065 4065 4065 4065 4065 4065
801 1683103962 373 3686 3661 3641 3577 3618 3618 3587 4065 4065 4065 4065 4065 4065 4065 4065
802 1683103962 374 3685 3661 3640 3576 3618 3618 3586 4065 4065 4064 4064 4064 4064 4064 4064
803 1683103962 374 3687 3662 3641 3578 3619 3619 3587 4065 4065 4064 4064 4064 4064 4064 4064
804 1683103962 374 3687 3661 3641 3577 3619 3619 3587 4067 4067 4066 4066 4066 4066 4066 4066
805 1683103962 374 3686 3662 3641 3577 3619 3619 3587 4065 4065 4064 4064 4064 4064 4064 4064
806 1683103962 374 3686 3661 3640 3577 3619 3618 3587 4065 4065 4065 4065 4065 4065 4065 4065
807 1683103962 374 3686 3661 3640 3576 3619 3618 3587 4065 4065 4064 4064 4064 4064 4064 4064
808 1683103962 374 3687 3661 3641 3577 3620 3620 3587 4063 4063 4063 4063 4063 4063 4063 4063
809 1683103962 374 3686 3661 3640 3576 3618 3618 3586 4065 4065 4064 4064 4064 4064 4064 4064
810 1683103962 374 3686 3661 3640 3577 3619 3619 3587 4065 4065 4064 4064 4064 4064 4064 4064
811 1683103962 374 3686 3661 3641 3577 3618 3618 3586 4065 4065 4065 4065 4065 4065 4065 4065
812 1683103962 374 3687 3662 3641 3578 3620 3619 3587 4065 4065 4065 4065 4065 4065 4065 4065
813 1683103962 373 3687 3661 3641 3577 3619 3618 3587 4065 4065 4065 4065 4065 4065 4065 4065
814 1683103962 374 3686 3661 3640 3577 3618 3618 3586 4065 4065 4065 4065 4065 4065 4065 4065
815 1683103962 374 3687 3663 3641 3577 3620 3619 3587 4065 4065 4065 4065 4065 4065 4065 4065
816 1683103962 374 3686 3661 3640 3577 3618 3618 3587 4065 4065 4065 4065 4065 4065 4065 4065
817 1683103962 374 3686 3661 3640 3576 3618 3618 3586 4065 4065 4065 4065 4065 4065 4065 4065
818 1683103962 374 3686 3661 3640 3576 3619 3618 3587 4067 4067 4066 4066 4066 4066 4066 4066
819 1683103962 374 3686 3661 3641 3576 3618 3618 3587 4067 4067 4066 4066 4066 4066 4066 4066
820 1683103962 374 3686 3661 3640 3577 3618 3618 3586 4065 4065 4065 4065 4065 4065 4065 4065
821 1683103962 374 3687 3662 3641 3577 3619 3619 3587 4065 4065 4064 4064 4064 4064 4064 4064
822 1683103962 374 3687 3662 3641 3577 3619 3619 3587 4065 4065 4065 4065 4065 4065 4065 4065
823 1683103963 374 3686 3661 3640 3576 3618 3618 3586 4065 4065 4064 4064 4064 4064 4064 4064
824 1683103963 374 3685 3661 3640 3577 3619 3618 3586 4067 4065 4065 4065 4065 4065 4065 4065
825 1683103963 374 3686 3661 3640 3577 3619 3618 3586 4065 4065 4064 4064 4064 4064 4064 4064
826 1683103963 374 3687 3661 3641 3577 3619 3619 3587 4065 4065 4064 4064 4064 4064 4064 4064
827 1683103963 374 3686 3661 3641 3577 3619 3619 3587 4065 4065 4065 4065 4065 4065 4065 4065
828 1683103963 374 3687 3662 3641 3577 3620 3620 3587 4067 4067 4066 4066 4066 4066 4066 4066
829 1683103963 374 3686 3661 3641 3577 3619 3620 3587 4065 4065 4065 4065 4065 4065 4065 4065
830 1683103963 375 3686 3661 3640 3576 3619 3618 3587 4065 4065 4064 4064 4064 4064 4064 4064
831 1683103963 374 3685 3660 3639 3576 3618 3618 3586 4067 4067 4066 4066 4066 4066 4066 4066
832 1683103963 374 3686 3662 3640 3577 3618 3618 3586 4065 4065 4064 4064 4064 4064 4064 4064
833 1683103963 374 3686 3661 3640 3577 3619 3618 3587 4065 4065 4065 4065 4065 4065 4065 4065
834 1683103963 374 3687 3661 3641 3577 3619 3619 3587 4065 4065 4065 4065 4065 4065 4065 4065
835 1683103963 375 3685 3661 3640 3576 3618 3618 3587 4065 4065 4064 4064 4064 4064 4064 4064
836 1683103963 374 3686 3661 3641 3577 3619 3618 3587 4065 4065 4065 4065 4065 4065 4065 4065
837 1683103963 374 3686 3661 3641 3577 3619 3618 3586 4067 4067 4066 4066 4066 4066 4066 4066
838 1683103963 374 3687 3663 3641 3577 3619 3619 3587 4061 4061 4061 4061 4061 4061 4061 4061
839 1683103963 374 3686 3661 3640 3576 3618 3618 3586 4065 4065 4064 4064 4064 4064 4064 4064
840 1683103963 374 3685 3660 3639 3576 3618 3617 3586 4063 4063 4063 4063 4063 4063 4063 4063
841 1683103963 374 3684 3660 3639 3576 3618 3618 3586 4067 4067 4066 4066 4066 4066 4066 4066
842 1683103963 374 3687 3662 3640 3576 3619 3618 3587 4065 4065 4065 4065 4065 4065 4065 4065
843 1683103963 374 3686 3661 3640 3577 3619 3619 3587 4065 4065 4065 4065 4065 4065 4065 4065
844 1683103963 374 3687 3662 3642 3577 3620 3619 3587 4065 4065 4065 4065 4065 4065 4065 4065
845 1683103963 374 3686 3661 3640 3577 3619 3619 3587 4065 4065 4065 4065 4065 4065 4065 4065
846 1683103963 374 3686 3661 3640 3577 3619 3618 3586 4065 4065 4065 4065 4065 4065 4065 4065
847 1683103963 375 3686 3661 3640 3577 3618 3618 3587 4067 4067 4066 4066 4066 4066 4066 4066
848 1683103963 374 3687 3661 3640 3577 3618 3618 3587 4065 4065 4064 4064 4064 4064 4064 4064
849 1683103963 374 3686 3661 3640 3577 3619 3619 3587 4065 4065 4065 4065 4065 4065 4065 4065
850 1683103963 374 3686 3661 3640 3576 3618 3618 3586 4063 4063 4063 4063 4063 4063 4063 4063
851 1683103963 374 3686 3661 3640 3577 3619 3618 3586 4063 4063 4063 4063 4063 4063 4063 4063
852 1683103963 374 3686 3661 3641 3576 3619 3619 3587 4065 4065 4064 4064 4064 4064 4064 4064
853 1683103963 375 3686 3661 3640 3576 3618 3618 3587 4065 4065 4065 4065 4065 4065 4065 4065
854 1683103963 374 3687 3662 3640 3576 3618 3618 3586 4065 4065 4065 4065 4065 4065 4065 4065
855 1683103963 375 3686 3661 3641 3577 3619 3619 3587 4067 4067 4066 4066 4066 4066 4066 4066
856 1683103963 374 3686 3661 3640 3577 3619 3618 3586 4065 4065 4065 4065 4065 4065 4065 4065
857 1683103963 374 3686 3662 3641 3577 3619 3619 3587 4065 4065 4064 4064 4064 4064 4064 4064
858 1683103963 374 3685 3661 3640 3576 3618 3618 3586 4067 4067 4066 4066 4066 4066 4066 4066
859 1683103963 375 3686 3661 3640 3576 3619 3618 3586 4065 4065 4065 4065 4065 4065 4065 4065
860 1683103963 374 3686 3661 3640 3577 3619 3619 3587 4065 4065 4064 4064 4064 4064 4064 4064
861 1683103963 374 3686 3661 3640 3577 3619 3619 3586 4065 4065 4065 4065 4065 4065 4065 4065
862 1683103963 375 3686 3661 3640 3577 3619 3619 3587 4065 4065 4065 4065 4065 4065 4065 4065
863 1683103963 374 3686 3662 3641 3577 3619 3619 3587 4065 4065 4064 4064 4064 4064 4064 4064
864 1683103963 375 3686 3661 3640 3577 3619 3619 3587 4067 4067 4066 4066 4066 4066 4066 4066
865 1683103963 374 3686 3661 3641 3577 3619 3619 3587 4065 4065 4064 4064 4064 4064 4064 4064
866 1683103963 374 3686 3661 3640 3576 3619 3618 3586 4065 4065 4065 4065 4065 4065 4065 4065
867 1683103963 374 3686 3661 3639 3576 3618 3618 3586 4065 4065 4065 4065 4065 4065 4065 4065
868 1683103963 374 3686 3661 3640 3576 3618 3618 3586 4065 4065 4065 4065 4065 4065 4065 4065
869 1683103963 375 3686 3661 3641 3577 3619 3619 3587 4067 4065 4065 4065 4065 4065 4065 4065
870 1683103963 375 3686 3661 3640 3577 3619 3619 3587 4065 4065 4065 4065 4065 4065 4065 4065
871 1683103963 375 3686 3662 3641 3578 3620 3619 3588 4065 4065 4065 4065 4065 4065 4065 4065
872 1683103963 375 3685 3661 3641 3577 3619 3618 3586 4065 4065 4065 4065 4065 4065 4065 4065
873 1683103963 374 3687 3662 3641 3577 3620 3619 3588 4065 4065 4065 4065 4065 4065 4065 4065
874 1683103963 375 3687 3661 3641 3577 3619 3619 3588 4065 4065 4064 4064 4064 4064 4064 4064
875 1683103963 374 3686 3662 3641 3577 3620 3620 3588 4065 4065 4064 4064 4064 4064 4064 4064
876 1683103963 374 3686 3661 3640 3576 3618 3618 3586 4067 4067 4066 4066 4066 4066 4066 4066
877 1683103963 375 3687 3661 3641 3577 3619 3619 3587 4065 4065 4065 4065 4065 4065 4065 4065
878 1683103963 375 3687 3662 3641 3577 3620 3620 3587 4067 4065 4065 4065 4065 4065 4065 4065
879 1683103963 375 3687 3662 3641 3577 3619 3619 3587 4065 4065 4064 4064 4064 4064 4064 4064
880 1683103963 374 3687 3662 3642 3578 3620 3620 3588 4065 4065 4065 4065 4065 4065 4065 4065
881 1683103963 374 3687 3662 3641 3577 3619 3619 3587 4065 4065 4064 4064 4064 4064 4064 4064
882 1683103963 375 3687 3662 3641 3577 3619 3619 3587 4065 4065 4065 4065 4065 4065 4065 4065
883 1683103963 374 3686 3661 3640 3577 3619 3619 3587 4065 4065 4065 4065 4065 4065 4065 4065
884 1683103963 374 3686 3661 3640 3576 3619 3618 3587 4063 4063 4062 4062 4062 4062 4062 4062
885 1683103963 374 3686 3661 3641 3577 3619 3619 3587 4065 4065 4064 4064 4064 4064 4064 4064
886 1683103963 374 3687 3662 3641 3577 3619 3619 3588 4065 4065 4065 4065 4065 4065 4065 4065
887 1683103963 375 3686 3661 3640 3576 3619 3618 3587 4065 4065 4064 4064 4064 4064 4064 4064
888 1683103963 375 3686 3662 3641 3577 3619 3619 3587 4065 4065 4065 4065 4065 4065 4065 4065
889 1683103963 375 3686 3661 3640 3576 3619 3619 3586 4065 4065 4065 4065 4065 4065 4065 4065
890 1683103963 375 3687 3663 3641 3578 3620 3620 3588 4067 4067 4066 4066 4066 4066 4066 4066
891 1683103963 374 3687 3662 3641 3577 3619 3619 3587 4065 4065 4065 4065 4065 4065 4065 4065
892 1683103963 375 3685 3661 3640 3576 3618 3618 3587 4065 4065 4064 4064 4064 4064 4064 4064
893 1683103963 375 3688 3662 3641 3578 3619 3619 3587 4065 4065 4065 4065 4065 4065 4065 4065
894 1683103963 375 3687 3662 3641 3577 3620 3619 3587 4065 4065 4064 4064 4064 4064 4064 4064
895 1683103963 375 3688 3663 3643 3579 3621 3621 3589 4065 4065 4065 4065 4065 4065 4065 4065
896 1683103963 375 3686 3661 3640 3577 3619 3619 3586 4065 4065 4065 4065 4065 4065 4065 4065
897 1683103963 374 3686 3661 3641 3577 3619 3619 3587 4065 4065 4064 4064 4064 4064 4064 4064
898 1683103963 374 3687 3662 3641 3577 3619 3618 3587 4067 4067 4066 4066 4066 4066 4066 4066
899 1683103963 375 3687 3662 3642 3578 3620 3619 3588 4065 4065 4065 4065 4065 4065 4065 4065
900 1683103963 374 3687 3662 3641 3577 3619 3619 3588 4065 4065 4065 4065 4065 4065 4065 4065
901 1683103963 375 3688 3663 3641 3577 3620 3620 3587 4065 4065 4065 4065 4065 4065 4065 4065
902 1683103963 375 3687 3662 3641 3577 3619 3619 3588 4065 4065 4065 4065 4065 4065 4065 4065
903 1683103963 374 3686 3662 3641 3577 3619 3619 3587 4063 4063 4063 4063 4063 4063 4063 4063
904 1683103971 374 3686 3661 3640 3576 3619 3619 3587 4065 4065 4064 4064 4064 4064 4064 4064
905 1683103971 375 3686 3662 3640 3577 3619 3619 3587 4067 4067 4066 4066 4066 4066 4066 4066
906 1683103971 375 3686 3661 3641 3576 3619 3619 3587 4065 4065 4064 4064 4064 4064 4064 4064
907 1683103971 374 3686 3662 3641 3577 3619 3618 3586 4065 4065 4065 4065 4065 4065 4065 4065
908 1683103971 375 3686 3661 3641 3577 3620 3620 3588 4065 4065 4065 4065 4065 4065 4065 4065
909 1683103971 374 3687 3662 3641 3577 3620 3619 3587 4065 4065 4065 4065 4065 4065 4065 4065
910 1683103971 375 3686 3661 3640 3576 3618 3618 3586 4065 4065 4065 4065 4065 4065 4065 4065
911 1683103971 375 3687 3662 3640 3577 3619 3619 3587 4065 4065 4065 4065 4065 4065 4065 4065
912 1683103971 375 3686 3661 3641 3577 3619 3618 3587 4067 4065 4065 4065 4065 4065 4065 4065
913 1683103971 375 3687 3662 3641 3577 3619 3619 3587 4065 4065 4065 4065 4065 4065 4065 4065
914 1683103971 374 3687 3662 3641 3577 3619 3619 3587 4065 4065 4065 4065 4065 4065 4065 4065
915 1683103971 375 3688 3663 3642 3578 3620 3620 3589 4065 4065 4065 4065 4065 4065 4065 4065
916 1683103971 375 3686 3661 3640 3577 3619 3619 3587 4065 4065 4064 4064 4064 4064 4064 4064
917 1683103971 375 3686 3662 3641 3577 3620 3620 3587 4065 4065 4065 4065 4065 4065 4065 4065
918 1683103971 375 3688 3663 3641 3578 3620 3619 3587 4065 4065 4064 4064 4064 4064 4064 4064
919 1683103971 375 3685 3662 3640 3577 3619 3619 3587 4065 4065 4064 4064 4064 4064 4064 4064
920 1683103971 375 3687 3662 3641 3577 3619 3619 3587 4067 4065 4065 4065 4065 4065 4065 4065
921 1683103971 375 3686 3661 3640 3577 3619 3619 3587 4067 4065 4065 4065 4065 4065 4065 4065
922 1683103971 375 3689 3664 3643 3578 3621 3620 3588 4065 4065 4065 4065 4065 4065 4065 4065
923 1683103971 375 3687 3662 3641 3578 3620 3620 3587 4063 4063 4063 4063 4063 4063 4063 4063
924 1683103971 375 3688 3662 3641 3578 3620 3619 3588 4065 4065 4065 4065 4065 4065 4065 4065
925 1683103971 375 3687 3663 3642 3578 3620 3620 3588 4065 4065 4065 4065 4065 4065 4065 4065
926 1683103972 375 3689 3663 3643 3579 3621 3620 3589 4065 4065 4065 4065 4065 4065 4065 4065
927 1683103972 375 3687 3662 3641 3577 1654 3618 3587 4065 4065 4064 4064 4064 4064 4064 4064
928 1683103972 375 3688 3663 3642 3578 3620 3619 3587 4065 4065 4065 4065 4065 4065 4065 4065
929 1683103972 375 3687 3662 3640 3577 3619 3619 3587 4067 4065 4065 4065 4065 4065 4065 4065
930 1683103972 375 3687 3663 3642 3578 3620 3620 3588 4065 4065 4065 4065 4065 4065 4065 4065
931 1683103972 375 3687 3662 3642 3578 3620 3620 3587 4067 4067 4066 4066 4066 4066 4066 4066
932 1683103972 375 3687 3662 3641 3578 3620 3619 3588 4065 4065 4064 4064 4064 4064 4064 4064
933 1683103972 375 3689 3664 3643 3580 3622 3621 3589 4065 4065 4065 4065 4065 4065 4065 4065
934 1683103972 375 3688 3663 3642 3578 3621 3620 3588 4065 4065 4065 4065 4065 4065 4065 4065
935 1683103979 375 3687 3662 3641 3577 3619 3619 3587 4067 4067 4066 4066 4066 4066 4066 4066
936 1683103980 375 3686 3661 3641 3577 3619 3619 3587 4065 4065 4065 4065 4065 4065 4065 4065
937 1683103980 375 3688 3663 3642 3578 3620 3620 3588 4065 4065 4064 4064 4064 4064 4064 4064
938 1683103980 375 3687 3662 3641 3577 3619 3619 3588 4067 4067 4066 4066 4066 4066 4066 4066
939 1683103980 375 3687 3662 3641 3577 3619 3619 3587 4065 4065 4065 4065 4065 4065 4065 4065
940 1683103980 373 3685 3660 3639 3575 3617 3617 3585 4067 4067 4066 4066 4066 4066 4066 4066
941 1683103980 373 3686 3661 3641 3576 3619 3619 3587 4065 4065 4065 4065 4065 4065 4065 4065
942 1683103980 373 3685 3661 3640 3576 3618 3618 3586 4065 4065 4064 4064 4064 4064 4064 4064
943 1683103980 373 3686 3661 3641 3577 3619 3619 3587 4067 4067 4066 4066 4066 4066 4066 4066
944 1683103980 374 3685 3660 3639 3576 3618 3618 3585 4065 4065 4064 4064 4064 4064 4064 4064
945 1683103980 373 3686 3661 3640 3576 3618 3618 3586 4065 4065 4065 4065 4065 4065 4065 4065
946 1683103980 373 3686 3661 3640 3576 3618 3618 3586 4065 4065 4065 4065 4065 4065 4065 4065
947 1683103988 374 3685 3660 3640 3576 3618 3617 3586 4065 4065 4065 4065 4065 4065 4065 4065
948 1683103988 373 3685 3660 3639 3575 3618 3617 3585 4065 4065 4064 4064 4064 4064 4064 4064
949 1683103988 373 3685 3660 3639 3575 3618 3618 3586 4065 4065 4064 4064 4064 4064 4064 4064
950 1683103988 373 3684 3660 3639 3575 3617 3617 3586 4065 4065 4065 4065 4065 4065 4065 4065
951 1683103988 373 3686 3661 3640 3576 3619 3618 3587 4067 4067 4066 4066 4066 4066 4066 4066
952 1683103988 373 3685 3660 3639 3576 3618 3617 3586 4065 4065 4065 4065 4065 4065 4065 4065
953 1683103988 373 3686 3661 3641 3577 3619 3619 3586 4065 4065 4065 4065 4065 4065 4065 4065
954 1683103988 373 3686 3661 3640 3576 3618 3618 3586 4067 4067 4066 4066 4066 4066 4066 4066
955 1683103988 373 3686 3661 3640 3576 3618 3617 3586 4065 4065 4065 4065 4065 4065 4065 4065
956 1683103988 373 3686 3661 3640 3576 3618 3618 3586 4065 4065 4064 4064 4064 4064 4064 4064
957 1683103988 374 3685 3660 3640 3576 3618 3618 3586 4065 4065 4065 4065 4065 4065 4065 4065
958 1683103988 373 3686 3660 3640 3576 3618 3617 3586 4067 4067 4066 4066 4066 4066 4066 4066
959 1683103988 373 3687 3662 3641 3577 3619 3619 3587 4065 4065 4065 4065 4065 4065 4065 4065
960 1683103988 374 3686 3661 3640 3576 3618 3618 3586 4065 4065 4064 4064 4064 4064 4064 4064
961 1683103988 373 3687 3662 3641 3577 3618 3618 3586 4065 4065 4064 4064 4064 4064 4064 4064
962 1683103988 373 3686 3661 3640 3576 3618 3618 3586 4065 4065 4064 4064 4064 4064 4064 4064
963 1683103988 373 3686 3661 3640 3576 3618 3618 3586 4065 4065 4064 4064 4064 4064 4064 4064
964 1683103988 374 3686 3661 3640 3576 3618 3618 3586 4067 4065 4065 4065 4065 4065 4065 4065
965 1683103988 374 3685 3661 3640 3576 3618 3618 3586 4065 4065 4064 4064 4064 4064 4064 4064
966 1683103988 374 3684 3661 3640 3576 3619 3618 3586 4065 4065 4065 4065 4065 4065 4065 4065
967 1683103988 374 3687 3661 3641 3577 3619 3619 3587 4065 4065 4064 4064 4064 4064 4064 4064
968 1683103988 373 3686 3661 3640 3576 3618 3618 3586 4067 4067 4066 4066 4066 4066 4066 4066
969 1683103988 374 3686 3661 3641 3577 3619 3619 3587 4067 4067 4066 4066 4066 4066 4066 4066
970 1683103988 374 3685 3661 3640 3576 3618 3618 3586 4065 4065 4064 4064 4064 4064 4064 4064
971 1683103988 373 3687 3662 3641 3577 3619 3619 3587 4067 4067 4066 4066 4066 4066 4066 4066
972 1683103988 373 3688 3663 3641 3578 3619 3619 3587 4065 4065 4065 4065 4065 4065 4065 4065
973 1683103988 374 3685 3661 3640 3577 3619 3619 3586 4065 4065 4065 4065 4065 4065 4065 4065
974 1683103988 374 3686 3662 3641 3577 3620 3619 3587 4065 4065 4065 4065 4065 4065 4065 4065
975 1683103988 374 3686 3661 3640 3576 3619 3618 3586 4065 4065 4065 4065 4065 4065 4065 4065
976 1683103988 374 3686 3662 3641 3577 3619 3619 3587 4065 4065 4064 4064 4064 4064 4064 4064
977 1683103988 373 3685 3660 3640 3576 3618 3618 3585 4065 4065 4065 4065 4065 4065 4065 4065
978 1683103988 373 3686 3661 3640 3576 3618 3618 3586 4065 4065 4064 4064 4064 4064 4064 4064
979 1683103988 374 3685 3660 3639 3576 3617 3617 3585 4065 4065 4065 4065 4065 4065 4065 4065
980 1683103988 374 3686 3661 3640 3576 3619 3619 3587 4065 4065 4064 4064 4064 4064 4064 4064
981 1683103988 374 3686 3661 3640 3577 3618 3618 3586 4067 4065 4065 4065 4065 4065 4065 4065
982 1683103988 373 3687 3661 3640 3576 3618 3618 3586 4065 4065 4065 4065 4065 4065 4065 4065
983 1683103988 373 3686 3661 3640 3577 3619 3619 3587 4065 4065 4065 4065 4065 4065 4065 4065
984 1683103988 373 3686 3661 3641 3577 3619 3618 3587 4065 4065 4065 4065 4065 4065 4065 4065
985 1683103988 374 3687 3661 3641 3577 3619 3619 3587 4065 4065 4065 4065 4065 4065 4065 4065
986 1683103988 373 3687 3661 3641 3577 3619 3618 3587 4065 4065 4065 4065 4065 4065 4065 4065
987 1683103988 373 3687 3661 3641 3577 3619 3619 3587 4065 4065 4065 4065 4065 4065 4065 4065
988 1683103988 373 3687 3663 3641 3578 3619 3619 3587 4065 4065 4064 4064 4064 4064 4064 4064
989 1683103988 373 3686 3661 3641 3577 3619 3619 3587 4065 4065 4065 4065 4065 4065 4065 4065
990 1683103988 374 3686 3661 3640 3576 3618 3618 3586 4065 4065 4065 4065 4065 4065 4065 4065
991 1683103988 373 3687 3662 3641 3577 3619 3619 3587 4065 4065 4065 4065 4065 4065 4065 4065
992 1683103988 373 3686 3661 3640 3577 3619 3618 3587 4065 4065 4064 4064 4064 4064 4064 4064
993 1683103988 374 3687 3662 3641 3577 3619 3619 3587 4065 4065 4065 4065 4065 4065 4065 4065
994 1683103988 373 3687 3662 3641 3578 3620 3619 3588 4067 4067 4066 4066 4066 4066 4066 4066
995 1683103988 373 3687 3662 3640 3577 3620 3619 3587 4067 4067 4066 4066 4066 4066 4066 4066
996 1683103988 373 3686 3661 3641 3576 3619 3618 3587 4065 4065 4065 4065 4065 4065 4065 4065
997 1683103988 374 3687 3662 3641 3577 3620 3619 3587 4065 4065 4065 4065 4065 4065 4065 4065
998 1683103988 374 3687 3662 3641 3577 3619 3619 3587 4065 4065 4064 4064 4064 4064 4064 4064
999 1683103988 373 3686 3661 3640 3577 3619 3619 3587 4065 4065 4064 4064 4064 4064 4064 4064
1000 1683103988 374 3686 3662 3641 3577 3619 3619 3587 4067 4065 4065 4065 4065 4065 4065 4065
