1 1683130846 373 3700 3675 3655 3590 3633 3632 3600 4065 4065 4064 4064 4064 4064 4064 4064
2 1683130846 372 3702 3677 3656 3592 3634 3634 3602 4063 4063 4063 4063 4063 4063 4063 4063
3 1683130846 373 3701 3675 3654 3590 3633 3633 3601 4063 4063 4063 4063 4063 4063 4063 4063
4 1683130846 373 3701 3675 3654 3590 3633 3634 3601 4065 4065 4064 4064 4064 4064 4064 4064
5 1683130846 372 3700 3675 3653 3590 3632 3632 3600 4063 4063 4063 4063 4063 4063 4063 4063
6 1683130846 372 3701 3676 3655 3591 3633 3633 3602 4065 4063 4063 4063 4063 4063 4063 4063
7 1683130846 372 3702 3677 3656 3592 3634 3634 3602 4063 4063 4063 4063 4063 4063 4063 4063
8 1683130846 373 3701 3676 3655 3591 3634 3634 3602 4061 4061 4061 4061 4061 4061 4061 4061
9 1683130846 373 3701 3676 3655 3591 3633 3633 3601 4063 4063 4063 4063 4063 4063 4063 4063
10 1683130846 372 3701 3676 3655 3591 3633 3633 3601 4063 4063 4063 4063 4063 4063 4063 4063
11 1683130846 373 3702 3677 3656 3591 3634 3634 3602 4065 4065 4064 4064 4064 4064 4064 4064
12 1683130846 372 3701 3675 3654 3590 3632 3633 3601 4063 4063 4063 4063 4063 4063 4063 4063
13 1683130846 373 3702 3677 3656 3592 3634 3634 3602 4065 4065 4064 4064 4064 4064 4064 4064
14 1683130846 372 3703 3677 3656 3592 3634 3634 3602 4065 4065 4064 4064 4064 4064 4064 4064
15 1683130846 373 3702 3677 3657 3593 3635 3635 3603 4063 4063 4063 4063 4063 4063 4063 4063
16 1683130846 373 3702 3676 3656 3592 3634 3633 3602 4063 4063 4063 4063 4063 4063 4063 4063
17 1683130846 373 3701 3676 3655 3591 3633 3634 3602 4065 4065 4064 4064 4064 4064 4064 4064
18 1683130846 372 3702 3677 3656 3591 3634 3634 3602 4063 4063 4063 4063 4063 4063 4063 4063
19 1683130846 373 3702 3676 3655 3591 3634 3633 3602 4065 4065 4064 4064 4064 4064 4064 4064
20 1683130846 372 3701 3675 3655 3590 3633 3633 3601 74 74 74 78 73 74 73 74
21 1683130854 373 3700 3676 3655 3590 3632 3632 3601 4063 4063 4063 4063 4063 4063 4063 4063
22 1683130854 372 3702 3676 3655 3591 3633 3633 3601 82 81 82 85 81 82 81 82
23 1683130854 372 3702 3677 3656 3592 3634 3634 3602 4065 4065 4064 4064 4064 4064 4064 4064
24 1683130854 373 3701 3676 3655 3592 3634 3633 3602 4065 4065 4064 4064 4064 4064 4064 4064
25 1683130854 372 3703 3677 3656 3592 3634 3634 3602 4063 4063 4063 4063 4063 4063 4063 4063
26 1683130854 372 3702 3677 3656 3591 3634 3634 3602 4063 4063 4063 4063 4063 4063 4063 4063
27 1683130854 373 3701 3676 3655 3591 3634 3633 3602 4063 4063 4063 4063 4063 4063 4063 4063
28 1683130854 373 3700 3675 3654 3590 3632 3632 3601 4065 4065 4064 4064 4064 4064 4064 4064
29 1683130854 372 3667 3644 3623 3559 3601 3601 3569 4065 4065 4064 4064 4064 4064 4064 4064
30 1683130854 373 3702 3677 3656 3592 3634 3634 3602 4063 4063 4063 4063 4063 4063 4063 4063
31 1683130854 372 3703 3677 3656 3592 3634 3634 3602 4063 4063 4063 4063 4063 4063 4063 4063
32 1683130854 373 3702 3676 3655 3591 3633 3633 3601 4063 4063 4063 4063 4063 4063 4063 4063
33 1683130854 373 3702 3676 3656 3592 3634 3634 3602 4065 4065 4064 4064 4064 4064 4064 4064
34 1683130854 373 3702 3677 3657 3592 3635 3635 3603 4065 4065 4064 4064 4064 4064 4064 4064
35 1683130854 373 3702 3676 3655 3592 3634 3634 3602 4065 4065 4064 4064 4064 4064 4064 4064
36 1683130854 373 3702 3676 3656 3591 3633 3633 3601 4065 4065 4064 4064 4064 4064 4064 4064
37 1683130854 373 3701 3676 3656 3592 3634 3634 3602 4065 4063 4063 4063 4063 4063 4063 4063
38 1683130854 372 3702 3676 3655 3591 3634 3634 3602 4063 4063 4063 4063 4063 4063 4063 4063
39 1683130854 373 3701 3676 3655 3591 3633 3633 3601 4065 4065 4064 4064 4064 4064 4064 4064
40 1683130854 373 3702 3677 3656 3592 3634 3633 3602 4063 4063 4063 4063 4063 4063 4063 4063
41 1683130854 373 3703 3677 3656 3593 3635 3635 3603 4063 4063 4063 4063 4063 4063 4063 4063
42 1683130854 373 3701 3676 3655 3591 3634 3634 3602 4065 4065 4064 4064 4064 4064 4064 4064
43 1683130854 373 3703 3678 3657 3592 3634 3634 3603 4065 4065 4064 4064 4064 4064 4064 4064
44 1683130854 373 3702 3677 3656 3592 3635 3635 3602 4065 4065 4064 4064 4064 4064 4064 4064
45 1683130854 373 3702 3677 3656 3592 3635 3634 3603 4063 4063 4062 4062 4062 4062 4062 4062
46 1683130854 373 3701 3676 3656 3591 3634 3634 3602 4063 4063 4063 4063 4063 4063 4063 4063
47 1683130854 373 3702 3677 3656 3592 3634 3634 3602 4065 4065 4064 4064 4064 4064 4064 4064
48 1683130854 373 3702 3676 3656 3591 3633 3634 3602 4063 4063 4063 4063 4063 4063 4063 4063
49 1683130854 373 3703 3678 3657 3593 3635 3635 3603 74 74 74 78 73 74 73 74
50 1683130854 373 3701 3676 3655 3591 3634 3633 3602 80 80 80 84 79 80 79 80
51 1683130854 373 3702 3677 3656 3592 3634 3634 3602 4063 4063 4063 4063 4063 4063 4063 4063
52 1683130854 373 3702 3677 3656 3592 3634 3634 3602 4063 4063 4063 4063 4063 4063 4063 4063
53 1683130854 373 3703 3678 3657 3592 3635 3635 3603 4065 4065 4064 4064 4064 4064 4064 4064
54 1683130854 373 3702 3677 3656 3593 3635 3635 3603 4065 4065 4064 4064 4064 4064 4064 4064
55 1683130854 373 3702 3677 3657 3592 3635 3634 3602 4063 4063 4063 4063 4063 4063 4063 4063
56 1683130854 373 3703 3677 3656 3592 3634 3634 3602 4063 4063 4063 4063 4063 4063 4063 4063
57 1683130854 373 3703 3677 3656 3592 3634 3634 3602 77 76 76 80 75 76 75 76
58 1683130854 373 3702 3677 3656 3592 3635 3635 3603 4065 4065 4064 4064 4064 4064 4064 4064
59 1683130854 372 3701 3677 3656 3591 3634 3634 3602 4063 4063 4063 4063 4063 4063 4063 4063
60 1683130854 373 3700 3676 3656 3592 3635 3634 3603 4065 4065 4064 4064 4064 4064 4064 4064
61 1683130854 372 3702 3677 3656 3592 3634 3634 3602 79 79 79 82 77 79 77 79
62 1683130855 373 3702 3677 3656 3591 3634 3634 3602 4065 4065 4064 4064 4064 4064 4064 4064
63 1683130855 373 3701 3676 3655 3591 3633 3633 3601 4063 4063 4063 4063 4063 4063 4063 4063
64 1683130855 373 3702 3677 3656 3592 3634 3634 3602 4065 4065 4064 4064 4064 4064 4064 4064
65 1683130855 373 3701 3676 3656 3591 3634 3634 3602 4063 4063 4063 4063 4063 4063 4063 4063
66 1683130855 373 3702 3676 3656 3592 3634 3634 3602 4065 4065 4064 4064 4064 4064 4064 4064
67 1683130855 373 3703 3678 3657 3592 3635 3634 3603 4065 4065 4065 4065 4065 4065 4065 4065
68 1683130855 373 3702 3677 3656 3592 3634 3634 3603 4063 4063 4063 4063 4063 4063 4063 4063
69 1683130855 373 3701 3675 3655 3591 3633 3633 3602 4063 4063 4063 4063 4063 4063 4063 4063
70 1683130855 373 3702 3677 3657 3593 3635 3635 3603 4065 4065 4064 4064 4064 4064 4064 4064
71 1683130855 373 3702 3677 3657 3593 3635 3635 3603 4063 4063 4063 4063 4063 4063 4063 4063
72 1683130855 373 3703 3677 3657 3593 3636 3636 3604 4065 4063 4063 4063 4063 4063 4063 4063
73 1683130855 373 3701 3676 3656 3591 3634 3634 3603 4065 4065 4064 4064 4064 4064 4064 4064
74 1683130855 373 3702 3677 3656 3592 3635 3634 3603 4063 4063 4063 4063 4063 4063 4063 4063
75 1683130855 373 3703 3678 3656 3592 3635 3634 3602 4063 4063 4063 4063 4063 4063 4063 4063
76 1683130855 373 3702 3677 3656 3592 3635 3635 3602 4065 4065 4064 4064 4064 4064 4064 4064
77 1683130855 373 3703 3677 3657 3592 3635 3635 3603 4063 4063 4063 4063 4063 4063 4063 4063
78 1683130855 373 3702 3676 3655 3591 3634 3634 3601 4065 4065 4064 4064 4064 4064 4064 4064
79 1683130855 373 3703 3678 3657 3593 3635 3635 3604 4065 4065 4064 4064 4064 4064 4064 4064
80 1683130855 373 3703 3677 3657 3592 3634 3635 3602 4061 4061 4060 4060 4060 4060 4060 4060
81 1683130855 373 3703 3678 3656 3592 3635 3635 3603 4065 4065 4065 4065 4065 4065 4065 4065
82 1683130855 373 3702 3677 3656 3592 3635 3634 3603 4065 4063 4063 4063 4063 4063 4063 4063
83 1683130855 373 3702 3677 3656 3593 3635 3635 3603 4065 4065 4064 4064 4064 4064 4064 4064
84 1683130855 373 3703 3678 3657 3593 3635 3635 3604 4063 4063 4063 4063 4063 4063 4063 4063
85 1683130855 373 3703 3677 3656 3592 3635 3635 3603 4063 4063 4063 4063 4063 4063 4063 4063
86 1683130855 373 3702 3677 3657 3592 3635 3635 3602 4063 4063 4063 4063 4063 4063 4063 4063
87 1683130855 373 3703 3678 3657 3593 3635 3635 3603 4065 4065 4064 4064 4064 4064 4064 4064
88 1683130855 373 3703 3678 3657 3593 3635 3635 3603 4063 4063 4063 4063 4063 4063 4063 4063
89 1683130855 373 3703 3678 3657 3593 3636 3635 3604 4065 4065 4064 4064 4064 4064 4064 4064
90 1683130855 373 3702 3678 3656 3593 3635 3635 3603 81 81 81 85 80 81 80 81
91 1683130855 373 3703 3678 3657 3593 3635 3635 3603 4065 4063 4063 4063 4063 4063 4063 4063
92 1683130855 373 3703 3678 3657 3593 3635 3635 3604 4065 4065 4064 4064 4064 4064 4064 4064
93 1683130855 373 3704 3679 3658 3594 3636 3636 3604 4063 4063 4063 4063 4063 4063 4063 4063
94 1683130855 373 3703 3678 3657 3593 3636 3635 3604 4065 4063 4063 4063 4063 4063 4063 4063
95 1683130855 373 3703 3677 3656 3592 3635 3635 3603 4063 4063 4063 4063 4063 4063 4063 4063
96 1683130855 373 3703 3678 3657 3593 3635 3635 3603 4065 4065 4064 4064 4064 4064 4064 4064
97 1683130855 372 3703 3678 3657 3592 3635 3634 3603 4065 4065 4065 4065 4065 4065 4065 4065
98 1683130855 373 3702 3677 3656 3592 3635 3635 3603 4063 4063 4062 4062 4062 4062 4062 4062
99 1683130855 373 3703 3677 3657 3593 3635 3635 3603 4063 4063 4063 4063 4063 4063 4063 4063
100 1683130855 373 3703 3678 3657 3593 3635 3635 3604 4063 4063 4063 4063 4063 4063 4063 4063
101 1683130855 373 3703 3678 3657 3593 3635 3635 3603 4063 4063 4063 4063 4063 4063 4063 4063
102 1683130855 373 3702 3677 3656 3593 3635 3635 3603 4065 4065 4064 4064 4064 4064 4064 4064
103 1683130855 373 3703 3678 3657 3593 3635 3635 3603 4065 4065 4064 4064 4064 4064 4064 4064
104 1683130855 373 3703 3678 3657 3593 3635 3635 3604 4063 4063 4062 4062 4062 4062 4062 4062
105 1683130855 374 3702 3677 3656 3592 3636 3635 3603 78 77 77 81 76 77 76 77
106 1683130855 373 3702 3678 3657 3592 3635 3634 3603 81 81 81 85 80 81 80 81
107 1683130855 373 3704 3678 3658 3593 3636 3636 3604 4065 4063 4063 4063 4063 4063 4063 4063
108 1683130855 373 3702 3677 3656 3592 3634 3635 3603 4065 4065 4064 4064 4064 4064 4064 4064
109 1683130855 373 3703 3677 3656 3592 3635 3634 3603 4065 4065 4064 4064 4064 4064 4064 4064
110 1683130855 373 3702 3677 3656 3593 3635 3635 3603 4065 4065 4064 4064 4064 4064 4064 4064
111 1683130855 373 3703 3677 3657 3592 3635 3635 3603 4063 4063 4063 4063 4063 4063 4063 4063
112 1683130855 373 3703 3678 3657 3593 3635 3635 3604 86 86 86 90 85 86 85 86
113 1683130855 373 3703 3677 3656 3592 3635 3635 3603 76 76 76 80 75 76 75 76
114 1683130855 373 3702 3677 3656 3592 3635 3635 3603 4065 4065 4064 4064 4064 4064 4064 4064
115 1683130855 373 3703 3678 3657 3592 3635 3635 3604 4065 4065 4064 4064 4064 4064 4064 4064
116 1683130855 372 3702 3678 3657 3593 3635 3635 3603 4065 4065 4064 4064 4064 4064 4064 4064
117 1683130855 373 3703 3678 3657 3593 3636 3636 3604 4065 4065 4064 4064 4064 4064 4064 4064
118 1683130855 374 3702 3677 3656 3592 3635 3635 3603 4065 4065 4064 4064 4064 4064 4064 4064
119 1683130855 373 3703 3678 3657 3593 3635 3635 3604 4065 4065 4064 4064 4064 4064 4064 4064
120 1683130855 374 3704 3678 3658 3593 3636 3636 3604 4065 4065 4064 4064 4064 4064 4064 4064
121 1683130855 373 3703 3678 3657 3593 3635 3635 3603 80 80 80 84 79 80 79 80
122 1683130855 374 3702 3677 3657 3593 3635 3635 3603 4065 4065 4064 4064 4064 4064 4064 4064
123 1683130855 373 3701 3677 3656 3592 3634 3634 3602 4065 4063 4063 4063 4063 4063 4063 4063
124 1683130855 373 3703 3677 3656 3592 3635 3635 3603 4063 4063 4063 4063 4063 4063 4063 4063
125 1683130855 373 3703 3678 3658 3593 3636 3636 3603 4065 4065 4064 4064 4064 4064 4064 4064
126 1683130855 373 3704 3678 3658 3594 3636 3636 3604 4065 4065 4064 4064 4064 4064 4064 4064
127 1683130855 374 3702 3678 3657 3593 3635 3635 3603 4065 4065 4064 4064 4064 4064 4064 4064
128 1683130855 373 3704 3678 3657 3593 3635 3635 3604 4063 4063 4063 4063 4063 4063 4063 4063
129 1683130855 374 3703 3677 3657 3593 3635 3635 3603 4063 4063 4063 4063 4063 4063 4063 4063
130 1683130855 373 3703 3678 3657 3593 3635 3635 3603 4065 4065 4064 4064 4064 4064 4064 4064
131 1683130855 373 3703 3678 3657 3593 3635 3635 3603 4063 4063 4062 4062 4062 4062 4062 4062
132 1683130855 374 3703 3677 3657 3593 3635 3635 3603 4065 4065 4064 4064 4064 4064 4064 4064
133 1683130855 373 3702 3677 3656 3592 3635 3635 3603 4063 4063 4063 4063 4063 4063 4063 4063
134 1683130855 373 3703 3678 3657 3593 3635 3635 3603 4065 4065 4064 4064 4064 4064 4064 4064
135 1683130855 373 3704 3678 3657 3593 3636 3635 3604 4065 4065 4064 4064 4064 4064 4064 4064
136 1683130855 374 3704 3679 3658 3594 3637 3637 3605 4065 4065 4064 4064 4064 4064 4064 4064
137 1683130855 373 3703 3678 3657 3592 3635 3636 3604 4065 4065 4064 4064 4064 4064 4064 4064
138 1683130855 373 3703 3678 3657 3593 3635 3635 3603 4065 4063 4063 4063 4063 4063 4063 4063
139 1683130855 373 3701 3677 3656 3592 3635 3634 3603 4063 4063 4063 4063 4063 4063 4063 4063
140 1683130855 373 3702 3677 3656 3592 3635 3634 3603 4065 4065 4064 4064 4064 4064 4064 4064
141 1683130856 373 3703 3678 3656 3593 3636 3635 3603 4063 4063 4063 4063 4063 4063 4063 4063
142 1683130856 374 3703 3678 3657 3593 3635 3635 3603 4063 4063 4063 4063 4063 4063 4063 4063
143 1683130856 374 3703 3677 3656 3592 3634 3635 3603 4065 4065 4064 4064 4064 4064 4064 4064
144 1683130856 374 3703 3678 3657 3593 3635 3636 3604 4065 4065 4064 4064 4064 4064 4064 4064
145 1683130856 374 3703 3678 3657 3593 3635 3635 3603 4065 4065 4064 4064 4064 4064 4064 4064
146 1683130856 374 3703 3677 3657 3593 3635 3635 3603 4063 4063 4063 4063 4063 4063 4063 4063
147 1683130856 373 3704 3678 3657 3593 3636 3636 3604 4065 4065 4064 4064 4064 4064 4064 4064
148 1683130856 373 3704 3679 3657 3593 3635 3635 3603 4063 4063 4063 4063 4063 4063 4063 4063
149 1683130856 373 3703 3677 3656 3592 3635 3635 3603 4063 4063 4063 4063 4063 4063 4063 4063
150 1683130856 374 3703 3678 3657 3593 3635 3635 3603 76 76 76 80 75 76 75 76
151 1683130856 373 3704 3678 3657 3593 3635 3636 3603 4065 4065 4064 4064 4064 4064 4064 4064
152 1683130856 374 3703 3678 3657 3593 3636 3636 3603 4065 4065 4064 4064 4064 4064 4064 4064
153 1683130856 373 3703 3677 3656 3592 3635 3635 3603 4065 4065 4064 4064 4064 4064 4064 4064
154 1683130856 374 3704 3679 3658 3594 3636 3636 3604 4063 4063 4063 4063 4063 4063 4063 4063
155 1683130856 373 3703 3678 3657 3593 3635 3635 3604 4063 4063 4062 4062 4062 4062 4062 4062
156 1683130856 373 3702 3677 3656 3592 3635 3635 3603 4065 4065 4064 4064 4064 4064 4064 4064
157 1683130856 373 3703 3678 3658 3593 3636 3636 3604 4065 4065 4064 4064 4064 4064 4064 4064
158 1683130856 373 3704 3678 3657 3593 3636 3636 3604 4065 4065 4065 4065 4065 4065 4065 4065
159 1683130856 374 3703 3678 3657 3592 3635 3635 3603 4063 4063 4063 4063 4063 4063 4063 4063
160 1683130856 374 3703 3678 3657 3593 3636 3635 3604 4065 4065 4064 4064 4064 4064 4064 4064
161 1683130856 373 3703 3678 3657 3594 3635 3636 3604 4065 4065 4064 4064 4064 4064 4064 4064
162 1683130856 373 3704 3678 3657 3594 3636 3636 3604 4065 4065 4064 4064 4064 4064 4064 4064
163 1683130856 373 3704 3678 3657 3593 3635 3636 3603 4065 4065 4065 4065 4065 4065 4065 4065
164 1683130856 374 3704 3678 3657 3593 3636 3636 3603 4065 4065 4064 4064 4064 4064 4064 4064
165 1683130856 374 3703 3678 3657 3593 3636 3636 3604 4063 4063 4063 4063 4063 4063 4063 4063
166 1683130856 374 3704 3678 3658 3594 3636 3636 3604 4065 4065 4064 4064 4064 4064 4064 4064
167 1683130856 374 3703 3677 3657 3593 3635 3635 3603 4063 4063 4063 4063 4063 4063 4063 4063
168 1683130856 374 3704 3678 3658 3593 3636 3636 3604 4065 4065 4064 4064 4064 4064 4064 4064
169 1683130856 373 3703 3678 3657 3593 3635 3636 3603 4063 4063 4063 4063 4063 4063 4063 4063
170 1683130856 374 3702 3677 3657 3593 3636 3635 3604 4061 4059 4059 4059 4059 4059 4059 4059
171 1683130856 373 3704 3679 3658 3593 3635 3635 3604 4063 4063 4063 4063 4063 4063 4063 4063
172 1683130856 374 3703 3679 3657 3593 3636 3636 3604 4065 4065 4064 4064 4064 4064 4064 4064
173 1683130856 374 3702 3677 3656 3592 3635 3635 3603 4065 4065 4064 4064 4064 4064 4064 4064
174 1683130856 374 3703 3678 3657 3593 3635 3635 3603 4063 4063 4063 4063 4063 4063 4063 4063
175 1683130856 373 3703 3678 3657 3592 3635 3635 3602 4065 4065 4064 4064 4064 4064 4064 4064
176 1683130856 373 3704 3678 3657 3594 3636 3636 3604 4065 4065 4064 4064 4064 4064 4064 4064
177 1683130856 372 3702 3677 3656 3592 3634 3634 3602 4067 4063 4063 4063 4063 4063 4063 4063
178 1683130856 372 3702 3677 3656 3592 3634 3634 3602 4063 4063 4063 4063 4063 4063 4063 4063
179 1683130856 372 3701 3676 3655 3591 3634 3633 3602 4063 4063 4063 4063 4063 4063 4063 4063
180 1683130856 372 3702 3677 3655 3591 3634 3634 3602 4063 4063 4063 4063 4063 4063 4063 4063
181 1683130856 372 3702 3677 3656 3591 3634 3634 3602 4065 4065 4064 4064 4064 4064 4064 4064
182 1683130856 372 3703 3677 3657 3592 3635 3635 3603 4063 4063 4062 4062 4062 4062 4062 4062
183 1683130856 372 3701 3676 3655 3591 3634 3633 3602 4063 4063 4063 4063 4063 4063 4063 4063
184 1683130856 372 3702 3676 3656 3592 3634 3634 3602 4063 4063 4063 4063 4063 4063 4063 4063
185 1683130856 372 3702 3676 3655 3591 3634 3634 3602 4065 4065 4064 4064 4064 4064 4064 4064
186 1683130856 371 3702 3677 3655 3591 1708 3632 3602 4065 4063 4063 4063 4063 4063 4063 4063
187 1683130856 372 3701 3677 3656 3592 3634 3634 3602 4065 4065 4064 4064 4064 4064 4064 4064
188 1683130856 372 3702 3677 3656 3592 3635 3634 3602 4063 4063 4063 4063 4063 4063 4063 4063
189 1683130856 372 3702 3677 3656 3591 3634 3634 3602 4065 4065 4064 4064 4064 4064 4064 4064
190 1683130856 372 3702 3676 3655 3591 3634 3634 3601 79 78 78 82 77 78 77 78
191 1683130856 372 3701 3677 3656 3592 3634 3634 3602 4063 4063 4063 4063 4063 4063 4063 4063
192 1683130856 372 3702 3677 3656 3591 3634 3634 3602 4065 4065 4064 4064 4064 4064 4064 4064
193 1683130856 372 3701 3677 3655 3592 3634 3634 3602 4065 4065 4064 4064 4064 4064 4064 4064
194 1683130856 371 3702 3677 3655 3592 3634 3634 3602 4063 4063 4063 4063 4063 4063 4063 4063
195 1683130856 372 3702 3677 3656 3592 3634 3634 3602 4065 4065 4064 4064 4064 4064 4064 4064
196 1683130856 372 3701 3676 3655 3591 3633 3634 3602 4063 4063 4063 4063 4063 4063 4063 4063
197 1683130856 372 3702 3677 3656 3592 3634 3634 3603 4065 4065 4064 4064 4064 4064 4064 4064
198 1683130856 372 3702 3677 3656 3592 3635 3635 3603 4065 4065 4064 4064 4064 4064 4064 4064
199 1683130856 372 3702 3677 3656 3592 3634 3634 3603 4065 4065 4064 4064 4064 4064 4064 4064
200 1683130856 372 3702 3676 3655 3591 3633 3633 3602 4065 4065 4064 4064 4064 4064 4064 4064
201 1683130856 372 3701 3676 3655 3591 3634 3633 3602 4065 4063 4063 4063 4063 4063 4063 4063
202 1683130856 372 3702 3676 3655 3591 3634 3633 3601 4065 4065 4064 4064 4064 4064 4064 4064
203 1683130856 372 3701 3676 3656 3591 3634 3634 3602 4065 4065 4064 4064 4064 4064 4064 4064
204 1683130856 372 3702 3677 3656 3592 3634 3634 3603 4065 4065 4064 4064 4064 4064 4064 4064
205 1683130856 372 3702 3677 3656 3592 3634 3634 3603 4063 4063 4063 4063 4063 4063 4063 4063
206 1683130856 372 3702 3677 3656 3592 3634 3634 3602 4065 4065 4065 4065 4065 4065 4065 4065
207 1683130856 372 3703 3677 3656 3592 3634 3634 3602 4063 4063 4063 4063 4063 4063 4063 4063
208 1683130856 372 3704 3677 3657 3593 3635 3635 3603 4063 4063 4063 4063 4063 4063 4063 4063
209 1683130856 372 3701 3676 3654 3591 3633 3633 3601 4063 4063 4063 4063 4063 4063 4063 4063
210 1683130856 372 3702 3677 3655 3591 3634 3634 3602 4063 4063 4063 4063 4063 4063 4063 4063
211 1683130856 372 3701 3676 3655 3591 3634 3633 3601 4065 4065 4064 4064 4064 4064 4064 4064
212 1683130856 372 3702 3677 3656 3592 3634 3634 3602 4063 4063 4063 4063 4063 4063 4063 4063
213 1683130856 372 3701 3676 3656 3592 3634 3634 3602 4063 4063 4063 4063 4063 4063 4063 4063
214 1683130856 372 3702 3676 3656 3592 3634 3634 3602 4065 4065 4064 4064 4064 4064 4064 4064
215 1683130856 372 3702 3676 3655 3591 3634 3634 3602 79 78 78 82 77 78 77 78
216 1683130856 372 3703 3678 3657 3593 3635 3635 3603 4065 4065 4064 4064 4064 4064 4064 4064
217 1683130856 372 3702 3677 3656 3591 3634 3634 3603 4065 4065 4064 4064 4064 4064 4064 4064
218 1683130856 372 3702 3678 3656 3592 3634 3634 3602 4065 4065 4064 4064 4064 4064 4064 4064
219 1683130856 372 3701 3677 3656 3592 3634 3634 3602 4063 4063 4063 4063 4063 4063 4063 4063
220 1683130856 372 3702 3676 3655 3591 3633 3633 3602 4065 4065 4064 4064 4064 4064 4064 4064
221 1683130856 372 3702 3677 3656 3591 3634 3634 3602 4065 4065 4064 4064 4064 4064 4064 4064
222 1683130856 372 3703 3677 3657 3592 3635 3634 3602 79 78 78 82 77 78 77 78
223 1683130856 373 3703 3678 3657 3593 3635 3635 3604 4063 4063 4063 4063 4063 4063 4063 4063
224 1683130856 372 3703 3677 3656 3592 3634 3634 3602 4063 4063 4063 4063 4063 4063 4063 4063
225 1683130856 372 3701 3676 3655 3591 3634 3633 3601 4065 4063 4063 4063 4063 4063 4063 4063
226 1683130856 372 3702 3677 3657 3593 3635 3634 3603 4065 4065 4064 4064 4064 4064 4064 4064
227 1683130857 372 3701 3676 3656 3592 3634 3634 3602 4063 4063 4063 4063 4063 4063 4063 4063
228 1683130857 372 3702 3677 3656 3592 3634 3634 3603 4065 4065 4064 4064 4064 4064 4064 4064
229 1683130857 372 3702 3677 3656 3591 3634 3634 3602 4065 4065 4064 4064 4064 4064 4064 4064
230 1683130857 372 3703 3678 3657 3593 3635 3635 3603 4065 4065 4064 4064 4064 4064 4064 4064
231 1683130857 373 3703 3678 3657 3592 3635 3635 3603 4065 4065 4064 4064 4064 4064 4064 4064
232 1683130857 372 3702 3676 3656 3591 3634 3633 3602 4065 4065 4064 4064 4064 4064 4064 4064
233 1683130857 372 3703 3677 3656 3592 3634 3634 3602 4063 4063 4063 4063 4063 4063 4063 4063
234 1683130857 372 3702 3677 3656 3591 3634 3634 3602 4065 4065 4064 4064 4064 4064 4064 4064
235 1683130857 373 3701 3676 3655 3591 3634 3634 3602 79 78 78 82 77 78 77 78
236 1683130857 372 3702 3676 3656 3592 3634 3634 3602 4063 4063 4063 4063 4063 4063 4063 4063
237 1683130857 372 3702 3676 3655 3591 3634 3634 3602 4063 4063 4063 4063 4063 4063 4063 4063
238 1683130857 372 3703 3677 3657 3593 3635 3635 3603 4065 4065 4064 4064 4064 4064 4064 4064
239 1683130857 373 3703 3677 3656 3593 3634 3635 3602 4063 4063 4063 4063 4063 4063 4063 4063
240 1683130857 373 3700 3675 3655 3591 3633 3633 3602 78 78 77 81 76 77 76 77
241 1683130857 372 3702 3676 3655 3591 3633 3634 3602 4065 4065 4064 4064 4064 4064 4064 4064
242 1683130857 372 3702 3677 3657 3592 3634 3634 3603 4063 4063 4063 4063 4063 4063 4063 4063
243 1683130857 372 3702 3676 3655 3591 3634 3634 3602 4063 4063 4063 4063 4063 4063 4063 4063
244 1683130857 372 3702 3677 3656 3592 3634 3634 3602 4063 4063 4063 4063 4063 4063 4063 4063
245 1683130857 372 3703 3677 3657 3592 3635 3635 3603 4063 4063 4063 4063 4063 4063 4063 4063
246 1683130857 372 3702 3678 3657 3592 3635 3634 3603 4065 4065 4064 4064 4064 4064 4064 4064
247 1683130857 373 3701 3676 3656 3591 3634 3634 3602 4063 4063 4063 4063 4063 4063 4063 4063
248 1683130857 372 3702 3677 3655 3591 3634 3634 3602 4065 4065 4064 4064 4064 4064 4064 4064
249 1683130857 372 3702 3677 3656 3592 3634 3635 3603 4063 4063 4063 4063 4063 4063 4063 4063
250 1683130857 372 3702 3678 3657 3592 3635 3634 3602 4065 4065 4064 4064 4064 4064 4064 4064
251 1683130857 372 3701 3677 3656 3592 3634 3634 3602 4063 4063 4063 4063 4063 4063 4063 4063
252 1683130857 373 3702 3677 3656 3592 3634 3634 3602 4063 4063 4063 4063 4063 4063 4063 4063
253 1683130857 372 3702 3677 3656 3592 3635 3635 3603 4063 4063 4063 4063 4063 4063 4063 4063
254 1683130857 373 3702 3676 3656 3592 3635 3634 3603 4063 4063 4063 4063 4063 4063 4063 4063
255 1683130857 373 3702 3677 3656 3592 3634 3634 3603 4063 4063 4063 4063 4063 4063 4063 4063
256 1683130857 372 3702 3677 3655 3591 3634 3634 3602 4065 4063 4063 4063 4063 4063 4063 4063
257 1683130857 373 3702 3677 3656 3592 3634 3634 3603 4065 4065 4064 4064 4064 4064 4064 4064
258 1683130857 372 3703 3677 3657 3593 3635 3635 3603 4065 4065 4064 4064 4064 4064 4064 4064
259 1683130857 372 3703 3678 3657 3592 3635 3635 3603 4065 4065 4064 4064 4064 4064 4064 4064
260 1683130857 373 3702 3677 3656 3592 3634 3634 3603 4065 4065 4064 4064 4064 4064 4064 4064
261 1683130857 372 3703 3677 3656 3592 3634 3634 3603 4063 4063 4062 4062 4062 4062 4062 4062
262 1683130857 372 3702 3677 3656 3592 3634 3634 3603 4065 4065 4064 4064 4064 4064 4064 4064
263 1683130857 372 3703 3677 3656 3592 3634 3634 3602 4063 4063 4063 4063 4063 4063 4063 4063
264 1683130857 372 3702 3677 3656 3592 3634 3634 3602 4065 4065 4064 4064 4064 4064 4064 4064
265 1683130857 372 3703 3678 3657 3592 3635 3635 3603 4065 4065 4064 4064 4064 4064 4064 4064
266 1683130857 372 3702 3677 3656 3591 3634 3634 3602 4065 4065 4064 4064 4064 4064 4064 4064
267 1683130857 372 3702 3677 3656 3592 3634 3634 3602 4063 4063 4063 4063 4063 4063 4063 4063
268 1683130857 372 3702 3677 3656 3592 3635 3634 3603 4065 4065 4064 4064 4064 4064 4064 4064
269 1683130857 373 3703 3678 3657 3593 3635 3635 3603 4063 4063 4063 4063 4063 4063 4063 4063
270 1683130857 372 3702 3676 3656 3592 3634 3634 3602 70 70 70 74 69 70 69 70
271 1683130857 373 3703 3677 3656 3592 3634 3634 3603 4065 4065 4065 4065 4065 4065 4065 4065
272 1683130857 372 3703 3678 3657 3592 3635 3635 3603 4065 4065 4065 4065 4065 4065 4065 4065
273 1683130857 373 3703 3678 3657 3592 3635 3635 3604 4065 4065 4064 4064 4064 4064 4064 4064
274 1683130857 373 3704 3679 3657 3594 3636 3636 3604 4063 4063 4063 4063 4063 4063 4063 4063
275 1683130857 373 3702 3677 3656 3592 3634 3634 3602 4065 4065 4064 4064 4064 4064 4064 4064
276 1683130857 373 3703 3678 3657 3593 3635 3635 3604 4065 4065 4064 4064 4064 4064 4064 4064
277 1683130857 373 3703 3678 3657 3593 3636 3636 3604 4065 4065 4064 4064 4064 4064 4064 4064
278 1683130857 372 3702 3678 3657 3592 3635 3634 3602 4065 4063 4063 4063 4063 4063 4063 4063
279 1683130857 373 3703 3678 3657 3593 3636 3635 3604 4063 4063 4063 4063 4063 4063 4063 4063
280 1683130857 373 3702 3677 3657 3593 3635 3635 3603 4065 4065 4064 4064 4064 4064 4064 4064
281 1683130857 373 3702 3676 3656 3592 3634 3635 3602 4065 4065 4064 4064 4064 4064 4064 4064
282 1683130857 373 3702 3678 3657 3592 3635 3635 3603 4065 4065 4064 4064 4064 4064 4064 4064
283 1683130857 373 3701 3677 3657 3592 3635 3634 3603 4065 4063 4063 4063 4063 4063 4063 4063
284 1683130857 372 3703 3678 3657 3593 3636 3635 3604 4065 4065 4065 4065 4065 4065 4065 4065
285 1683130857 372 3703 3678 3657 3593 3635 3635 3603 4065 4065 4064 4064 4064 4064 4064 4064
286 1683130857 372 3702 3677 3657 3593 3635 3635 3603 4065 4065 4064 4064 4064 4064 4064 4064
287 1683130857 373 3703 3678 3657 3593 3635 3635 3603 4065 4065 4064 4064 4064 4064 4064 4064
288 1683130857 372 3703 3678 3657 3593 3635 3635 3603 4063 4063 4063 4063 4063 4063 4063 4063
289 1683130857 373 3702 3677 3657 3592 3634 3635 3603 4063 4063 4063 4063 4063 4063 4063 4063
290 1683130857 373 3702 3678 3657 3592 3636 3635 3603 81 81 81 84 79 81 80 81
291 1683130857 373 3703 3678 3657 3593 3635 3635 3603 4065 4065 4064 4064 4064 4064 4064 4064
292 1683130857 372 3702 3677 3656 3592 3635 3635 3603 4065 4065 4064 4064 4064 4064 4064 4064
293 1683130857 373 3703 3677 3657 3592 3635 3634 3603 4063 4063 4063 4063 4063 4063 4063 4063
294 1683130857 373 3703 3678 3657 3593 3635 3635 3603 4063 4063 4063 4063 4063 4063 4063 4063
295 1683130857 373 3704 3679 3658 3594 3636 3636 3604 4063 4063 4063 4063 4063 4063 4063 4063
296 1683130857 373 3703 3677 3657 3592 3635 3635 3603 4063 4063 4063 4063 4063 4063 4063 4063
297 1683130857 373 3703 3678 3657 3593 3635 3635 3604 4063 4063 4063 4063 4063 4063 4063 4063
298 1683130857 373 3702 3677 3656 3592 3635 3634 3602 77 77 76 80 75 76 75 76
299 1683130857 373 3703 3678 3657 3593 3636 3635 3604 4065 4065 4064 4064 4064 4064 4064 4064
300 1683130857 373 3703 3678 3657 3593 3635 3635 3603 77 76 76 80 75 76 75 76
301 1683130857 373 3703 3679 3658 3593 3635 3636 3604 4063 4063 4063 4063 4063 4063 4063 4063
302 1683130857 372 3703 3678 3657 3593 3635 3635 3604 4063 4063 4063 4063 4063 4063 4063 4063
303 1683130857 373 3704 3678 3658 3593 3636 3635 3604 4065 4064 4064 4064 4064 4064 4064 4064
304 1683130858 373 3703 3677 3657 3593 3636 3635 3603 4065 4065 4065 4065 4065 4065 4065 4065
305 1683130858 373 3703 3678 3657 3593 3635 3635 3603 4063 4063 4063 4063 4063 4063 4063 4063
306 1683130858 373 3704 3679 3658 3593 3636 3635 3604 74 74 74 78 73 74 73 74
307 1683130858 373 3703 3678 3657 3593 3635 3635 3604 4065 4065 4064 4064 4064 4064 4064 4064
308 1683130858 373 3702 3677 3657 3592 3635 3635 3603 4065 4065 4065 4065 4065 4065 4065 4065
309 1683130858 373 3703 3678 3657 3593 3635 3635 3603 4065 4065 4064 4064 4064 4064 4064 4064
310 1683130858 373 3704 3678 3658 3593 3636 3636 3604 77 76 76 80 75 76 75 76
311 1683130858 373 3703 3677 3656 3592 3635 3635 3602 4063 4063 4063 4063 4063 4063 4063 4063
312 1683130858 373 3702 3677 3657 3593 3635 3635 3604 4065 4063 4063 4063 4063 4063 4063 4063
313 1683130858 373 3703 3678 3656 3593 3636 3635 3603 4065 4065 4064 4064 4064 4064 4064 4064
314 1683130858 373 3702 3678 3657 3593 3635 3635 3603 4065 4065 4064 4064 4064 4064 4064 4064
315 1683130858 373 3703 3678 3657 3593 3636 3635 3604 4065 4065 4064 4064 4064 4064 4064 4064
316 1683130858 373 3702 3677 3657 3592 3635 3635 3603 4065 4065 4064 4064 4064 4064 4064 4064
317 1683130858 373 3703 3678 3657 3594 3636 3636 3604 4065 4065 4065 4065 4065 4065 4065 4065
318 1683130858 373 3703 3678 3657 3592 3635 3635 3603 4065 4065 4064 4064 4064 4064 4064 4064
319 1683130858 373 3703 3678 3657 3592 3635 3635 3603 4065 4065 4064 4064 4064 4064 4064 4064
320 1683130858 373 3704 3679 3658 3593 3636 3636 3604 79 79 79 83 78 79 78 79
321 1683130858 372 3703 3677 3657 3593 3634 3635 3603 4063 4063 4063 4063 4063 4063 4063 4063
322 1683130858 373 3704 3679 3658 3594 3636 3636 3604 4065 4065 4064 4064 4064 4064 4064 4064
323 1683130858 373 3704 3678 3658 3594 3636 3636 3604 4065 4065 4064 4064 4064 4064 4064 4064
324 1683130858 373 3703 3678 3657 3593 3635 3635 3604 4065 4065 4064 4064 4064 4064 4064 4064
325 1683130858 373 3705 3680 3658 3594 3636 3637 3604 4063 4063 4063 4063 4063 4063 4063 4063
326 1683130858 373 3703 3678 3657 3593 3635 3635 3604 4063 4063 4062 4062 4062 4062 4062 4062
327 1683130858 373 3704 3678 3658 3593 3635 3636 3604 4063 4063 4063 4063 4063 4063 4063 4063
328 1683130858 373 3703 3678 3657 3593 3636 3635 3604 4063 4063 4063 4063 4063 4063 4063 4063
329 1683130858 373 3704 3679 3658 3593 3635 3636 3604 4065 4065 4064 4064 4064 4064 4064 4064
330 1683130858 373 3703 3678 3657 3593 3635 3636 3604 4065 4063 4063 4063 4063 4063 4063 4063
331 1683130858 373 3703 3678 3657 3593 3636 3635 3604 4065 4065 4064 4064 4064 4064 4064 4064
332 1683130858 373 3704 3678 3657 3593 3636 3636 3604 4065 4065 4064 4064 4064 4064 4064 4064
333 1683130858 373 3703 3678 3657 3593 3636 3636 3604 4065 4065 4064 4064 4064 4064 4064 4064
334 1683130858 373 3702 3678 3657 3593 3635 3635 3603 4065 4065 4064 4064 4064 4064 4064 4064
335 1683130858 373 3704 3679 3657 3593 3636 3636 3604 4065 4065 4064 4064 4064 4064 4064 4064
336 1683130858 373 3704 3678 3657 3593 3636 3636 3603 4065 4065 4064 4064 4064 4064 4064 4064
337 1683130858 374 3703 3677 3656 3592 3635 3635 3603 4065 4065 4064 4064 4064 4064 4064 4064
338 1683130858 373 3702 3677 3656 3592 3634 3634 3603 4063 4063 4063 4063 4063 4063 4063 4063
339 1683130858 373 3704 3678 3657 3593 3635 3635 3604 4065 4065 4065 4065 4065 4065 4065 4065
340 1683130858 373 3703 3677 3657 3592 3635 3635 3603 79 78 78 82 77 78 77 78
341 1683130858 373 3703 3678 3657 3593 3635 3635 3603 4065 4065 4064 4064 4064 4064 4064 4064
342 1683130858 373 3704 3679 3658 3594 3636 3636 3605 4063 4063 4063 4063 4063 4063 4063 4063
343 1683130858 373 3704 3678 3657 3594 3636 3636 3604 4063 4063 4063 4063 4063 4063 4063 4063
344 1683130858 373 3704 3679 3658 3594 3636 3636 3604 4065 4065 4064 4064 4064 4064 4064 4064
345 1683130858 373 3703 3678 3657 3593 3635 3636 3604 4063 4063 4062 4062 4062 4062 4062 4062
346 1683130858 373 3702 3678 3657 3593 3635 3635 3603 4065 4065 4064 4064 4064 4064 4064 4064
347 1683130858 373 3704 3679 3658 3594 3636 3636 3605 4065 4065 4064 4064 4064 4064 4064 4064
348 1683130858 373 3703 3678 3657 3593 3635 3635 3603 4063 4063 4063 4063 4063 4063 4063 4063
349 1683130858 373 3703 3678 3658 3594 3636 3636 3604 4063 4063 4063 4063 4063 4063 4063 4063
350 1683130858 373 3704 3678 3658 3593 3636 3636 3604 4065 4065 4064 4064 4064 4064 4064 4064
351 1683130858 373 3704 3678 3658 3593 3636 3635 3604 4063 4063 4063 4063 4063 4063 4063 4063
352 1683130858 373 3703 3678 3657 3593 3636 3636 3604 4065 4065 4064 4064 4064 4064 4064 4064
353 1683130858 373 3703 3678 3657 3593 3636 3635 3603 4063 4063 4063 4063 4063 4063 4063 4063
354 1683130858 373 3704 3678 3657 3593 3635 3635 3604 4065 4065 4064 4064 4064 4064 4064 4064
355 1683130858 373 3704 3678 3657 3593 3636 3635 3604 4063 4063 4063 4063 4063 4063 4063 4063
356 1683130858 373 3702 3678 3657 3593 3635 3635 3603 84 84 84 88 83 84 83 84
357 1683130858 373 3703 3678 3658 3593 3636 3636 3604 4063 4063 4063 4063 4063 4063 4063 4063
358 1683130858 373 3704 3678 3659 3594 3637 3637 3605 4063 4063 4063 4063 4063 4063 4063 4063
359 1683130858 374 3702 3677 3656 3592 3634 3635 3603 4065 4065 4064 4064 4064 4064 4064 4064
360 1683130858 373 3703 3678 3657 3593 3636 3636 3604 4065 4065 4064 4064 4064 4064 4064 4064
361 1683130858 373 3703 3678 3657 3593 3635 3636 3604 4065 4065 4064 4064 4064 4064 4064 4064
362 1683130858 373 3702 3677 3657 3592 3635 3635 3603 4065 4065 4064 4064 4064 4064 4064 4064
363 1683130858 373 3705 3679 3658 3594 3637 3636 3604 4063 4063 4063 4063 4063 4063 4063 4063
364 1683130858 373 3704 3678 3658 3594 3636 3636 3604 4065 4065 4064 4064 4064 4064 4064 4064
365 1683130858 373 3703 3678 3657 3593 3635 3635 3603 4065 4065 4064 4064 4064 4064 4064 4064
366 1683130858 374 3703 3678 3657 3593 3635 3635 3604 4065 4065 4064 4064 4064 4064 4064 4064
367 1683130858 374 3704 3678 3657 3593 3635 3635 3604 4065 4065 4064 4064 4064 4064 4064 4064
368 1683130858 373 3703 3679 3658 3593 3636 3635 3604 4063 4063 4063 4063 4063 4063 4063 4063
369 1683130858 373 3703 3678 3657 3593 3636 3635 3603 4063 4063 4063 4063 4063 4063 4063 4063
370 1683130858 373 3702 3678 3658 3593 3635 3635 3603 79 79 79 82 78 79 78 79
371 1683130858 373 3703 3678 3658 3594 3636 3636 3604 4063 4063 4063 4063 4063 4063 4063 4063
372 1683130858 374 3703 3678 3657 3593 3635 3635 3603 4065 4063 4063 4063 4063 4063 4063 4063
373 1683130858 373 3705 3679 3659 3594 3636 3636 3605 4065 4063 4063 4063 4063 4063 4063 4063
374 1683130858 373 3704 3678 3658 3594 3637 3636 3604 4065 4065 4064 4064 4064 4064 4064 4064
375 1683130858 373 3703 3678 3657 3593 3636 3635 3603 4063 4063 4063 4063 4063 4063 4063 4063
376 1683130859 373 3703 3678 3657 3592 3635 3635 3604 4065 4065 4064 4064 4064 4064 4064 4064
377 1683130859 373 3703 3678 3657 3593 3635 3635 3604 4063 4063 4063 4063 4063 4063 4063 4063
378 1683130859 373 3704 3678 3657 3593 3635 3635 3604 4065 4065 4064 4064 4064 4064 4064 4064
379 1683130859 373 3701 3678 3657 3593 3635 3635 3603 4065 4065 4064 4064 4064 4064 4064 4064
380 1683130859 373 3704 3678 3658 3593 3636 3636 3604 4065 4065 4064 4064 4064 4064 4064 4064
381 1683130859 373 3704 3678 3657 3593 3635 3635 3603 4065 4065 4064 4064 4064 4064 4064 4064
382 1683130859 373 3704 3678 3657 3594 3636 3636 3604 4065 4065 4064 4064 4064 4064 4064 4064
383 1683130859 374 3705 3680 3659 3595 3637 3637 3605 4063 4063 4063 4063 4063 4063 4063 4063
384 1683130859 374 3703 3678 3657 3594 3636 3636 3604 4065 4063 4063 4063 4063 4063 4063 4063
385 1683130859 374 3702 3677 3656 3592 3636 3635 3604 4063 4063 4063 4063 4063 4063 4063 4063
386 1683130859 373 3703 3678 3657 3593 3635 3635 3603 4065 4065 4064 4064 4064 4064 4064 4064
387 1683130859 373 3704 3679 3658 3593 3635 3636 3604 4061 4061 4060 4060 4060 4060 4060 4060
388 1683130859 373 3704 3679 3659 3595 3637 3637 3605 4065 4065 4064 4064 4064 4064 4064 4064
389 1683130859 373 3704 3679 3658 3594 3637 3636 3604 4065 4065 4064 4064 4064 4064 4064 4064
390 1683130859 373 3704 3678 3658 3593 3636 3635 3603 4063 4063 4063 4063 4063 4063 4063 4063
391 1683130859 373 3705 3679 3658 3594 3636 3636 3605 4063 4063 4063 4063 4063 4063 4063 4063
392 1683130859 374 3704 3678 3657 3593 3635 3636 3604 4065 4065 4064 4064 4064 4064 4064 4064
393 1683130859 374 3703 3678 3656 3593 3635 3635 3604 4065 4065 4064 4064 4064 4064 4064 4064
394 1683130859 373 3704 3678 3657 3593 3636 3636 3604 4065 4065 4064 4064 4064 4064 4064 4064
395 1683130859 373 3704 3679 3658 3594 3637 3636 3604 4063 4063 4063 4063 4063 4063 4063 4063
396 1683130859 373 3704 3678 3657 3593 3636 3636 3605 4063 4063 4063 4063 4063 4063 4063 4063
397 1683130859 373 3703 3678 3658 3594 3636 3636 3604 4065 4063 4063 4063 4063 4063 4063 4063
398 1683130859 373 3705 3679 3658 3594 3637 3637 3605 4061 4061 4061 4061 4061 4061 4061 4061
399 1683130859 374 3703 3678 3657 3593 3636 3635 3604 4063 4063 4062 4062 4062 4062 4062 4062
400 1683130859 374 3704 3679 3658 3594 3637 3637 3605 4063 4063 4063 4063 4063 4063 4063 4063
401 1683130859 374 3703 3678 3658 3593 3636 3635 3603 79 79 79 83 78 79 78 79
402 1683130859 374 3704 3678 3657 3594 3636 3636 3604 4065 4065 4065 4065 4065 4065 4065 4065
403 1683130859 373 3704 3679 3658 3594 3637 3636 3604 4063 4063 4063 4063 4063 4063 4063 4063
404 1683130859 374 3704 3678 3657 3593 3636 3636 3604 4063 4063 4063 4063 4063 4063 4063 4063
405 1683130859 373 3704 3679 3658 3594 3636 3636 3604 4065 4065 4065 4065 4065 4065 4065 4065
406 1683130859 374 3704 3678 3658 3594 3637 3636 3605 4061 4061 4061 4061 4061 4061 4061 4061
407 1683130859 373 3704 3678 3657 3593 3636 3635 3604 4065 4065 4064 4064 4064 4064 4064 4064
408 1683130859 373 3704 3678 3657 3593 3636 3635 3604 4063 4063 4063 4063 4063 4063 4063 4063
409 1683130859 374 3703 3678 3658 3594 3637 3636 3604 4065 4065 4064 4064 4064 4064 4064 4064
410 1683130859 374 3704 3679 3658 3594 3636 3636 3605 4065 4065 4064 4064 4064 4064 4064 4064
411 1683130859 373 3704 3678 3657 3594 3636 3636 3604 80 80 80 84 79 80 79 80
412 1683130859 373 3703 3678 3657 3593 3636 3635 3604 4065 4065 4064 4064 4064 4064 4064 4064
413 1683130859 374 3703 3678 3657 3594 3636 3636 3604 4065 4065 4064 4064 4064 4064 4064 4064
414 1683130859 374 3704 3679 3659 3595 3637 3636 3604 4065 4065 4064 4064 4064 4064 4064 4064
415 1683130859 373 3705 3679 3658 3594 3637 3637 3605 4065 4063 4063 4063 4063 4063 4063 4063
416 1683130859 373 3704 3678 3657 3594 3636 3635 3603 90 90 90 93 88 90 89 90
417 1683130859 373 3703 3678 3657 3593 3636 3635 3603 81 80 81 84 79 81 79 81
418 1683130859 374 3703 3679 3658 3593 3635 3635 3603 4063 4063 4062 4062 4062 4062 4062 4062
419 1683130859 373 3703 3678 3657 3592 3635 3635 3603 4065 4065 4064 4064 4064 4064 4064 4064
420 1683130859 374 3703 3677 3656 3592 3634 3634 3603 4063 4063 4063 4063 4063 4063 4063 4063
421 1683130859 373 3704 3679 3658 3594 3636 3635 3604 4065 4063 4063 4063 4063 4063 4063 4063
422 1683130859 374 3704 3679 3658 3594 3636 3636 3604 81 80 81 84 79 81 79 81
423 1683130867 374 3702 3677 3656 3592 3634 3634 3603 4063 4063 4063 4063 4063 4063 4063 4063
424 1683130867 374 3703 3678 3657 3593 3635 3635 3603 4063 4061 4061 4061 4061 4061 4061 4061
425 1683130867 374 3702 3677 3657 3592 3635 3635 3603 4063 4063 4063 4063 4063 4063 4063 4063
426 1683130867 373 3703 3678 3658 3593 3635 3636 3604 4065 4063 4063 4063 4063 4063 4063 4063
427 1683130867 374 3703 3678 3657 3593 3636 3635 3603 4065 4065 4064 4064 4064 4064 4064 4064
428 1683130867 374 3703 3679 3658 3594 3636 3636 3604 4065 4065 4064 4064 4064 4064 4064 4064
429 1683130867 374 3703 3678 3657 3593 3635 3635 3603 4063 4063 4063 4063 4063 4063 4063 4063
430 1683130867 373 3704 3678 3657 3594 3636 3636 3604 4065 4065 4064 4064 4064 4064 4064 4064
431 1683130867 374 3704 3679 3658 3594 3636 3636 3604 78 78 78 81 76 78 76 78
432 1683130867 371 3702 3676 3655 3591 3634 3634 3602 4065 4065 4064 4064 4064 4064 4064 4064
433 1683130867 372 3701 3675 3655 3591 3633 3633 3601 4065 4065 4064 4064 4064 4064 4064 4064
434 1683130867 372 3701 3676 3655 3591 3633 3634 3602 4065 4065 4065 4065 4065 4065 4065 4065
435 1683130867 371 3702 3676 3656 3591 3633 3633 3602 4063 4063 4062 4062 4062 4062 4062 4062
436 1683130867 372 3701 3676 3655 3591 3633 3633 3601 4063 4063 4063 4063 4063 4063 4063 4063
437 1683130867 372 3702 3676 3655 3591 3633 3634 3601 4065 4065 4064 4064 4064 4064 4064 4064
438 1683130867 372 3702 3677 3656 3591 3634 3634 3602 4065 4065 4064 4064 4064 4064 4064 4064
439 1683130867 372 3700 3676 3655 3591 3634 3633 3601 4065 4065 4064 4064 4064 4064 4064 4064
440 1683130867 372 3702 3677 3656 3592 3635 3634 3602 4063 4063 4063 4063 4063 4063 4063 4063
441 1683130867 372 3702 3676 3655 3591 3633 3633 3602 4063 4063 4063 4063 4063 4063 4063 4063
442 1683130867 372 3701 3676 3656 3591 3634 3634 3602 4065 4065 4065 4065 4065 4065 4065 4065
443 1683130867 372 3700 3676 3656 3592 3634 3634 3602 79 79 79 82 77 79 77 79
444 1683130867 372 3702 3677 3656 3592 3635 3634 3603 4061 4061 4061 4061 4061 4061 4061 4061
445 1683130875 372 3701 3675 3655 3591 3633 3633 3601 4065 4065 4064 4064 4064 4064 4064 4064
446 1683130875 372 3701 3676 3656 3591 3634 3633 3601 4063 4063 4063 4063 4063 4063 4063 4063
447 1683130875 372 3701 3676 3655 3591 3633 3633 3601 4065 4065 4064 4064 4064 4064 4064 4064
448 1683130875 372 3702 3676 3655 3591 3634 3634 3602 4065 4065 4064 4064 4064 4064 4064 4064
449 1683130875 372 3701 3676 3655 3591 3633 3633 3601 4063 4063 4063 4063 4063 4063 4063 4063
450 1683130875 372 3702 3677 3656 3592 3634 3634 3602 4065 4065 4064 4064 4064 4064 4064 4064
451 1683130875 372 3701 3675 3655 3591 3633 3633 3601 4063 4063 4063 4063 4063 4063 4063 4063
452 1683130875 372 3700 3675 3655 3590 3633 3633 3601 4065 4065 4064 4064 4064 4064 4064 4064
453 1683130875 372 3702 3676 3656 3591 3634 3634 3602 4063 4063 4063 4063 4063 4063 4063 4063
454 1683130875 372 3702 3676 3655 3591 3633 3633 3601 4065 4065 4065 4065 4065 4065 4065 4065
455 1683130875 372 3702 3676 3655 3591 3633 3633 3601 4063 4063 4063 4063 4063 4063 4063 4063
456 1683130875 372 3702 3676 3655 3591 3633 3633 3602 4063 4063 4063 4063 4063 4063 4063 4063
457 1683130875 372 3701 3676 3656 3591 3634 3633 3602 4065 4065 4064 4064 4064 4064 4064 4064
458 1683130875 372 3700 3676 3654 3591 3633 3633 3601 4065 4065 4064 4064 4064 4064 4064 4064
459 1683130875 372 3701 3676 3655 3591 3634 3633 3602 4063 4063 4063 4063 4063 4063 4063 4063
460 1683130875 372 3701 3675 3655 3591 3633 3633 3602 4065 4065 4064 4064 4064 4064 4064 4064
461 1683130875 372 3702 3676 3656 3592 3634 3634 3602 4065 4065 4064 4064 4064 4064 4064 4064
462 1683130875 372 3702 3676 3656 3592 3634 3634 3602 79 78 78 82 77 78 77 78
463 1683130875 372 3701 3676 3655 3591 3634 3633 3601 78 78 77 81 76 77 76 77
464 1683130875 372 3702 3676 3655 3591 3634 3634 3602 4063 4063 4063 4063 4063 4063 4063 4063
465 1683130875 372 3701 3676 3655 3591 3633 3633 3602 4063 4063 4063 4063 4063 4063 4063 4063
466 1683130875 372 3701 3676 3655 3591 3634 3634 3602 4063 4063 4063 4063 4063 4063 4063 4063
467 1683130875 372 3702 3676 3655 3591 3634 3633 3602 4063 4063 4062 4062 4062 4062 4062 4062
468 1683130875 372 3702 3676 3655 3591 3634 3634 3602 4065 4065 4064 4064 4064 4064 4064 4064
469 1683130875 372 3702 3676 3656 3592 3634 3634 3602 4063 4063 4063 4063 4063 4063 4063 4063
470 1683130875 372 3704 3678 3657 3593 3635 3636 3604 4063 4063 4063 4063 4063 4063 4063 4063
471 1683130875 372 3702 3676 3655 3591 3633 3633 3602 4065 4065 4064 4064 4064 4064 4064 4064
472 1683130875 372 3702 3677 3655 3592 3634 3634 3603 4063 4063 4063 4063 4063 4063 4063 4063
473 1683130875 372 3701 3677 3656 3591 3634 3634 3602 4065 4065 4064 4064 4064 4064 4064 4064
474 1683130875 372 3701 3677 3656 3591 3634 3634 3602 4065 4065 4064 4064 4064 4064 4064 4064
475 1683130875 372 3702 3676 3656 3592 3634 3634 3603 4065 4065 4064 4064 4064 4064 4064 4064
476 1683130875 372 3701 3676 3655 3591 3634 3634 3602 4063 4063 4062 4062 4062 4062 4062 4062
477 1683130875 372 3701 3676 3655 3592 3634 3634 3602 4063 4063 4062 4062 4062 4062 4062 4062
478 1683130875 372 3701 3676 3655 3592 3634 3634 3602 4063 4063 4063 4063 4063 4063 4063 4063
479 1683130875 372 3701 3676 3656 3591 3634 3634 3602 4065 4065 4064 4064 4064 4064 4064 4064
480 1683130875 372 3702 3677 3655 3591 3634 3633 3602 4063 4063 4063 4063 4063 4063 4063 4063
481 1683130875 372 3703 3678 3657 3593 3635 3635 3603 4063 4063 4063 4063 4063 4063 4063 4063
482 1683130875 372 3703 3677 3656 3592 3634 3634 3602 4063 4063 4063 4063 4063 4063 4063 4063
483 1683130875 372 3702 3676 3656 3591 3635 3634 3603 4063 4063 4063 4063 4063 4063 4063 4063
484 1683130875 372 3702 3677 3656 3592 3634 3635 3602 4063 4063 4063 4063 4063 4063 4063 4063
485 1683130875 372 3701 3675 3655 3590 3633 3633 3601 4063 4063 4063 4063 4063 4063 4063 4063
486 1683130875 373 3701 3676 3655 3591 3633 3634 3601 77 77 76 80 75 76 75 76
487 1683130875 372 3701 3676 3655 3591 3634 3634 3602 4063 4063 4063 4063 4063 4063 4063 4063
488 1683130876 372 3702 3677 3656 3592 3635 3634 3603 4063 4063 4063 4063 4063 4063 4063 4063
489 1683130876 373 3701 3676 3655 3591 3633 3634 3602 80 80 80 84 79 80 79 80
490 1683130876 373 3700 3675 3654 3591 3633 3633 3601 4065 4063 4063 4063 4063 4063 4063 4063
491 1683130876 372 3701 3676 3656 3591 3634 3633 3602 4065 4065 4064 4064 4064 4064 4064 4064
492 1683130876 373 3702 3677 3655 3591 3635 3634 3603 4065 4065 4064 4064 4064 4064 4064 4064
493 1683130876 372 3702 3677 3656 3592 3634 3634 3602 4063 4063 4063 4063 4063 4063 4063 4063
494 1683130876 373 3702 3676 3656 3591 3634 3634 3602 4065 4065 4064 4064 4064 4064 4064 4064
495 1683130876 372 3702 3676 3656 3591 3634 3634 3602 4065 4065 4064 4064 4064 4064 4064 4064
496 1683130876 372 3703 3677 3656 3592 3635 3634 3602 4063 4063 4063 4063 4063 4063 4063 4063
497 1683130876 372 3703 3677 3656 3592 3635 3635 3603 4065 4065 4064 4064 4064 4064 4064 4064
498 1683130876 372 3703 3677 3656 3592 3634 3634 3602 4065 4065 4064 4064 4064 4064 4064 4064
499 1683130876 373 3703 3677 3656 3592 3635 3635 3603 4063 4063 4063 4063 4063 4063 4063 4063
500 1683130876 372 3702 3677 3656 3592 3635 3635 3603 4065 4065 4064 4064 4064 4064 4064 4064
501 1683130876 373 3703 3677 3656 3592 3635 3635 3603 4063 4063 4063 4063 4063 4063 4063 4063
502 1683130876 372 3703 3678 3657 3592 3635 3635 3603 4063 4063 4063 4063 4063 4063 4063 4063
503 1683130876 372 3703 3677 3656 3592 3635 3635 3603 4065 4063 4063 4063 4063 4063 4063 4063
504 1683130876 372 3702 3677 3656 3592 3634 3634 3603 4065 4065 4064 4064 4064 4064 4064 4064
505 1683130876 372 3702 3677 3656 3592 3635 3635 3603 4065 4065 4064 4064 4064 4064 4064 4064
506 1683130876 372 3700 3676 3656 3591 3634 3634 3602 4061 4061 4061 4061 4061 4061 4061 4061
507 1683130876 372 3702 3676 3655 3591 3634 3634 3602 4063 4063 4063 4063 4063 4063 4063 4063
508 1683130876 372 3702 3677 3655 3591 3634 3634 3602 4065 4065 4064 4064 4064 4064 4064 4064
509 1683130876 372 3701 3676 3655 3591 3634 3633 3602 4065 4065 4064 4064 4064 4064 4064 4064
510 1683130876 372 3702 3677 3656 3592 3634 3634 3602 79 79 79 83 78 79 78 79
511 1683130876 372 3703 3678 3657 3593 3635 3635 3603 4063 4063 4063 4063 4063 4063 4063 4063
512 1683130876 373 3702 3676 3656 3591 3634 3634 3602 4063 4063 4063 4063 4063 4063 4063 4063
513 1683130876 373 3703 3678 3657 3593 3635 3634 3603 78 77 77 81 76 77 76 77
514 1683130876 373 3702 3677 3657 3593 3635 3635 3603 4065 4065 4064 4064 4064 4064 4064 4064
515 1683130876 373 3703 3677 3656 3592 3635 3635 3603 4063 4063 4063 4063 4063 4063 4063 4063
516 1683130876 373 3703 3677 3656 3592 3635 3634 3602 4065 4063 4063 4063 4063 4063 4063 4063
517 1683130876 373 3702 3677 3656 3592 3634 3634 3603 4063 4063 4063 4063 4063 4063 4063 4063
518 1683130876 373 3703 3678 3657 3593 3635 3635 3604 4063 4063 4063 4063 4063 4063 4063 4063
519 1683130876 372 3702 3676 3655 3591 3633 3633 3602 4065 4065 4064 4064 4064 4064 4064 4064
520 1683130876 373 3702 3676 3655 3591 3634 3633 3602 4063 4063 4063 4063 4063 4063 4063 4063
521 1683130876 373 3701 3677 3656 3592 3635 3635 3602 4063 4063 4063 4063 4063 4063 4063 4063
522 1683130876 373 3702 3678 3656 3592 3634 3634 3602 4063 4063 4063 4063 4063 4063 4063 4063
523 1683130876 372 3703 3677 3656 3592 3634 3634 3602 4065 4065 4064 4064 4064 4064 4064 4064
524 1683130876 373 3702 3677 3656 3592 3635 3635 3603 4065 4065 4064 4064 4064 4064 4064 4064
525 1683130876 372 3702 3677 3656 3592 3634 3635 3602 4063 4063 4063 4063 4063 4063 4063 4063
526 1683130876 373 3702 3677 3656 3592 3634 3634 3602 4063 4063 4062 4062 4062 4062 4062 4062
527 1683130876 372 3703 3678 3656 3592 3635 3635 3603 4063 4063 4063 4063 4063 4063 4063 4063
528 1683130876 373 3703 3677 3656 3592 3635 3634 3603 4065 4065 4064 4064 4064 4064 4064 4064
529 1683130876 373 3703 3678 3658 3593 3635 3635 3603 4063 4063 4063 4063 4063 4063 4063 4063
530 1683130876 373 3703 3677 3657 3592 3635 3635 3603 4063 4063 4063 4063 4063 4063 4063 4063
531 1683130876 373 3703 3677 3657 3592 3635 3635 3603 4063 4063 4063 4063 4063 4063 4063 4063
532 1683130876 373 3704 3678 3658 3593 3636 3636 3604 4061 4061 4061 4061 4061 4061 4061 4061
533 1683130876 373 3702 3677 3655 3592 3634 3634 3602 4065 4065 4064 4064 4064 4064 4064 4064
534 1683130876 373 3702 3677 3656 3592 3634 3634 3603 4065 4065 4065 4065 4065 4065 4065 4065
535 1683130876 373 3703 3677 3656 3592 3635 3635 3603 4065 4065 4064 4064 4064 4064 4064 4064
536 1683130876 373 3702 3677 3656 3593 3635 3635 3603 4063 4063 4063 4063 4063 4063 4063 4063
537 1683130876 373 3703 3678 3656 3593 3635 3635 3603 4065 4065 4064 4064 4064 4064 4064 4064
538 1683130876 372 3703 3678 3657 3593 3635 3634 3603 4063 4063 4062 4062 4062 4062 4062 4062
539 1683130876 373 3703 3677 3656 3593 3635 3635 3603 4065 4065 4064 4064 4064 4064 4064 4064
540 1683130876 372 3702 3677 3656 3592 3634 3634 3603 4065 4065 4064 4064 4064 4064 4064 4064
541 1683130876 372 3704 3678 3658 3593 3636 3636 3604 4063 4063 4063 4063 4063 4063 4063 4063
542 1683130876 372 3704 3678 3657 3593 3635 3635 3603 4065 4065 4064 4064 4064 4064 4064 4064
543 1683130876 373 3701 3676 3655 3591 3633 3633 3602 4063 4063 4063 4063 4063 4063 4063 4063
544 1683130876 373 3702 3678 3657 3592 3635 3635 3603 4065 4065 4064 4064 4064 4064 4064 4064
545 1683130876 373 3703 3677 3657 3593 3635 3634 3603 4065 4065 4065 4065 4065 4065 4065 4065
546 1683130876 372 3702 3677 3656 3592 3634 3634 3603 4065 4065 4064 4064 4064 4064 4064 4064
547 1683130876 372 3703 3678 3656 3592 3634 3634 3602 4065 4065 4064 4064 4064 4064 4064 4064
548 1683130876 373 3702 3677 3657 3593 3635 3635 3603 4065 4065 4064 4064 4064 4064 4064 4064
549 1683130876 373 3703 3678 3657 3593 3635 3635 3603 4065 4065 4064 4064 4064 4064 4064 4064
550 1683130876 373 3703 3678 3657 3593 3635 3635 3603 4065 4065 4064 4064 4064 4064 4064 4064
551 1683130876 373 3703 3678 3657 3593 3635 3635 3602 4063 4063 4062 4062 4062 4062 4062 4062
552 1683130876 373 3702 3678 3657 3593 3635 3635 3603 4065 4065 4064 4064 4064 4064 4064 4064
553 1683130876 373 3702 3677 3656 3592 3634 3635 3603 4065 4065 4064 4064 4064 4064 4064 4064
554 1683130876 373 3703 3678 3657 3593 3635 3635 3603 4063 4063 4063 4063 4063 4063 4063 4063
555 1683130876 373 3703 3678 3657 3592 3635 3635 3603 4065 4065 4064 4064 4064 4064 4064 4064
556 1683130876 372 3703 3678 3657 3593 3635 3635 3603 4063 4063 4062 4062 4062 4062 4062 4062
557 1683130876 373 3702 3677 3656 3592 3634 3634 3602 4065 4065 4064 4064 4064 4064 4064 4064
558 1683130876 373 3703 3677 3657 3592 3635 3635 3603 4063 4063 4063 4063 4063 4063 4063 4063
559 1683130876 373 3702 3677 3656 3592 3634 3634 3602 4063 4063 4063 4063 4063 4063 4063 4063
560 1683130876 373 3702 3677 3657 3592 3635 3635 3603 4063 4063 4062 4062 4062 4062 4062 4062
561 1683130876 373 3703 3678 3657 3593 3635 3634 3603 4065 4065 4064 4064 4064 4064 4064 4064
562 1683130876 373 3704 3679 3658 3593 3636 3636 3604 4065 4063 4063 4063 4063 4063 4063 4063
563 1683130876 373 3703 3678 3657 3592 3635 3635 3603 4065 4063 4063 4063 4063 4063 4063 4063
564 1683130876 373 3703 3678 3657 3593 3635 3635 3603 81 81 81 85 80 81 80 81
565 1683130876 373 3705 408 3656 3595 3637 3636 3604 4063 4063 4063 4063 4063 4063 4063 4063
566 1683130876 373 3702 3677 3656 3593 3635 3635 3602 4063 4063 4063 4063 4063 4063 4063 4063
567 1683130877 373 3703 3678 3657 3593 3635 3635 3603 4063 4063 4063 4063 4063 4063 4063 4063
568 1683130877 373 3702 3678 3657 3593 3635 3635 3603 4065 4065 4065 4065 4065 4065 4065 4065
569 1683130877 373 3701 3677 3657 3592 3635 3635 3603 4063 4063 4063 4063 4063 4063 4063 4063
570 1683130877 373 3703 3678 3657 3593 3635 3636 3604 4065 4065 4065 4065 4065 4065 4065 4065
571 1683130877 373 3702 3677 3656 3592 3635 3635 3603 4063 4063 4063 4063 4063 4063 4063 4063
572 1683130877 373 3702 3677 3655 3591 3635 3634 3602 4065 4065 4064 4064 4064 4064 4064 4064
573 1683130877 373 3703 3677 3656 3593 3635 3635 3603 4065 4065 4064 4064 4064 4064 4064 4064
574 1683130877 373 3704 3678 3657 3593 3636 3635 3603 4063 4063 4063 4063 4063 4063 4063 4063
575 1683130877 372 3705 3680 3660 3595 3637 3637 3605 4065 4065 4064 4064 4064 4064 4064 4064
576 1683130877 373 3703 3678 3658 3593 3636 3636 3604 4063 4063 4063 4063 4063 4063 4063 4063
577 1683130877 373 3703 3678 3657 3593 3635 3635 3603 4065 4065 4064 4064 4064 4064 4064 4064
578 1683130877 373 3703 3677 3657 3592 3635 3635 3603 4063 4063 4063 4063 4063 4063 4063 4063
579 1683130877 372 3703 3678 3657 3593 3635 3635 3604 4063 4063 4063 4063 4063 4063 4063 4063
580 1683130877 373 3702 3678 3656 3592 3635 3635 3603 4063 4063 4063 4063 4063 4063 4063 4063
581 1683130877 373 3703 3678 3657 1690 3634 3635 3604 4065 4065 4065 4065 4065 4065 4065 4065
582 1683130877 373 3704 3679 3657 3593 3636 3635 3603 4065 4065 4064 4064 4064 4064 4064 4064
583 1683130877 373 3702 3677 3656 3592 3635 3634 3603 4065 4065 4064 4064 4064 4064 4064 4064
584 1683130877 373 3706 3680 3659 3595 3637 3638 3605 4063 4063 4063 4063 4063 4063 4063 4063
585 1683130877 373 3703 3678 3657 3593 3635 3635 3603 4065 4065 4064 4064 4064 4064 4064 4064
586 1683130877 373 3704 3678 3657 3593 3635 3635 3604 4065 4065 4064 4064 4064 4064 4064 4064
587 1683130877 373 3703 3677 3657 3592 3635 3635 3603 4065 4065 4064 4064 4064 4064 4064 4064
588 1683130877 373 3704 3678 3657 3593 3636 3635 3603 4063 4063 4063 4063 4063 4063 4063 4063
589 1683130877 373 3704 3678 3657 3593 3636 3636 3604 4063 4063 4063 4063 4063 4063 4063 4063
590 1683130877 373 3703 3678 3657 3593 3635 3635 3603 4065 4065 4064 4064 4064 4064 4064 4064
591 1683130877 372 3703 3678 3657 3592 3635 3635 3604 4063 4063 4063 4063 4063 4063 4063 4063
592 1683130877 373 3704 3679 3658 3594 3636 3635 3604 4063 4063 4063 4063 4063 4063 4063 4063
593 1683130877 373 3703 3678 3657 3593 3635 3635 3604 4063 4063 4063 4063 4063 4063 4063 4063
594 1683130877 373 3702 3678 3657 3593 3636 3636 3604 4065 4065 4064 4064 4064 4064 4064 4064
595 1683130877 372 3704 3679 3657 3593 3636 3636 3604 4063 4063 4063 4063 4063 4063 4063 4063
596 1683130877 373 3704 3678 3658 3594 3636 3636 3604 4065 4065 4064 4064 4064 4064 4064 4064
597 1683130877 373 3704 3678 3657 3593 3635 3636 3604 4065 4063 4063 4063 4063 4063 4063 4063
598 1683130877 373 3704 3679 3657 3594 3636 3636 3604 4065 4065 4064 4064 4064 4064 4064 4064
599 1683130877 373 3703 3678 3657 3593 3636 3636 3604 4065 4065 4064 4064 4064 4064 4064 4064
600 1683130877 374 3704 3679 3658 3594 3637 3636 3605 4065 4065 4064 4064 4064 4064 4064 4064
601 1683130877 373 3701 3678 3656 3592 3635 3634 3602 4065 4065 4064 4064 4064 4064 4064 4064
602 1683130877 373 3704 3678 3657 3593 3636 3635 3604 4067 4063 4063 4063 4063 4063 4063 4063
603 1683130877 373 3703 3678 3657 3593 3636 3635 3603 4063 4063 4063 4063 4063 4063 4063 4063
604 1683130877 372 3703 3678 3657 3592 3635 3635 3603 4065 4065 4064 4064 4064 4064 4064 4064
605 1683130877 373 3703 3678 3657 3593 3635 3635 3603 4065 4063 4063 4063 4063 4063 4063 4063
606 1683130877 373 3704 3679 3658 3593 3636 3636 3604 4065 4065 4064 4064 4064 4064 4064 4064
607 1683130877 373 3703 3678 3657 3593 3635 3635 3604 4065 4065 4064 4064 4064 4064 4064 4064
608 1683130877 373 3704 3679 3658 3594 3637 3637 3605 4063 4063 4063 4063 4063 4063 4063 4063
609 1683130877 373 3703 3678 3658 3593 3636 3636 3604 4065 4063 4063 4063 4063 4063 4063 4063
610 1683130877 373 3704 3679 3658 3594 3637 3637 3605 4065 4065 4064 4064 4064 4064 4064 4064
611 1683130877 373 3704 3679 3658 3594 3636 3636 3605 4065 4065 4064 4064 4064 4064 4064 4064
612 1683130877 373 3704 3679 3658 3593 3636 3636 3605 4063 4063 4063 4063 4063 4063 4063 4063
613 1683130877 373 3703 3677 3657 3593 3635 3635 3603 4063 4063 4063 4063 4063 4063 4063 4063
614 1683130877 373 3704 3679 3657 3593 3636 3636 3604 4063 4063 4063 4063 4063 4063 4063 4063
615 1683130877 373 3703 3678 3658 3594 3636 3636 3604 4063 4063 4063 4063 4063 4063 4063 4063
616 1683130877 373 3704 3678 3657 3593 3635 3636 3603 4065 4065 4064 4064 4064 4064 4064 4064
617 1683130877 373 3704 3678 3657 3593 3636 3636 3605 4063 4063 4063 4063 4063 4063 4063 4063
618 1683130877 373 3704 3679 3658 3593 3636 3635 3604 4063 4063 4063 4063 4063 4063 4063 4063
619 1683130877 373 3703 3677 3656 3592 3634 3634 3603 4063 4063 4063 4063 4063 4063 4063 4063
620 1683130877 374 3704 3678 3657 3593 3636 3635 3604 4063 4063 4063 4063 4063 4063 4063 4063
621 1683130877 373 3704 3678 3657 3594 3636 3636 3605 4063 4063 4063 4063 4063 4063 4063 4063
622 1683130877 373 3704 3679 3658 3594 3636 3636 3604 4065 4065 4064 4064 4064 4064 4064 4064
623 1683130877 374 3703 3678 3657 3593 3635 3635 3603 4065 4065 4064 4064 4064 4064 4064 4064
624 1683130877 373 3703 3678 3657 3593 3636 3636 3604 4065 4065 4064 4064 4064 4064 4064 4064
625 1683130877 373 3705 3679 3658 3594 3637 3636 3605 4065 4065 4065 4065 4065 4065 4065 4065
626 1683130877 373 3703 3678 3658 3593 3635 3635 3604 4063 4063 4063 4063 4063 4063 4063 4063
627 1683130877 373 3704 3679 3658 3594 3637 3637 3605 4065 4065 4064 4064 4064 4064 4064 4064
628 1683130877 374 3703 3677 3657 3592 3635 3636 3603 4063 4063 4063 4063 4063 4063 4063 4063
629 1683130877 373 3704 3678 3658 3593 3636 3636 3604 4063 4063 4063 4063 4063 4063 4063 4063
630 1683130877 373 3704 3678 3658 3593 3636 3636 3604 4065 4063 4063 4063 4063 4063 4063 4063
631 1683130877 374 3703 3679 3658 3594 3637 3636 3604 80 79 80 83 78 79 78 80
632 1683130877 373 3702 3678 3658 3593 3636 3636 3604 4065 4065 4064 4064 4064 4064 4064 4064
633 1683130877 373 3703 3678 3657 3593 3636 3635 3604 4065 4065 4064 4064 4064 4064 4064 4064
634 1683130877 374 3704 3678 3657 3593 3636 3635 3604 4065 4065 4064 4064 4064 4064 4064 4064
635 1683130877 373 3703 3678 3658 3593 3636 3636 3604 4065 4065 4065 4065 4065 4065 4065 4065
636 1683130877 373 3704 3679 3657 3593 3636 3635 3604 4063 4063 4063 4063 4063 4063 4063 4063
637 1683130877 373 3705 3679 3659 3594 3636 3636 3605 4063 4063 4063 4063 4063 4063 4063 4063
638 1683130877 373 3704 3679 3658 3594 3637 3637 3605 4063 4063 4063 4063 4063 4063 4063 4063
639 1683130877 373 3703 3678 3657 3593 3635 3635 3603 4063 4063 4063 4063 4063 4063 4063 4063
640 1683130877 374 3703 3678 3657 3593 3636 3636 3604 4065 4065 4064 4064 4064 4064 4064 4064
641 1683130877 374 3703 3678 3658 3593 3636 3636 3604 4065 4065 4064 4064 4064 4064 4064 4064
642 1683130877 374 3704 3678 3658 3594 3635 3635 3603 4065 4065 4064 4064 4064 4064 4064 4064
643 1683130877 373 3704 3678 3657 3593 3635 3636 3604 4065 4065 4064 4064 4064 4064 4064 4064
644 1683130877 373 3704 3678 3658 3593 3636 3636 3604 4065 4065 4064 4064 4064 4064 4064 4064
645 1683130877 373 3704 3679 3658 3594 3636 3636 3604 4063 4063 4063 4063 4063 4063 4063 4063
646 1683130877 373 3703 3678 3657 3593 3635 3635 3604 4063 4063 4063 4063 4063 4063 4063 4063
647 1683130877 373 3703 3679 3658 3593 3636 3636 3604 4063 4063 4063 4063 4063 4063 4063 4063
648 1683130877 373 3704 3679 3658 3594 3636 3636 3605 4065 4065 4064 4064 4064 4064 4064 4064
649 1683130877 373 3704 3679 3657 3593 3636 3636 3604 4065 4065 4064 4064 4064 4064 4064 4064
650 1683130877 373 3703 3678 3656 3593 3635 3635 3603 4063 4063 4063 4063 4063 4063 4063 4063
651 1683130878 373 3704 3679 3658 3594 3637 3637 3604 4063 4063 4063 4063 4063 4063 4063 4063
652 1683130878 374 3703 3678 3657 3593 3635 3635 3603 4063 4063 4063 4063 4063 4063 4063 4063
653 1683130878 374 3703 3678 3657 3593 3635 3635 3604 4065 4065 4064 4064 4064 4064 4064 4064
654 1683130878 373 3704 3679 3658 3594 3636 3637 3605 4065 4065 4064 4064 4064 4064 4064 4064
655 1683130878 374 3705 3679 3658 3594 3637 3637 3605 4063 4063 4063 4063 4063 4063 4063 4063
656 1683130878 374 3704 3679 3658 3594 3637 3637 3605 4065 4063 4063 4063 4063 4063 4063 4063
657 1683130878 374 3704 3678 3657 3593 3636 3635 3604 4063 4063 4063 4063 4063 4063 4063 4063
658 1683130878 373 3704 3678 3658 3593 3636 3636 3604 4063 4063 4063 4063 4063 4063 4063 4063
659 1683130878 374 3704 3679 3658 3594 3636 3636 3604 4063 4063 4063 4063 4063 4063 4063 4063
660 1683130878 374 3704 3678 3658 3594 3636 3636 3604 4063 4063 4063 4063 4063 4063 4063 4063
661 1683130878 373 3704 3679 3658 3594 3637 3636 3604 4063 4063 4063 4063 4063 4063 4063 4063
662 1683130878 373 3704 3679 3658 3594 3637 3636 3605 4065 4065 4064 4064 4064 4064 4064 4064
663 1683130878 374 3703 3678 3658 3594 3635 3636 3604 4065 4065 4064 4064 4064 4064 4064 4064
664 1683130878 374 3704 3679 3658 3594 3636 3636 3604 73 73 73 77 72 73 72 73
665 1683130878 373 3704 3679 3658 3594 3636 3636 3605 4063 4063 4063 4063 4063 4063 4063 4063
666 1683130878 373 3704 3679 3658 3593 3636 3636 3605 4063 4063 4062 4062 4062 4062 4062 4062
667 1683130878 374 3705 3679 3658 3594 3637 3637 3605 4065 4065 4064 4064 4064 4064 4064 4064
668 1683130878 374 3703 3678 3657 3593 3635 3635 3604 4065 4065 4064 4064 4064 4064 4064 4064
669 1683130878 373 3704 3679 3658 3594 3636 3636 3604 4065 4065 4064 4064 4064 4064 4064 4064
670 1683130878 374 3704 3678 3658 3594 3636 3635 3604 4065 4065 4064 4064 4064 4064 4064 4064
671 1683130878 373 3705 3680 3659 3594 3637 3637 3605 4063 4063 4063 4063 4063 4063 4063 4063
672 1683130878 374 3704 3678 3657 3593 3636 3636 3603 4065 4065 4064 4064 4064 4064 4064 4064
673 1683130878 373 3704 3678 3658 3593 3636 3636 3604 4065 4063 4063 4063 4063 4063 4063 4063
674 1683130878 374 3705 3679 3659 3595 3637 3637 3604 4065 4065 4064 4064 4064 4064 4064 4064
675 1683130878 374 3704 3679 3658 3594 3636 3636 3604 4065 4065 4064 4064 4064 4064 4064 4064
676 1683130878 374 3703 3678 3657 3593 3636 3636 3604 4063 4063 4063 4063 4063 4063 4063 4063
677 1683130878 374 3704 3679 3658 3594 3636 3636 3604 4063 4063 4063 4063 4063 4063 4063 4063
678 1683130878 374 3704 3679 3658 3594 3636 3636 3604 4063 4063 4063 4063 4063 4063 4063 4063
679 1683130878 373 3703 3679 3658 3594 3636 3636 3604 4063 4063 4063 4063 4063 4063 4063 4063
680 1683130878 374 3704 3679 3658 3594 3637 3637 3605 4063 4063 4063 4063 4063 4063 4063 4063
681 1683130878 373 3705 3679 3658 3594 3636 3637 3605 4065 4065 4064 4064 4064 4064 4064 4064
682 1683130878 373 3704 3679 3658 3594 3637 3636 3604 4065 4063 4063 4063 4063 4063 4063 4063
683 1683130878 374 3704 3679 3659 3594 3637 3636 3605 4065 4065 4064 4064 4064 4064 4064 4064
684 1683130878 374 3705 3679 3659 3594 3637 3636 3604 4065 4065 4064 4064 4064 4064 4064 4064
685 1683130878 374 3704 3678 3658 3593 3635 3635 3604 4063 4063 4063 4063 4063 4063 4063 4063
686 1683130878 374 3704 3678 3658 3594 3636 3636 3604 4065 4065 4064 4064 4064 4064 4064 4064
687 1683130878 372 3701 3676 3655 3592 3634 3634 3602 77 76 76 80 75 76 75 76
688 1683130878 372 3702 3678 3657 3593 3635 3634 3603 4063 4063 4063 4063 4063 4063 4063 4063
689 1683130878 372 3702 3677 3656 3591 3633 3634 3602 4065 4065 4064 4064 4064 4064 4064 4064
690 1683130878 372 3704 3678 3657 3593 3636 3636 3603 4065 4065 4064 4064 4064 4064 4064 4064
691 1683130878 372 3702 3676 3656 3591 3634 3634 3602 4063 4063 4063 4063 4063 4063 4063 4063
692 1683130878 372 3702 3677 3656 3592 3634 3634 3602 75 75 75 78 74 75 74 75
693 1683130878 372 3702 3677 3656 3592 3635 3635 3602 4063 4063 4063 4063 4063 4063 4063 4063
694 1683130878 372 3703 3677 3657 3593 3635 3635 3603 4063 4063 4063 4063 4063 4063 4063 4063
695 1683130878 372 3701 3676 3656 3591 3633 3633 3601 4063 4063 4062 4062 4062 4062 4062 4062
696 1683130878 372 3702 3677 3656 3592 3634 3635 3602 4063 4063 4063 4063 4063 4063 4063 4063
697 1683130878 372 3701 3677 3656 3592 3634 3634 3602 4063 4063 4063 4063 4063 4063 4063 4063
698 1683130878 372 3700 3677 3655 3591 3634 3634 3602 4065 4065 4064 4064 4064 4064 4064 4064
699 1683130878 372 3702 3676 3656 3592 3634 3634 3603 4065 4065 4064 4064 4064 4064 4064 4064
700 1683130878 372 3702 3676 3655 3591 3634 3634 3602 4063 4063 4063 4063 4063 4063 4063 4063
701 1683130878 372 3702 3677 3655 3591 3633 3633 3601 79 78 78 82 77 78 77 79
702 1683130878 372 3702 3677 3656 3592 3634 3634 3602 4065 4065 4065 4065 4065 4065 4065 4065
703 1683130878 372 3702 3676 3656 3592 3633 3633 3602 4063 4063 4062 4062 4062 4062 4062 4062
704 1683130878 373 3702 3677 3656 3592 3634 3634 3602 4065 4065 4064 4064 4064 4064 4064 4064
705 1683130878 372 3701 3676 3656 3591 3634 3634 3602 4065 4063 4063 4063 4063 4063 4063 4063
706 1683130878 372 3702 3677 3656 3592 3635 3635 3603 4065 4065 4064 4064 4064 4064 4064 4064
707 1683130878 372 3702 3676 3656 3591 3634 3634 3602 4065 4065 4065 4065 4065 4065 4065 4065
708 1683130878 372 3702 3677 3656 3592 3634 3634 3602 4065 4065 4064 4064 4064 4064 4064 4064
709 1683130878 373 3701 3677 3656 3591 3634 3634 3602 4063 4063 4063 4063 4063 4063 4063 4063
710 1683130878 372 3703 3677 3656 3593 3635 3635 3604 4065 4065 4064 4064 4064 4064 4064 4064
711 1683130878 372 3702 3677 3656 3592 3634 3635 3603 4065 4065 4064 4064 4064 4064 4064 4064
712 1683130878 373 3702 3677 3656 3593 3635 3635 3603 4065 4065 4064 4064 4064 4064 4064 4064
713 1683130878 372 3701 3677 3656 3592 3634 3634 3602 4065 4063 4063 4063 4063 4063 4063 4063
714 1683130878 372 3703 3677 3656 3592 3635 3634 3603 78 78 78 81 76 78 76 78
715 1683130878 372 3702 3676 3656 3592 3634 3634 3602 4063 4063 4062 4062 4062 4062 4062 4062
716 1683130878 372 3704 3679 3658 3593 3636 3636 3604 4065 4065 4064 4064 4064 4064 4064 4064
717 1683130878 372 3703 3677 3657 3592 3635 3635 3603 4065 4065 4064 4064 4064 4064 4064 4064
718 1683130878 372 3703 3677 3656 3592 3635 3635 3603 4063 4063 4063 4063 4063 4063 4063 4063
719 1683130878 372 3702 3677 3656 3592 3634 3633 3602 4065 4065 4064 4064 4064 4064 4064 4064
720 1683130878 372 3702 3676 3655 3591 3634 3634 3602 4063 4063 4062 4062 4062 4062 4062 4062
721 1683130878 372 3702 3677 3656 3592 3635 3635 3603 4065 4065 4064 4064 4064 4064 4064 4064
722 1683130878 372 3702 3677 3656 3592 3634 3635 3603 4065 4063 4063 4063 4063 4063 4063 4063
723 1683130878 372 3702 3676 3656 3592 3634 3634 3602 4063 4063 4063 4063 4063 4063 4063 4063
724 1683130878 372 3702 3677 3656 3592 3634 3634 3602 4065 4065 4064 4064 4064 4064 4064 4064
725 1683130878 372 3702 3677 3655 3592 3634 3634 3601 4063 4063 4063 4063 4063 4063 4063 4063
726 1683130878 372 3703 3677 3657 3592 3635 3634 3602 4065 4065 4064 4064 4064 4064 4064 4064
727 1683130878 373 3703 3677 3656 3592 3635 3635 3602 4065 4065 4064 4064 4064 4064 4064 4064
728 1683130878 372 3701 3676 3655 3591 3633 3633 3601 4065 4065 4064 4064 4064 4064 4064 4064
729 1683130878 372 3701 3678 3657 3593 3635 3635 3603 4063 4063 4063 4063 4063 4063 4063 4063
730 1683130878 372 3702 3677 3656 3592 3634 3634 3602 4065 4065 4064 4064 4064 4064 4064 4064
731 1683130878 372 3703 3678 3656 3593 3635 3635 3603 4065 4065 4064 4064 4064 4064 4064 4064
732 1683130878 372 3702 3677 3656 3592 3634 3634 3602 4065 4065 4064 4064 4064 4064 4064 4064
733 1683130878 372 3702 3677 3656 3592 3634 3634 3602 4065 4065 4064 4064 4064 4064 4064 4064
734 1683130878 372 3701 3676 3655 3591 3633 3633 3602 4065 4065 4064 4064 4064 4064 4064 4064
735 1683130878 372 3703 3677 3656 3592 3635 3635 3603 4065 4065 4064 4064 4064 4064 4064 4064
736 1683130878 373 3702 3677 3656 3592 3635 3635 3603 4063 4063 4063 4063 4063 4063 4063 4063
737 1683130878 372 3703 3678 3656 3593 3635 3635 3602 4065 4065 4064 4064 4064 4064 4064 4064
738 1683130878 373 3702 3677 3657 3592 3635 3635 3603 4065 4065 4064 4064 4064 4064 4064 4064
739 1683130878 372 3703 3677 3656 3592 3634 3635 3603 4063 4063 4063 4063 4063 4063 4063 4063
740 1683130879 372 3703 3677 3657 3592 3634 3634 3602 4061 4061 4060 4060 4060 4060 4060 4060
741 1683130879 372 3703 3677 3656 3592 3634 3634 3602 4063 4063 4063 4063 4063 4063 4063 4063
742 1683130879 372 3702 3677 3655 3591 3633 3633 3602 78 78 77 81 76 77 76 77
743 1683130879 372 3703 3677 3656 3592 3634 3634 3603 4065 4065 4064 4064 4064 4064 4064 4064
744 1683130879 372 3702 3677 3656 3592 3634 3635 3602 4065 4065 4064 4064 4064 4064 4064 4064
745 1683130879 372 3703 3677 3657 3592 3635 3635 3603 4063 4063 4063 4063 4063 4063 4063 4063
746 1683130879 372 3702 3677 3656 3592 3635 3635 3602 4065 4065 4064 4064 4064 4064 4064 4064
747 1683130879 372 3702 3677 3656 3592 3634 3634 3603 4063 4063 4063 4063 4063 4063 4063 4063
748 1683130879 372 3702 3677 3656 3592 3634 3634 3602 4063 4063 4063 4063 4063 4063 4063 4063
749 1683130879 373 3703 3678 3657 3592 3635 3635 3603 4065 4065 4064 4064 4064 4064 4064 4064
750 1683130879 372 3702 3677 3656 3592 3635 3634 3602 4063 4063 4063 4063 4063 4063 4063 4063
751 1683130879 372 3703 3677 3656 3592 3635 3634 3603 4065 4065 4064 4064 4064 4064 4064 4064
752 1683130879 372 3703 3677 3656 3593 3635 3635 3603 4065 4065 4064 4064 4064 4064 4064 4064
753 1683130879 373 3703 3677 3657 3592 3635 3634 3603 4061 4061 4061 4061 4061 4061 4061 4061
754 1683130879 373 3702 3677 3656 3592 3634 3634 3602 4065 4065 4064 4064 4064 4064 4064 4064
755 1683130879 372 3703 3677 3656 3592 3635 3635 3602 4063 4063 4063 4063 4063 4063 4063 4063
756 1683130879 372 3703 3677 3657 3592 3635 3635 3603 4065 4065 4064 4064 4064 4064 4064 4064
757 1683130879 372 3703 3677 3656 3592 3634 3634 3603 4065 4065 4064 4064 4064 4064 4064 4064
758 1683130879 372 3703 3678 3657 3592 3635 3635 3603 4063 4063 4062 4062 4062 4062 4062 4062
759 1683130879 373 3703 3677 3657 3592 3634 3634 3602 4063 4063 4063 4063 4063 4063 4063 4063
760 1683130879 373 3702 3677 3656 3593 3635 3635 3603 4063 4063 4063 4063 4063 4063 4063 4063
761 1683130879 373 3703 3677 3656 3592 3634 3635 3603 4063 4063 4063 4063 4063 4063 4063 4063
762 1683130879 373 3702 3677 3656 3592 3635 3634 3603 4065 4063 4063 4063 4063 4063 4063 4063
763 1683130879 373 3703 3677 3656 3592 3635 3634 3603 4065 4065 4064 4064 4064 4064 4064 4064
764 1683130879 373 3702 3677 3656 3592 3634 3634 3603 4063 4063 4063 4063 4063 4063 4063 4063
765 1683130879 373 3702 3677 3656 3592 3635 3635 3603 4065 4065 4064 4064 4064 4064 4064 4064
766 1683130879 372 3703 3678 3657 3593 3635 3635 3603 4063 4063 4063 4063 4063 4063 4063 4063
767 1683130879 372 3703 3677 3656 3592 3634 3634 3602 4063 4063 4063 4063 4063 4063 4063 4063
768 1683130879 373 3703 3678 3657 3592 3635 3635 3603 4063 4063 4062 4062 4062 4062 4062 4062
769 1683130879 372 3703 3677 3656 3592 3634 3634 3602 4065 4065 4064 4064 4064 4064 4064 4064
770 1683130879 373 3703 3678 3657 3593 3635 3635 3603 78 78 78 82 77 78 77 78
771 1683130879 372 3703 3677 3656 3592 3635 3635 3603 4061 4061 4060 4060 4060 4060 4060 4060
772 1683130879 372 3703 3677 3657 3593 3635 3635 3603 4063 4063 4063 4063 4063 4063 4063 4063
773 1683130879 373 3703 3678 3657 3593 3635 3635 3603 4065 4065 4064 4064 4064 4064 4064 4064
774 1683130879 373 3703 3677 3657 3593 3635 3636 3603 4065 4065 4064 4064 4064 4064 4064 4064
775 1683130879 373 3703 3678 3657 3593 3635 3635 3603 4063 4063 4062 4062 4062 4062 4062 4062
776 1683130879 372 3702 3677 3657 3592 3634 3634 3603 4063 4063 4063 4063 4063 4063 4063 4063
777 1683130879 372 3703 3677 3657 3593 3635 3635 3603 4063 4063 4063 4063 4063 4063 4063 4063
778 1683130879 373 3702 3677 3656 3592 3635 3634 3602 4063 4063 4063 4063 4063 4063 4063 4063
779 1683130879 373 3703 3677 3656 3592 3635 3634 3603 4065 4065 4064 4064 4064 4064 4064 4064
780 1683130879 372 3703 3678 3657 3593 3636 3635 3603 4063 4063 4063 4063 4063 4063 4063 4063
781 1683130887 373 3702 3676 3656 3591 3634 3633 3601 4063 4063 4062 4062 4062 4062 4062 4062
782 1683130887 372 3703 3677 3657 3592 3635 3635 3603 4063 4063 4063 4063 4063 4063 4063 4063
783 1683130887 373 3702 3677 3656 3592 3634 3634 3603 4063 4063 4063 4063 4063 4063 4063 4063
784 1683130887 372 3703 3678 3657 3592 3635 3634 3602 4063 4063 4063 4063 4063 4063 4063 4063
785 1683130887 373 3702 3677 3655 3592 3634 3634 3602 79 79 79 83 78 79 78 79
786 1683130887 372 3702 3677 3656 3592 3634 3633 3602 4063 4063 4063 4063 4063 4063 4063 4063
787 1683130887 372 3702 3676 3656 3592 3635 3634 3602 4063 4063 4063 4063 4063 4063 4063 4063
788 1683130887 373 3702 3677 3656 3591 3634 3634 3602 4065 4065 4064 4064 4064 4064 4064 4064
789 1683130887 373 3702 3676 3656 3592 3634 3634 3603 4067 4065 4065 4065 4065 4065 4065 4065
790 1683130887 373 3703 3677 3656 3592 3635 3634 3603 4063 4063 4063 4063 4063 4063 4063 4063
791 1683130887 372 3702 3677 3656 3592 3634 3634 3602 4063 4063 4063 4063 4063 4063 4063 4063
792 1683130887 373 3701 3677 3656 3592 3634 3634 3602 4065 4065 4064 4064 4064 4064 4064 4064
793 1683130887 373 3703 3678 3657 3593 3636 3636 3604 78 78 77 81 76 77 76 77
794 1683130887 373 3703 3678 3657 3593 3635 3635 3603 4065 4065 4065 4065 4065 4065 4065 4065
795 1683130887 373 3702 3677 3656 3592 3635 3634 3603 4063 4063 4062 4062 4062 4062 4062 4062
796 1683130887 373 3701 3676 3655 3591 3633 3633 3602 4065 4065 4064 4064 4064 4064 4064 4064
797 1683130887 372 3704 3678 3657 3593 3636 3636 3604 4065 4065 4064 4064 4064 4064 4064 4064
798 1683130887 373 3701 3677 3656 3592 3635 3634 3602 4065 4065 4064 4064 4064 4064 4064 4064
799 1683130887 373 3703 3678 3657 3592 3635 3635 3603 4065 4065 4064 4064 4064 4064 4064 4064
800 1683130887 373 3703 3678 3657 3592 3635 3635 3603 4065 4065 4064 4064 4064 4064 4064 4064
801 1683130887 372 3703 3677 3657 3592 3635 3634 3603 4063 4063 4063 4063 4063 4063 4063 4063
802 1683130887 373 3703 3677 3657 3592 3635 3634 3602 4065 4063 4063 4063 4063 4063 4063 4063
803 1683130887 372 3703 3678 3657 3593 3635 3635 3603 4063 4063 4063 4063 4063 4063 4063 4063
804 1683130887 372 3703 3677 3656 3592 3634 3634 3602 4063 4063 4063 4063 4063 4063 4063 4063
805 1683130887 373 3702 3677 3656 3592 3635 3634 3603 4063 4063 4063 4063 4063 4063 4063 4063
806 1683130887 373 3703 3678 3656 3593 3635 3635 3603 78 78 78 82 77 78 77 78
807 1683130887 373 3704 3678 3657 3593 3636 3636 3603 4063 4063 4063 4063 4063 4063 4063 4063
808 1683130887 373 3703 3678 3658 3593 3635 3635 3603 4065 4065 4064 4064 4064 4064 4064 4064
809 1683130887 373 3703 3678 3656 3592 3635 3635 3603 4065 4065 4064 4064 4064 4064 4064 4064
810 1683130887 373 3703 3678 3656 3592 3635 3635 3603 4063 4063 4063 4063 4063 4063 4063 4063
811 1683130887 373 3702 3677 3657 3592 3635 3635 3603 4065 4065 4064 4064 4064 4064 4064 4064
812 1683130887 373 3702 3677 3656 3592 3635 3634 3603 4063 4063 4062 4062 4062 4062 4062 4062
813 1683130887 373 3703 3677 3657 3593 3635 3635 3603 4065 4065 4064 4064 4064 4064 4064 4064
814 1683130887 372 3703 3678 3657 3593 3635 3635 3603 4065 4065 4064 4064 4064 4064 4064 4064
815 1683130887 373 3702 3677 3656 3592 3635 3635 3603 4065 4065 4064 4064 4064 4064 4064 4064
816 1683130887 373 3703 3678 3656 3593 3635 3635 3603 4063 4063 4063 4063 4063 4063 4063 4063
817 1683130887 373 3703 3677 3657 3593 3635 3635 3603 4065 4065 4064 4064 4064 4064 4064 4064
818 1683130887 373 3703 3678 3657 3593 3636 3636 3604 4063 4063 4063 4063 4063 4063 4063 4063
819 1683130887 372 3704 3679 3657 3594 3636 3636 3604 4065 4065 4064 4064 4064 4064 4064 4064
820 1683130887 373 3703 3677 3657 3593 3635 3635 3603 4065 4065 4064 4064 4064 4064 4064 4064
821 1683130887 373 3704 3678 3657 3593 3635 3635 3603 4063 4063 4063 4063 4063 4063 4063 4063
822 1683130887 373 3703 3677 3656 3592 3635 3635 3603 4065 4065 4064 4064 4064 4064 4064 4064
823 1683130887 373 3702 3678 3657 3593 3636 3636 3604 4063 4063 4063 4063 4063 4063 4063 4063
824 1683130895 373 3700 3676 3656 3592 3634 3634 3602 4065 4065 4064 4064 4064 4064 4064 4064
825 1683130903 373 3702 3677 3656 3592 3635 3634 3602 4065 4065 4064 4064 4064 4064 4064 4064
826 1683130903 373 3703 3677 3656 3592 3634 3635 3603 80 80 81 84 79 80 79 81
827 1683130903 373 3703 3678 3657 3593 3635 3635 3603 4065 4065 4064 4064 4064 4064 4064 4064
828 1683130903 373 3703 3678 3657 3593 3635 3635 3603 4063 4063 4063 4063 4063 4063 4063 4063
829 1683130903 373 3702 3677 3656 3592 3634 3635 3602 4065 4065 4064 4064 4064 4064 4064 4064
830 1683130903 373 3703 3678 3658 3593 3635 3635 3603 4063 4063 4063 4063 4063 4063 4063 4063
831 1683130903 373 3702 3677 3656 3592 3634 3635 3603 4065 4065 4064 4064 4064 4064 4064 4064
832 1683130903 373 3703 3677 3656 3592 3635 3635 3604 4063 4063 4063 4063 4063 4063 4063 4063
833 1683130903 373 3703 3678 3658 3594 3636 3636 3603 4063 4063 4063 4063 4063 4063 4063 4063
834 1683130903 373 3702 3677 3657 3592 3635 3635 3603 4063 4063 4063 4063 4063 4063 4063 4063
835 1683130903 373 3702 3677 3657 3593 3635 3635 3603 4065 4065 4064 4064 4064 4064 4064 4064
836 1683130903 373 3703 3677 3657 3593 3636 3636 3604 4065 4065 4064 4064 4064 4064 4064 4064
837 1683130903 373 3702 3678 3657 3593 3636 3636 3604 4065 4065 4064 4064 4064 4064 4064 4064
838 1683130903 373 3704 3678 3658 3593 3635 3636 3604 4065 4065 4064 4064 4064 4064 4064 4064
839 1683130903 373 3703 3678 3657 3593 3635 3635 3603 4065 4065 4064 4064 4064 4064 4064 4064
840 1683130903 373 3703 3677 3656 3592 3634 3634 3602 4065 4065 4065 4065 4065 4065 4065 4065
841 1683130903 373 3702 3677 3656 3593 3635 3635 3603 4065 4065 4064 4064 4064 4064 4064 4064
842 1683130903 372 3704 3678 3658 3594 3636 3636 3604 4063 4063 4063 4063 4063 4063 4063 4063
843 1683130903 373 3703 3677 3657 3592 3635 3635 3603 4065 4065 4064 4064 4064 4064 4064 4064
844 1683130903 373 3703 3678 3657 3593 3636 3636 3603 4063 4063 4063 4063 4063 4063 4063 4063
845 1683130903 373 3702 3678 3657 3593 3635 3634 3602 4065 4065 4064 4064 4064 4064 4064 4064
846 1683130903 373 3703 3678 3657 3593 3635 3636 3604 4063 4063 4063 4063 4063 4063 4063 4063
847 1683130903 373 3703 3677 3657 3593 3635 3635 3604 4063 4063 4063 4063 4063 4063 4063 4063
848 1683130903 373 3703 3678 3658 3594 3636 3636 3604 4065 4065 4065 4065 4065 4065 4065 4065
849 1683130903 373 3703 3678 3657 3593 3635 3635 3604 4065 4065 4064 4064 4064 4064 4064 4064
850 1683130903 373 3704 3678 3657 3594 3635 3635 3604 4065 4065 4064 4064 4064 4064 4064 4064
851 1683130903 373 3703 3678 3657 3593 3636 3635 3604 4063 4063 4063 4063 4063 4063 4063 4063
852 1683130903 373 3703 3678 3657 3593 3636 3635 3604 4063 4063 4063 4063 4063 4063 4063 4063
853 1683130903 373 3704 3678 3657 3593 3635 3636 3604 4063 4063 4063 4063 4063 4063 4063 4063
854 1683130903 373 3703 3678 3657 3593 3635 3635 3604 4063 4063 4063 4063 4063 4063 4063 4063
855 1683130903 373 3704 3678 3658 3594 3636 3636 3605 4065 4063 4063 4063 4063 4063 4063 4063
856 1683130903 373 3703 3679 3658 3594 3636 3636 3604 4063 4063 4063 4063 4063 4063 4063 4063
857 1683130903 373 3702 3678 3657 3593 3636 3636 3604 4063 4063 4063 4063 4063 4063 4063 4063
858 1683130903 374 3704 3678 3658 3594 3636 3636 3604 4065 4065 4064 4064 4064 4064 4064 4064
859 1683130904 373 3704 3678 3657 3593 3636 3636 3604 4065 4065 4064 4064 4064 4064 4064 4064
860 1683130904 373 3703 3679 3657 3593 3636 3636 3604 4065 4065 4064 4064 4064 4064 4064 4064
861 1683130904 373 3702 3677 3657 3593 3636 3635 3603 4063 4063 4063 4063 4063 4063 4063 4063
862 1683130904 373 3703 3677 3658 3593 3636 3636 3604 4065 4065 4064 4064 4064 4064 4064 4064
863 1683130904 373 3704 3678 3657 3593 3636 3636 3604 4063 4063 4063 4063 4063 4063 4063 4063
864 1683130904 373 3703 3678 3658 3593 3636 3636 3604 4065 4063 4063 4063 4063 4063 4063 4063
865 1683130904 373 3703 3678 3657 3593 3635 3635 3603 4065 4065 4065 4065 4065 4065 4065 4065
866 1683130904 373 3703 3678 3658 3593 3636 3636 3604 4065 4065 4064 4064 4064 4064 4064 4064
867 1683130904 373 3704 3678 3657 3594 3636 3636 3604 75 75 75 79 74 75 74 75
868 1683130904 373 3703 3678 3658 3593 3636 3636 3604 913 910 914 914 904 911 911 906
869 1683130904 373 3702 3678 3656 3592 3634 3635 3603 4063 4063 4063 4063 4063 4063 4063 4063
870 1683130904 373 3703 3678 3657 3593 3635 3636 3603 4063 4063 4062 4062 4062 4062 4062 4062
871 1683130904 373 3704 3679 3659 3594 3636 3636 3605 4065 4065 4064 4064 4064 4064 4064 4064
872 1683130904 373 3703 3678 3657 3593 3635 3636 3603 4063 4063 4063 4063 4063 4063 4063 4063
873 1683130904 373 3704 3679 3658 3594 3636 3636 3604 4065 4063 4063 4063 4063 4063 4063 4063
874 1683130904 373 3703 3677 3657 3593 3636 3635 3604 4065 4065 4065 4065 4065 4065 4065 4065
875 1683130904 373 3704 3679 3658 3594 3636 3636 3604 4063 4063 4063 4063 4063 4063 4063 4063
876 1683130904 373 3705 3679 3658 3594 3636 3636 3604 4063 4063 4063 4063 4063 4063 4063 4063
877 1683130904 373 3702 3678 3656 3592 3635 3635 3603 4065 4065 4064 4064 4064 4064 4064 4064
878 1683130904 373 3703 3679 3657 3593 3635 3635 3604 4065 4065 4064 4064 4064 4064 4064 4064
879 1683130904 373 3704 3679 3659 3594 3637 3637 3605 4065 4065 4064 4064 4064 4064 4064 4064
880 1683130904 373 3703 3678 3657 3594 3636 3636 3604 4065 4065 4064 4064 4064 4064 4064 4064
881 1683130904 373 3705 3680 3658 3594 3637 3636 3604 4063 4063 4063 4063 4063 4063 4063 4063
882 1683130904 373 3703 3678 3657 3594 3636 3636 3604 4063 4063 4063 4063 4063 4063 4063 4063
883 1683130904 373 3704 3680 3659 3595 3638 3638 3606 4065 4065 4064 4064 4064 4064 4064 4064
884 1683130904 374 3703 3678 3657 3593 3636 3636 3604 4063 4063 4063 4063 4063 4063 4063 4063
885 1683130904 373 3702 3678 3657 3594 3636 3636 3605 4065 4065 4065 4065 4065 4065 4065 4065
886 1683130904 373 3703 3678 3657 3593 3636 3636 3605 4063 4063 4063 4063 4063 4063 4063 4063
887 1683130904 373 3704 3679 3658 3594 3637 3637 3604 4065 4065 4064 4064 4064 4064 4064 4064
888 1683130904 373 3704 3678 3658 3594 3636 3636 3604 4063 4063 4063 4063 4063 4063 4063 4063
889 1683130904 373 3705 3679 3659 3595 3637 3636 3605 4065 4065 4064 4064 4064 4064 4064 4064
890 1683130904 373 3703 3678 3657 3593 3635 3635 3603 4063 4063 4063 4063 4063 4063 4063 4063
891 1683130904 373 3704 3679 3657 3594 3636 3635 3604 4065 4065 4065 4065 4065 4065 4065 4065
892 1683130904 373 3703 3678 3657 3593 3636 3636 3604 4063 4063 4063 4063 4063 4063 4063 4063
893 1683130904 373 3706 3680 3659 3595 3637 3637 3605 4063 4063 4063 4063 4063 4063 4063 4063
894 1683130904 373 3704 3679 3658 3594 3636 3637 3605 4063 4063 4063 4063 4063 4063 4063 4063
895 1683130904 373 3704 3679 3658 3594 3636 3636 3604 4065 4065 4064 4064 4064 4064 4064 4064
896 1683130904 373 3705 3679 3658 3594 3637 3637 3605 4067 4063 4063 4063 4063 4063 4063 4063
897 1683130904 373 3704 3679 3658 3594 3636 3636 3605 4063 4063 4063 4063 4063 4063 4063 4063
898 1683130904 374 3705 3679 3658 3595 3637 3637 3605 4065 4065 4064 4064 4064 4064 4064 4064
899 1683130904 373 3703 3678 3657 3593 3635 3635 3603 4065 4065 4064 4064 4064 4064 4064 4064
900 1683130904 373 3703 3679 3658 3594 3636 3636 3604 76 76 75 79 74 75 74 76
901 1683130904 374 3704 3679 3658 3593 3636 3636 3604 4065 4065 4064 4064 4064 4064 4064 4064
902 1683130904 373 3704 3678 3658 3594 3636 3636 3605 81 81 81 85 80 81 80 81
903 1683130904 373 3704 3679 3658 3594 3636 3636 3604 4063 4063 4063 4063 4063 4063 4063 4063
904 1683130904 373 3704 3679 3658 3593 3636 3636 3604 82 82 82 85 81 82 81 82
905 1683130904 374 3705 3680 3659 3595 3637 3637 3605 4065 4065 4064 4064 4064 4064 4064 4064
906 1683130904 373 3705 3679 3658 3594 3636 3636 3604 4065 4065 4064 4064 4064 4064 4064 4064
907 1683130904 374 3704 3679 3658 3594 3636 3636 3605 4065 4065 4064 4064 4064 4064 4064 4064
908 1683130904 373 3704 3679 3658 3594 3636 3636 3604 4065 4063 4063 4063 4063 4063 4063 4063
909 1683130904 374 3704 3679 3658 3594 3637 3636 3604 4063 4063 4063 4063 4063 4063 4063 4063
910 1683130904 373 3703 3678 3657 3593 3635 3635 3603 4065 4065 4064 4064 4064 4064 4064 4064
911 1683130904 374 3704 3678 3657 3594 3636 3637 3605 4063 4063 4063 4063 4063 4063 4063 4063
912 1683130904 374 3704 3679 3658 3594 3636 3636 3604 4065 4065 4064 4064 4064 4064 4064 4064
913 1683130904 373 3704 3679 3658 3594 3636 3636 3604 4063 4063 4063 4063 4063 4063 4063 4063
914 1683130904 374 3703 3678 3657 3593 3636 3636 3603 4065 4065 4064 4064 4064 4064 4064 4064
915 1683130904 373 3704 3679 3658 3594 3636 3636 3605 4065 4065 4064 4064 4064 4064 4064 4064
916 1683130904 374 3703 3678 3658 3594 3637 3637 3605 4063 4063 4063 4063 4063 4063 4063 4063
917 1683130904 374 3704 3679 3658 3594 3637 3637 3604 4065 4063 4063 4063 4063 4063 4063 4063
918 1683130904 373 3703 3678 3657 3593 3636 3636 3604 4065 4065 4065 4065 4065 4065 4065 4065
919 1683130904 373 3704 3679 3659 3594 3637 3637 3605 4063 4063 4062 4062 4062 4062 4062 4062
920 1683130904 374 3703 3678 3658 3593 3636 3636 3605 4065 4065 4064 4064 4064 4064 4064 4064
921 1683130904 373 3705 3679 3659 3595 3637 3637 3604 4065 4065 4064 4064 4064 4064 4064 4064
922 1683130904 374 3705 3679 3658 3594 3637 3636 3605 4065 4065 4064 4064 4064 4064 4064 4064
923 1683130904 373 3704 3679 3659 3594 3637 3637 3605 4065 4065 4064 4064 4064 4064 4064 4064
924 1683130904 374 3703 3678 3658 3593 3636 3636 3604 4063 4063 4063 4063 4063 4063 4063 4063
925 1683130904 373 3704 3679 3658 3594 3636 3636 3604 4065 4065 4065 4065 4065 4065 4065 4065
926 1683130904 373 3705 3679 3658 3594 3637 3637 3605 4065 4065 4064 4064 4064 4064 4064 4064
927 1683130904 373 3704 3679 3658 3594 3637 3637 3605 78 78 78 81 76 77 76 78
928 1683130904 373 3705 3679 3659 3595 3637 3637 3605 4063 4063 4063 4063 4063 4063 4063 4063
929 1683130904 374 3705 3680 3659 3595 3636 3636 3605 4063 4063 4063 4063 4063 4063 4063 4063
930 1683130904 373 3705 3679 3658 3594 3636 3636 3605 4065 4065 4064 4064 4064 4064 4064 4064
931 1683130904 373 3704 3679 3658 3594 3636 3636 3604 4065 4065 4064 4064 4064 4064 4064 4064
932 1683130904 373 3704 3679 3658 3594 3636 3637 3604 4065 4065 4064 4064 4064 4064 4064 4064
933 1683130904 374 3704 3679 3658 3594 3636 3636 3604 4065 4065 4064 4064 4064 4064 4064 4064
934 1683130904 374 3704 3678 3657 3593 3636 3636 3604 4065 4065 4064 4064 4064 4064 4064 4064
935 1683130904 374 3703 3679 3658 3594 3637 3637 3605 4065 4065 4064 4064 4064 4064 4064 4064
936 1683130904 374 3704 3678 3657 3593 3636 3636 3604 4063 4063 4063 4063 4063 4063 4063 4063
937 1683130904 374 3704 3679 3658 3594 3636 3637 3605 4065 4065 4064 4064 4064 4064 4064 4064
938 1683130904 373 3705 3679 3658 3594 3636 3636 3605 4065 4065 4064 4064 4064 4064 4064 4064
939 1683130904 373 3703 3677 3657 3592 3635 3635 3603 4063 4063 4063 4063 4063 4063 4063 4063
940 1683130904 372 3702 3677 3656 3591 3634 3634 3602 75 75 75 78 73 75 73 75
941 1683130904 372 3702 3678 3657 3593 3635 3635 3603 4063 4063 4063 4063 4063 4063 4063 4063
942 1683130905 372 3703 3678 3657 3592 3635 3634 3603 78 78 78 81 77 78 76 78
943 1683130905 372 3704 3678 3658 3594 3636 3636 3604 4065 4065 4064 4064 4064 4064 4064 4064
944 1683130905 372 3702 3677 3656 3591 3634 3634 3603 4063 4063 4063 4063 4063 4063 4063 4063
945 1683130905 372 3703 3677 3656 3592 3634 3635 3603 75 75 75 79 74 75 74 75
946 1683130905 372 3702 3677 3656 3592 3634 3634 3603 83 83 83 87 82 83 82 83
947 1683130905 372 3702 3677 3657 3592 3634 3634 3603 4063 4063 4063 4063 4063 4063 4063 4063
948 1683130905 372 3702 3676 3656 3592 3634 3634 3602 77 77 77 81 76 77 76 77
949 1683130905 373 3702 3677 3656 3592 3634 3634 3602 4063 4063 4063 4063 4063 4063 4063 4063
950 1683130905 372 3701 3677 3656 3592 3635 3635 3602 4065 4063 4063 4063 4063 4063 4063 4063
951 1683130905 372 3704 3678 3657 3593 3636 3635 3603 4063 4063 4062 4062 4062 4062 4062 4062
952 1683130905 372 3701 3676 3655 3591 3634 3633 3602 79 78 78 82 77 78 77 78
953 1683130905 372 3703 3678 3657 3593 3635 3635 3603 4067 4065 4065 4065 4065 4065 4065 4065
954 1683130905 373 3702 3677 3656 3592 3635 3635 3603 4063 4063 4062 4062 4062 4062 4062 4062
955 1683130905 372 3703 3678 3657 3593 3635 3635 3603 4065 4065 4064 4064 4064 4064 4064 4064
956 1683130905 372 3703 3677 3656 3592 3635 3635 3603 4065 4065 4065 4065 4065 4065 4065 4065
957 1683130905 371 3703 3677 3657 3593 3635 3635 3603 4063 4063 4063 4063 4063 4063 4063 4063
958 1683130905 372 3702 3676 3656 3592 3634 3635 3602 4065 4065 4064 4064 4064 4064 4064 4064
959 1683130905 372 3701 3677 3655 3591 3634 3633 3602 4065 4065 4064 4064 4064 4064 4064 4064
960 1683130905 372 3702 3677 3656 3592 3634 3634 3603 4065 4065 4065 4065 4065 4065 4065 4065
961 1683130905 372 3703 3677 3657 3592 3635 3635 3603 4065 4065 4064 4064 4064 4064 4064 4064
962 1683130905 372 3703 3678 3657 3593 3635 3635 3603 4063 4063 4063 4063 4063 4063 4063 4063
963 1683130905 372 3702 3677 3657 3593 3635 3635 3603 4063 4063 4063 4063 4063 4063 4063 4063
964 1683130905 372 3702 3678 3657 3592 3635 3635 3603 4065 4065 4064 4064 4064 4064 4064 4064
965 1683130905 372 3702 3677 3656 3592 3634 3634 3602 4065 4065 4064 4064 4064 4064 4064 4064
966 1683130905 372 3703 3678 3657 3592 3635 3635 3603 4063 4063 4063 4063 4063 4063 4063 4063
967 1683130905 372 3703 3678 3656 3592 3635 3635 3603 4061 4061 4060 4060 4060 4060 4060 4060
968 1683130905 372 3702 3677 3656 3592 3635 3634 3603 4063 4063 4063 4063 4063 4063 4063 4063
969 1683130905 372 3702 3677 3656 3592 3635 3634 3603 4065 4065 4064 4064 4064 4064 4064 4064
970 1683130905 372 3702 3677 3656 3592 3634 3634 3602 4063 4063 4062 4062 4062 4062 4062 4062
971 1683130905 372 3703 3677 3657 3593 3635 3635 3604 4065 4065 4065 4065 4065 4065 4065 4065
972 1683130905 372 3703 3677 3657 3593 3635 3635 3603 4063 4063 4063 4063 4063 4063 4063 4063
973 1683130905 372 3702 3678 3657 3593 3635 3635 3603 4065 4065 4064 4064 4064 4064 4064 4064
974 1683130905 373 3703 3677 3657 3593 3635 3634 3603 4063 4063 4063 4063 4063 4063 4063 4063
975 1683130905 372 3702 3677 3656 3592 3634 3635 3603 4063 4063 4063 4063 4063 4063 4063 4063
976 1683130905 372 3703 3677 3657 3592 3635 3635 3604 4065 4065 4064 4064 4064 4064 4064 4064
977 1683130905 372 464 3676 343 400 1631 3634 3604 91 91 91 95 90 91 90 91
978 1683130905 372 3703 3677 3656 3592 3634 3634 3603 4065 4063 4063 4063 4063 4063 4063 4063
979 1683130905 372 3703 3678 3657 3593 3635 3635 3603 4065 4063 4063 4063 4063 4063 4063 4063
980 1683130905 372 3702 3677 3656 3592 3634 3634 3603 85 85 85 89 84 85 84 85
981 1683130905 372 3702 3678 3657 3593 3635 3635 3603 4065 4065 4064 4064 4064 4064 4064 4064
982 1683130905 373 3703 3678 3657 3594 3636 3635 3604 4065 4065 4064 4064 4064 4064 4064 4064
983 1683130905 372 3703 3677 3657 3593 3635 3635 3603 4063 4063 4063 4063 4063 4063 4063 4063
984 1683130905 372 3703 3677 3657 3593 3635 3635 3603 4063 4063 4063 4063 4063 4063 4063 4063
985 1683130905 372 3702 3677 3657 3592 3635 3635 3603 4065 4065 4064 4064 4064 4064 4064 4064
986 1683130905 373 3702 3677 3657 3592 3635 3635 3603 4065 4065 4064 4064 4064 4064 4064 4064
987 1683130905 372 3703 3678 3657 3593 3635 3635 3603 4063 4063 4063 4063 4063 4063 4063 4063
988 1683130905 373 3702 3676 3656 3592 3634 3634 3603 4065 4065 4065 4065 4065 4065 4065 4065
989 1683130905 372 3703 3678 3657 3593 3636 3635 3603 4065 4065 4064 4064 4064 4064 4064 4064
990 1683130905 373 3703 3678 3657 3593 3636 3636 3604 4065 4065 4064 4064 4064 4064 4064 4064
991 1683130905 372 3702 3677 3656 3592 3635 3635 3603 4063 4063 4063 4063 4063 4063 4063 4063
992 1683130905 372 3703 3678 3656 3592 3635 3634 3603 4063 4063 4063 4063 4063 4063 4063 4063
993 1683130905 372 3703 3678 3657 3593 3635 3635 3603 4065 4065 4064 4064 4064 4064 4064 4064
994 1683130905 373 3703 3677 3656 3593 3635 3635 3603 4063 4063 4062 4062 4062 4062 4062 4062
995 1683130905 372 3703 3677 3657 3593 3635 3635 3604 4065 4063 4063 4063 4063 4063 4063 4063
996 1683130905 372 3703 3678 3657 3593 3636 3635 3603 4065 4065 4064 4064 4064 4064 4064 4064
997 1683130905 372 3703 3678 3657 3593 3636 3635 3603 4065 4065 4064 4064 4064 4064 4064 4064
998 1683130905 372 3703 3678 3657 3593 3635 3635 3603 4063 4063 4063 4063 4063 4063 4063 4063
999 1683130905 372 3704 3678 3657 3593 3635 3635 3604 4065 4065 4064 4064 4064 4064 4064 4064
1000 1683130905 372 3703 3678 3656 3592 3635 3634 3603 4065 4065 4064 4064 4064 4064 4064 4064
