1 1683106603 374 3683 3658 3637 3573 3616 3616 3583 4065 4065 4065 4065 4065 4065 4065 4065
2 1683106603 375 3683 3659 3637 3574 3616 3616 3584 4065 4065 4064 4064 4064 4064 4064 4064
3 1683106603 375 3684 3659 3638 3575 3617 3617 3584 4065 4065 4065 4065 4065 4065 4065 4065
4 1683106603 375 3684 3659 3638 3574 3616 3616 3585 4065 4065 4065 4065 4065 4065 4065 4065
5 1683106603 375 3684 3659 3639 3575 3617 3616 3585 4065 4065 4064 4064 4064 4064 4064 4064
6 1683106603 375 3684 3659 3638 3575 3617 3616 3584 4065 4065 4064 4064 4064 4064 4064 4064
7 1683106603 375 3685 3659 3638 3575 3617 3616 3584 4067 4067 4066 4066 4066 4066 4066 4066
8 1683106603 375 3683 3658 3638 3574 3616 3616 3584 4065 4065 4064 4064 4064 4064 4064 4064
9 1683106603 375 3684 3659 3639 3575 3617 3616 3584 4061 4061 4060 4060 4060 4060 4060 4060
10 1683106603 375 3684 3659 3638 3574 3616 3616 3584 4065 4065 4065 4065 4065 4065 4065 4065
11 1683106603 375 3683 3658 3638 3574 3616 3616 3584 4065 4065 4065 4065 4065 4065 4065 4065
12 1683106603 375 3683 3659 3638 3574 3616 3617 3585 4067 4067 4066 4066 4066 4066 4066 4066
13 1683106603 375 3684 3659 3639 3575 3617 3617 3585 4065 4065 4065 4065 4065 4065 4065 4065
14 1683106603 375 3684 3659 3638 3574 3617 3616 3584 4065 4065 4065 4065 4065 4065 4065 4065
15 1683106604 375 3683 3659 3638 3574 3616 3616 3584 4065 4065 4065 4065 4065 4065 4065 4065
16 1683106604 374 3684 3659 3638 3574 3617 3616 3584 4065 4065 4064 4064 4064 4064 4064 4064
17 1683106604 375 3683 3659 3638 3575 3617 3616 3584 4065 4065 4064 4064 4064 4064 4064 4064
18 1683106604 375 3683 3658 3638 3575 3617 3616 3584 4065 4065 4065 4065 4065 4065 4065 4065
19 1683106604 375 3683 3658 3638 3574 3616 3616 3584 4065 4065 4065 4065 4065 4065 4065 4065
20 1683106604 374 3685 3660 3639 3575 3618 3617 3585 4065 4065 4065 4065 4065 4065 4065 4065
21 1683106604 375 3685 3660 3639 3575 3617 3617 3585 4065 4065 4065 4065 4065 4065 4065 4065
22 1683106604 375 3684 3659 3638 3575 3617 3617 3585 4065 4065 4064 4064 4064 4064 4064 4064
23 1683106604 375 3684 3659 3638 3574 3616 3616 3584 4065 4065 4065 4065 4065 4065 4065 4065
24 1683106604 375 3684 3659 3639 3575 3617 3616 3584 4065 4065 4064 4064 4064 4064 4064 4064
25 1683106604 375 3685 3659 3638 3575 3617 3616 3584 4065 4065 4064 4064 4064 4064 4064 4064
26 1683106604 375 3684 3659 3639 3575 3617 3617 3585 4067 4067 4066 4066 4066 4066 4066 4066
27 1683106604 375 3683 3659 3638 3574 3616 3616 3584 4065 4065 4065 4065 4065 4065 4065 4065
28 1683106604 375 3684 3659 3639 3575 3617 3617 3585 4065 4065 4064 4064 4064 4064 4064 4064
29 1683106604 375 3683 3660 3639 3575 3618 3617 3586 4065 4065 4065 4065 4065 4065 4065 4065
30 1683106604 375 3684 3660 3639 3576 3618 3617 3585 4065 4065 4065 4065 4065 4065 4065 4065
31 1683106604 374 3685 3660 3639 3576 3618 3617 3586 4065 4065 4065 4065 4065 4065 4065 4065
32 1683106604 375 3684 3659 3639 3575 3617 3617 3585 4067 4065 4065 4065 4065 4065 4065 4065
33 1683106604 374 3683 3658 3637 3573 3615 3615 3584 4065 4065 4065 4065 4065 4065 4065 4065
34 1683106604 373 3683 3658 3637 3574 3615 3615 3583 4065 4065 4065 4065 4065 4065 4065 4065
35 1683106604 373 3683 3658 3637 3573 3615 3615 3583 4063 4063 4062 4062 4062 4062 4062 4062
36 1683106604 374 3682 3657 3637 3573 3615 3614 3582 4065 4065 4065 4065 4065 4065 4065 4065
37 1683106604 373 3682 3658 3636 3573 3615 3615 3583 4065 4065 4065 4065 4065 4065 4065 4065
38 1683106604 373 3682 3657 3636 3572 3615 3614 3582 4065 4065 4064 4064 4064 4064 4064 4064
39 1683106604 373 3682 3658 3637 3573 3616 3615 3583 4063 4063 4062 4062 4062 4062 4062 4062
40 1683106604 373 3682 3657 3637 3573 3615 3614 3582 4065 4065 4064 4064 4064 4064 4064 4064
41 1683106604 373 3683 3658 3637 3573 3615 3615 3583 4067 4065 4065 4065 4065 4065 4065 4065
42 1683106604 373 3683 3658 3637 3574 3616 3615 3584 4065 4065 4065 4065 4065 4065 4065 4065
43 1683106604 373 3683 3657 3637 3573 3615 3615 3583 4065 4065 4064 4064 4064 4064 4064 4064
44 1683106604 373 3683 3658 3637 3574 3616 3615 3584 4065 4065 4065 4065 4065 4065 4065 4065
45 1683106604 373 3683 3658 3637 3574 3615 3615 3583 4067 4065 4065 4065 4065 4065 4065 4065
46 1683106604 373 3682 3657 3636 3573 3615 3615 3583 4065 4065 4065 4065 4065 4065 4065 4065
47 1683106604 373 3683 3658 3637 3574 3616 3615 3583 4065 4065 4065 4065 4065 4065 4065 4065
48 1683106604 373 3682 3657 3636 3573 3615 3615 3582 4065 4065 4065 4065 4065 4065 4065 4065
49 1683106604 373 3681 3657 3636 3572 3614 3614 3582 4065 4065 4064 4064 4064 4064 4064 4064
50 1683106604 373 3684 3659 3638 3574 3616 3615 3583 4067 4065 4065 4065 4065 4065 4065 4065
51 1683106604 373 3682 3657 3636 3572 3615 3615 3583 4065 4065 4064 4064 4064 4064 4064 4064
52 1683106604 373 3682 3657 3636 3572 3614 3614 3582 4065 4065 4065 4065 4065 4065 4065 4065
53 1683106604 373 3682 3657 3636 3573 3614 3614 3582 4065 4065 4064 4064 4064 4064 4064 4064
54 1683106604 374 3682 3658 3637 3573 3615 3615 3583 4065 4065 4065 4065 4065 4065 4065 4065
55 1683106604 373 3683 3658 3637 3574 3616 3615 3584 4067 4065 4065 4065 4065 4065 4065 4065
56 1683106604 373 3683 3658 3637 3574 3615 3615 3583 4065 4065 4065 4065 4065 4065 4065 4065
57 1683106604 373 3682 3657 3637 3573 3615 3615 3583 4065 4065 4065 4065 4065 4065 4065 4065
58 1683106604 373 3683 3658 3637 3573 3615 3615 3583 4065 4065 4065 4065 4065 4065 4065 4065
59 1683106604 373 3682 3658 3637 3573 3616 3616 3584 4065 4065 4065 4065 4065 4065 4065 4065
60 1683106604 373 3683 3658 3637 3574 3616 3615 3583 4065 4065 4065 4065 4065 4065 4065 4065
61 1683106604 373 3683 3658 3637 3573 3616 3615 3584 4065 4065 4065 4065 4065 4065 4065 4065
62 1683106604 374 3682 3658 3637 3574 3616 3615 3583 4065 4065 4065 4065 4065 4065 4065 4065
63 1683106604 373 3681 3657 3636 3573 3615 3615 3583 4065 4065 4065 4065 4065 4065 4065 4065
64 1683106604 373 3682 3657 3636 3573 3615 3615 3582 4065 4065 4064 4064 4064 4064 4064 4064
65 1683106604 373 3683 3658 3637 3574 3616 3615 3583 4065 4065 4064 4064 4064 4064 4064 4064
66 1683106604 373 3684 3658 3637 3573 3615 3615 3584 4065 4065 4065 4065 4065 4065 4065 4065
67 1683106604 373 3683 3658 3637 3573 3616 3615 3583 4065 4065 4065 4065 4065 4065 4065 4065
68 1683106604 373 3684 3659 3638 3574 3616 3616 3584 4067 4067 4066 4066 4066 4066 4066 4066
69 1683106604 374 3683 3658 3637 3573 3615 3615 3583 4065 4065 4065 4065 4065 4065 4065 4065
70 1683106604 374 3683 3658 3637 3574 3616 3616 3583 4065 4065 4064 4064 4064 4064 4064 4064
71 1683106604 373 3683 3658 3637 3573 3615 3615 3583 4065 4065 4065 4065 4065 4065 4065 4065
72 1683106604 373 3684 3659 3638 3574 3616 3615 3584 4067 4065 4065 4065 4065 4065 4065 4065
73 1683106604 374 3682 3658 3637 3573 3616 3615 3583 4065 4065 4065 4065 4065 4065 4065 4065
74 1683106604 373 3684 3659 3638 3574 3616 3616 3584 4065 4065 4065 4065 4065 4065 4065 4065
75 1683106604 373 3683 3658 3637 3574 3616 3615 3583 4065 4065 4064 4064 4064 4064 4064 4064
76 1683106604 373 3684 3659 3638 3574 3616 3616 3584 4065 4065 4064 4064 4064 4064 4064 4064
77 1683106604 373 3683 3658 3638 3573 3616 3616 3584 4065 4065 4065 4065 4065 4065 4065 4065
78 1683106604 373 3683 3658 3638 3574 3616 3615 3584 4065 4065 4065 4065 4065 4065 4065 4065
79 1683106604 373 3683 3658 3637 3574 3616 3615 3584 4065 4065 4065 4065 4065 4065 4065 4065
80 1683106604 373 3684 3659 3638 3574 3616 3615 3584 4065 4065 4064 4064 4064 4064 4064 4064
81 1683106604 374 3683 3658 3637 3574 3616 3615 3583 4065 4065 4065 4065 4065 4065 4065 4065
82 1683106604 373 3684 3658 3637 3574 3616 3615 3583 4065 4065 4064 4064 4064 4064 4064 4064
83 1683106604 373 3684 3659 3638 3574 3616 3616 3584 4067 4065 4065 4065 4065 4065 4065 4065
84 1683106604 373 3683 3658 3637 3573 3616 3615 3583 4067 4065 4065 4065 4065 4065 4065 4065
85 1683106604 373 3682 3658 3637 3573 3616 3615 3583 4067 4065 4065 4065 4065 4065 4065 4065
86 1683106604 373 3682 3658 3638 3574 3616 3615 3584 4065 4065 4065 4065 4065 4065 4065 4065
87 1683106604 373 3683 3658 3638 3574 3616 3616 3583 4065 4065 4065 4065 4065 4065 4065 4065
88 1683106604 374 3684 3659 3638 3574 3616 3617 3585 4065 4065 4065 4065 4065 4065 4065 4065
89 1683106604 374 3683 3658 3638 3574 3617 3616 3584 4067 4067 4066 4066 4066 4066 4066 4066
90 1683106604 374 3684 3659 3638 3575 3617 3617 3584 4065 4065 4065 4065 4065 4065 4065 4065
91 1683106604 374 3683 3658 3638 3574 3616 3616 3584 4065 4065 4064 4064 4064 4064 4064 4064
92 1683106604 373 3682 3657 3637 3573 3615 3615 3583 4065 4065 4064 4064 4064 4064 4064 4064
93 1683106604 374 3682 3658 3636 3573 3616 3615 3583 4065 4065 4064 4064 4064 4064 4064 4064
94 1683106604 373 3684 3659 3638 3574 3616 3616 3584 4065 4065 4064 4064 4064 4064 4064 4064
95 1683106604 373 3683 3659 3638 3574 3616 3615 3584 4067 4067 4066 4066 4066 4066 4066 4066
96 1683106605 374 3683 3659 3637 3574 3616 3615 3584 4065 4065 4064 4064 4064 4064 4064 4064
97 1683106605 374 3683 3658 3638 3574 3616 3616 3584 4065 4065 4064 4064 4064 4064 4064 4064
98 1683106605 373 3684 3660 3639 3575 3616 3616 3584 4065 4065 4064 4064 4064 4064 4064 4064
99 1683106605 373 3684 3659 3638 3574 3616 3616 3584 4067 4067 4066 4066 4066 4066 4066 4066
100 1683106605 373 3682 3658 3637 3574 3615 3615 3583 4063 4063 4063 4063 4063 4063 4063 4063
101 1683106605 374 3684 3660 3639 3575 3617 3617 3585 4065 4065 4065 4065 4065 4065 4065 4065
102 1683106605 374 3683 3659 3638 3574 3616 3616 3584 4065 4065 4065 4065 4065 4065 4065 4065
103 1683106605 373 3684 3659 3638 3574 3617 3616 3584 4065 4065 4064 4064 4064 4064 4064 4064
104 1683106605 374 3683 3658 3637 3573 3616 3616 3584 4065 4065 4064 4064 4064 4064 4064 4064
105 1683106605 373 3683 3658 3638 3574 3616 3616 3584 4065 4065 4064 4064 4064 4064 4064 4064
106 1683106605 374 3683 3658 3638 3574 3616 3616 3583 4065 4065 4065 4065 4065 4065 4065 4065
107 1683106605 373 3683 3658 3638 3574 3616 3616 3584 4065 4065 4064 4064 4064 4064 4064 4064
108 1683106605 374 3684 3659 3638 3574 3616 3616 3584 4065 4065 4064 4064 4064 4064 4064 4064
109 1683106605 373 3683 3659 3637 3574 3616 3616 3583 4065 4065 4065 4065 4065 4065 4065 4065
110 1683106605 374 3682 3658 3638 3574 3616 3616 3584 4065 4065 4065 4065 4065 4065 4065 4065
111 1683106605 374 3684 3659 3638 3574 3617 3616 3584 4065 4065 4065 4065 4065 4065 4065 4065
112 1683106605 374 3684 3658 3638 3574 3617 3616 3584 4065 4065 4065 4065 4065 4065 4065 4065
113 1683106605 374 3683 3658 3637 3574 3616 3616 3584 4063 4063 4063 4063 4063 4063 4063 4063
114 1683106605 373 3683 3659 3638 3574 3616 3616 3583 4065 4065 4065 4065 4065 4065 4065 4065
115 1683106605 374 3683 3658 3638 3574 3616 3615 3584 4065 4065 4065 4065 4065 4065 4065 4065
116 1683106605 374 3684 3659 3638 3574 3616 3616 3584 4065 4065 4064 4064 4064 4064 4064 4064
117 1683106613 374 3682 3657 3636 3572 3615 3615 3583 4065 4065 4064 4064 4064 4064 4064 4064
118 1683106613 374 3684 3659 3638 3574 3616 3616 3584 4067 4065 4065 4065 4065 4065 4065 4065
119 1683106613 374 3682 3658 3637 3573 3615 3615 3582 4065 4065 4065 4065 4065 4065 4065 4065
120 1683106613 373 3683 3658 3638 3574 3616 3616 3584 4065 4065 4064 4064 4064 4064 4064 4064
121 1683106613 374 3683 3658 3637 3574 3616 3615 3584 4065 4065 4065 4065 4065 4065 4065 4065
122 1683106613 373 3683 3657 3637 3573 3615 3615 3583 4065 4065 4065 4065 4065 4065 4065 4065
123 1683106613 374 3683 3659 3637 3574 3616 3616 3584 4065 4065 4065 4065 4065 4065 4065 4065
124 1683106613 374 3683 3658 3637 3574 3616 3615 3584 4065 4065 4065 4065 4065 4065 4065 4065
125 1683106613 374 3682 3659 3638 3574 3616 3616 3584 4065 4065 4064 4064 4064 4064 4064 4064
126 1683106613 374 3681 3657 3637 3573 3615 3614 3582 4067 4065 4065 4065 4065 4065 4065 4065
127 1683106613 374 3684 3658 3638 3574 3617 3616 3584 4065 4065 4064 4064 4064 4064 4064 4064
128 1683106613 374 3683 3658 3637 3574 3616 3615 3584 4065 4065 4064 4064 4064 4064 4064 4064
129 1683106613 374 3684 3659 3638 3575 3617 3616 3584 4065 4065 4064 4064 4064 4064 4064 4064
130 1683106613 374 3683 3658 3637 3573 3616 3615 3584 4065 4065 4065 4065 4065 4065 4065 4065
131 1683106613 374 3683 3658 3637 3574 3616 3616 3584 4065 4065 4065 4065 4065 4065 4065 4065
132 1683106613 374 3683 3658 3637 3573 3616 3616 3583 4065 4065 4065 4065 4065 4065 4065 4065
133 1683106613 374 3683 3659 3638 3573 3616 3615 3584 4065 4065 4064 4064 4064 4064 4064 4064
134 1683106613 374 3683 3659 3638 3574 3617 3617 3585 4065 4065 4065 4065 4065 4065 4065 4065
135 1683106613 374 3683 3659 3638 3574 3616 3616 3584 4065 4065 4064 4064 4064 4064 4064 4064
136 1683106613 374 3682 3657 3637 3573 3616 3615 3583 4065 4065 4065 4065 4065 4065 4065 4065
137 1683106613 374 3684 3658 3638 3574 3616 3616 3584 4063 4063 4063 4063 4063 4063 4063 4063
138 1683106613 374 3684 3659 3638 3575 3617 3617 3585 4065 4065 4065 4065 4065 4065 4065 4065
139 1683106613 374 3683 3658 3637 3574 3616 3615 3584 4065 4065 4064 4064 4064 4064 4064 4064
140 1683106613 374 3683 3658 3638 3574 3616 3616 3584 4065 4065 4065 4065 4065 4065 4065 4065
141 1683106613 374 3682 3658 3638 3574 3616 3616 3584 4065 4065 4064 4064 4064 4064 4064 4064
142 1683106613 374 3683 3658 3638 3574 3616 3616 3584 4065 4065 4064 4064 4064 4064 4064 4064
143 1683106613 374 3682 3658 3637 3573 3616 3615 3583 4065 4065 4065 4065 4065 4065 4065 4065
144 1683106621 374 3682 3658 3637 3573 3615 3615 3583 4065 4065 4065 4065 4065 4065 4065 4065
145 1683106621 374 3683 3658 3638 3574 3616 3616 3583 4065 4065 4064 4064 4064 4064 4064 4064
146 1683106621 374 3683 3658 3638 3574 3616 3616 3583 4065 4065 4065 4065 4065 4065 4065 4065
147 1683106621 374 3682 3658 3637 3573 3615 3615 3583 4067 4065 4065 4065 4065 4065 4065 4065
148 1683106621 374 3684 3659 3638 3574 3616 3615 3584 4065 4065 4064 4064 4064 4064 4064 4064
149 1683106621 374 3683 3659 3638 3574 3617 3616 3584 4065 4065 4064 4064 4064 4064 4064 4064
150 1683106621 373 3684 3659 3638 3574 3616 3616 3584 4065 4065 4064 4064 4064 4064 4064 4064
151 1683106621 374 3683 3657 3637 3574 3616 3616 3584 4065 4065 4064 4064 4064 4064 4064 4064
152 1683106621 374 3683 3658 3637 3574 3616 3615 3584 4065 4065 4065 4065 4065 4065 4065 4065
153 1683106621 374 3683 3658 3638 3574 3616 3616 3584 4065 4065 4065 4065 4065 4065 4065 4065
154 1683106621 374 3684 3659 3638 3574 3617 3616 3584 4065 4065 4065 4065 4065 4065 4065 4065
155 1683106621 374 3683 3658 3638 3574 3616 3616 3584 4065 4065 4065 4065 4065 4065 4065 4065
156 1683106621 374 3684 3659 3638 3575 3617 3616 3585 4065 4065 4065 4065 4065 4065 4065 4065
157 1683106621 374 3683 3658 3637 3573 3615 3615 3583 4065 4065 4065 4065 4065 4065 4065 4065
158 1683106621 374 3684 3659 3638 3574 3616 3616 3584 4065 4065 4065 4065 4065 4065 4065 4065
159 1683106621 374 3683 3659 3639 3574 3616 3616 3584 4065 4065 4065 4065 4065 4065 4065 4065
160 1683106621 374 3683 3658 3638 3574 3616 3616 3584 4065 4065 4064 4064 4064 4064 4064 4064
161 1683106621 373 3684 3659 3638 3575 3616 3616 3584 4065 4065 4065 4065 4065 4065 4065 4065
162 1683106621 374 3683 3658 3638 3574 3616 3615 3583 4065 4065 4065 4065 4065 4065 4065 4065
163 1683106621 374 3683 3658 3637 3574 3616 3616 3584 4065 4065 4064 4064 4064 4064 4064 4064
164 1683106621 374 3684 3659 3638 3575 3617 3616 3585 4065 4065 4065 4065 4065 4065 4065 4065
165 1683106621 374 3683 3658 3638 3574 3616 3616 3584 4065 4065 4065 4065 4065 4065 4065 4065
166 1683106621 374 3683 3658 3637 3574 3616 3616 3584 4065 4065 4065 4065 4065 4065 4065 4065
167 1683106621 373 3683 3659 3638 3574 3616 3616 3584 4065 4065 4065 4065 4065 4065 4065 4065
168 1683106621 374 3684 3659 3638 3574 3616 3616 3584 4067 4065 4065 4065 4065 4065 4065 4065
169 1683106621 374 3683 3658 3638 3574 3616 3616 3583 4065 4065 4064 4064 4064 4064 4064 4064
170 1683106621 374 3684 3659 3638 3574 3617 3616 3584 4067 4065 4065 4065 4065 4065 4065 4065
171 1683106621 374 3683 3658 3638 3574 3616 3616 3584 4065 4065 4065 4065 4065 4065 4065 4065
172 1683106621 374 3684 3659 3638 3574 3617 3617 3585 4065 4065 4065 4065 4065 4065 4065 4065
173 1683106621 374 3683 3658 3638 3574 3616 3616 3583 4065 4065 4064 4064 4064 4064 4064 4064
174 1683106621 374 3683 3658 3638 3573 3615 3615 3583 4067 4067 4066 4066 4066 4066 4066 4066
175 1683106621 374 3683 3658 3638 3574 3616 3615 3583 4065 4065 4064 4064 4064 4064 4064 4064
176 1683106621 374 3684 3659 3639 3574 3616 3616 3584 4065 4065 4065 4065 4065 4065 4065 4065
177 1683106621 375 3684 3660 3639 3575 3617 3617 3585 4065 4065 4064 4064 4064 4064 4064 4064
178 1683106621 374 3683 3658 3638 3574 3616 3616 3584 4067 4065 4065 4065 4065 4065 4065 4065
179 1683106621 374 3683 3658 3638 3574 3616 3616 3584 4065 4065 4065 4065 4065 4065 4065 4065
180 1683106621 374 3684 3659 3638 3575 3617 3616 3585 4065 4065 4064 4064 4064 4064 4064 4064
181 1683106621 374 3684 3659 3638 3575 3617 3616 3584 4065 4065 4064 4064 4064 4064 4064 4064
182 1683106621 374 3684 3659 3639 3575 3617 3616 3585 4067 4067 4066 4066 4066 4066 4066 4066
183 1683106621 374 3683 3659 3638 3574 3616 3616 3584 4065 4065 4064 4064 4064 4064 4064 4064
184 1683106621 374 3684 3659 3639 3574 3616 3616 3584 4065 4065 4064 4064 4064 4064 4064 4064
185 1683106621 374 3684 3659 3638 3574 3617 3616 3584 4065 4065 4064 4064 4064 4064 4064 4064
186 1683106621 375 3684 3659 3638 3575 3617 3617 3585 4065 4065 4064 4064 4064 4064 4064 4064
187 1683106621 375 3683 3660 3639 3576 3617 3617 3585 4067 4067 4066 4066 4066 4066 4066 4066
188 1683106621 374 3682 3659 3639 3574 3617 3616 3585 4065 4065 4064 4064 4064 4064 4064 4064
189 1683106621 374 3684 3659 3639 3575 3618 3617 3585 4065 4065 4064 4064 4064 4064 4064 4064
190 1683106621 374 3684 3660 3639 3575 3618 3617 3585 4065 4065 4065 4065 4065 4065 4065 4065
191 1683106621 374 3684 3659 3638 3575 3617 3617 3585 4067 4067 4066 4066 4066 4066 4066 4066
192 1683106621 374 3684 3659 3638 3575 3616 3616 3584 4065 4065 4065 4065 4065 4065 4065 4065
193 1683106621 374 3683 3658 3638 3574 3616 3615 3584 4065 4065 4065 4065 4065 4065 4065 4065
194 1683106621 374 3684 3659 3638 3574 3617 3617 3585 4065 4065 4065 4065 4065 4065 4065 4065
195 1683106621 374 3683 3659 3638 3575 3617 3617 3585 4067 4065 4065 4065 4065 4065 4065 4065
196 1683106621 374 3683 3659 3638 3575 3616 3616 3585 4065 4065 4065 4065 4065 4065 4065 4065
197 1683106622 374 3684 3660 3639 3575 3617 3617 3584 4065 4065 4065 4065 4065 4065 4065 4065
198 1683106622 375 3684 3659 3639 3576 3617 3617 3585 4065 4065 4064 4064 4064 4064 4064 4064
199 1683106622 374 3684 3659 3638 3574 3616 3616 3584 4065 4065 4065 4065 4065 4065 4065 4065
200 1683106622 374 3684 3659 3639 3575 3617 3616 3584 4065 4065 4064 4064 4064 4064 4064 4064
201 1683106622 374 3684 3660 3639 3575 3617 3617 3585 4065 4065 4065 4065 4065 4065 4065 4065
202 1683106622 374 3683 3659 3638 3574 3616 3615 3584 4067 4067 4066 4066 4066 4066 4066 4066
203 1683106622 374 3685 3660 3639 3575 3617 3617 3585 4065 4065 4065 4065 4065 4065 4065 4065
204 1683106622 374 3684 3659 3638 3575 3617 3617 3585 4065 4065 4064 4064 4064 4064 4064 4064
205 1683106622 374 3684 3659 3638 3574 3616 3616 3584 4065 4065 4065 4065 4065 4065 4065 4065
206 1683106622 374 3684 3659 3638 3574 3616 3616 3584 4065 4065 4064 4064 4064 4064 4064 4064
207 1683106622 375 3684 3660 3639 3575 3617 3617 3585 4065 4063 4063 4063 4063 4063 4063 4063
208 1683106622 375 3684 3659 3638 3575 3617 3616 3585 4059 4059 4059 4059 4059 4059 4059 4059
209 1683106622 374 3683 3658 3637 3573 3615 3615 3584 4065 4065 4064 4064 4064 4064 4064 4064
210 1683106622 374 3684 3659 3639 3575 3617 3617 3584 4065 4065 4065 4065 4065 4065 4065 4065
211 1683106622 374 3684 3660 3639 3575 3617 3617 3585 4065 4065 4065 4065 4065 4065 4065 4065
212 1683106622 374 3684 3660 3639 3575 3617 3617 3585 4067 4065 4065 4065 4065 4065 4065 4065
213 1683106622 374 3685 3659 3638 3575 3617 3616 3585 4065 4065 4065 4065 4065 4065 4065 4065
214 1683106622 374 3683 3659 3638 3574 3616 3616 3584 4065 4065 4065 4065 4065 4065 4065 4065
215 1683106622 375 3684 3659 3638 3575 3617 3617 3585 4065 4065 4065 4065 4065 4065 4065 4065
216 1683106622 374 3685 3660 3639 3576 3618 3617 3585 4065 4065 4064 4064 4064 4064 4064 4064
217 1683106622 375 3684 3659 3638 3574 3617 3616 3584 4065 4065 4064 4064 4064 4064 4064 4064
218 1683106622 374 3684 3660 3639 3576 3617 3617 3585 4067 4065 4065 4065 4065 4065 4065 4065
219 1683106622 375 3683 3660 3639 3575 3617 3616 3584 4067 4067 4066 4066 4066 4066 4066 4066
220 1683106622 374 3684 3660 3639 3575 3617 3617 3586 4065 4065 4064 4064 4064 4064 4064 4064
221 1683106622 374 3684 3659 3638 3575 3617 3616 3584 4065 4065 4064 4064 4064 4064 4064 4064
222 1683106622 374 3684 3659 3638 3574 3617 3616 3584 4065 4065 4064 4064 4064 4064 4064 4064
223 1683106622 375 3685 3660 3639 3575 3617 3617 3585 4065 4065 4064 4064 4064 4064 4064 4064
224 1683106622 374 3685 3660 3639 3576 3617 3618 3585 4065 4065 4064 4064 4064 4064 4064 4064
225 1683106622 374 3685 3660 3639 3575 3618 3617 3585 4065 4065 4065 4065 4065 4065 4065 4065
226 1683106622 374 3684 3660 3639 3576 3617 3617 3585 4065 4065 4065 4065 4065 4065 4065 4065
227 1683106622 374 3685 3660 3639 3575 3617 3616 3585 4065 4065 4065 4065 4065 4065 4065 4065
228 1683106622 374 3684 3660 3639 3574 3616 3616 3585 4065 4065 4065 4065 4065 4065 4065 4065
229 1683106622 375 3684 3659 3638 3575 3617 3617 3585 4067 4065 4065 4065 4065 4065 4065 4065
230 1683106622 374 3684 3659 3638 3574 3617 3616 3584 4065 4065 4065 4065 4065 4065 4065 4065
231 1683106622 375 3683 3659 3639 3574 3617 3616 3584 4063 4063 4063 4063 4063 4063 4063 4063
232 1683106622 374 3685 3660 3639 3575 3618 3617 3585 4065 4065 4064 4064 4064 4064 4064 4064
233 1683106622 374 3684 3659 3638 3575 3617 3617 3585 4065 4065 4065 4065 4065 4065 4065 4065
234 1683106622 375 3684 3660 3639 3576 3617 3617 3585 4067 4067 4066 4066 4066 4066 4066 4066
235 1683106622 374 3684 3659 3639 3575 3617 3617 3584 4065 4065 4065 4065 4065 4065 4065 4065
236 1683106622 374 3685 3659 3639 3575 3618 3617 3585 4065 4065 4064 4064 4064 4064 4064 4064
237 1683106622 375 3684 3659 3638 3574 3616 3616 3585 4065 4065 4064 4064 4064 4064 4064 4064
238 1683106622 375 3685 3660 3640 3576 3618 3618 3586 4065 4065 4065 4065 4065 4065 4065 4065
239 1683106622 374 3684 3659 3639 3575 3617 3616 3585 4065 4065 4065 4065 4065 4065 4065 4065
240 1683106622 375 3684 3659 3639 3575 3617 3617 3585 4067 4065 4065 4065 4065 4065 4065 4065
241 1683106622 375 3684 3660 3639 3575 3617 3617 3585 4067 4067 4066 4066 4066 4066 4066 4066
242 1683106622 374 3684 3660 3640 3576 3618 3617 3586 4065 4065 4065 4065 4065 4065 4065 4065
243 1683106622 375 3685 3660 3640 3576 3618 3617 3586 4065 4065 4065 4065 4065 4065 4065 4065
244 1683106622 375 3684 3660 3639 3576 3618 3617 3586 4065 4065 4064 4064 4064 4064 4064 4064
245 1683106622 375 3683 3659 3638 3575 3617 3616 3584 4065 4063 4063 4063 4063 4063 4063 4063
246 1683106622 374 3684 3660 3639 3575 3617 3616 3585 4065 4065 4065 4065 4065 4065 4065 4065
247 1683106622 375 3685 3660 3639 3576 3618 3617 3586 4063 4063 4063 4063 4063 4063 4063 4063
248 1683106622 375 3686 3661 3640 3576 3619 3618 3586 4065 4065 4064 4064 4064 4064 4064 4064
249 1683106622 375 3685 3661 3640 3576 3618 3618 3586 4067 4067 4066 4066 4066 4066 4066 4066
250 1683106622 375 3684 3659 3638 3575 3617 3616 3584 4063 4063 4062 4062 4062 4062 4062 4062
251 1683106622 375 3685 3660 3639 3576 3618 3617 3585 4065 4065 4065 4065 4065 4065 4065 4065
252 1683106622 375 3684 3659 3639 3575 3617 3616 3585 4065 4065 4064 4064 4064 4064 4064 4064
253 1683106622 375 3684 3660 3639 3575 3617 3617 3585 4065 4065 4064 4064 4064 4064 4064 4064
254 1683106622 374 3684 3660 3639 3575 3617 3617 3585 4065 4065 4064 4064 4064 4064 4064 4064
255 1683106622 375 3683 3658 3638 3575 3616 3616 3584 4065 4065 4065 4065 4065 4065 4065 4065
256 1683106622 375 3685 3660 3639 3575 3617 3617 3585 4067 4067 4066 4066 4066 4066 4066 4066
257 1683106622 374 3684 3660 3639 3575 3617 3617 3585 4065 4065 4065 4065 4065 4065 4065 4065
258 1683106622 374 3686 3661 3640 3576 3619 3618 3586 4065 4065 4065 4065 4065 4065 4065 4065
259 1683106622 374 3685 3660 3639 3575 3617 3616 3584 4065 4065 4065 4065 4065 4065 4065 4065
260 1683106622 374 3685 3660 3639 3575 3618 3617 3585 4067 4065 4065 4065 4065 4065 4065 4065
261 1683106622 375 3684 3659 3639 3575 3617 3617 3585 4065 4065 4065 4065 4065 4065 4065 4065
262 1683106622 375 3685 3660 3640 3576 3618 3618 3586 4065 4065 4065 4065 4065 4065 4065 4065
263 1683106622 374 3685 3660 3639 3575 3618 3617 3585 4065 4065 4065 4065 4065 4065 4065 4065
264 1683106622 374 3686 3661 3640 3576 3618 3617 3585 4065 4065 4065 4065 4065 4065 4065 4065
265 1683106622 374 3685 3660 3639 3576 3618 3618 3586 4065 4065 4065 4065 4065 4065 4065 4065
266 1683106622 375 3684 3661 3639 3576 3618 3617 3586 4065 4065 4064 4064 4064 4064 4064 4064
267 1683106622 375 3685 3660 3640 3576 3618 3617 3586 4067 4067 4066 4066 4066 4066 4066 4066
268 1683106622 375 3686 3660 3640 3576 3618 3618 3586 4067 4067 4066 4066 4066 4066 4066 4066
269 1683106622 375 3685 3659 3639 3575 3617 3617 3585 4065 4065 4065 4065 4065 4065 4065 4065
270 1683106622 375 3684 3660 3639 3576 3617 3618 3586 4065 4065 4064 4064 4064 4064 4064 4064
271 1683106622 375 3685 3660 3639 3575 3617 3617 3585 4065 4065 4065 4065 4065 4065 4065 4065
272 1683106622 374 3684 3660 3639 3575 3617 3616 3585 4065 4065 4065 4065 4065 4065 4065 4065
273 1683106622 375 3685 3661 3640 3576 3618 3618 3586 4065 4065 4064 4064 4064 4064 4064 4064
274 1683106623 375 3685 3660 3639 3576 3618 3617 3585 4065 4065 4064 4064 4064 4064 4064 4064
275 1683106623 375 3685 3660 3640 3576 3618 3618 3586 4061 4061 4060 4060 4060 4060 4060 4060
276 1683106623 374 3686 3660 3639 3576 3618 3618 3585 4065 4065 4064 4064 4064 4064 4064 4064
277 1683106623 374 3684 3659 3638 3574 3616 3616 3584 4065 4065 4064 4064 4064 4064 4064 4064
278 1683106623 375 3684 3660 3639 3576 3618 3617 3585 4065 4065 4065 4065 4065 4065 4065 4065
279 1683106623 375 3685 3659 3639 3576 3618 3617 3586 4065 4065 4065 4065 4065 4065 4065 4065
280 1683106623 375 3686 3661 3640 3576 3619 3619 3586 4065 4065 4064 4064 4064 4064 4064 4064
281 1683106623 374 3685 3661 3640 3576 3618 3618 3586 4065 4065 4064 4064 4064 4064 4064 4064
282 1683106623 375 3684 3659 3639 3575 3617 3617 3584 4063 4063 4063 4063 4063 4063 4063 4063
283 1683106623 375 3685 3661 3640 3576 3618 3618 3585 4065 4065 4064 4064 4064 4064 4064 4064
284 1683106623 375 3684 3660 3639 3575 3617 3617 3584 4065 4065 4065 4065 4065 4065 4065 4065
285 1683106623 375 3685 3660 3639 3576 3618 3617 3586 4065 4065 4065 4065 4065 4065 4065 4065
286 1683106623 375 3686 3661 3641 3577 3619 3618 3586 4063 4063 4063 4063 4063 4063 4063 4063
287 1683106623 374 3682 3658 3637 3573 3616 3615 3584 4065 4065 4065 4065 4065 4065 4065 4065
288 1683106623 373 3683 3659 3638 3574 3616 3616 3584 4067 4065 4065 4065 4065 4065 4065 4065
289 1683106623 374 3683 3658 3638 3574 3616 3616 3584 4067 4065 4065 4065 4065 4065 4065 4065
290 1683106623 373 3683 3658 3638 3574 3616 3616 3584 4065 4065 4065 4065 4065 4065 4065 4065
291 1683106623 374 3683 3659 3638 3574 3616 3616 3584 4065 4065 4065 4065 4065 4065 4065 4065
292 1683106623 373 3682 3658 3637 3573 3615 3615 3583 4065 4065 4065 4065 4065 4065 4065 4065
293 1683106623 373 3684 3659 3638 3574 3616 3616 3584 4065 4065 4064 4064 4064 4064 4064 4064
294 1683106623 373 3683 3659 3638 3574 3616 3616 3584 4065 4065 4065 4065 4065 4065 4065 4065
295 1683106623 373 3683 3659 3638 3575 3617 3616 3584 4067 4067 4066 4066 4066 4066 4066 4066
296 1683106623 373 3684 3659 3638 3574 3616 3616 3584 4065 4065 4064 4064 4064 4064 4064 4064
297 1683106623 374 3683 3659 3638 3575 3617 3616 3585 4065 4065 4065 4065 4065 4065 4065 4065
298 1683106623 373 3684 3659 3639 3574 3617 3617 3585 4065 4065 4065 4065 4065 4065 4065 4065
299 1683106623 374 3683 3658 3637 3574 3616 3616 3584 4065 4065 4065 4065 4065 4065 4065 4065
300 1683106623 373 3682 3658 3637 3574 3616 3615 3583 4067 4067 4066 4066 4066 4066 4066 4066
301 1683106623 373 3684 3659 3638 3574 3616 3615 3584 4065 4065 4065 4065 4065 4065 4065 4065
302 1683106623 373 3684 3659 3639 3575 3617 3617 3584 4065 4065 4064 4064 4064 4064 4064 4064
303 1683106623 374 3683 3658 3638 3574 3616 3616 3584 4067 4065 4065 4065 4065 4065 4065 4065
304 1683106623 373 3683 3658 3638 3574 3616 3616 3584 4065 4065 4065 4065 4065 4065 4065 4065
305 1683106623 373 3684 3659 3638 3574 3616 3616 3584 4065 4065 4064 4064 4064 4064 4064 4064
306 1683106623 373 3683 3658 3637 3574 3616 3616 3584 4065 4065 4065 4065 4065 4065 4065 4065
307 1683106623 373 3683 3658 3638 3574 3616 3616 3584 4065 4065 4065 4065 4065 4065 4065 4065
308 1683106623 373 3683 3658 3637 3573 3616 3615 3584 4065 4065 4064 4064 4064 4064 4064 4064
309 1683106623 374 3682 3658 3637 3574 3616 3615 3584 4065 4065 4064 4064 4064 4064 4064 4064
310 1683106623 374 3684 3659 3638 3575 3616 3616 3584 4065 4065 4065 4065 4065 4065 4065 4065
311 1683106623 373 3683 3659 3638 3574 3617 3617 3584 4067 4065 4065 4065 4065 4065 4065 4065
312 1683106623 373 3683 3658 3637 3574 3616 3615 3584 4065 4065 4065 4065 4065 4065 4065 4065
313 1683106623 373 3684 3659 3638 3574 3616 3617 3585 4065 4065 4065 4065 4065 4065 4065 4065
314 1683106623 373 3683 3658 3637 3573 3615 3615 3583 4065 4065 4065 4065 4065 4065 4065 4065
315 1683106623 374 3683 3659 3638 3574 3616 3616 3584 4065 4065 4065 4065 4065 4065 4065 4065
316 1683106623 374 3682 3658 3637 3573 3616 3615 3583 4067 4067 4066 4066 4066 4066 4066 4066
317 1683106623 373 3681 3658 3636 3573 3615 3614 3583 4065 4065 4065 4065 4065 4065 4065 4065
318 1683106623 373 3683 3658 3637 3573 3616 3615 3583 4067 4067 4066 4066 4066 4066 4066 4066
319 1683106623 373 3684 3659 3638 3574 3617 3616 3584 4067 4065 4065 4065 4065 4065 4065 4065
320 1683106623 373 3682 3657 3636 3573 3615 3615 3583 4065 4065 4065 4065 4065 4065 4065 4065
321 1683106623 373 3684 3659 3638 3574 3616 3616 3584 4065 4065 4065 4065 4065 4065 4065 4065
322 1683106623 373 3684 3659 3638 3575 3616 3616 3584 4065 4065 4065 4065 4065 4065 4065 4065
323 1683106623 373 3683 3658 3638 3574 3617 3616 3584 4065 4065 4065 4065 4065 4065 4065 4065
324 1683106623 374 3683 3659 3638 3574 3616 3616 3583 4063 4063 4062 4062 4062 4062 4062 4062
325 1683106623 373 3684 3658 3638 3574 3616 3616 3584 4065 4065 4064 4064 4064 4064 4064 4064
326 1683106623 373 3684 3658 3638 3574 3616 3616 3584 4065 4065 4065 4065 4065 4065 4065 4065
327 1683106623 373 3683 3658 3637 3573 3615 3615 3583 4065 4065 4064 4064 4064 4064 4064 4064
328 1683106623 374 3684 3659 3639 3575 3617 3617 3584 4065 4065 4065 4065 4065 4065 4065 4065
329 1683106623 374 3684 3659 3638 3574 3616 3616 3584 4065 4065 4065 4065 4065 4065 4065 4065
330 1683106623 373 3684 3659 3638 3574 3617 3616 3584 4065 4065 4065 4065 4065 4065 4065 4065
331 1683106623 373 3683 3659 3638 3574 3616 3616 3584 4065 4065 4065 4065 4065 4065 4065 4065
332 1683106623 374 3684 3659 3638 3575 3617 3616 3584 4065 4065 4065 4065 4065 4065 4065 4065
333 1683106623 373 3683 3658 3637 3574 3616 3616 3583 4065 4065 4065 4065 4065 4065 4065 4065
334 1683106623 374 3684 3659 3638 3574 3616 3616 3584 4065 4065 4065 4065 4065 4065 4065 4065
335 1683106623 374 3684 3659 3638 3574 3616 3616 3584 4065 4065 4065 4065 4065 4065 4065 4065
336 1683106623 373 3683 3658 3637 3574 3616 3616 3584 4065 4065 4064 4064 4064 4064 4064 4064
337 1683106623 373 3683 3659 3638 3574 3616 3615 3583 4065 4065 4064 4064 4064 4064 4064 4064
338 1683106623 373 3683 3658 3637 3574 3616 3616 3584 4065 4065 4064 4064 4064 4064 4064 4064
339 1683106623 373 3683 3658 3637 3574 3616 3615 3583 4065 4065 4064 4064 4064 4064 4064 4064
340 1683106623 374 3684 3660 3639 3575 3617 3617 3585 4065 4065 4064 4064 4064 4064 4064 4064
341 1683106623 373 3685 3660 3639 3575 3617 3617 3585 4065 4065 4065 4065 4065 4065 4065 4065
342 1683106623 373 3683 3658 3638 3574 3617 3616 3584 4065 4065 4065 4065 4065 4065 4065 4065
343 1683106623 373 3684 3660 3639 3575 3617 3617 3584 4065 4065 4065 4065 4065 4065 4065 4065
344 1683106623 374 3683 3658 3638 3574 3616 3616 3584 4065 4065 4065 4065 4065 4065 4065 4065
345 1683106623 374 3683 3659 3638 3574 3616 3616 3584 4065 4065 4064 4064 4064 4064 4064 4064
346 1683106623 373 3684 3660 3639 3575 3617 3617 3585 4065 4065 4065 4065 4065 4065 4065 4065
347 1683106623 373 3683 3659 3639 3575 3617 3617 3585 4065 4065 4065 4065 4065 4065 4065 4065
348 1683106623 374 3684 3659 3639 3575 3617 3617 3585 4065 4065 4064 4064 4064 4064 4064 4064
349 1683106623 374 3683 3659 3638 3575 3617 3617 3584 4065 4065 4065 4065 4065 4065 4065 4065
350 1683106623 373 3685 3660 3639 3575 3618 3617 3585 4065 4065 4065 4065 4065 4065 4065 4065
351 1683106623 373 3683 3659 3638 3574 3616 3616 3584 4065 4065 4064 4064 4064 4064 4064 4064
352 1683106624 373 3685 3660 3639 3576 3618 3617 3586 4067 4067 4066 4066 4066 4066 4066 4066
353 1683106624 373 3685 3659 3638 3575 3618 3617 3585 4065 4065 4065 4065 4065 4065 4065 4065
354 1683106624 374 3684 3658 3638 3574 3616 3616 3584 4065 4065 4064 4064 4064 4064 4064 4064
355 1683106624 374 3683 3659 3638 3574 3617 3617 3585 4065 4065 4064 4064 4064 4064 4064 4064
356 1683106624 374 3684 3658 3638 3574 3616 3616 3584 4065 4065 4064 4064 4064 4064 4064 4064
357 1683106624 373 3683 3658 3638 3574 3616 3615 3583 4065 4065 4065 4065 4065 4065 4065 4065
358 1683106624 374 3684 3659 3638 3574 3617 3616 3584 4065 4065 4064 4064 4064 4064 4064 4064
359 1683106624 374 3684 3659 3638 3575 3617 3617 3584 4065 4065 4065 4065 4065 4065 4065 4065
360 1683106624 374 3684 3658 3638 3575 3617 3617 3584 4065 4065 4065 4065 4065 4065 4065 4065
361 1683106624 374 3683 3658 3637 3573 3616 3615 3583 4065 4065 4065 4065 4065 4065 4065 4065
362 1683106624 374 3683 3659 3637 3574 3617 3616 3584 4065 4065 4065 4065 4065 4065 4065 4065
363 1683106624 374 3684 3659 3639 3575 3617 3616 3585 4065 4065 4064 4064 4064 4064 4064 4064
364 1683106624 374 3683 3659 3638 3574 3617 3616 3584 4065 4065 4064 4064 4064 4064 4064 4064
365 1683106624 374 3683 3659 3638 3574 3616 3616 3584 4065 4065 4064 4064 4064 4064 4064 4064
366 1683106624 373 3684 3660 3639 3574 3617 3616 3585 4065 4065 4065 4065 4065 4065 4065 4065
367 1683106624 374 3685 3660 3639 3575 3618 3617 3585 4065 4065 4065 4065 4065 4065 4065 4065
368 1683106624 374 3682 3657 3637 3573 3615 3615 3584 4065 4065 4065 4065 4065 4065 4065 4065
369 1683106624 373 3684 3658 3638 3574 3616 3615 3584 4067 4065 4065 4065 4065 4065 4065 4065
370 1683106624 373 3684 3659 3638 3574 3617 3616 3584 4065 4065 4064 4064 4064 4064 4064 4064
371 1683106624 374 3683 3659 3638 3574 3617 3616 3584 4065 4065 4065 4065 4065 4065 4065 4065
372 1683106624 374 3685 3661 3639 3575 3618 3617 3585 4065 4065 4064 4064 4064 4064 4064 4064
373 1683106624 374 3683 3659 3638 3574 3617 3616 3584 4065 4065 4065 4065 4065 4065 4065 4065
374 1683106624 374 3684 3660 3638 3575 3617 3616 3585 4065 4065 4064 4064 4064 4064 4064 4064
375 1683106624 374 3684 3659 3639 3575 3617 3617 3585 4063 4061 4061 4061 4061 4061 4061 4061
376 1683106624 374 3684 3659 3638 3574 3617 3616 3584 4065 4065 4065 4065 4065 4065 4065 4065
377 1683106624 374 3683 3658 3638 3574 3617 3616 3584 4065 4065 4065 4065 4065 4065 4065 4065
378 1683106624 373 3684 3659 3639 3575 3617 3616 3584 4065 4065 4065 4065 4065 4065 4065 4065
379 1683106624 374 3683 3659 3638 3574 3616 3616 3584 4065 4065 4064 4064 4064 4064 4064 4064
380 1683106624 374 3684 3660 3639 3575 3617 3617 3585 4065 4065 4065 4065 4065 4065 4065 4065
381 1683106632 374 3682 3657 3636 3573 3615 3615 3583 4065 4065 4064 4064 4064 4064 4064 4064
382 1683106632 373 3683 3658 3637 3573 3615 3615 3583 4065 4065 4064 4064 4064 4064 4064 4064
383 1683106632 374 3682 3658 3637 3573 3615 3615 3583 4065 4065 4064 4064 4064 4064 4064 4064
384 1683106632 373 3684 3659 3638 3574 3616 3616 3584 4061 4061 4060 4060 4060 4060 4060 4060
385 1683106632 374 3682 3657 3637 3573 3615 3615 3582 4065 4065 4065 4065 4065 4065 4065 4065
386 1683106632 374 3683 3659 3638 3574 3616 3616 3584 4067 4067 4066 4066 4066 4066 4066 4066
387 1683106632 374 3682 3657 3636 3573 3615 3614 3582 4065 4065 4064 4064 4064 4064 4064 4064
388 1683106632 374 3683 3659 3638 3574 3616 3616 3584 4065 4065 4064 4064 4064 4064 4064 4064
389 1683106632 374 3683 3658 3637 3574 3616 3615 3584 4067 4065 4065 4065 4065 4065 4065 4065
390 1683106632 374 3682 3658 3637 3574 3615 3615 3583 4065 4065 4065 4065 4065 4065 4065 4065
391 1683106632 374 3683 3658 3638 3574 3616 3616 3584 4065 4065 4065 4065 4065 4065 4065 4065
392 1683106632 374 3683 3658 3637 3573 3615 3615 3583 4065 4065 4064 4064 4064 4064 4064 4064
393 1683106632 374 3684 3659 3639 3574 3617 3616 3585 4065 4065 4064 4064 4064 4064 4064 4064
394 1683106632 374 3683 3659 3638 3574 3616 3616 3584 4065 4065 4064 4064 4064 4064 4064 4064
395 1683106632 374 3682 3659 3638 3573 3616 3616 3583 4065 4065 4065 4065 4065 4065 4065 4065
396 1683106632 374 3684 3659 3638 3575 3616 3616 3584 4065 4065 4065 4065 4065 4065 4065 4065
397 1683106632 374 3683 3658 3638 3574 3616 3615 3583 4065 4065 4065 4065 4065 4065 4065 4065
398 1683106632 374 3683 3658 3637 3574 3615 3615 3584 4067 4065 4065 4065 4065 4065 4065 4065
399 1683106632 374 3683 3658 3637 3574 3616 3615 3584 4065 4065 4065 4065 4065 4065 4065 4065
400 1683106632 374 3683 3658 3637 3574 3616 3616 3584 4065 4065 4065 4065 4065 4065 4065 4065
401 1683106632 374 3683 3658 3637 3574 3615 3615 3584 4065 4065 4065 4065 4065 4065 4065 4065
402 1683106632 374 3683 3658 3637 3573 3616 3615 3584 4065 4065 4064 4064 4064 4064 4064 4064
403 1683106632 374 3684 3659 3639 3575 3617 3617 3585 4065 4065 4064 4064 4064 4064 4064 4064
404 1683106632 374 3684 3659 3638 3574 3616 3616 3584 4065 4065 4065 4065 4065 4065 4065 4065
405 1683106632 374 3684 3659 3638 3574 3616 3616 3584 4065 4065 4065 4065 4065 4065 4065 4065
406 1683106632 374 3683 3658 3638 3574 3615 3616 3583 4067 4065 4065 4065 4065 4065 4065 4065
407 1683106632 374 3683 3658 3637 3574 3616 3616 3584 4065 4065 4064 4064 4064 4064 4064 4064
408 1683106632 374 3683 3658 3638 3574 3617 3616 3584 4065 4065 4065 4065 4065 4065 4065 4065
409 1683106632 374 3683 3659 3638 3574 3616 3616 3584 4065 4065 4065 4065 4065 4065 4065 4065
410 1683106632 374 3683 3659 3637 3573 3616 3616 3584 4065 4065 4064 4064 4064 4064 4064 4064
411 1683106632 374 3682 3658 3637 3574 3616 3615 3583 4067 4065 4065 4065 4065 4065 4065 4065
412 1683106632 374 3684 3659 3638 3574 3617 3616 3584 4065 4065 4064 4064 4064 4064 4064 4064
413 1683106632 374 3684 3658 3638 3575 3617 3616 3584 4065 4065 4065 4065 4065 4065 4065 4065
414 1683106632 374 3683 3658 3638 3574 3616 3616 3584 4065 4065 4065 4065 4065 4065 4065 4065
415 1683106640 374 3682 3657 3636 3573 3615 3615 3583 4065 4065 4064 4064 4064 4064 4064 4064
416 1683106640 374 3682 3658 3637 3574 3615 3615 3583 4065 4065 4065 4065 4065 4065 4065 4065
417 1683106640 374 3682 3657 3636 3573 3615 3615 3583 4065 4065 4064 4064 4064 4064 4064 4064
418 1683106640 374 3683 3658 3638 3574 3616 3615 3583 4065 4065 4065 4065 4065 4065 4065 4065
419 1683106640 374 3683 3658 3638 3573 3616 3616 3584 4065 4065 4064 4064 4064 4064 4064 4064
420 1683106640 374 3683 3658 3637 3573 3615 3615 3583 4065 4065 4064 4064 4064 4064 4064 4064
421 1683106640 374 3683 3659 3637 3574 3616 3616 3584 4065 4065 4064 4064 4064 4064 4064 4064
422 1683106640 374 3683 3658 3637 3574 3616 3615 3583 4065 4065 4065 4065 4065 4065 4065 4065
423 1683106640 374 3684 3659 3638 3575 3616 3616 3584 4065 4065 4064 4064 4064 4064 4064 4064
424 1683106640 374 3683 3658 3637 3574 3616 3616 3584 4065 4065 4065 4065 4065 4065 4065 4065
425 1683106640 374 3683 3659 3637 3574 3616 3616 3583 4067 4067 4066 4066 4066 4066 4066 4066
426 1683106640 374 3682 3658 3637 3573 3615 3615 3583 4067 4065 4065 4065 4065 4065 4065 4065
427 1683106640 375 3683 3658 3638 3574 3616 3616 3584 4065 4065 4065 4065 4065 4065 4065 4065
428 1683106640 374 3683 3659 3638 3574 3616 3616 3584 4065 4065 4064 4064 4064 4064 4064 4064
429 1683106640 374 3684 3659 3638 3574 3616 3616 3585 4065 4065 4064 4064 4064 4064 4064 4064
430 1683106640 374 3684 3659 3638 3575 3617 3617 3585 4065 4065 4065 4065 4065 4065 4065 4065
431 1683106640 374 3685 3659 3639 3575 3617 3616 3585 4065 4065 4064 4064 4064 4064 4064 4064
432 1683106640 374 3683 3658 3638 3573 3616 3615 3583 4065 4065 4065 4065 4065 4065 4065 4065
433 1683106640 374 3683 3659 3637 3574 3617 3616 3584 4065 4065 4064 4064 4064 4064 4064 4064
434 1683106640 374 3683 3659 3638 3574 3617 3616 3585 4067 4065 4065 4065 4065 4065 4065 4065
435 1683106640 374 3683 3658 3638 3574 3617 3616 3585 4065 4065 4065 4065 4065 4065 4065 4065
436 1683106640 374 3684 3659 3638 3574 3616 3616 3584 4063 4063 4063 4063 4063 4063 4063 4063
437 1683106640 374 3684 3659 3638 3575 3617 3617 3585 4067 4067 4066 4066 4066 4066 4066 4066
438 1683106640 375 3683 3658 3637 3573 3616 3616 3583 4065 4065 4065 4065 4065 4065 4065 4065
439 1683106640 374 3683 3659 3638 3574 3616 3616 3583 4065 4065 4064 4064 4064 4064 4064 4064
440 1683106640 374 3684 3658 3638 3574 3616 3616 3583 4065 4065 4064 4064 4064 4064 4064 4064
441 1683106640 375 3683 3658 3637 3573 3616 3615 3583 4067 4067 4066 4066 4066 4066 4066 4066
442 1683106640 374 3682 3658 3638 3574 3617 3616 3585 4065 4065 4064 4064 4064 4064 4064 4064
443 1683106640 375 3681 3658 3638 3574 3616 3616 3584 4065 4065 4065 4065 4065 4065 4065 4065
444 1683106640 374 3684 3659 3639 3575 3617 3616 3584 4065 4065 4065 4065 4065 4065 4065 4065
445 1683106640 374 3684 3659 3638 3574 3617 3616 3584 4067 4065 4065 4065 4065 4065 4065 4065
446 1683106640 374 3683 3659 3638 3574 3616 3616 3584 4065 4065 4065 4065 4065 4065 4065 4065
447 1683106640 374 3684 3659 3638 3575 3617 3617 3584 4065 4065 4065 4065 4065 4065 4065 4065
448 1683106640 374 3684 3659 3638 3575 3617 3616 3585 4065 4065 4065 4065 4065 4065 4065 4065
449 1683106640 375 3685 3660 3639 3576 3617 3617 3585 4065 4065 4064 4064 4064 4064 4064 4064
450 1683106640 375 3683 3658 3637 3574 3616 3616 3584 4065 4065 4065 4065 4065 4065 4065 4065
451 1683106640 375 3684 3659 3639 3576 3618 3617 3585 4065 4065 4065 4065 4065 4065 4065 4065
452 1683106640 375 3684 3659 3638 3574 3617 3617 3585 4065 4065 4064 4064 4064 4064 4064 4064
453 1683106640 374 3685 3659 3639 3575 3617 3617 3585 4065 4065 4065 4065 4065 4065 4065 4065
454 1683106640 374 3683 3659 3638 3574 3616 3616 3584 4065 4065 4064 4064 4064 4064 4064 4064
455 1683106641 374 3683 3659 3638 3574 3617 3616 3585 4065 4065 4064 4064 4064 4064 4064 4064
456 1683106641 374 3683 3658 3637 3574 3616 3616 3584 4065 4065 4065 4065 4065 4065 4065 4065
457 1683106641 375 3683 3658 3638 3574 3617 3616 3584 4067 4067 4066 4066 4066 4066 4066 4066
458 1683106641 374 3684 3660 3639 3575 3617 3617 3585 4065 4065 4065 4065 4065 4065 4065 4065
459 1683106641 374 3683 3658 3638 3574 3616 3616 3584 4065 4065 4065 4065 4065 4065 4065 4065
460 1683106641 374 3684 3660 3640 3575 3617 3617 3585 4065 4065 4064 4064 4064 4064 4064 4064
461 1683106641 375 3683 3658 3637 3574 3616 3616 3584 4065 4065 4065 4065 4065 4065 4065 4065
462 1683106641 374 3684 3659 3639 3575 3617 3616 3584 4067 4065 4065 4065 4065 4065 4065 4065
463 1683106641 374 3684 3659 3638 3574 3617 3616 3584 4065 4065 4065 4065 4065 4065 4065 4065
464 1683106641 374 3684 3659 3639 3575 3617 3617 3585 4065 4065 4064 4064 4064 4064 4064 4064
465 1683106641 374 3684 3660 3638 3575 3617 3616 3585 4065 4065 4064 4064 4064 4064 4064 4064
466 1683106641 374 3684 3660 3639 3575 3617 3617 3585 4065 4065 4065 4065 4065 4065 4065 4065
467 1683106641 374 3685 3659 3639 3575 3617 3617 3585 4065 4065 4064 4064 4064 4064 4064 4064
468 1683106649 375 3682 3657 3637 3573 3616 3615 3583 4065 4065 4064 4064 4064 4064 4064 4064
469 1683106649 375 3684 3659 3639 3575 3617 3617 3585 4061 4061 4060 4060 4060 4060 4060 4060
470 1683106649 374 3684 3659 3638 3574 3616 3616 3584 4065 4065 4065 4065 4065 4065 4065 4065
471 1683106649 375 3683 3658 3637 3573 3616 3615 3583 4065 4065 4065 4065 4065 4065 4065 4065
472 1683106649 374 3683 3658 3638 3574 3616 3616 3584 4065 4065 4065 4065 4065 4065 4065 4065
473 1683106649 374 3684 3659 3639 3574 3616 3616 3584 4067 4067 4066 4066 4066 4066 4066 4066
474 1683106649 374 3681 3657 3637 3573 3616 3615 3583 4065 4065 4064 4064 4064 4064 4064 4064
475 1683106649 374 3684 3659 3639 3575 3617 3617 3585 4065 4065 4065 4065 4065 4065 4065 4065
476 1683106649 375 3683 3659 3638 3574 3617 3616 3584 4065 4065 4065 4065 4065 4065 4065 4065
477 1683106649 375 3684 3659 3638 3574 3616 3616 3584 4065 4065 4065 4065 4065 4065 4065 4065
478 1683106649 374 3683 3658 3638 3574 3616 3616 3584 4065 4065 4064 4064 4064 4064 4064 4064
479 1683106649 374 3684 3660 3639 3575 3617 3617 3585 4065 4065 4064 4064 4064 4064 4064 4064
480 1683106649 374 3685 3661 3640 3576 3618 3618 3586 4065 4065 4065 4065 4065 4065 4065 4065
481 1683106649 374 3684 3659 3638 3575 3617 3617 3585 4065 4065 4064 4064 4064 4064 4064 4064
482 1683106649 375 3683 3658 3638 3574 3616 3616 3584 4065 4065 4064 4064 4064 4064 4064 4064
483 1683106649 374 3683 3658 3638 3574 3616 3615 3584 4065 4065 4064 4064 4064 4064 4064 4064
484 1683106649 374 3684 3659 3638 3575 3616 3616 3584 4067 4067 4066 4066 4066 4066 4066 4066
485 1683106649 374 3684 3658 3639 3575 3617 3616 3584 4065 4065 4064 4064 4064 4064 4064 4064
486 1683106649 374 3685 3660 3639 3575 3617 3617 3585 4065 4065 4064 4064 4064 4064 4064 4064
487 1683106649 375 3684 3659 3638 3575 3617 3617 3584 4065 4065 4064 4064 4064 4064 4064 4064
488 1683106649 375 3683 3659 3638 3575 3617 3616 3584 4065 4065 4065 4065 4065 4065 4065 4065
489 1683106649 374 3684 3660 3638 3575 3617 3617 3584 4067 4065 4065 4065 4065 4065 4065 4065
490 1683106649 375 3684 3659 3638 3575 3617 3617 3585 4065 4065 4065 4065 4065 4065 4065 4065
491 1683106649 374 3684 3659 3638 3575 3617 3616 3585 4065 4065 4065 4065 4065 4065 4065 4065
492 1683106649 374 3683 3659 3639 3575 3617 3617 3585 4065 4065 4064 4064 4064 4064 4064 4064
493 1683106649 374 3685 3660 3640 3576 3618 3618 3586 4065 4065 4065 4065 4065 4065 4065 4065
494 1683106649 374 3685 3660 3639 3575 3617 3617 3584 4063 4063 4063 4063 4063 4063 4063 4063
495 1683106649 374 3684 3659 3639 3574 3617 3616 3585 4065 4065 4065 4065 4065 4065 4065 4065
496 1683106649 374 3684 3660 3638 3575 3617 3616 3585 4065 4065 4064 4064 4064 4064 4064 4064
497 1683106649 375 3684 3659 3639 3575 3617 3617 3585 4065 4065 4065 4065 4065 4065 4065 4065
498 1683106649 375 3684 3659 3639 3575 3617 3617 3585 4065 4065 4064 4064 4064 4064 4064 4064
499 1683106649 375 3684 3659 3639 3575 3617 3617 3585 4065 4065 4065 4065 4065 4065 4065 4065
500 1683106649 374 3685 3660 3639 3576 3618 3617 3585 4065 4065 4065 4065 4065 4065 4065 4065
501 1683106649 374 3684 3659 3639 3575 3617 3617 3585 4065 4065 4064 4064 4064 4064 4064 4064
502 1683106649 374 3685 3660 3639 3576 3617 3617 3585 4065 4065 4065 4065 4065 4065 4065 4065
503 1683106649 374 3684 3659 3638 3575 3617 3617 3585 4067 4067 4066 4066 4066 4066 4066 4066
504 1683106649 374 3683 3659 3639 3574 3616 3616 3585 4065 4065 4064 4064 4064 4064 4064 4064
505 1683106649 374 3682 3659 3638 3575 3617 3617 3585 4067 4067 4066 4066 4066 4066 4066 4066
506 1683106649 375 3685 3659 3639 3575 3617 3617 3585 4063 4063 4062 4062 4062 4062 4062 4062
507 1683106649 375 3684 3660 3639 3576 3618 3617 3585 4065 4065 4064 4064 4064 4064 4064 4064
508 1683106649 375 3683 3659 3638 3574 3616 3616 3584 4067 4067 4066 4066 4066 4066 4066 4066
509 1683106649 375 3684 3659 3638 3575 3617 3617 3585 4065 4065 4064 4064 4064 4064 4064 4064
510 1683106649 374 3683 3658 3638 3574 3616 3615 3584 4065 4065 4065 4065 4065 4065 4065 4065
511 1683106649 375 3684 3660 3639 3575 3617 3617 3585 4065 4065 4064 4064 4064 4064 4064 4064
512 1683106649 375 3683 3658 3638 3575 3617 3616 3585 4065 4065 4064 4064 4064 4064 4064 4064
513 1683106649 375 3684 3659 3639 3575 3618 3617 3585 4065 4065 4065 4065 4065 4065 4065 4065
514 1683106649 375 3685 3659 3639 3575 3617 3617 3585 4065 4065 4065 4065 4065 4065 4065 4065
515 1683106649 375 3684 3659 3638 3575 3616 3616 3584 4065 4065 4064 4064 4064 4064 4064 4064
516 1683106649 375 3686 3661 3641 3577 3619 3619 3587 4065 4065 4065 4065 4065 4065 4065 4065
517 1683106649 375 3684 3659 3638 3575 3617 3616 3584 4065 4065 4064 4064 4064 4064 4064 4064
518 1683106649 375 3683 3658 3638 3574 3616 3616 3585 4065 4065 4065 4065 4065 4065 4065 4065
519 1683106649 375 3684 3660 3640 3576 3618 3618 3586 4067 4065 4065 4065 4065 4065 4065 4065
520 1683106649 375 3683 3660 3638 3574 3617 3616 3585 4065 4065 4065 4065 4065 4065 4065 4065
521 1683106649 374 3684 3659 3639 3575 3617 3616 3584 4065 4065 4065 4065 4065 4065 4065 4065
522 1683106649 375 3685 3660 3640 3576 3618 3618 3586 4065 4065 4065 4065 4065 4065 4065 4065
523 1683106649 375 3684 3660 3639 3575 3617 3617 3585 4065 4065 4064 4064 4064 4064 4064 4064
524 1683106649 375 3684 3659 3638 3575 3617 3616 3585 4065 4065 4065 4065 4065 4065 4065 4065
525 1683106649 374 3684 3659 3639 3575 3616 3616 3584 4065 4065 4065 4065 4065 4065 4065 4065
526 1683106649 375 3684 3659 3638 3575 3617 3616 3584 4065 4065 4065 4065 4065 4065 4065 4065
527 1683106649 374 3684 3659 3639 3574 3617 3616 3584 4065 4065 4064 4064 4064 4064 4064 4064
528 1683106649 375 3684 3660 3639 3575 3617 3617 3585 4065 4065 4064 4064 4064 4064 4064 4064
529 1683106649 375 3684 3660 3639 3575 3617 3617 3584 4065 4065 4064 4064 4064 4064 4064 4064
530 1683106649 375 3685 3660 3639 3576 3618 3617 3586 4067 4067 4066 4066 4066 4066 4066 4066
531 1683106649 375 3684 3659 3638 3575 3616 3616 3584 4065 4065 4065 4065 4065 4065 4065 4065
532 1683106649 375 3684 3659 3639 3575 3617 3617 3585 4063 4063 4062 4062 4062 4062 4062 4062
533 1683106649 375 3684 3659 3638 3575 3617 3616 3585 4065 4065 4064 4064 4064 4064 4064 4064
534 1683106649 374 3685 3660 3639 3575 3617 3617 3585 4061 4061 4060 4060 4060 4060 4060 4060
535 1683106649 375 3684 3661 3640 3576 3618 3618 3586 4065 4065 4064 4064 4064 4064 4064 4064
536 1683106649 375 3683 3659 3639 3575 3617 3617 3585 4065 4065 4064 4064 4064 4064 4064 4064
537 1683106650 375 3682 3658 3638 3574 3616 3615 3584 4065 4065 4065 4065 4065 4065 4065 4065
538 1683106650 375 3684 3659 3638 3574 3617 3616 3585 4067 4065 4065 4065 4065 4065 4065 4065
539 1683106650 375 3684 3659 3639 3575 3616 3616 3585 4065 4065 4064 4064 4064 4064 4064 4064
540 1683106650 373 3682 3656 3636 3572 3614 3614 3582 4065 4065 4064 4064 4064 4064 4064 4064
541 1683106650 373 3682 3657 3636 3573 3615 3614 3583 4065 4065 4065 4065 4065 4065 4065 4065
542 1683106650 373 3682 3658 3637 3573 3615 3615 3583 4065 4065 4064 4064 4064 4064 4064 4064
543 1683106650 373 3682 3657 3637 3573 3615 3615 3583 4067 4067 4066 4066 4066 4066 4066 4066
544 1683106650 373 3683 3659 3638 3574 3616 3615 3584 4065 4065 4065 4065 4065 4065 4065 4065
545 1683106650 373 3682 3657 3637 3573 3615 3614 3583 4065 4065 4065 4065 4065 4065 4065 4065
546 1683106650 373 3682 3657 3636 3573 3615 3614 3583 4065 4065 4064 4064 4064 4064 4064 4064
547 1683106650 373 3682 3657 3637 3573 3615 3615 3582 4065 4065 4065 4065 4065 4065 4065 4065
548 1683106650 373 3683 3658 3637 3574 3615 3615 3583 4065 4065 4065 4065 4065 4065 4065 4065
549 1683106650 373 3683 3658 3637 3574 3615 3615 3583 4065 4065 4065 4065 4065 4065 4065 4065
550 1683106650 373 3683 3658 3637 3574 3616 3615 3583 4065 4065 4065 4065 4065 4065 4065 4065
551 1683106650 373 3683 3659 3638 3574 3616 3615 3583 4067 4065 4065 4065 4065 4065 4065 4065
552 1683106650 373 3683 3658 3638 3574 3616 3616 3584 4065 4065 4064 4064 4064 4064 4064 4064
553 1683106650 373 3682 3657 3636 3573 3615 3614 3583 4065 4065 4065 4065 4065 4065 4065 4065
554 1683106650 373 3684 3659 3638 3574 3616 3616 3584 4065 4065 4064 4064 4064 4064 4064 4064
555 1683106650 373 3683 3658 3637 3573 3615 3615 3583 4065 4065 4065 4065 4065 4065 4065 4065
556 1683106650 373 3683 3659 3638 3574 3616 3616 3584 4065 4065 4065 4065 4065 4065 4065 4065
557 1683106650 374 3682 3657 3637 3573 3616 3615 3583 4065 4065 4065 4065 4065 4065 4065 4065
558 1683106650 373 3682 3657 3637 3573 3616 3615 3583 4065 4065 4064 4064 4064 4064 4064 4064
559 1683106650 373 3683 3658 3637 3574 3616 3615 3583 4065 4065 4064 4064 4064 4064 4064 4064
560 1683106650 373 3682 3658 3637 3573 3616 3615 3583 4065 4065 4065 4065 4065 4065 4065 4065
561 1683106650 373 3682 3658 3637 3574 3615 3615 3583 4065 4065 4065 4065 4065 4065 4065 4065
562 1683106650 373 3683 3658 3637 3573 3615 3615 3583 4065 4065 4064 4064 4064 4064 4064 4064
563 1683106650 373 3684 3659 3637 3574 3616 3616 3584 4065 4065 4064 4064 4064 4064 4064 4064
564 1683106650 373 3683 3658 3636 3573 3615 3614 3583 4067 4067 4066 4066 4066 4066 4066 4066
565 1683106650 373 3682 3658 3637 3573 3615 3614 3583 4065 4065 4064 4064 4064 4064 4064 4064
566 1683106650 374 3682 3657 3637 3573 3615 3615 3583 4065 4065 4064 4064 4064 4064 4064 4064
567 1683106650 373 3683 3658 3637 3573 3616 3616 3584 4065 4065 4065 4065 4065 4065 4065 4065
568 1683106650 373 3683 3658 3638 3574 3616 3615 3583 4065 4065 4064 4064 4064 4064 4064 4064
569 1683106650 374 3682 3658 3637 3574 3616 3615 3583 4067 4067 4066 4066 4066 4066 4066 4066
570 1683106650 373 3681 3658 3637 3573 3615 3615 3583 4065 4065 4064 4064 4064 4064 4064 4064
571 1683106650 373 3683 3658 3637 3574 3616 3616 3584 4063 4063 4063 4063 4063 4063 4063 4063
572 1683106650 374 3683 3658 3638 3574 3616 3616 3584 4067 4067 4066 4066 4066 4066 4066 4066
573 1683106650 373 3684 3659 3637 3574 3616 3616 3583 4065 4065 4065 4065 4065 4065 4065 4065
574 1683106650 374 3684 3659 3638 3575 3617 3617 3585 4065 4065 4064 4064 4064 4064 4064 4064
575 1683106650 373 3684 3658 3638 3574 3616 3616 3584 4065 4065 4064 4064 4064 4064 4064 4064
576 1683106650 373 3683 3658 3638 3574 3616 3616 3584 4065 4065 4065 4065 4065 4065 4065 4065
577 1683106650 374 3682 3658 3637 3573 3616 3615 3584 4065 4065 4064 4064 4064 4064 4064 4064
578 1683106650 373 3683 3658 3638 3574 3616 3615 3583 4065 4065 4065 4065 4065 4065 4065 4065
579 1683106650 373 3683 3658 3637 3573 3616 3615 3583 4065 4065 4065 4065 4065 4065 4065 4065
580 1683106650 373 3683 3659 3638 3574 3616 3616 3584 4065 4065 4064 4064 4064 4064 4064 4064
581 1683106650 373 3682 3658 3637 3573 3615 3615 3583 4065 4065 4064 4064 4064 4064 4064 4064
582 1683106650 373 3682 3657 3637 3573 3615 3615 3583 4065 4065 4065 4065 4065 4065 4065 4065
583 1683106650 373 3684 3660 3639 3575 3617 3617 3585 4065 4065 4064 4064 4064 4064 4064 4064
584 1683106650 373 3683 3659 3638 3574 3617 3616 3584 4063 4063 4063 4063 4063 4063 4063 4063
585 1683106650 373 3682 3658 3637 3573 3615 3615 3583 4067 4065 4065 4065 4065 4065 4065 4065
586 1683106650 373 3681 3657 3636 3573 3615 3614 3582 4065 4065 4064 4064 4064 4064 4064 4064
587 1683106650 373 3682 3658 3637 3573 3616 3615 3583 4065 4065 4064 4064 4064 4064 4064 4064
588 1683106650 374 3683 3658 3638 3573 3616 3615 3584 4067 4065 4065 4065 4065 4065 4065 4065
589 1683106650 374 3682 3658 3637 3574 3616 3616 3584 4065 4065 4065 4065 4065 4065 4065 4065
590 1683106650 373 3683 3658 3637 3574 3616 3616 3584 4065 4065 4065 4065 4065 4065 4065 4065
591 1683106650 374 3682 3658 3637 3573 3616 3616 3584 4065 4065 4065 4065 4065 4065 4065 4065
592 1683106650 373 3683 3659 3638 3574 3616 3615 3583 4065 4065 4064 4064 4064 4064 4064 4064
593 1683106650 374 3683 3659 3638 3574 3616 3616 3584 4067 4067 4066 4066 4066 4066 4066 4066
594 1683106658 373 3682 3657 3636 3572 3614 3613 3581 4065 4065 4064 4064 4064 4064 4064 4064
595 1683106666 374 3681 3657 3636 3573 3615 3614 3582 4065 4065 4064 4064 4064 4064 4064 4064
596 1683106666 373 3681 3657 3636 3572 3614 3614 3582 4065 4065 4065 4065 4065 4065 4065 4065
597 1683106666 373 3683 3658 3637 3573 3616 3614 3582 4065 4065 4065 4065 4065 4065 4065 4065
598 1683106666 374 3683 3658 3637 3573 3615 3615 3583 4065 4065 4064 4064 4064 4064 4064 4064
599 1683106666 373 3682 3658 3637 3573 3615 3615 3584 4065 4065 4064 4064 4064 4064 4064 4064
600 1683106666 373 3684 3659 3638 3574 3616 3616 3584 4065 4065 4065 4065 4065 4065 4065 4065
601 1683106666 373 3683 3658 3638 3574 3616 3615 3583 4061 4061 4060 4060 4060 4060 4060 4060
602 1683106666 374 3682 3657 3637 3573 3616 3615 3583 4065 4065 4064 4064 4064 4064 4064 4064
603 1683106666 374 3684 3658 3637 3574 3615 3615 3583 4063 4063 4063 4063 4063 4063 4063 4063
604 1683106666 374 3683 3658 3637 3573 3615 3615 3583 4065 4065 4065 4065 4065 4065 4065 4065
605 1683106666 374 3682 3657 3637 3573 3615 3615 3582 4061 4061 4061 4061 4061 4061 4061 4061
606 1683106666 373 3683 3658 3637 3574 3616 3615 3583 4065 4065 4065 4065 4065 4065 4065 4065
607 1683106666 374 3683 3659 3638 3574 3616 3616 3584 4065 4065 4064 4064 4064 4064 4064 4064
608 1683106666 373 3683 3658 3637 3574 3616 3615 3583 4067 4065 4065 4065 4065 4065 4065 4065
609 1683106666 373 3683 3658 3637 3573 3615 3615 3583 4065 4065 4065 4065 4065 4065 4065 4065
610 1683106666 374 3683 3657 3637 3573 3615 3615 3583 4065 4065 4064 4064 4064 4064 4064 4064
611 1683106666 374 3683 3658 3638 3574 3616 3615 3584 4065 4065 4065 4065 4065 4065 4065 4065
612 1683106666 374 3683 3659 3638 3574 3617 3617 3585 4065 4065 4065 4065 4065 4065 4065 4065
613 1683106666 374 3683 3657 3637 3573 3615 3615 3582 4067 4065 4065 4065 4065 4065 4065 4065
614 1683106666 374 3683 3658 3637 3574 3615 3615 3583 4065 4065 4064 4064 4064 4064 4064 4064
615 1683106666 374 3682 3658 3637 3573 3616 3615 3583 4065 4065 4065 4065 4065 4065 4065 4065
616 1683106666 373 3684 3659 3638 3574 3616 3615 3584 4067 4065 4065 4065 4065 4065 4065 4065
617 1683106666 373 3684 3659 3638 3574 3616 3616 3584 4065 4065 4065 4065 4065 4065 4065 4065
618 1683106666 373 3683 3659 3638 3574 3616 3615 3583 4065 4065 4065 4065 4065 4065 4065 4065
619 1683106666 373 3683 3658 3638 3574 3616 3616 3583 4067 4067 4066 4066 4066 4066 4066 4066
620 1683106666 373 3683 3658 3637 3573 3615 3615 3583 4065 4065 4064 4064 4064 4064 4064 4064
621 1683106666 374 3683 3658 3637 3573 3616 3615 3583 4067 4067 4066 4066 4066 4066 4066 4066
622 1683106666 374 3683 3658 3637 3574 3616 3615 3584 4065 4065 4065 4065 4065 4065 4065 4065
623 1683106666 373 3684 3658 3638 3574 3615 3616 3584 4063 4063 4063 4063 4063 4063 4063 4063
624 1683106666 373 3684 3659 3638 3574 3616 3616 3584 4067 4065 4065 4065 4065 4065 4065 4065
625 1683106666 373 3684 3659 3638 3574 3616 3615 3584 4065 4065 4064 4064 4064 4064 4064 4064
626 1683106666 373 3684 3659 3638 3574 3617 3616 3584 4065 4065 4065 4065 4065 4065 4065 4065
627 1683106666 374 3684 3659 3638 3575 3617 3617 3585 4065 4065 4065 4065 4065 4065 4065 4065
628 1683106666 374 3682 3658 3637 3573 3615 3615 3583 4065 4065 4064 4064 4064 4064 4064 4064
629 1683106666 374 3683 3658 3637 3574 3616 3616 3584 4065 4065 4065 4065 4065 4065 4065 4065
630 1683106666 374 3683 3658 3637 3573 3616 3615 3583 4065 4065 4065 4065 4065 4065 4065 4065
631 1683106667 374 3682 3658 3637 3574 3616 3616 3584 4065 4065 4065 4065 4065 4065 4065 4065
632 1683106667 374 3683 3658 3637 3573 3616 3616 3584 4067 4065 4065 4065 4065 4065 4065 4065
633 1683106667 373 3684 3659 3638 3575 3616 3616 3584 4065 4065 4065 4065 4065 4065 4065 4065
634 1683106667 374 3683 3658 3637 3573 3616 3615 3583 4065 4065 4065 4065 4065 4065 4065 4065
635 1683106667 374 3683 3658 3637 3574 3616 3616 3583 4065 4065 4065 4065 4065 4065 4065 4065
636 1683106667 374 3684 3659 3638 3574 3617 3616 3584 4065 4065 4065 4065 4065 4065 4065 4065
637 1683106667 374 3683 3658 3637 3574 3616 3616 3584 4065 4065 4065 4065 4065 4065 4065 4065
638 1683106667 374 3683 3659 3638 3574 3616 3616 3584 4065 4065 4065 4065 4065 4065 4065 4065
639 1683106667 373 3682 3658 3637 3573 3615 3614 3583 4065 4065 4064 4064 4064 4064 4064 4064
640 1683106667 373 3684 3659 3638 3574 3616 3615 3583 4065 4065 4064 4064 4064 4064 4064 4064
641 1683106667 374 3683 3658 3637 3574 3615 3615 3583 4065 4065 4065 4065 4065 4065 4065 4065
642 1683106667 374 3683 3659 3638 3574 3617 3616 3585 4065 4065 4065 4065 4065 4065 4065 4065
643 1683106667 374 3683 3658 3638 3574 3616 3616 3584 4063 4063 4063 4063 4063 4063 4063 4063
644 1683106667 373 3683 3658 3638 3574 3616 3615 3583 4065 4065 4065 4065 4065 4065 4065 4065
645 1683106667 374 3684 3659 3638 3574 3616 3616 3584 4063 4063 4063 4063 4063 4063 4063 4063
646 1683106667 374 3683 3659 3638 3574 3616 3616 3584 4065 4065 4064 4064 4064 4064 4064 4064
647 1683106667 374 3682 3658 3637 3574 3616 3615 3583 4065 4065 4065 4065 4065 4065 4065 4065
648 1683106667 373 3684 3659 3638 3574 3617 3616 3584 4065 4065 4064 4064 4064 4064 4064 4064
649 1683106667 374 3683 3658 3637 3573 3615 3615 3584 4065 4065 4065 4065 4065 4065 4065 4065
650 1683106667 374 3683 3658 3637 3574 3616 3615 3583 4065 4065 4065 4065 4065 4065 4065 4065
651 1683106667 373 3683 3659 3638 3574 3616 3616 3584 4065 4065 4065 4065 4065 4065 4065 4065
652 1683106667 375 3683 3658 3638 3574 3616 3616 3584 4065 4065 4065 4065 4065 4065 4065 4065
653 1683106667 373 3682 3658 3638 3574 3616 3615 3584 4065 4065 4065 4065 4065 4065 4065 4065
654 1683106667 374 3683 3658 3637 3574 3616 3616 3584 4065 4065 4065 4065 4065 4065 4065 4065
655 1683106667 374 3684 3659 3638 3574 3617 3616 3584 4065 4065 4065 4065 4065 4065 4065 4065
656 1683106667 374 3684 3659 3638 3575 3617 3617 3585 4065 4065 4064 4064 4064 4064 4064 4064
657 1683106667 374 3684 3659 3639 3575 3617 3616 3585 4067 4065 4065 4065 4065 4065 4065 4065
658 1683106667 374 3684 3659 3638 3575 3617 3617 3585 4065 4065 4065 4065 4065 4065 4065 4065
659 1683106667 374 3683 3658 3637 3574 3616 3616 3584 4067 4067 4066 4066 4066 4066 4066 4066
660 1683106667 374 3683 3658 3638 3574 3616 3616 3584 4065 4065 4065 4065 4065 4065 4065 4065
661 1683106667 374 3682 3658 3637 3574 3616 3616 3583 4065 4065 4065 4065 4065 4065 4065 4065
662 1683106667 374 3683 3659 3638 3574 3616 3616 3584 4067 4067 4066 4066 4066 4066 4066 4066
663 1683106667 374 3684 3659 3639 3575 3617 3616 3585 4065 4065 4064 4064 4064 4064 4064 4064
664 1683106667 373 3684 3659 3638 3575 3617 3617 3585 4065 4065 4065 4065 4065 4065 4065 4065
665 1683106667 374 3683 3658 3637 3573 3616 3615 3583 4065 4065 4065 4065 4065 4065 4065 4065
666 1683106667 374 3683 3659 3638 3574 3616 3616 3584 4065 4065 4064 4064 4064 4064 4064 4064
667 1683106667 374 3684 3659 3638 3574 3616 3616 3584 4067 4065 4065 4065 4065 4065 4065 4065
668 1683106667 374 3684 3659 3638 3574 3617 3616 3584 4065 4065 4065 4065 4065 4065 4065 4065
669 1683106667 374 3685 3660 3640 3576 3618 3617 3585 4065 4065 4064 4064 4064 4064 4064 4064
670 1683106667 374 3683 3659 3638 3574 3616 3616 3584 4065 4065 4065 4065 4065 4065 4065 4065
671 1683106667 374 3684 3660 3638 3574 3617 3616 3584 4067 4067 4066 4066 4066 4066 4066 4066
672 1683106667 374 3683 3659 3638 3574 3616 3616 3584 4065 4065 4064 4064 4064 4064 4064 4064
673 1683106667 373 3684 3659 3637 3574 3616 3615 3584 4065 4065 4065 4065 4065 4065 4065 4065
674 1683106667 374 3684 3659 3639 3575 3617 3617 3585 4065 4065 4065 4065 4065 4065 4065 4065
675 1683106667 374 3684 3659 3638 3574 3617 3616 3584 4065 4065 4064 4064 4064 4064 4064 4064
676 1683106667 374 3684 3659 3638 3575 3617 3616 3584 4065 4065 4065 4065 4065 4065 4065 4065
677 1683106667 374 3684 3659 3638 3574 3617 3617 3585 4065 4065 4065 4065 4065 4065 4065 4065
678 1683106667 374 3683 3658 3637 3574 3616 3616 3584 4065 4065 4064 4064 4064 4064 4064 4064
679 1683106667 374 3683 3659 3638 3575 3616 3616 3583 4065 4065 4064 4064 4064 4064 4064 4064
680 1683106667 375 3683 3659 3638 3574 3617 3616 3584 4067 4067 4066 4066 4066 4066 4066 4066
681 1683106675 374 3683 3658 3637 3574 3616 3616 3583 4065 4065 4065 4065 4065 4065 4065 4065
682 1683106675 374 3683 3658 3637 3573 3615 3615 3583 4065 4065 4065 4065 4065 4065 4065 4065
683 1683106675 374 3683 3658 3637 3574 3616 3616 3584 4065 4065 4064 4064 4064 4064 4064 4064
684 1683106675 374 3684 3659 3638 3574 3617 3616 3584 4065 4065 4065 4065 4065 4065 4065 4065
685 1683106675 374 3683 3658 3638 3574 3616 3615 3584 4065 4065 4065 4065 4065 4065 4065 4065
686 1683106675 374 3684 3659 3638 3574 3616 3616 3584 4067 4065 4065 4065 4065 4065 4065 4065
687 1683106675 374 3683 3658 3638 3574 3616 3616 3584 4065 4065 4065 4065 4065 4065 4065 4065
688 1683106675 374 3684 3659 3638 3575 3616 3616 3584 4065 4065 4064 4064 4064 4064 4064 4064
689 1683106675 374 3684 3658 3638 3574 3616 3616 3584 4067 4065 4065 4065 4065 4065 4065 4065
690 1683106675 374 3684 3660 3639 3575 3617 3617 3585 4065 4065 4064 4064 4064 4064 4064 4064
691 1683106675 374 3683 3658 3638 3575 3617 3616 3584 4065 4065 4065 4065 4065 4065 4065 4065
692 1683106675 374 3683 3659 3638 3574 3616 3616 3584 4065 4065 4065 4065 4065 4065 4065 4065
693 1683106675 374 3683 3659 3639 3575 3617 3616 3585 4065 4065 4064 4064 4064 4064 4064 4064
694 1683106675 374 3682 3659 3638 3574 3616 3616 3584 4065 4065 4065 4065 4065 4065 4065 4065
695 1683106675 374 3684 3660 3639 3575 3617 3616 3584 4063 4063 4063 4063 4063 4063 4063 4063
696 1683106675 374 3684 3658 3638 3574 3616 3616 3584 4065 4065 4065 4065 4065 4065 4065 4065
697 1683106675 374 3685 3660 3639 3576 3617 3617 3585 4065 4065 4065 4065 4065 4065 4065 4065
698 1683106675 374 3684 3659 3639 3575 3617 3618 3585 4067 4065 4065 4065 4065 4065 4065 4065
699 1683106675 374 3684 3659 3638 3574 3616 3616 3585 4065 4065 4065 4065 4065 4065 4065 4065
700 1683106675 374 3684 3659 3639 3575 3617 3617 3585 4063 4063 4063 4063 4063 4063 4063 4063
701 1683106675 374 3683 3659 3637 3574 3616 3616 3584 4063 4063 4063 4063 4063 4063 4063 4063
702 1683106675 374 3684 3660 3639 3575 3617 3617 3585 4067 4065 4065 4065 4065 4065 4065 4065
703 1683106675 374 3684 3659 3638 3575 3616 3617 3585 4065 4065 4064 4064 4064 4064 4064 4064
704 1683106675 374 3684 3659 3638 3575 3617 3617 3585 4065 4065 4064 4064 4064 4064 4064 4064
705 1683106675 374 3683 3659 3638 3574 3616 3616 3584 4065 4065 4065 4065 4065 4065 4065 4065
706 1683106675 374 3684 3660 3639 3575 3617 3616 3585 4065 4065 4064 4064 4064 4064 4064 4064
707 1683106675 374 3684 3659 3639 3575 3617 3617 3585 4065 4065 4064 4064 4064 4064 4064 4064
708 1683106675 374 3684 3659 3639 3575 3617 3616 3585 4065 4065 4064 4064 4064 4064 4064 4064
709 1683106675 374 3685 3660 3639 3575 3618 3617 3586 4065 4065 4065 4065 4065 4065 4065 4065
710 1683106675 374 3684 3660 3639 3575 3617 3617 3585 4065 4065 4065 4065 4065 4065 4065 4065
711 1683106683 374 3683 3658 3637 3573 3615 3615 3583 4065 4065 4064 4064 4064 4064 4064 4064
712 1683106683 374 3683 3659 3639 3575 3617 3616 3584 4067 4067 4066 4066 4066 4066 4066 4066
713 1683106683 374 3683 3659 3638 3573 3616 3616 3584 4065 4065 4065 4065 4065 4065 4065 4065
714 1683106683 374 3683 3658 3637 3574 3616 3616 3584 4065 4065 4064 4064 4064 4064 4064 4064
715 1683106683 374 3684 3658 3637 3573 3615 3616 3583 4067 4065 4065 4065 4065 4065 4065 4065
716 1683106683 375 3683 3659 3638 3575 3617 3616 3584 4065 4065 4065 4065 4065 4065 4065 4065
717 1683106683 375 3684 3659 3638 3575 3617 3617 3585 4065 4065 4065 4065 4065 4065 4065 4065
718 1683106683 375 3683 3658 3638 3574 3617 3616 3584 4065 4065 4065 4065 4065 4065 4065 4065
719 1683106683 375 3684 3659 3639 3575 3617 3616 3584 4065 4065 4065 4065 4065 4065 4065 4065
720 1683106683 374 3685 3660 3639 3575 3618 3617 3585 4065 4065 4065 4065 4065 4065 4065 4065
721 1683106683 374 3684 3659 3638 3574 3616 3616 3584 4067 4067 4066 4066 4066 4066 4066 4066
722 1683106683 375 3685 3659 3638 3575 3617 3616 3585 4065 4065 4064 4064 4064 4064 4064 4064
723 1683106684 374 3684 3659 3638 3574 3617 3616 3584 4065 4065 4065 4065 4065 4065 4065 4065
724 1683106684 375 3685 3661 3639 3576 3618 3618 3586 4065 4065 4064 4064 4064 4064 4064 4064
725 1683106684 374 3682 3658 3638 3574 3617 3616 3585 4065 4065 4065 4065 4065 4065 4065 4065
726 1683106684 374 3685 3660 3640 3576 3618 3618 3585 4065 4065 4065 4065 4065 4065 4065 4065
727 1683106684 374 3685 3661 3639 3575 3618 3618 3585 4065 4065 4064 4064 4064 4064 4064 4064
728 1683106684 375 3684 3660 3638 3575 3617 3617 3585 4065 4065 4064 4064 4064 4064 4064 4064
729 1683106684 374 3684 3659 3639 3574 3617 3617 3584 4067 4065 4065 4065 4065 4065 4065 4065
730 1683106684 374 3685 3660 3639 3575 3618 3617 3585 4065 4065 4064 4064 4064 4064 4064 4064
731 1683106684 373 3684 3659 3638 3574 3616 3616 3584 4065 4065 4064 4064 4064 4064 4064 4064
732 1683106684 374 3685 3660 3639 3575 3618 3617 3585 4065 4065 4064 4064 4064 4064 4064 4064
733 1683106684 375 3684 3659 3639 3575 3618 3617 3585 4065 4065 4064 4064 4064 4064 4064 4064
734 1683106684 375 3684 3659 3639 3575 3617 3617 3584 4065 4065 4064 4064 4064 4064 4064 4064
735 1683106684 374 3685 3660 3639 3575 3617 3617 3585 4065 4065 4064 4064 4064 4064 4064 4064
736 1683106684 374 3684 3659 3640 3575 3618 3617 3585 4065 4065 4065 4065 4065 4065 4065 4065
737 1683106684 374 3684 3659 3639 3575 3617 3616 3585 4065 4065 4065 4065 4065 4065 4065 4065
738 1683106684 374 3685 3660 3638 3575 3617 3617 3585 4065 4065 4064 4064 4064 4064 4064 4064
739 1683106684 375 3684 3660 3639 3576 3618 3617 3585 4065 4065 4064 4064 4064 4064 4064 4064
740 1683106684 375 3685 3660 3639 3575 3618 3618 3585 4065 4065 4064 4064 4064 4064 4064 4064
741 1683106684 375 3685 3660 3639 3576 3618 3618 3586 4065 4065 4065 4065 4065 4065 4065 4065
742 1683106684 375 3684 3659 3638 3575 3618 3617 3585 4065 4065 4065 4065 4065 4065 4065 4065
743 1683106684 375 3684 3659 3639 3575 3617 3617 3585 4065 4065 4064 4064 4064 4064 4064 4064
744 1683106684 375 3685 3661 3640 3576 3619 3618 3586 4065 4065 4064 4064 4064 4064 4064 4064
745 1683106684 375 3685 3659 3638 3575 3617 3617 3585 4065 4065 4065 4065 4065 4065 4065 4065
746 1683106684 374 3685 3659 3639 3575 3618 3617 3585 4065 4065 4065 4065 4065 4065 4065 4065
747 1683106684 375 3684 3660 3639 3575 3618 3617 3585 4065 4065 4065 4065 4065 4065 4065 4065
748 1683106684 375 3683 3659 3638 3575 3617 3616 3584 4065 4065 4064 4064 4064 4064 4064 4064
749 1683106684 375 3684 3660 3639 3575 3617 3617 3585 4065 4065 4065 4065 4065 4065 4065 4065
750 1683106684 374 3685 3660 3639 3575 3618 3618 3586 4065 4065 4064 4064 4064 4064 4064 4064
751 1683106684 375 3684 3660 3639 3575 3617 3617 3585 4065 4065 4065 4065 4065 4065 4065 4065
752 1683106684 375 3685 3660 3640 3576 3618 3618 3586 4065 4065 4065 4065 4065 4065 4065 4065
753 1683106684 374 3685 3661 3639 3576 3618 3617 3586 4065 4065 4064 4064 4064 4064 4064 4064
754 1683106684 375 3685 3660 3639 3576 3618 3618 3585 4065 4065 4065 4065 4065 4065 4065 4065
755 1683106684 375 3684 3660 3639 3575 3617 3617 3585 4065 4065 4064 4064 4064 4064 4064 4064
756 1683106684 375 3683 3660 3638 3575 3617 3617 3585 4065 4065 4065 4065 4065 4065 4065 4065
757 1683106684 374 3682 3659 3638 3575 3617 3617 3585 4065 4065 4064 4064 4064 4064 4064 4064
758 1683106684 375 3684 3659 3638 3574 3617 3617 3584 4065 4065 4064 4064 4064 4064 4064 4064
759 1683106684 375 3685 3660 3639 3575 3617 3617 3585 4065 4065 4064 4064 4064 4064 4064 4064
760 1683106684 375 3684 3659 3638 3575 3617 3616 3584 4065 4065 4064 4064 4064 4064 4064 4064
761 1683106684 375 3685 3661 3640 3576 3618 3618 3586 4063 4063 4063 4063 4063 4063 4063 4063
762 1683106684 375 3684 3659 3638 3575 3618 3617 3585 4067 4067 4066 4066 4066 4066 4066 4066
763 1683106684 375 3684 3660 3639 3575 3618 3617 3585 4065 4065 4065 4065 4065 4065 4065 4065
764 1683106684 374 3685 3660 3639 3575 3617 3616 3585 4065 4065 4064 4064 4064 4064 4064 4064
765 1683106684 375 3684 3660 3639 3575 3617 3617 3585 4065 4065 4065 4065 4065 4065 4065 4065
766 1683106684 375 3685 3660 3639 3575 3618 3617 3586 4065 4065 4065 4065 4065 4065 4065 4065
767 1683106684 375 3684 3660 3639 3575 3617 3617 3585 4065 4065 4065 4065 4065 4065 4065 4065
768 1683106684 375 3683 3659 3638 3575 3617 3616 3584 4065 4065 4064 4064 4064 4064 4064 4064
769 1683106684 375 3684 3659 3639 3575 3618 3618 3585 4065 4065 4065 4065 4065 4065 4065 4065
770 1683106684 374 3685 3661 3639 3576 3618 3618 3586 4065 4065 4064 4064 4064 4064 4064 4064
771 1683106684 375 3684 3660 3639 3576 3617 3617 3585 4065 4065 4065 4065 4065 4065 4065 4065
772 1683106684 375 3685 3660 3639 3575 3617 3617 3585 4065 4065 4064 4064 4064 4064 4064 4064
773 1683106684 375 3685 3660 3639 3576 3618 3618 3586 4065 4065 4065 4065 4065 4065 4065 4065
774 1683106684 375 3685 3659 3639 3575 3618 3617 3585 4065 4065 4064 4064 4064 4064 4064 4064
775 1683106684 374 3684 3660 3639 3575 3618 3617 3585 4065 4065 4064 4064 4064 4064 4064 4064
776 1683106684 375 3683 3659 3638 3575 3617 3617 3585 4065 4065 4065 4065 4065 4065 4065 4065
777 1683106684 375 3685 3659 3639 3575 3617 3617 3585 4065 4065 4064 4064 4064 4064 4064 4064
778 1683106684 375 3685 3660 3639 3575 3618 3617 3585 4067 4067 4066 4066 4066 4066 4066 4066
779 1683106684 375 3684 3659 3638 3575 3617 3616 3584 4065 4065 4065 4065 4065 4065 4065 4065
780 1683106684 375 3685 3659 3639 3575 3618 3617 3586 4065 4065 4065 4065 4065 4065 4065 4065
781 1683106684 375 3685 3661 3640 3576 3619 3618 3586 4065 4065 4065 4065 4065 4065 4065 4065
782 1683106684 375 3685 3660 3640 3576 3618 3618 3586 4065 4065 4065 4065 4065 4065 4065 4065
783 1683106684 375 3684 3659 3639 3576 3617 3617 3585 4065 4065 4065 4065 4065 4065 4065 4065
784 1683106684 375 3685 3660 3640 3576 3618 3617 3585 4067 4065 4065 4065 4065 4065 4065 4065
785 1683106684 375 3685 3660 3639 3575 3617 3617 3585 4065 4065 4065 4065 4065 4065 4065 4065
786 1683106684 375 3685 3660 3640 3576 3618 3618 3586 4065 4065 4065 4065 4065 4065 4065 4065
787 1683106684 375 3684 3659 3638 3574 3617 3616 3585 4065 4065 4065 4065 4065 4065 4065 4065
788 1683106684 375 3683 3659 3639 3575 3617 3617 3585 4065 4065 4064 4064 4064 4064 4064 4064
789 1683106684 374 3685 3660 3639 3575 3617 3616 3585 4065 4065 4064 4064 4064 4064 4064 4064
790 1683106684 374 3684 3659 3638 3575 3617 3617 3585 4065 4065 4065 4065 4065 4065 4065 4065
791 1683106684 375 3685 3660 3639 3575 3617 3617 3585 4065 4065 4065 4065 4065 4065 4065 4065
792 1683106684 374 3682 3657 3636 3573 3615 3614 3583 4065 4065 4064 4064 4064 4064 4064 4064
793 1683106684 373 3682 3658 3637 3574 3616 3615 3583 4065 4065 4064 4064 4064 4064 4064 4064
794 1683106684 373 3684 3659 3638 3574 3616 3616 3583 4065 4065 4065 4065 4065 4065 4065 4065
795 1683106684 373 3684 3659 3638 3574 3616 3616 3584 4065 4065 4065 4065 4065 4065 4065 4065
796 1683106684 373 3683 3658 3637 3573 3615 3615 3583 4065 4065 4065 4065 4065 4065 4065 4065
797 1683106684 373 3682 3657 3637 3573 3615 3615 3583 4065 4065 4065 4065 4065 4065 4065 4065
798 1683106684 374 3682 3657 3637 3573 3615 3614 3583 4065 4065 4065 4065 4065 4065 4065 4065
799 1683106684 373 3683 3658 3637 3574 3616 3615 3584 4065 4065 4065 4065 4065 4065 4065 4065
800 1683106684 373 3683 3658 3638 3574 3616 3615 3583 4065 4065 4065 4065 4065 4065 4065 4065
801 1683106684 373 3682 3657 3637 3573 3615 3615 3583 4065 4065 4065 4065 4065 4065 4065 4065
802 1683106684 373 3683 3658 3637 3574 3615 3615 3583 4065 4065 4065 4065 4065 4065 4065 4065
803 1683106685 373 3684 3659 3638 3574 3617 3616 3584 4063 4063 4062 4062 4062 4062 4062 4062
804 1683106685 373 3683 3658 3637 3574 3616 3616 3584 4065 4065 4064 4064 4064 4064 4064 4064
805 1683106685 374 3682 3658 3636 3573 3615 3615 3583 4065 4065 4064 4064 4064 4064 4064 4064
806 1683106685 373 3683 3658 3638 3574 3616 3615 3584 4065 4065 4065 4065 4065 4065 4065 4065
807 1683106685 373 3684 3659 3638 3575 3617 3616 3584 4065 4065 4065 4065 4065 4065 4065 4065
808 1683106685 373 3683 3659 3638 3574 3616 3616 3584 4065 4065 4065 4065 4065 4065 4065 4065
809 1683106685 373 3683 3658 3637 3574 3615 3615 3583 4065 4065 4064 4064 4064 4064 4064 4064
810 1683106685 373 3683 3658 3637 3573 3616 3615 3583 4065 4065 4064 4064 4064 4064 4064 4064
811 1683106685 373 3683 3659 3638 3574 3616 3616 3584 4065 4065 4065 4065 4065 4065 4065 4065
812 1683106685 373 3683 3658 3637 3573 3616 3615 3584 4065 4065 4065 4065 4065 4065 4065 4065
813 1683106685 374 3683 3659 3638 3574 3616 3615 3583 4065 4065 4064 4064 4064 4064 4064 4064
814 1683106685 373 3684 3659 3638 3574 3617 3616 3585 4065 4065 4064 4064 4064 4064 4064 4064
815 1683106685 373 3683 3658 3637 3574 3616 3615 3584 4065 4065 4065 4065 4065 4065 4065 4065
816 1683106685 373 3683 3659 3638 3574 3616 3616 3584 4065 4065 4065 4065 4065 4065 4065 4065
817 1683106685 374 3684 3659 3638 3575 3616 3616 3584 4065 4065 4065 4065 4065 4065 4065 4065
818 1683106685 373 3684 3659 3638 3574 3617 3616 3585 4067 4067 4066 4066 4066 4066 4066 4066
819 1683106685 373 3682 3658 3637 3573 3615 3615 3583 4065 4065 4065 4065 4065 4065 4065 4065
820 1683106685 373 3683 3658 3638 3574 3616 3616 3583 4067 4065 4065 4065 4065 4065 4065 4065
821 1683106685 373 3682 3658 3638 3574 3616 3616 3584 4065 4065 4065 4065 4065 4065 4065 4065
822 1683106685 373 3681 3658 3638 3574 3616 3616 3584 4065 4065 4065 4065 4065 4065 4065 4065
823 1683106685 373 3684 3659 3638 3574 3617 3616 3584 4065 4065 4064 4064 4064 4064 4064 4064
824 1683106685 373 3683 3657 3637 3573 3615 3615 3583 4067 4065 4065 4065 4065 4065 4065 4065
825 1683106685 373 3683 3658 3637 3573 3616 3615 3583 4065 4065 4064 4064 4064 4064 4064 4064
826 1683106685 374 3683 3659 3638 3574 3617 3616 3584 4065 4065 4064 4064 4064 4064 4064 4064
827 1683106685 374 3684 3659 3638 3575 3616 3616 3584 4065 4065 4064 4064 4064 4064 4064 4064
828 1683106685 373 3683 3658 3637 3574 3616 3616 3584 4065 4065 4064 4064 4064 4064 4064 4064
829 1683106685 374 3684 3659 3638 3574 3616 3616 3584 4065 4065 4064 4064 4064 4064 4064 4064
830 1683106685 374 3684 3659 3638 3574 3616 3616 3584 4065 4065 4064 4064 4064 4064 4064 4064
831 1683106685 373 3684 3659 3639 3574 3617 3616 3585 4065 4065 4065 4065 4065 4065 4065 4065
832 1683106685 373 3684 3659 3638 3574 3617 3616 3584 4065 4065 4065 4065 4065 4065 4065 4065
833 1683106685 374 3683 3659 3638 3574 3616 3616 3584 4065 4065 4065 4065 4065 4065 4065 4065
834 1683106685 373 3683 3659 3638 3574 3616 3615 3584 4065 4065 4065 4065 4065 4065 4065 4065
835 1683106685 373 3683 3659 3638 3574 3616 3616 3583 4065 4065 4065 4065 4065 4065 4065 4065
836 1683106685 373 3682 3658 3637 3573 3616 3615 3583 4065 4065 4064 4064 4064 4064 4064 4064
837 1683106685 374 3683 3659 3638 3574 3616 3616 3584 4065 4065 4065 4065 4065 4065 4065 4065
838 1683106685 373 3684 3658 3637 3574 3616 3615 3583 4065 4065 4065 4065 4065 4065 4065 4065
839 1683106685 373 3682 3657 3637 3573 3615 3615 3583 4065 4065 4065 4065 4065 4065 4065 4065
840 1683106685 373 3684 3660 3639 3575 3617 3616 3584 4067 4065 4065 4065 4065 4065 4065 4065
841 1683106685 374 3684 3659 3639 3575 3617 3617 3585 4067 4065 4065 4065 4065 4065 4065 4065
842 1683106685 374 3683 3659 3638 3574 3616 3616 3584 4065 4065 4064 4064 4064 4064 4064 4064
843 1683106685 373 3684 3659 3638 3575 3617 3616 3584 4065 4065 4065 4065 4065 4065 4065 4065
844 1683106685 373 3684 3660 3639 3575 3617 3616 3585 4065 4065 4064 4064 4064 4064 4064 4064
845 1683106685 374 3684 3658 3638 3574 3616 3616 3584 4065 4065 4065 4065 4065 4065 4065 4065
846 1683106685 374 3683 3659 3638 3574 3616 3616 3584 4065 4065 4065 4065 4065 4065 4065 4065
847 1683106685 373 3684 3659 3638 3574 3617 3616 3584 4067 4067 4066 4066 4066 4066 4066 4066
848 1683106685 374 3684 3659 3638 3574 3616 3616 3584 4065 4065 4064 4064 4064 4064 4064 4064
849 1683106685 373 3685 3660 3639 3575 3618 3617 1723 4065 4065 4064 4064 4064 4064 4064 4064
850 1683106685 373 3684 3660 3638 3575 3617 3616 3584 4065 4065 4065 4065 4065 4065 4065 4065
851 1683106685 374 3684 3659 3638 3574 3616 3617 3585 4065 4065 4064 4064 4064 4064 4064 4064
852 1683106685 373 3683 3659 3639 3575 3616 3616 3584 4065 4065 4065 4065 4065 4065 4065 4065
853 1683106685 373 3684 3659 3639 3575 3617 3617 3585 4067 4065 4065 4065 4065 4065 4065 4065
854 1683106685 374 3685 3661 3640 3576 3618 3618 3586 4065 4065 4065 4065 4065 4065 4065 4065
855 1683106685 374 3683 3659 3638 3574 3617 3616 3585 4065 4065 4065 4065 4065 4065 4065 4065
856 1683106685 373 3683 3658 3638 3574 3616 3616 3584 4067 4065 4065 4065 4065 4065 4065 4065
857 1683106685 374 3683 3659 3638 3574 3617 3616 3584 4065 4065 4065 4065 4065 4065 4065 4065
858 1683106685 374 3683 3658 3638 3573 3616 3616 3584 4065 4065 4065 4065 4065 4065 4065 4065
859 1683106685 373 3684 3659 3638 3575 3617 3616 3585 4067 4065 4065 4065 4065 4065 4065 4065
860 1683106685 373 3683 3658 3637 3574 3616 3615 3584 4065 4065 4065 4065 4065 4065 4065 4065
861 1683106685 374 3684 3658 3637 3574 3616 3616 3584 4065 4065 4065 4065 4065 4065 4065 4065
862 1683106685 374 3683 3658 3637 3574 3616 3616 3583 4065 4065 4065 4065 4065 4065 4065 4065
863 1683106685 373 3684 3659 3638 3574 3617 3616 3584 4065 4065 4064 4064 4064 4064 4064 4064
864 1683106685 374 3683 3659 3638 3575 3616 3616 3584 4065 4065 4064 4064 4064 4064 4064 4064
865 1683106685 373 3684 3659 3638 3574 3617 3616 3584 4065 4065 4065 4065 4065 4065 4065 4065
866 1683106685 373 3683 3658 3637 3573 3615 3615 3583 4065 4065 4065 4065 4065 4065 4065 4065
867 1683106685 374 3684 3659 3638 3574 3617 3616 3584 4067 4065 4065 4065 4065 4065 4065 4065
868 1683106685 374 3683 3659 3638 3574 3616 3616 3584 4065 4065 4065 4065 4065 4065 4065 4065
869 1683106685 374 3685 3660 3639 3576 3618 3618 3585 4065 4065 4065 4065 4065 4065 4065 4065
870 1683106685 374 3684 3659 3638 3575 3616 3616 3584 4065 4065 4065 4065 4065 4065 4065 4065
871 1683106685 374 3683 3658 3637 3574 3616 3616 3584 4065 4065 4064 4064 4064 4064 4064 4064
872 1683106685 373 3683 3659 3638 3574 3616 3616 3584 4065 4065 4064 4064 4064 4064 4064 4064
873 1683106685 374 3684 3659 3639 3575 3617 3617 3585 4065 4065 4064 4064 4064 4064 4064 4064
874 1683106685 373 3684 3660 3639 3574 3617 3616 3584 4065 4065 4064 4064 4064 4064 4064 4064
875 1683106685 374 3684 3660 3639 3575 3617 3616 3584 4065 4065 4064 4064 4064 4064 4064 4064
876 1683106685 373 3684 3659 3639 3575 3617 3616 3584 4065 4065 4064 4064 4064 4064 4064 4064
877 1683106685 373 3684 3659 3638 3575 3617 3617 3584 4065 4065 4064 4064 4064 4064 4064 4064
878 1683106685 373 3685 3659 3638 3575 3617 3617 3585 4067 4063 4063 4063 4063 4063 4063 4063
879 1683106685 374 3684 3659 3638 3574 3617 3615 3584 4065 4065 4064 4064 4064 4064 4064 4064
880 1683106685 374 3684 3659 3638 3575 3617 3617 3585 4065 4065 4064 4064 4064 4064 4064 4064
881 1683106685 374 3684 3659 3638 3574 3617 3617 3585 4065 4065 4064 4064 4064 4064 4064 4064
882 1683106686 374 3684 3659 3639 3575 3617 3617 3585 4065 4065 4065 4065 4065 4065 4065 4065
883 1683106686 374 3683 3659 3638 3574 3617 3616 3584 4065 4065 4064 4064 4064 4064 4064 4064
884 1683106686 374 3683 3658 3638 3574 3616 3616 3584 4065 4065 4065 4065 4065 4065 4065 4065
885 1683106686 374 3682 3658 3638 3574 3616 3616 3584 4063 4063 4063 4063 4063 4063 4063 4063
886 1683106686 374 3683 3658 3638 3574 3616 3616 3584 4065 4065 4065 4065 4065 4065 4065 4065
887 1683106686 374 3684 3659 3638 3575 3617 3616 3584 4065 4065 4065 4065 4065 4065 4065 4065
888 1683106686 373 3683 3659 3638 3575 3617 3616 3584 4065 4065 4064 4064 4064 4064 4064 4064
889 1683106686 374 3684 3659 3638 3574 3616 3616 3584 4065 4065 4064 4064 4064 4064 4064 4064
890 1683106686 374 3688 3663 3642 3578 3620 3620 3588 4065 4065 4064 4064 4064 4064 4064 4064
891 1683106686 374 3683 3658 3638 3574 3616 3616 3584 4065 4065 4065 4065 4065 4065 4065 4065
892 1683106686 374 3683 3659 3638 3575 3617 3617 3584 4065 4065 4064 4064 4064 4064 4064 4064
893 1683106686 374 3684 3659 3639 3575 3617 3617 3585 4065 4065 4064 4064 4064 4064 4064 4064
894 1683106686 374 3683 3659 3638 3574 3616 3615 3584 4065 4065 4065 4065 4065 4065 4065 4065
895 1683106686 373 3685 3660 3640 3576 3618 3618 3586 4065 4065 4064 4064 4064 4064 4064 4064
896 1683106686 374 3685 3660 3639 3575 3618 3617 3585 4065 4065 4065 4065 4065 4065 4065 4065
897 1683106686 374 3684 3659 3639 3575 3617 3616 3585 4065 4065 4065 4065 4065 4065 4065 4065
898 1683106686 374 3684 3660 3639 3575 3617 3617 3585 4065 4065 4064 4064 4064 4064 4064 4064
899 1683106686 374 3684 3659 3638 3574 3617 3616 3584 4065 4065 4064 4064 4064 4064 4064 4064
900 1683106686 373 3685 3660 3639 3575 3617 3617 3585 4067 4067 4066 4066 4066 4066 4066 4066
901 1683106686 374 3684 3659 3639 3575 3617 3617 3585 4065 4065 4065 4065 4065 4065 4065 4065
902 1683106686 373 3683 3658 3638 3574 3616 3616 3584 4065 4065 4064 4064 4064 4064 4064 4064
903 1683106686 375 3684 3659 3638 3575 3617 3617 3585 4067 4067 4066 4066 4066 4066 4066 4066
904 1683106686 374 3684 3659 3639 3575 3617 3617 3585 4065 4065 4064 4064 4064 4064 4064 4064
905 1683106686 374 3685 3659 3639 3575 3617 3617 3585 4065 4065 4064 4064 4064 4064 4064 4064
906 1683106686 373 3685 3660 3639 3576 3618 3618 3586 4065 4065 4064 4064 4064 4064 4064 4064
907 1683106686 374 3685 3660 3639 3575 3617 3617 3585 4065 4065 4065 4065 4065 4065 4065 4065
908 1683106686 373 3683 3659 3638 3574 3616 3616 3584 4065 4065 4065 4065 4065 4065 4065 4065
909 1683106686 373 3684 3660 3639 3575 3617 3617 3585 4065 4065 4065 4065 4065 4065 4065 4065
910 1683106686 374 3685 3659 3638 3575 3616 3616 3584 4065 4065 4065 4065 4065 4065 4065 4065
911 1683106686 374 3685 3660 3639 3575 3617 3617 3585 4065 4065 4064 4064 4064 4064 4064 4064
912 1683106686 374 3684 3659 3639 3575 3617 3616 3584 4065 4065 4064 4064 4064 4064 4064 4064
913 1683106686 374 3684 3659 3639 3575 3617 3617 3585 4065 4065 4065 4065 4065 4065 4065 4065
914 1683106686 374 3684 3659 3638 3575 3617 3617 3584 4063 4063 4063 4063 4063 4063 4063 4063
915 1683106686 373 3684 3660 3639 3575 3617 3617 3585 4065 4065 4065 4065 4065 4065 4065 4065
916 1683106686 374 3683 3660 3639 3576 3617 3617 3585 4063 4063 4063 4063 4063 4063 4063 4063
917 1683106686 374 3684 3659 3638 3575 3617 3616 3584 4065 4065 4064 4064 4064 4064 4064 4064
918 1683106686 374 3684 3660 3639 3575 3618 3618 3586 4065 4065 4065 4065 4065 4065 4065 4065
919 1683106686 374 3684 3659 3638 3575 3617 3616 3584 4065 4065 4065 4065 4065 4065 4065 4065
920 1683106686 374 3683 3659 3638 3574 3617 3616 3584 4065 4065 4065 4065 4065 4065 4065 4065
921 1683106686 374 3684 3659 3638 3575 3617 3617 3585 4065 4065 4065 4065 4065 4065 4065 4065
922 1683106686 374 3684 3659 3639 3575 3617 3617 3586 4065 4065 4065 4065 4065 4065 4065 4065
923 1683106686 374 3683 3659 3638 3574 3616 3616 3584 4065 4065 4065 4065 4065 4065 4065 4065
924 1683106686 374 3683 3659 3638 3574 3616 3616 3584 4065 4065 4064 4064 4064 4064 4064 4064
925 1683106686 374 3683 3659 3638 3575 3617 3616 3585 4065 4065 4064 4064 4064 4064 4064 4064
926 1683106686 374 3684 3659 3638 3574 3617 3616 3584 4065 4065 4064 4064 4064 4064 4064 4064
927 1683106686 374 3684 3659 3639 3575 3617 3616 3584 4065 4065 4064 4064 4064 4064 4064 4064
928 1683106686 374 3684 3659 3639 3575 3617 3616 3584 4065 4065 4065 4065 4065 4065 4065 4065
929 1683106686 374 3685 3660 3639 3575 3618 3617 3585 4065 4065 4064 4064 4064 4064 4064 4064
930 1683106686 374 3684 3660 3638 3574 3617 3617 3585 4065 4065 4065 4065 4065 4065 4065 4065
931 1683106686 374 3684 3660 3638 3575 3617 3617 3585 4065 4065 4065 4065 4065 4065 4065 4065
932 1683106686 374 3683 3658 3638 3574 3616 3616 3584 4065 4065 4065 4065 4065 4065 4065 4065
933 1683106686 374 3684 3659 3638 3575 3617 3617 3584 4065 4065 4064 4064 4064 4064 4064 4064
934 1683106686 374 3684 3659 3638 3574 3617 3616 3585 4065 4065 4064 4064 4064 4064 4064 4064
935 1683106686 374 3684 3660 3639 3575 3617 3617 3585 4067 4067 4066 4066 4066 4066 4066 4066
936 1683106686 374 3684 3659 3639 3575 3617 3616 3584 4063 4063 4063 4063 4063 4063 4063 4063
937 1683106686 374 3685 3659 3639 3575 3618 3617 3585 4065 4065 4064 4064 4064 4064 4064 4064
938 1683106686 374 3684 3659 3638 3574 3616 3616 3584 4067 4065 4065 4065 4065 4065 4065 4065
939 1683106686 374 3684 3660 3638 3575 3617 3617 3585 4067 4067 4066 4066 4066 4066 4066 4066
940 1683106686 374 3684 3659 3638 3575 3617 3617 3585 4063 4061 4061 4061 4061 4061 4061 4061
941 1683106686 375 3683 3659 3638 3574 3616 3616 3584 4065 4065 4065 4065 4065 4065 4065 4065
942 1683106686 374 3685 3660 3639 3576 3618 3617 3585 4065 4065 4065 4065 4065 4065 4065 4065
943 1683106686 374 3684 3659 3638 3575 3617 3616 3584 4063 4063 4063 4063 4063 4063 4063 4063
944 1683106686 374 3684 3660 3639 3575 3617 3617 3585 4065 4065 4065 4065 4065 4065 4065 4065
945 1683106686 374 3684 3659 3638 3574 3616 3616 3584 4065 4065 4064 4064 4064 4064 4064 4064
946 1683106686 373 3685 3659 3638 3574 3617 3616 3585 4065 4065 4064 4064 4064 4064 4064 4064
947 1683106686 374 3684 3661 3640 3576 3617 3617 3585 4065 4065 4065 4065 4065 4065 4065 4065
948 1683106686 374 3683 3660 3639 3575 3617 3617 3585 4065 4065 4064 4064 4064 4064 4064 4064
949 1683106686 374 3682 3659 3638 3574 3617 3616 3585 4065 4065 4065 4065 4065 4065 4065 4065
950 1683106686 374 3683 3659 3638 3575 3617 3616 3585 4067 4067 4066 4066 4066 4066 4066 4066
951 1683106686 374 3684 3659 3639 3575 3617 3616 3585 4065 4065 4064 4064 4064 4064 4064 4064
952 1683106694 374 3683 3659 3639 3575 3617 3616 3584 4065 4065 4065 4065 4065 4065 4065 4065
953 1683106694 374 3683 3658 3637 3573 3615 3615 3583 4065 4065 4064 4064 4064 4064 4064 4064
954 1683106694 374 3684 3659 3638 3574 3616 3616 3584 4065 4065 4065 4065 4065 4065 4065 4065
955 1683106694 374 3684 3659 3638 3575 3617 3617 3584 4065 4065 4064 4064 4064 4064 4064 4064
956 1683106694 374 3684 3659 3638 3574 3617 3616 3584 4063 4063 4063 4063 4063 4063 4063 4063
957 1683106694 374 3684 3659 3638 3574 3616 3616 3584 4065 4065 4064 4064 4064 4064 4064 4064
958 1683106694 374 3684 3660 3638 3575 3617 3617 3585 4065 4065 4064 4064 4064 4064 4064 4064
959 1683106694 374 3684 3658 3638 3574 3616 3616 3584 4065 4065 4065 4065 4065 4065 4065 4065
960 1683106694 375 3685 3659 3639 3575 3618 3617 3585 4065 4065 4064 4064 4064 4064 4064 4064
961 1683106694 374 3683 3659 3638 3574 3616 3616 3584 4065 4065 4065 4065 4065 4065 4065 4065
962 1683106694 374 3684 3660 3639 3575 3617 3617 3585 4065 4065 4064 4064 4064 4064 4064 4064
963 1683106694 374 3683 3660 3639 3575 3617 3617 3584 4065 4065 4065 4065 4065 4065 4065 4065
964 1683106694 374 3684 3659 3638 3574 3617 3617 3584 4065 4065 4065 4065 4065 4065 4065 4065
965 1683106694 374 3684 3658 3638 3575 3617 3617 3584 4063 4063 4063 4063 4063 4063 4063 4063
966 1683106694 374 3683 3658 3637 3573 3616 3614 3583 4065 4065 4064 4064 4064 4064 4064 4064
967 1683106694 374 3683 3659 3638 3574 3616 3616 3585 4065 4065 4065 4065 4065 4065 4065 4065
968 1683106694 374 3684 3659 3639 3575 3617 3617 3585 4065 4065 4064 4064 4064 4064 4064 4064
969 1683106694 375 3683 3659 3638 3574 3617 3617 3585 4065 4065 4065 4065 4065 4065 4065 4065
970 1683106694 375 3684 3658 3638 3575 3616 3616 3584 4065 4065 4065 4065 4065 4065 4065 4065
971 1683106694 374 3685 3660 3639 3576 3618 3618 3586 4065 4065 4065 4065 4065 4065 4065 4065
972 1683106694 374 3684 3659 3638 3574 3617 3616 3584 4065 4065 4064 4064 4064 4064 4064 4064
973 1683106694 374 3684 3659 3638 3575 3617 3616 3585 4067 4065 4065 4065 4065 4065 4065 4065
974 1683106694 374 3685 3660 3639 3576 3617 3617 3585 4063 4063 4063 4063 4063 4063 4063 4063
975 1683106694 374 3684 3659 3639 3575 3617 3616 3585 4065 4065 4065 4065 4065 4065 4065 4065
976 1683106694 375 3683 3659 3638 3575 3617 3616 3585 4065 4065 4065 4065 4065 4065 4065 4065
977 1683106694 374 3684 3659 3638 3575 3617 3617 3585 4065 4065 4065 4065 4065 4065 4065 4065
978 1683106694 374 3684 3660 3638 3575 3617 3617 3585 4065 4065 4065 4065 4065 4065 4065 4065
979 1683106694 374 3683 3659 3638 3575 3616 3616 3584 4065 4065 4064 4064 4064 4064 4064 4064
980 1683106695 374 3685 3660 3639 3576 3618 3617 3585 4065 4065 4065 4065 4065 4065 4065 4065
981 1683106695 374 3685 3659 3638 3575 3617 3617 3585 4067 4067 4066 4066 4066 4066 4066 4066
982 1683106695 375 3684 3659 3638 3575 3617 3617 3585 4065 4065 4065 4065 4065 4065 4065 4065
983 1683106695 374 3685 3660 3639 3575 3617 3617 3585 4065 4065 4065 4065 4065 4065 4065 4065
984 1683106695 374 3685 3660 3639 3575 3617 3617 3586 4065 4065 4064 4064 4064 4064 4064 4064
985 1683106695 374 3684 3660 3639 3576 3618 3618 3585 4065 4065 4065 4065 4065 4065 4065 4065
986 1683106695 374 3684 3659 3638 3575 3617 3617 3584 4065 4065 4065 4065 4065 4065 4065 4065
987 1683106695 374 3684 3660 3639 3575 3617 3617 3585 4067 4067 4066 4066 4066 4066 4066 4066
988 1683106695 374 3685 3660 3639 3575 3617 3617 3585 4065 4065 4065 4065 4065 4065 4065 4065
989 1683106695 375 3683 3659 3638 3574 3617 3617 3584 4065 4065 4065 4065 4065 4065 4065 4065
990 1683106695 374 3685 3660 3639 3575 3617 3618 3586 4065 4065 4064 4064 4064 4064 4064 4064
991 1683106695 375 3684 3659 3639 3575 3617 3617 3585 4065 4065 4065 4065 4065 4065 4065 4065
992 1683106695 374 3685 3660 3639 3575 3617 3617 3585 4065 4065 4065 4065 4065 4065 4065 4065
993 1683106695 374 3685 3660 3639 3575 3617 3617 3585 4065 4065 4064 4064 4064 4064 4064 4064
994 1683106695 375 3684 3660 3639 3576 3618 3618 3586 4065 4065 4065 4065 4065 4065 4065 4065
995 1683106695 375 3683 3658 3638 3574 3616 3616 3584 4065 4065 4064 4064 4064 4064 4064 4064
996 1683106695 374 3684 3660 3639 3575 3617 3617 3585 4067 4067 4066 4066 4066 4066 4066 4066
997 1683106695 374 3685 3660 3639 3576 3618 3618 3585 4065 4065 4065 4065 4065 4065 4065 4065
998 1683106695 375 3684 3660 3639 3575 3617 3617 3585 4065 4065 4065 4065 4065 4065 4065 4065
999 1683106695 374 3685 3660 3640 3576 3618 3617 3586 4063 4063 4063 4063 4063 4063 4063 4063
1000 1683106695 375 3685 3660 3639 3575 3617 3617 3585 4067 4067 4066 4066 4066 4066 4066 4066
