1 1683106415 375 3682 3658 3637 3573 3615 3615 3583 4065 4065 4065 4065 4065 4065 4065 4065
2 1683106415 375 3684 3659 3638 3574 3616 3616 3584 4065 4065 4064 4064 4064 4064 4064 4064
3 1683106415 375 3684 3659 3638 3574 3616 3616 3584 4065 4065 4065 4065 4065 4065 4065 4065
4 1683106415 375 3683 3658 3638 3574 3617 3617 3584 4065 4065 4065 4065 4065 4065 4065 4065
5 1683106415 375 3684 3659 3638 3574 3617 3617 3584 4065 4065 4065 4065 4065 4065 4065 4065
6 1683106415 375 3683 3659 3638 3575 3617 3616 3584 4065 4065 4065 4065 4065 4065 4065 4065
7 1683106415 375 3684 3659 3639 3575 3617 3616 3585 4065 4065 4065 4065 4065 4065 4065 4065
8 1683106415 375 3684 3659 3639 3574 3617 3617 3585 4067 4067 4066 4066 4066 4066 4066 4066
9 1683106415 375 3684 3659 3639 3574 3617 3616 3585 4065 4065 4065 4065 4065 4065 4065 4065
10 1683106415 375 3683 3659 3638 3574 3617 3616 3584 4065 4065 4065 4065 4065 4065 4065 4065
11 1683106415 375 3684 3659 3639 3575 3617 3617 3584 4065 4065 4064 4064 4064 4064 4064 4064
12 1683106416 376 3684 3659 3638 3575 3617 3616 3585 4067 4067 4066 4066 4066 4066 4066 4066
13 1683106416 375 3684 3660 3639 3575 3617 3617 3585 4065 4065 4064 4064 4064 4064 4064 4064
14 1683106416 375 3685 3661 3639 3576 3618 3618 3586 4065 4065 4065 4065 4065 4065 4065 4065
15 1683106416 375 3684 3660 3638 3575 3617 3616 3585 4065 4065 4065 4065 4065 4065 4065 4065
16 1683106416 375 3685 3659 3639 3575 3617 3617 3585 4065 4065 4064 4064 4064 4064 4064 4064
17 1683106416 375 3684 3659 3638 3575 3617 3616 3585 4065 4065 4064 4064 4064 4064 4064 4064
18 1683106416 374 3682 3657 3637 3573 3615 3615 3584 4067 4065 4065 4065 4065 4065 4065 4065
19 1683106423 373 3681 3656 3635 3571 3614 3614 3582 4065 4065 4065 4065 4065 4065 4065 4065
20 1683106424 374 3682 3657 3636 3573 3615 3614 3583 4067 4067 4066 4066 4066 4066 4066 4066
21 1683106424 374 3683 3657 3637 3573 3615 3615 3583 4065 4065 4064 4064 4064 4064 4064 4064
22 1683106424 374 3682 3657 3637 3573 3615 3614 3583 4067 4067 4066 4066 4066 4066 4066 4066
23 1683106424 373 3681 3657 3636 3573 3615 3614 3583 4065 4065 4065 4065 4065 4065 4065 4065
24 1683106424 373 3682 3657 3637 3572 3615 3615 3583 4065 4065 4064 4064 4064 4064 4064 4064
25 1683106424 374 3682 3657 3636 3573 3615 3615 3583 4065 4065 4065 4065 4065 4065 4065 4065
26 1683106424 374 3682 3657 3637 3573 3615 3614 3583 4065 4065 4065 4065 4065 4065 4065 4065
27 1683106424 374 3683 3658 3637 3574 3615 3615 3583 4065 4065 4064 4064 4064 4064 4064 4064
28 1683106424 373 3682 3657 3637 3573 3614 3614 3582 4065 4065 4065 4065 4065 4065 4065 4065
29 1683106424 373 3683 3658 3637 3573 3616 3615 3583 4061 4061 4060 4060 4060 4060 4060 4060
30 1683106424 374 3682 3659 3638 3574 3616 3616 3584 4065 4065 4064 4064 4064 4064 4064 4064
31 1683106424 373 3681 3657 3636 3573 3614 3614 3582 4061 4061 4061 4061 4061 4061 4061 4061
32 1683106424 373 3682 3657 3636 3572 3614 3614 3582 4065 4065 4065 4065 4065 4065 4065 4065
33 1683106424 373 3683 3658 3637 3573 3615 3615 3583 4065 4065 4065 4065 4065 4065 4065 4065
34 1683106424 374 3682 3657 3637 3573 3615 3615 3582 4065 4065 4065 4065 4065 4065 4065 4065
35 1683106424 373 3683 3658 3637 3573 3615 3615 3582 4065 4065 4065 4065 4065 4065 4065 4065
36 1683106424 374 3684 3659 3638 3574 3616 3616 3584 4065 4065 4065 4065 4065 4065 4065 4065
37 1683106424 374 3682 3657 3636 3573 3615 3615 3583 4065 4065 4064 4064 4064 4064 4064 4064
38 1683106424 373 3682 3658 3637 3573 3616 3615 3583 4065 4065 4065 4065 4065 4065 4065 4065
39 1683106424 374 3683 3658 3637 3574 3616 3615 3583 4065 4065 4065 4065 4065 4065 4065 4065
40 1683106424 374 3684 3658 3638 3574 3617 3616 3584 4067 4067 4066 4066 4066 4066 4066 4066
41 1683106424 373 3684 3659 3638 3574 3616 3616 3584 4065 4065 4065 4065 4065 4065 4065 4065
42 1683106424 374 3683 3657 3637 3573 3615 3615 3583 4065 4065 4065 4065 4065 4065 4065 4065
43 1683106424 373 3683 3659 3638 3574 3615 3616 3583 4067 4065 4065 4065 4065 4065 4065 4065
44 1683106424 374 3684 3659 3638 3574 3616 3616 3584 4065 4065 4064 4064 4064 4064 4064 4064
45 1683106424 373 3683 3659 3638 3575 3617 3616 3584 4065 4065 4065 4065 4065 4065 4065 4065
46 1683106424 373 3682 3657 3636 3573 3615 3615 3583 4065 4065 4065 4065 4065 4065 4065 4065
47 1683106424 374 3681 3658 3637 3574 3615 3615 3583 4065 4065 4065 4065 4065 4065 4065 4065
48 1683106424 374 3682 3658 3637 3573 3616 3615 3583 4065 4065 4065 4065 4065 4065 4065 4065
49 1683106424 374 3683 3658 3638 3574 3616 3616 3583 4065 4065 4065 4065 4065 4065 4065 4065
50 1683106424 374 3682 3658 3637 3573 3615 3615 3583 4065 4065 4064 4064 4064 4064 4064 4064
51 1683106424 374 3682 3657 3636 3573 3615 3615 3583 4065 4065 4065 4065 4065 4065 4065 4065
52 1683106424 374 3683 3657 3637 3574 3616 3615 3583 4065 4065 4065 4065 4065 4065 4065 4065
53 1683106424 374 3682 3657 3636 3573 3615 3615 3583 4065 4065 4065 4065 4065 4065 4065 4065
54 1683106424 374 3682 3657 3637 3573 3615 3615 3583 4065 4065 4064 4064 4064 4064 4064 4064
55 1683106424 374 3683 3658 3637 3573 3616 3616 3584 4065 4065 4064 4064 4064 4064 4064 4064
56 1683106424 374 3684 3658 3638 3574 3616 3616 3584 4065 4065 4065 4065 4065 4065 4065 4065
57 1683106424 373 3683 3658 3637 3573 3615 3615 3583 4065 4065 4064 4064 4064 4064 4064 4064
58 1683106424 374 3684 3659 3639 3574 3616 3616 3584 4065 4065 4064 4064 4064 4064 4064 4064
59 1683106424 374 3683 3658 3638 3574 3616 3616 3584 4065 4065 4064 4064 4064 4064 4064 4064
60 1683106424 374 3682 3657 3637 3573 3615 3615 3583 4065 4065 4064 4064 4064 4064 4064 4064
61 1683106424 373 3683 3658 3637 3573 3615 3615 3583 4067 4067 4066 4066 4066 4066 4066 4066
62 1683106424 374 3682 3657 3636 3573 3615 3615 3583 4065 4065 4064 4064 4064 4064 4064 4064
63 1683106424 373 3683 3658 3637 3574 3615 3615 3583 4065 4065 4065 4065 4065 4065 4065 4065
64 1683106424 374 3684 3659 3639 3574 3617 3616 3584 4065 4065 4065 4065 4065 4065 4065 4065
65 1683106424 374 3683 3658 3638 3575 3616 3616 3584 4065 4065 4065 4065 4065 4065 4065 4065
66 1683106424 374 3683 3658 3637 3573 3615 3615 3583 4067 4067 4066 4066 4066 4066 4066 4066
67 1683106424 374 3683 3658 3638 3574 3616 3616 3584 4067 4067 4066 4066 4066 4066 4066 4066
68 1683106424 373 3685 3660 3639 3576 3618 3617 3585 4065 4065 4064 4064 4064 4064 4064 4064
69 1683106424 374 3683 3658 3638 3574 3616 3615 3583 4065 4065 4065 4065 4065 4065 4065 4065
70 1683106424 374 3683 3659 3638 3575 3617 3616 3584 4065 4065 4065 4065 4065 4065 4065 4065
71 1683106424 373 3683 3659 3638 3574 3616 3616 3584 4065 4065 4065 4065 4065 4065 4065 4065
72 1683106424 374 3683 3658 3638 3574 3616 3616 3584 4065 4065 4065 4065 4065 4065 4065 4065
73 1683106424 374 3683 3658 3638 3574 3616 3615 3583 4065 4065 4064 4064 4064 4064 4064 4064
74 1683106424 374 3682 3658 3637 3573 3615 3615 3583 4065 4065 4064 4064 4064 4064 4064 4064
75 1683106424 374 3684 3659 3638 3574 3616 3616 3585 4065 4065 4065 4065 4065 4065 4065 4065
76 1683106424 373 3684 3659 3639 3575 3617 3616 3584 4065 4065 4065 4065 4065 4065 4065 4065
77 1683106424 374 3685 3660 3640 3575 3617 3616 1727 4065 4065 4065 4065 4065 4065 4065 4065
78 1683106424 374 3682 3659 3638 3574 3616 3616 3585 4065 4065 4065 4065 4065 4065 4065 4065
79 1683106424 374 3685 3659 3639 3574 3616 3616 3584 4065 4065 4064 4064 4064 4064 4064 4064
80 1683106424 374 3684 3658 3637 3574 3616 3616 3584 4065 4065 4065 4065 4065 4065 4065 4065
81 1683106424 374 3683 3658 3637 3573 3616 3615 3583 4065 4065 4064 4064 4064 4064 4064 4064
82 1683106424 374 3684 3659 3638 3574 3616 3616 3584 4065 4065 4065 4065 4065 4065 4065 4065
83 1683106424 374 3683 3659 3638 3574 3616 3616 3584 4065 4065 4065 4065 4065 4065 4065 4065
84 1683106424 374 3684 3658 3638 3573 3616 3616 3584 4067 4065 4065 4065 4065 4065 4065 4065
85 1683106424 374 3683 3658 3638 3574 3616 3616 3584 4065 4065 4064 4064 4064 4064 4064 4064
86 1683106424 374 3683 3658 3638 3574 3616 3616 3583 4065 4065 4065 4065 4065 4065 4065 4065
87 1683106424 373 3684 3659 3639 3575 3617 3616 3584 4065 4063 4063 4063 4063 4063 4063 4063
88 1683106424 374 3683 3658 3637 3573 3616 3615 3584 4065 4065 4065 4065 4065 4065 4065 4065
89 1683106424 375 3684 3659 3639 3575 3617 3617 3585 4065 4065 4065 4065 4065 4065 4065 4065
90 1683106424 375 3683 3659 3638 3573 3616 3616 3583 4067 4067 4066 4066 4066 4066 4066 4066
91 1683106424 374 3683 3659 3638 3574 3616 3616 3584 4067 4065 4065 4065 4065 4065 4065 4065
92 1683106424 374 3683 3657 3637 3573 3615 3615 3584 4065 4065 4065 4065 4065 4065 4065 4065
93 1683106425 374 3683 3659 3638 3574 3617 3617 3585 4065 4065 4065 4065 4065 4065 4065 4065
94 1683106425 374 3684 3659 3638 3574 3616 3616 3584 4065 4065 4064 4064 4064 4064 4064 4064
95 1683106425 374 3683 3658 3638 3574 3616 3616 3584 4067 4065 4065 4065 4065 4065 4065 4065
96 1683106425 374 3684 3659 3638 3574 3616 3616 3584 4065 4065 4065 4065 4065 4065 4065 4065
97 1683106425 374 3683 3659 3638 3574 3616 3616 3584 4065 4065 4064 4064 4064 4064 4064 4064
98 1683106425 374 3684 3659 3638 3574 3617 3616 3584 4065 4065 4064 4064 4064 4064 4064 4064
99 1683106425 374 3684 3659 3638 3574 3617 3616 3585 4065 4065 4064 4064 4064 4064 4064 4064
100 1683106425 373 3684 3659 3638 3574 3616 3615 3584 4065 4065 4065 4065 4065 4065 4065 4065
101 1683106425 374 3683 3659 3638 3574 3616 3616 3584 4065 4065 4065 4065 4065 4065 4065 4065
102 1683106425 374 3684 3659 3638 3575 3617 3617 3585 4065 4065 4065 4065 4065 4065 4065 4065
103 1683106425 374 3684 3659 3639 3575 3618 3617 3585 4065 4065 4065 4065 4065 4065 4065 4065
104 1683106425 374 3683 3658 3638 3574 3617 3616 3584 4063 4063 4063 4063 4063 4063 4063 4063
105 1683106425 374 3684 3659 3638 3574 3616 3616 3584 4065 4065 4065 4065 4065 4065 4065 4065
106 1683106425 374 3683 3659 3638 3574 3616 3616 3584 4067 4067 4066 4066 4066 4066 4066 4066
107 1683106425 374 3684 3659 3638 3574 3616 3616 3584 4065 4065 4064 4064 4064 4064 4064 4064
108 1683106425 374 3684 3659 3638 3575 3617 3616 3584 4065 4065 4065 4065 4065 4065 4065 4065
109 1683106425 374 3683 3658 3638 3575 3617 3616 3584 4067 4067 4066 4066 4066 4066 4066 4066
110 1683106425 374 3682 3658 3638 3574 3616 3616 3583 4065 4065 4064 4064 4064 4064 4064 4064
111 1683106425 374 3683 3658 3637 3573 3615 3615 3584 4067 4067 4066 4066 4066 4066 4066 4066
112 1683106425 374 3684 3660 3639 3576 3617 3617 3585 4065 4065 4065 4065 4065 4065 4065 4065
113 1683106425 374 3683 3659 3638 3574 3616 3616 3584 4065 4065 4065 4065 4065 4065 4065 4065
114 1683106425 374 3685 3659 3639 3575 3617 3617 3585 4065 4065 4065 4065 4065 4065 4065 4065
115 1683106425 374 3683 3658 3637 3574 3616 3616 3584 4065 4065 4065 4065 4065 4065 4065 4065
116 1683106425 374 3684 3658 3638 3574 3616 3616 3584 4065 4065 4065 4065 4065 4065 4065 4065
117 1683106425 375 3683 3658 3638 3574 3616 3615 3584 4067 4067 4066 4066 4066 4066 4066 4066
118 1683106425 375 3684 3659 3639 3575 3617 3616 3584 4065 4065 4065 4065 4065 4065 4065 4065
119 1683106425 375 3684 3659 3638 3574 3617 3617 3585 4067 4067 4066 4066 4066 4066 4066 4066
120 1683106425 374 3685 3660 3639 3576 3617 3617 3585 4065 4065 4064 4064 4064 4064 4064 4064
121 1683106425 375 3683 3659 3638 3574 3616 3616 3584 4065 4065 4064 4064 4064 4064 4064 4064
122 1683106425 374 3684 3659 3638 3575 3617 3617 3584 4065 4065 4065 4065 4065 4065 4065 4065
123 1683106425 374 3685 3660 3639 3575 3618 3617 3585 4067 4066 4066 4066 4066 4066 4066 4066
124 1683106425 374 3684 3659 3638 3574 3616 3615 3584 4065 4065 4064 4064 4064 4064 4064 4064
125 1683106425 374 3683 3659 3639 3575 3617 3616 3584 4065 4065 4065 4065 4065 4065 4065 4065
126 1683106425 374 3684 3659 3638 3574 3616 3616 3584 4065 4065 4065 4065 4065 4065 4065 4065
127 1683106425 374 3683 3659 3638 3574 3616 3616 3584 4065 4065 4065 4065 4065 4065 4065 4065
128 1683106425 374 3684 3658 3637 3574 3616 3616 3584 4065 4065 4065 4065 4065 4065 4065 4065
129 1683106425 374 3684 3660 3639 3575 3616 3616 3584 4065 4065 4065 4065 4065 4065 4065 4065
130 1683106425 374 3685 3660 3639 3575 3618 3617 3585 4065 4065 4064 4064 4064 4064 4064 4064
131 1683106425 374 3684 3659 3638 3574 3616 3616 3584 4065 4065 4065 4065 4065 4065 4065 4065
132 1683106425 374 3684 3659 3638 3574 3617 3616 3584 4065 4065 4065 4065 4065 4065 4065 4065
133 1683106425 375 3683 3659 3638 3575 3616 3616 3584 4067 4067 4066 4066 4066 4066 4066 4066
134 1683106425 374 3683 3659 3638 3574 3616 3616 3585 4065 4065 4064 4064 4064 4064 4064 4064
135 1683106425 374 3685 3660 3640 3576 3618 3618 3585 4065 4065 4065 4065 4065 4065 4065 4065
136 1683106425 374 3683 3658 3638 3574 3616 3616 3584 4065 4065 4064 4064 4064 4064 4064 4064
137 1683106425 375 3683 3659 3638 3575 3617 3617 3585 4067 4067 4066 4066 4066 4066 4066 4066
138 1683106425 374 3685 3660 3639 3575 3618 3617 3585 4065 4065 4064 4064 4064 4064 4064 4064
139 1683106425 374 3684 3659 3639 3575 3617 3617 3585 4065 4065 4065 4065 4065 4065 4065 4065
140 1683106425 374 3684 3659 3638 3575 3617 3616 3585 4067 4067 4066 4066 4066 4066 4066 4066
141 1683106425 374 3683 3660 3639 3575 3617 3616 3584 4065 4065 4064 4064 4064 4064 4064 4064
142 1683106425 374 3684 3660 3639 3575 3617 3617 3584 4065 4065 4064 4064 4064 4064 4064 4064
143 1683106425 374 3684 3659 3638 3574 3616 3616 3584 4065 4065 4065 4065 4065 4065 4065 4065
144 1683106425 374 3684 3659 3639 3575 3617 3617 3585 4065 4065 4064 4064 4064 4064 4064 4064
145 1683106425 374 3683 3658 3638 3574 3617 3616 3584 4065 4065 4065 4065 4065 4065 4065 4065
146 1683106425 374 3685 3660 3639 3575 3617 3617 3584 4063 4063 4063 4063 4063 4063 4063 4063
147 1683106425 374 3685 3659 3638 3575 3617 3616 3585 4065 4065 4065 4065 4065 4065 4065 4065
148 1683106425 374 3684 3659 3638 3575 3616 3616 3584 4067 4065 4065 4065 4065 4065 4065 4065
149 1683106425 374 3683 3659 3639 3575 3617 3617 3584 4067 4067 4066 4066 4066 4066 4066 4066
150 1683106425 374 3684 3659 3639 3575 3617 3617 3585 4065 4065 4064 4064 4064 4064 4064 4064
151 1683106425 374 3683 3658 3638 3574 3616 3616 3583 4065 4065 4064 4064 4064 4064 4064 4064
152 1683106425 374 3684 3660 3639 3575 3618 3617 3585 4065 4065 4064 4064 4064 4064 4064 4064
153 1683106425 374 3684 3659 3639 3575 3617 3616 3584 4067 4067 4066 4066 4066 4066 4066 4066
154 1683106425 374 3684 3659 3639 3575 3617 3617 3584 4065 4065 4064 4064 4064 4064 4064 4064
155 1683106425 374 3684 3660 3639 3575 3617 3617 3585 4065 4065 4065 4065 4065 4065 4065 4065
156 1683106425 374 3684 3660 3639 3575 3617 3617 3585 4065 4065 4065 4065 4065 4065 4065 4065
157 1683106425 375 3684 3659 3638 3575 3617 3617 3585 4065 4065 4065 4065 4065 4065 4065 4065
158 1683106425 375 3684 3660 3639 3575 3617 3617 3585 4065 4065 4065 4065 4065 4065 4065 4065
159 1683106425 375 3683 3659 3638 3574 3616 3616 3584 4065 4065 4064 4064 4064 4064 4064 4064
160 1683106426 375 3683 3658 3637 3573 3616 3616 3584 4065 4065 4065 4065 4065 4065 4065 4065
161 1683106426 374 3685 3660 3639 3575 3617 3616 3584 4067 4067 4066 4066 4066 4066 4066 4066
162 1683106426 374 3684 3659 3639 3575 3617 3617 3585 4065 4065 4064 4064 4064 4064 4064 4064
163 1683106426 374 3685 3660 3639 3575 3617 3617 3585 4065 4065 4065 4065 4065 4065 4065 4065
164 1683106426 374 3685 3660 3640 3576 3618 3617 3585 4065 4065 4064 4064 4064 4064 4064 4064
165 1683106426 374 3685 3659 3638 3575 3617 3617 3584 4067 4067 4066 4066 4066 4066 4066 4066
166 1683106426 374 3684 3660 3639 3575 3617 3617 3584 4065 4065 4065 4065 4065 4065 4065 4065
167 1683106426 375 3685 3660 3639 3575 3618 3618 3586 4065 4065 4065 4065 4065 4065 4065 4065
168 1683106426 374 3684 3659 3639 3574 3617 3617 3585 4065 4065 4064 4064 4064 4064 4064 4064
169 1683106426 375 3685 3660 3640 3576 3617 3617 3585 4065 4065 4064 4064 4064 4064 4064 4064
170 1683106426 374 3684 3659 3638 3575 3616 3616 3584 4065 4065 4065 4065 4065 4065 4065 4065
171 1683106426 374 3684 3659 3639 3575 3617 3617 3585 4067 4067 4066 4066 4066 4066 4066 4066
172 1683106426 375 3683 3659 3638 3575 3617 3617 3585 4065 4065 4065 4065 4065 4065 4065 4065
173 1683106426 375 3683 3659 3639 3575 3618 3617 3585 4067 4065 4065 4065 4065 4065 4065 4065
174 1683106426 375 3685 3660 3639 3575 3618 3617 3585 4065 4065 4065 4065 4065 4065 4065 4065
175 1683106426 374 3683 3659 3638 3574 3617 3616 3585 4065 4065 4064 4064 4064 4064 4064 4064
176 1683106426 374 3684 3660 3639 3576 3617 3617 3584 4065 4065 4064 4064 4064 4064 4064 4064
177 1683106426 375 3683 3659 3638 3574 3617 3616 3584 4065 4065 4064 4064 4064 4064 4064 4064
178 1683106426 374 3684 3660 3639 3575 3618 3616 3585 4065 4065 4064 4064 4064 4064 4064 4064
179 1683106426 375 3684 3659 3639 3575 3617 3616 3585 4065 4065 4064 4064 4064 4064 4064 4064
180 1683106426 375 3684 3659 3638 3575 3617 3616 3585 4065 4065 4065 4065 4065 4065 4065 4065
181 1683106426 375 3685 3660 3640 3575 3618 3618 3585 4065 4065 4064 4064 4064 4064 4064 4064
182 1683106426 375 3682 3658 3637 3574 3616 3616 3584 4065 4065 4065 4065 4065 4065 4065 4065
183 1683106426 375 3684 3659 3638 3575 3617 3617 3585 4065 4065 4064 4064 4064 4064 4064 4064
184 1683106426 374 3684 3659 3639 3575 3617 3617 3585 4065 4065 4065 4065 4065 4065 4065 4065
185 1683106426 375 3684 3659 3638 3574 3616 3616 3584 4067 4067 4066 4066 4066 4066 4066 4066
186 1683106426 374 3684 3659 3638 3574 3616 3616 3584 4065 4065 4065 4065 4065 4065 4065 4065
187 1683106426 375 3684 3659 3639 3575 3617 3617 3585 4065 4065 4064 4064 4064 4064 4064 4064
188 1683106426 374 3684 3660 3639 3575 3617 3617 3585 4067 4065 4065 4065 4065 4065 4065 4065
189 1683106426 375 3683 3659 3638 3574 3616 3616 3584 4067 4067 4066 4066 4066 4066 4066 4066
190 1683106426 374 3684 3659 3639 3575 3617 3617 3585 4065 4065 4064 4064 4064 4064 4064 4064
191 1683106426 374 3685 3660 3639 3575 3617 3617 3585 4067 4065 4065 4065 4065 4065 4065 4065
192 1683106426 374 3684 3660 3639 3575 3617 3617 3585 4065 4065 4065 4065 4065 4065 4065 4065
193 1683106426 375 3684 3659 3639 3575 3617 3617 3585 4065 4065 4065 4065 4065 4065 4065 4065
194 1683106426 374 3684 3659 3639 3574 3616 3616 3584 4065 4065 4064 4064 4064 4064 4064 4064
195 1683106426 375 3684 3659 3638 3575 3617 3617 3585 4065 4065 4064 4064 4064 4064 4064 4064
196 1683106426 375 3683 3658 3637 3575 3616 3616 3584 4065 4065 4064 4064 4064 4064 4064 4064
197 1683106426 375 3684 3660 3639 3575 3617 3617 3585 4065 4065 4064 4064 4064 4064 4064 4064
198 1683106426 375 3684 3659 3639 3575 3617 3616 3585 4065 4065 4065 4065 4065 4065 4065 4065
199 1683106426 375 3683 3658 3638 3574 3616 3617 3584 4065 4065 4064 4064 4064 4064 4064 4064
200 1683106426 374 3685 3660 3639 3575 3617 3618 3586 4065 4065 4064 4064 4064 4064 4064 4064
201 1683106426 375 3683 3659 3638 3575 3616 3616 3584 4065 4065 4064 4064 4064 4064 4064 4064
202 1683106426 375 3684 3659 3638 3574 3617 3616 3584 4065 4065 4065 4065 4065 4065 4065 4065
203 1683106426 375 3685 3660 3639 3575 3618 3617 3585 4065 4065 4064 4064 4064 4064 4064 4064
204 1683106426 374 3684 3659 3638 3575 3616 3616 3584 4063 4063 4063 4063 4063 4063 4063 4063
205 1683106426 375 3683 3659 3638 3574 3616 3616 3584 4065 4065 4064 4064 4064 4064 4064 4064
206 1683106426 375 3685 3660 3639 3575 3617 3618 3586 4065 4065 4064 4064 4064 4064 4064 4064
207 1683106426 375 3684 3659 3639 3575 3616 3616 3584 4065 4065 4064 4064 4064 4064 4064 4064
208 1683106426 375 3684 3659 3639 3575 3617 3617 3585 4065 4065 4065 4065 4065 4065 4065 4065
209 1683106426 375 3685 3660 3639 3575 3617 3617 3585 4065 4065 4065 4065 4065 4065 4065 4065
210 1683106426 375 3685 3660 3639 3575 3617 3617 3585 4065 4065 4064 4064 4064 4064 4064 4064
211 1683106426 374 3685 3660 3639 3575 3618 3617 3584 4065 4065 4065 4065 4065 4065 4065 4065
212 1683106426 375 3684 3659 3638 3575 3617 3617 3586 4067 4067 4066 4066 4066 4066 4066 4066
213 1683106426 375 3685 3659 3639 3575 3617 3616 3585 4065 4065 4064 4064 4064 4064 4064 4064
214 1683106426 374 3684 3659 3638 3574 3617 3616 3584 4065 4065 4065 4065 4065 4065 4065 4065
215 1683106426 375 3685 3660 3639 3575 3618 3617 3585 4065 4065 4064 4064 4064 4064 4064 4064
216 1683106426 375 3685 3660 3639 3575 3617 3617 3585 4065 4065 4065 4065 4065 4065 4065 4065
217 1683106426 375 3684 3658 3638 3574 3617 3616 3584 4065 4065 4064 4064 4064 4064 4064 4064
218 1683106426 375 3685 3660 3639 3575 3618 3617 3585 4067 4065 4065 4065 4065 4065 4065 4065
219 1683106426 375 3684 3660 3638 3575 3616 3616 3584 4065 4065 4064 4064 4064 4064 4064 4064
220 1683106426 375 3684 3659 3638 3574 3617 3617 3584 4065 4065 4065 4065 4065 4065 4065 4065
221 1683106426 374 3685 3660 3639 3576 3618 3617 3585 4065 4065 4064 4064 4064 4064 4064 4064
222 1683106426 375 3685 3661 3640 3576 3618 3617 3585 4065 4065 4064 4064 4064 4064 4064 4064
223 1683106426 375 3685 3660 3640 3575 3618 3618 3586 4065 4065 4065 4065 4065 4065 4065 4065
224 1683106426 375 3685 3661 3640 3576 3618 3617 3586 4067 4065 4065 4065 4065 4065 4065 4065
225 1683106426 375 3684 3660 3639 3575 3617 3617 3585 4067 4067 4066 4066 4066 4066 4066 4066
226 1683106426 375 3684 3660 3639 3575 3617 3617 3585 4067 4067 4066 4066 4066 4066 4066 4066
227 1683106426 375 3685 3660 3639 3575 3618 3617 3585 4065 4065 4065 4065 4065 4065 4065 4065
228 1683106426 375 3686 3661 3639 3576 3618 3618 3586 4065 4065 4064 4064 4064 4064 4064 4064
229 1683106426 375 3685 3660 3640 3576 3618 3618 3586 4065 4065 4065 4065 4065 4065 4065 4065
230 1683106427 375 3684 3659 3638 3574 3617 3616 3584 4065 4065 4064 4064 4064 4064 4064 4064
231 1683106427 375 3685 3660 3639 3575 3618 3618 3586 4063 4063 4063 4063 4063 4063 4063 4063
232 1683106427 375 3685 3660 3639 3575 3618 3617 3585 4065 4065 4065 4065 4065 4065 4065 4065
233 1683106427 375 3687 3662 3641 3577 3619 3619 3587 4065 4065 4065 4065 4065 4065 4065 4065
234 1683106427 375 3684 3659 3639 3576 3618 3618 3585 4065 4065 4065 4065 4065 4065 4065 4065
235 1683106427 375 3685 3660 3639 3575 3618 3617 3585 4065 4065 4064 4064 4064 4064 4064 4064
236 1683106427 375 3684 3660 3639 3576 3618 3618 3585 4065 4065 4064 4064 4064 4064 4064 4064
237 1683106427 375 3683 3660 3639 3575 3617 3617 3585 4065 4065 4065 4065 4065 4065 4065 4065
238 1683106427 375 3685 3660 3640 3575 3618 3617 3585 4065 4065 4065 4065 4065 4065 4065 4065
239 1683106427 375 3685 3660 3640 3576 3619 3618 3586 4067 4067 4066 4066 4066 4066 4066 4066
240 1683106427 375 3685 3661 3640 3576 3618 3617 3586 4063 4063 4063 4063 4063 4063 4063 4063
241 1683106427 375 3685 3660 3639 3576 3617 3617 3585 4065 4065 4065 4065 4065 4065 4065 4065
242 1683106427 375 3685 3660 3639 3575 3617 3617 3585 4065 4065 4065 4065 4065 4065 4065 4065
243 1683106427 375 3685 3659 3639 3575 3617 3617 3585 4065 4065 4064 4064 4064 4064 4064 4064
244 1683106427 375 3684 3661 3639 3576 3618 3617 3585 4065 4065 4064 4064 4064 4064 4064 4064
245 1683106427 375 3685 3660 3640 3576 3618 3617 3585 4065 4065 4065 4065 4065 4065 4065 4065
246 1683106427 375 3685 3661 3639 3576 3618 3618 3586 4065 4065 4064 4064 4064 4064 4064 4064
247 1683106427 375 3683 3659 3638 3574 3617 3616 3584 4065 4065 4064 4064 4064 4064 4064 4064
248 1683106427 375 3684 3659 3639 3575 3617 3617 3584 4065 4065 4065 4065 4065 4065 4065 4065
249 1683106427 375 3684 3660 3639 3576 3617 3617 3585 4065 4065 4065 4065 4065 4065 4065 4065
250 1683106427 375 3685 3661 3639 3576 3618 3618 3586 4065 4065 4064 4064 4064 4064 4064 4064
251 1683106427 375 3685 3660 3639 3575 3617 3617 3585 4063 4063 4062 4062 4062 4062 4062 4062
252 1683106427 375 3686 3661 3640 3576 3619 3618 3586 4065 4065 4065 4065 4065 4065 4065 4065
253 1683106427 375 3685 3660 3639 3575 3617 3617 3585 4065 4065 4064 4064 4064 4064 4064 4064
254 1683106427 375 3685 3660 3639 3575 3617 3616 3585 4065 4065 4065 4065 4065 4065 4065 4065
255 1683106427 375 3684 3659 3638 3575 3617 3617 3585 4065 4065 4065 4065 4065 4065 4065 4065
256 1683106427 375 3685 3660 3639 3576 3618 3617 3585 4065 4065 4065 4065 4065 4065 4065 4065
257 1683106427 375 3685 3660 3639 3576 3618 3617 3585 4065 4065 4064 4064 4064 4064 4064 4064
258 1683106427 375 3686 3660 3639 3576 3618 3617 3586 4065 4065 4064 4064 4064 4064 4064 4064
259 1683106427 375 3684 3659 3639 3575 3617 3617 3585 4065 4065 4065 4065 4065 4065 4065 4065
260 1683106427 376 3684 3660 3639 3575 3617 3617 3585 4067 4065 4065 4065 4065 4065 4065 4065
261 1683106427 375 3684 3660 3639 3576 3618 3617 3585 4065 4065 4064 4064 4064 4064 4064 4064
262 1683106427 375 3685 3660 3640 3576 3618 3617 3586 4065 4065 4064 4064 4064 4064 4064 4064
263 1683106427 376 3685 3660 3639 3576 3618 3617 3585 4065 4065 4065 4065 4065 4065 4065 4065
264 1683106427 375 3684 3660 3639 3575 3617 3616 3585 4065 4065 4065 4065 4065 4065 4065 4065
265 1683106427 375 3685 3660 3639 3575 3617 3617 3585 4065 4065 4064 4064 4064 4064 4064 4064
266 1683106427 375 3685 3660 3639 3576 3618 3617 3585 4065 4065 4064 4064 4064 4064 4064 4064
267 1683106427 375 3685 3660 3639 3575 3618 3617 3585 4065 4065 4064 4064 4064 4064 4064 4064
268 1683106427 375 3686 3661 3640 3576 3618 3618 3586 4065 4065 4064 4064 4064 4064 4064 4064
269 1683106427 375 3683 3660 3639 3575 3617 3616 3584 4067 4067 4066 4066 4066 4066 4066 4066
270 1683106427 376 3684 3659 3638 3575 3618 3617 3585 4065 4065 4064 4064 4064 4064 4064 4064
271 1683106427 375 3685 3660 3640 3576 3618 3618 3586 4065 4065 4064 4064 4064 4064 4064 4064
272 1683106427 375 3684 3660 3639 3575 3618 3617 3585 4065 4065 4064 4064 4064 4064 4064 4064
273 1683106427 373 3683 3658 3637 3573 3615 3615 3583 4065 4065 4065 4065 4065 4065 4065 4065
274 1683106427 373 3683 3659 3637 3574 3616 3615 3584 4065 4065 4065 4065 4065 4065 4065 4065
275 1683106427 373 3682 3657 3637 3573 3615 3615 3583 4065 4065 4065 4065 4065 4065 4065 4065
276 1683106427 373 3682 3657 3636 3573 3615 3614 3582 4065 4065 4065 4065 4065 4065 4065 4065
277 1683106427 374 3683 3658 3637 3573 3616 3615 3583 4065 4065 4064 4064 4064 4064 4064 4064
278 1683106427 374 3682 3658 3637 3573 3615 3614 3583 4065 4065 4065 4065 4065 4065 4065 4065
279 1683106427 374 3682 3657 3637 3573 3615 3615 3583 4065 4065 4065 4065 4065 4065 4065 4065
280 1683106427 374 3683 3658 3637 3574 3616 3615 3583 4065 4065 4064 4064 4064 4064 4064 4064
281 1683106427 373 3683 3658 3637 3574 3616 3615 3583 4065 4065 4064 4064 4064 4064 4064 4064
282 1683106427 374 3684 3658 3638 3575 3616 3616 3584 4065 4065 4065 4065 4065 4065 4065 4065
283 1683106427 374 3683 3658 3638 3575 3617 3616 3584 4065 4065 4064 4064 4064 4064 4064 4064
284 1683106427 374 3682 3658 3637 3573 3615 3615 3583 4067 4065 4065 4065 4065 4065 4065 4065
285 1683106427 374 3683 3659 3638 3574 3616 3616 3584 4063 4063 4063 4063 4063 4063 4063 4063
286 1683106427 373 3682 3658 3637 3574 3616 3615 3584 4065 4065 4064 4064 4064 4064 4064 4064
287 1683106427 374 3684 3659 3638 3575 3617 3616 3584 4065 4065 4065 4065 4065 4065 4065 4065
288 1683106427 374 3682 3657 3637 3573 3615 3615 3583 4065 4065 4065 4065 4065 4065 4065 4065
289 1683106427 373 3683 3659 3638 3574 3616 3616 3583 4065 4065 4065 4065 4065 4065 4065 4065
290 1683106427 373 3683 3658 3637 3574 3616 3616 3583 4065 4065 4065 4065 4065 4065 4065 4065
291 1683106427 374 3683 3659 3638 3574 3616 3616 3584 4065 4065 4064 4064 4064 4064 4064 4064
292 1683106427 373 3683 3658 3637 3574 3615 3615 3583 4065 4065 4064 4064 4064 4064 4064 4064
293 1683106427 373 3683 3658 3637 3573 3615 3615 3583 4065 4065 4065 4065 4065 4065 4065 4065
294 1683106427 373 3682 3658 3637 3574 3616 3616 3583 4065 4065 4065 4065 4065 4065 4065 4065
295 1683106427 374 3683 3658 3638 3574 3616 3616 3584 4065 4065 4065 4065 4065 4065 4065 4065
296 1683106427 373 3683 3658 3637 3573 3616 3615 3583 4065 4065 4065 4065 4065 4065 4065 4065
297 1683106427 374 3683 3658 3638 3574 3616 3615 3584 4065 4065 4065 4065 4065 4065 4065 4065
298 1683106427 373 3684 3659 3638 3574 3616 3616 3584 4065 4065 4064 4064 4064 4064 4064 4064
299 1683106427 373 3683 3658 3637 3573 3616 3615 3583 4065 4065 4065 4065 4065 4065 4065 4065
300 1683106427 373 3684 3659 3638 3574 3616 3616 3584 4065 4065 4065 4065 4065 4065 4065 4065
301 1683106427 374 3683 3658 3637 3574 3616 3615 3583 4065 4065 4064 4064 4064 4064 4064 4064
302 1683106427 374 3682 3658 3637 3573 3615 3615 3583 4065 4065 4065 4065 4065 4065 4065 4065
303 1683106427 373 3683 3658 3637 3574 3616 3616 3584 4065 4065 4064 4064 4064 4064 4064 4064
304 1683106427 374 3683 3658 3637 3574 3616 3616 3583 4067 4065 4065 4065 4065 4065 4065 4065
305 1683106427 374 3683 3658 3637 3574 3616 3616 3584 4065 4065 4065 4065 4065 4065 4065 4065
306 1683106427 374 3682 3657 3637 3573 3615 3615 3583 4065 4065 4064 4064 4064 4064 4064 4064
307 1683106427 374 3683 3658 3637 3574 3616 3615 3583 4067 4067 4066 4066 4066 4066 4066 4066
308 1683106428 374 3683 3658 3637 3573 3615 3616 3584 4065 4065 4064 4064 4064 4064 4064 4064
309 1683106428 374 3683 3658 3638 3574 3616 3616 3584 4065 4063 4063 4063 4063 4063 4063 4063
310 1683106428 374 3683 3659 3638 3574 3616 3616 3584 4065 4065 4065 4065 4065 4065 4065 4065
311 1683106428 373 3683 3658 3638 3574 3616 3615 3584 4065 4065 4064 4064 4064 4064 4064 4064
312 1683106428 373 3684 3659 3638 3574 3617 3616 3584 4067 4065 4065 4065 4065 4065 4065 4065
313 1683106428 373 3683 3658 3638 3574 3616 3616 3584 4065 4065 4064 4064 4064 4064 4064 4064
314 1683106428 374 3683 3658 3637 3574 3616 3616 3583 4065 4065 4065 4065 4065 4065 4065 4065
315 1683106428 374 3683 3658 3637 3573 3615 3615 3583 4065 4065 4064 4064 4064 4064 4064 4064
316 1683106428 374 3683 3659 3637 3573 3615 3616 3583 4065 4065 4065 4065 4065 4065 4065 4065
317 1683106428 374 3683 3658 3638 3573 3616 3615 3583 4065 4065 4064 4064 4064 4064 4064 4064
318 1683106428 374 3684 3659 3638 3574 3616 3616 3584 4065 4065 4064 4064 4064 4064 4064 4064
319 1683106428 373 3684 3659 3638 3574 3616 3616 3584 4065 4065 4065 4065 4065 4065 4065 4065
320 1683106428 373 3684 3658 3637 3573 3615 3615 3584 4065 4065 4065 4065 4065 4065 4065 4065
321 1683106428 374 3683 3658 3638 3574 3616 3616 3584 4065 4065 4064 4064 4064 4064 4064 4064
322 1683106428 374 3682 3658 3637 3574 3616 3615 3583 4065 4065 4065 4065 4065 4065 4065 4065
323 1683106428 374 3683 3658 3638 3574 3616 3616 3584 4065 4065 4064 4064 4064 4064 4064 4064
324 1683106428 374 3684 3659 3638 3574 3616 3617 3584 4065 4065 4064 4064 4064 4064 4064 4064
325 1683106428 374 3683 3659 3638 3574 3616 3616 3584 4067 4065 4065 4065 4065 4065 4065 4065
326 1683106428 373 3683 3658 3637 3574 3616 3615 3584 4065 4065 4065 4065 4065 4065 4065 4065
327 1683106428 374 3682 3658 3637 3573 3615 3615 3583 4065 4065 4065 4065 4065 4065 4065 4065
328 1683106428 374 3684 3658 3638 3575 3616 3616 3584 4067 4067 4066 4066 4066 4066 4066 4066
329 1683106428 374 3684 3659 3638 3575 3617 3616 3584 4065 4065 4064 4064 4064 4064 4064 4064
330 1683106428 374 3683 3658 3637 3574 3616 3616 3583 4065 4065 4064 4064 4064 4064 4064 4064
331 1683106428 374 3683 3658 3638 3574 3616 3617 3584 4065 4065 4064 4064 4064 4064 4064 4064
332 1683106428 374 3682 3658 3637 3573 3615 3615 3583 4065 4065 4065 4065 4065 4065 4065 4065
333 1683106428 374 3683 3659 3638 3574 3616 3616 3584 4065 4065 4064 4064 4064 4064 4064 4064
334 1683106428 374 3682 3659 3638 3574 3616 3615 3584 4065 4065 4065 4065 4065 4065 4065 4065
335 1683106428 373 3683 3658 3638 3574 3616 3615 3583 4067 4065 4065 4065 4065 4065 4065 4065
336 1683106428 374 3684 3659 3638 3574 3617 3616 3584 4065 4065 4065 4065 4065 4065 4065 4065
337 1683106428 374 3683 3658 3637 3573 3616 3615 3583 4065 4065 4065 4065 4065 4065 4065 4065
338 1683106428 374 3684 3659 3638 3575 3617 3616 3584 4065 4065 4065 4065 4065 4065 4065 4065
339 1683106428 374 3683 3658 3638 3574 3617 3616 3584 4067 4065 4065 4065 4065 4065 4065 4065
340 1683106428 374 3683 3659 3638 3573 3616 3615 3584 4067 4065 4065 4065 4065 4065 4065 4065
341 1683106428 374 3683 3658 3637 3573 3616 3615 3583 4065 4065 4065 4065 4065 4065 4065 4065
342 1683106428 374 3684 3660 3639 3575 3617 3617 3585 4065 4065 4065 4065 4065 4065 4065 4065
343 1683106428 374 3683 3659 3638 3574 3616 3616 3584 4065 4065 4064 4064 4064 4064 4064 4064
344 1683106428 374 3683 3658 3637 3574 3615 3615 3584 4065 4065 4065 4065 4065 4065 4065 4065
345 1683106428 374 3685 3659 3639 3575 3617 3616 3584 4065 4065 4064 4064 4064 4064 4064 4064
346 1683106428 374 3683 3659 3638 3574 3616 3616 3584 4065 4065 4064 4064 4064 4064 4064 4064
347 1683106428 374 3684 3659 3638 3574 3617 3617 3584 4065 4065 4064 4064 4064 4064 4064 4064
348 1683106428 373 3684 3659 3638 3574 3616 3616 3583 4065 4065 4064 4064 4064 4064 4064 4064
349 1683106428 374 3683 3659 3638 3574 3616 3616 3584 4061 4061 4061 4061 4061 4061 4061 4061
350 1683106428 374 3683 3658 3637 3573 3616 3615 3583 4065 4065 4065 4065 4065 4065 4065 4065
351 1683106428 374 3684 3659 3638 3575 3617 3617 3584 4065 4065 4064 4064 4064 4064 4064 4064
352 1683106428 374 3684 3659 3638 3575 3617 3617 3584 4065 4065 4064 4064 4064 4064 4064 4064
353 1683106428 374 3684 3660 3639 3575 3617 3617 3584 4065 4065 4065 4065 4065 4065 4065 4065
354 1683106428 374 3683 3658 3638 3574 3616 3616 3583 4065 4065 4065 4065 4065 4065 4065 4065
355 1683106428 374 3684 3658 3638 3574 3617 3616 3584 4065 4065 4064 4064 4064 4064 4064 4064
356 1683106428 374 3684 3659 3638 3575 3617 3616 3584 4065 4065 4065 4065 4065 4065 4065 4065
357 1683106428 374 3684 3659 3638 3574 3617 3617 3584 4067 4065 4065 4065 4065 4065 4065 4065
358 1683106428 374 3683 3658 3638 3574 3616 3616 3583 4065 4065 4064 4064 4064 4064 4064 4064
359 1683106428 374 3684 3659 3639 3575 3617 3617 3585 4065 4065 4064 4064 4064 4064 4064 4064
360 1683106428 374 3684 3659 3639 3575 3617 3616 3584 4065 4065 4065 4065 4065 4065 4065 4065
361 1683106428 374 3683 3659 3638 3575 3616 3616 3584 4063 4063 4063 4063 4063 4063 4063 4063
362 1683106428 374 3684 3658 3638 3574 3617 3616 3585 4067 4067 4066 4066 4066 4066 4066 4066
363 1683106428 374 3685 3660 3638 3575 3617 3617 3585 4065 4065 4064 4064 4064 4064 4064 4064
364 1683106428 374 3683 3659 3637 3574 3616 3616 3584 4065 4065 4064 4064 4064 4064 4064 4064
365 1683106428 373 3683 3658 3637 3574 3616 3616 3584 4065 4065 4065 4065 4065 4065 4065 4065
366 1683106428 374 3682 3659 3638 3574 3616 3616 3584 4065 4065 4065 4065 4065 4065 4065 4065
367 1683106428 374 3681 3658 3637 3573 3616 3615 3583 4065 4065 4065 4065 4065 4065 4065 4065
368 1683106428 374 3686 3661 3639 3576 3618 3618 3586 4065 4065 4064 4064 4064 4064 4064 4064
369 1683106428 375 3683 3659 3638 3575 3617 3616 3584 4065 4065 4064 4064 4064 4064 4064 4064
370 1683106428 374 3684 3658 3637 3574 3616 3615 3584 4065 4065 4064 4064 4064 4064 4064 4064
371 1683106428 375 3683 3659 3638 3574 3617 3616 3584 4065 4065 4064 4064 4064 4064 4064 4064
372 1683106428 374 3684 3659 3639 3575 3617 3617 3584 4067 4065 4065 4065 4065 4065 4065 4065
373 1683106428 374 3683 3659 3638 3574 3616 3616 3584 4065 4065 4065 4065 4065 4065 4065 4065
374 1683106428 374 3684 3659 3638 3575 3617 3616 3585 4065 4065 4064 4064 4064 4064 4064 4064
375 1683106428 374 3684 3659 3638 3575 3617 3617 3585 4065 4065 4065 4065 4065 4065 4065 4065
376 1683106428 374 3684 3659 3638 3574 3617 3616 3584 4065 4065 4064 4064 4064 4064 4064 4064
377 1683106428 374 3683 3659 3639 3575 3617 3616 3584 4065 4065 4064 4064 4064 4064 4064 4064
378 1683106428 374 3683 3658 3638 3574 3615 3616 3584 4065 4065 4064 4064 4064 4064 4064 4064
379 1683106428 374 3685 3659 3639 3575 3617 3617 3585 4065 4065 4065 4065 4065 4065 4065 4065
380 1683106428 374 3683 3658 3637 3574 3616 3616 3584 4065 4065 4064 4064 4064 4064 4064 4064
381 1683106428 375 3683 3659 3638 3574 3616 3616 3584 4065 4065 4064 4064 4064 4064 4064 4064
382 1683106428 374 3683 3658 3637 3574 3616 3615 3584 4065 4065 4065 4065 4065 4065 4065 4065
383 1683106429 375 3683 3659 3638 3575 3617 3616 3584 4065 4065 4065 4065 4065 4065 4065 4065
384 1683106429 375 3684 3660 3639 3575 3617 3617 3585 4065 4065 4064 4064 4064 4064 4064 4064
385 1683106429 375 3684 3659 3639 3575 3617 3617 3585 4065 4065 4065 4065 4065 4065 4065 4065
386 1683106429 374 3684 3659 3638 3575 3616 3616 3584 4065 4065 4065 4065 4065 4065 4065 4065
387 1683106429 374 3684 3659 3638 3574 3617 3616 3585 4065 4065 4064 4064 4064 4064 4064 4064
388 1683106429 375 3684 3659 3638 3575 3617 3617 3584 4065 4065 4064 4064 4064 4064 4064 4064
389 1683106429 375 3683 3659 3638 3575 3617 3616 3584 4065 4065 4065 4065 4065 4065 4065 4065
390 1683106429 374 3683 3659 3638 3574 3616 3615 3584 4065 4065 4065 4065 4065 4065 4065 4065
391 1683106429 374 3683 3659 3638 3574 3616 3616 3584 4065 4065 4064 4064 4064 4064 4064 4064
392 1683106429 374 3682 3657 3637 3574 3615 3615 3583 4065 4065 4065 4065 4065 4065 4065 4065
393 1683106429 374 3683 3659 3638 3574 3616 3616 3584 4065 4065 4064 4064 4064 4064 4064 4064
394 1683106429 375 3684 3659 3638 3575 3617 3616 3584 4065 4065 4065 4065 4065 4065 4065 4065
395 1683106429 375 3684 3659 3639 3575 3617 3616 3585 4067 4065 4065 4065 4065 4065 4065 4065
396 1683106429 374 3684 3659 3638 3574 3617 3616 3585 4065 4065 4065 4065 4065 4065 4065 4065
397 1683106429 375 3683 3659 3638 3575 3616 3616 3585 4067 4067 4066 4066 4066 4066 4066 4066
398 1683106429 374 3684 3660 3638 3575 3617 3616 3584 4067 4065 4065 4065 4065 4065 4065 4065
399 1683106429 374 3685 3660 3640 3576 3618 3617 3585 4065 4065 4065 4065 4065 4065 4065 4065
400 1683106429 375 3684 3659 3638 3574 3616 3616 3584 4065 4065 4065 4065 4065 4065 4065 4065
401 1683106429 374 3684 3660 3639 3575 3617 3617 3584 4065 4065 4065 4065 4065 4065 4065 4065
402 1683106429 374 3683 3659 3637 3574 3616 3616 3584 4063 4063 4063 4063 4063 4063 4063 4063
403 1683106429 374 3684 3659 3638 3574 3617 3616 3584 4065 4065 4065 4065 4065 4065 4065 4065
404 1683106429 374 3683 3658 3637 3574 3616 3616 3584 4065 4065 4065 4065 4065 4065 4065 4065
405 1683106429 374 3683 3659 3638 3575 3617 3616 3584 4065 4065 4064 4064 4064 4064 4064 4064
406 1683106429 374 3684 3659 3638 3575 3616 3616 3584 4065 4065 4065 4065 4065 4065 4065 4065
407 1683106429 374 3684 3659 3638 3574 3616 3616 3584 4065 4065 4065 4065 4065 4065 4065 4065
408 1683106429 374 3684 3659 3639 3574 3616 3616 3584 4067 4067 4066 4066 4066 4066 4066 4066
409 1683106429 374 3684 3659 3639 3575 3617 3616 3584 4065 4065 4064 4064 4064 4064 4064 4064
410 1683106429 375 3683 3658 3638 3573 3616 3615 3584 4065 4065 4065 4065 4065 4065 4065 4065
411 1683106429 374 3683 3659 3638 3574 3616 3616 3584 4065 4065 4065 4065 4065 4065 4065 4065
412 1683106429 374 3684 3659 3638 3574 3617 3617 3584 4065 4065 4065 4065 4065 4065 4065 4065
413 1683106429 374 3684 3659 3639 3575 3617 3616 3584 4065 4065 4064 4064 4064 4064 4064 4064
414 1683106429 374 3684 3659 3638 3575 3616 3617 3584 4065 4065 4065 4065 4065 4065 4065 4065
415 1683106429 374 3684 3659 3638 3575 3617 3616 3584 4065 4065 4065 4065 4065 4065 4065 4065
416 1683106429 375 3684 3659 3638 3575 3617 3616 3584 4067 4067 4066 4066 4066 4066 4066 4066
417 1683106429 374 3685 3660 3639 3576 3618 3618 3586 4065 4065 4064 4064 4064 4064 4064 4064
418 1683106429 375 3683 3658 3637 3574 3616 3616 3584 4065 4065 4064 4064 4064 4064 4064 4064
419 1683106437 375 3683 3659 3638 3574 3616 3616 3584 4065 4065 4065 4065 4065 4065 4065 4065
420 1683106437 375 3684 3659 3639 3575 3617 3617 3585 4067 4067 4066 4066 4066 4066 4066 4066
421 1683106437 375 3683 3658 3637 3574 3616 3615 3583 4065 4065 4064 4064 4064 4064 4064 4064
422 1683106437 374 3683 3658 3637 3574 3616 3616 3584 4065 4065 4064 4064 4064 4064 4064 4064
423 1683106437 374 3684 3659 3639 3575 3617 3617 3585 4065 4065 4064 4064 4064 4064 4064 4064
424 1683106437 375 3683 3658 3638 3574 3616 3616 3583 4065 4065 4064 4064 4064 4064 4064 4064
425 1683106437 374 3684 3659 3638 3574 3616 3616 3584 4065 4065 4064 4064 4064 4064 4064 4064
426 1683106437 374 3683 3658 3637 3574 3616 3616 3584 4063 4063 4063 4063 4063 4063 4063 4063
427 1683106437 374 3684 3659 3638 3574 3616 3616 3584 4065 4065 4064 4064 4064 4064 4064 4064
428 1683106437 375 3683 3658 3638 3574 3616 3616 3584 4065 4065 4064 4064 4064 4064 4064 4064
429 1683106437 374 3682 3658 3638 3574 3616 3616 3584 4065 4065 4064 4064 4064 4064 4064 4064
430 1683106437 375 3684 3659 3638 3574 3616 3616 3584 4065 4065 4065 4065 4065 4065 4065 4065
431 1683106437 375 3684 3659 3638 3574 3616 3617 3584 4065 4065 4064 4064 4064 4064 4064 4064
432 1683106437 374 3684 3659 3638 3574 3616 3616 3584 4065 4065 4065 4065 4065 4065 4065 4065
433 1683106437 374 3683 3659 3638 3574 3617 3616 3584 4065 4065 4065 4065 4065 4065 4065 4065
434 1683106437 374 3684 3659 3638 3575 3617 3616 3584 4065 4065 4065 4065 4065 4065 4065 4065
435 1683106437 374 3684 3659 3639 3575 3617 3617 3585 4065 4065 4065 4065 4065 4065 4065 4065
436 1683106437 375 3684 3659 3638 3575 3616 3616 3584 4065 4065 4065 4065 4065 4065 4065 4065
437 1683106437 374 3684 3659 3639 3575 3617 3617 3585 4065 4065 4065 4065 4065 4065 4065 4065
438 1683106437 375 3683 3659 3638 3574 3616 3616 3584 4065 4065 4064 4064 4064 4064 4064 4064
439 1683106437 375 3684 3659 3639 3574 3617 3616 3585 4065 4065 4065 4065 4065 4065 4065 4065
440 1683106437 375 3684 3660 3638 3575 3617 3616 3584 4065 4065 4064 4064 4064 4064 4064 4064
441 1683106437 374 3684 3658 3638 3574 3616 3616 3584 4065 4065 4065 4065 4065 4065 4065 4065
442 1683106437 374 3684 3659 3638 3574 3617 3616 3584 4065 4065 4065 4065 4065 4065 4065 4065
443 1683106437 375 3684 3659 3639 3575 3617 3617 3585 4065 4065 4065 4065 4065 4065 4065 4065
444 1683106437 375 3683 3659 3638 3574 3616 3616 3585 4065 4065 4064 4064 4064 4064 4064 4064
445 1683106437 375 3684 3659 3639 3575 3617 3617 3585 4065 4065 4064 4064 4064 4064 4064 4064
446 1683106437 374 3685 3660 3639 3575 3617 3617 3585 4065 4065 4064 4064 4064 4064 4064 4064
447 1683106437 375 3684 3659 3638 3574 3617 3616 3585 4065 4065 4065 4065 4065 4065 4065 4065
448 1683106437 375 3685 3659 3639 3575 3617 3618 3586 4065 4065 4064 4064 4064 4064 4064 4064
449 1683106437 374 3684 3659 3638 3574 3616 3617 3584 4067 4065 4065 4065 4065 4065 4065 4065
450 1683106437 375 3685 3660 3639 3576 3618 3618 3586 4065 4065 4065 4065 4065 4065 4065 4065
451 1683106437 374 3684 3659 3638 3574 3616 3616 3584 4067 4065 4065 4065 4065 4065 4065 4065
452 1683106437 375 3683 3659 3638 3574 3616 3616 3584 4065 4065 4064 4064 4064 4064 4064 4064
453 1683106437 375 3684 3659 3638 3575 3617 3617 3585 4065 4065 4065 4065 4065 4065 4065 4065
454 1683106437 374 3685 3660 3640 3576 3618 3617 3585 4065 4065 4064 4064 4064 4064 4064 4064
455 1683106437 375 3683 3658 3638 3574 3616 3616 3584 4065 4065 4065 4065 4065 4065 4065 4065
456 1683106437 375 3685 3660 3639 3575 3617 3617 3585 4065 4065 4065 4065 4065 4065 4065 4065
457 1683106437 375 3684 3658 3638 3574 3616 3615 3583 4063 4063 4063 4063 4063 4063 4063 4063
458 1683106437 374 3684 3659 3638 3575 3617 3616 3585 4065 4065 4065 4065 4065 4065 4065 4065
459 1683106437 375 3684 3659 3638 3575 3617 3616 3585 4065 4065 4065 4065 4065 4065 4065 4065
460 1683106437 375 3683 3660 3639 3575 3617 3617 3585 4065 4065 4065 4065 4065 4065 4065 4065
461 1683106437 375 3684 3660 3639 3575 3617 3617 3585 4065 4065 4065 4065 4065 4065 4065 4065
462 1683106437 376 3684 3658 3638 3575 3617 3617 3585 4063 4063 4063 4063 4063 4063 4063 4063
463 1683106437 375 3684 3660 3639 3575 3618 3617 3586 4065 4065 4065 4065 4065 4065 4065 4065
464 1683106437 374 3685 3659 3638 3575 3617 3617 3585 4065 4065 4065 4065 4065 4065 4065 4065
465 1683106437 375 3684 3659 3638 3575 3617 3616 3585 4065 4065 4065 4065 4065 4065 4065 4065
466 1683106437 375 3684 3659 3639 3575 3617 3617 3584 4065 4065 4065 4065 4065 4065 4065 4065
467 1683106437 375 3683 3658 3638 3574 3616 3615 3584 4065 4065 4064 4064 4064 4064 4064 4064
468 1683106437 375 3685 3660 3639 3575 3617 3617 3586 4067 4065 4065 4065 4065 4065 4065 4065
469 1683106438 375 3684 3659 3639 3575 3617 3617 3585 4065 4065 4065 4065 4065 4065 4065 4065
470 1683106438 375 3685 3660 3639 3576 3617 3617 3584 4065 4065 4065 4065 4065 4065 4065 4065
471 1683106438 375 3684 3659 3639 3575 3617 3616 3584 4065 4065 4065 4065 4065 4065 4065 4065
472 1683106438 375 3686 3661 3640 3576 3619 3618 3586 4067 4067 4066 4066 4066 4066 4066 4066
473 1683106438 375 3685 3659 3639 3575 3617 3617 3585 4065 4065 4065 4065 4065 4065 4065 4065
474 1683106438 375 3685 3660 3639 3575 3618 3617 3586 4065 4065 4065 4065 4065 4065 4065 4065
475 1683106438 375 3684 3660 3640 3576 3618 3618 3586 4065 4065 4064 4064 4064 4064 4064 4064
476 1683106438 375 3686 3661 3640 3576 3619 3618 3586 4065 4065 4065 4065 4065 4065 4065 4065
477 1683106438 375 3686 3661 3640 3576 3618 3618 3586 4065 4065 4065 4065 4065 4065 4065 4065
478 1683106438 375 3684 3660 3639 3576 3618 3618 3585 4063 4063 4063 4063 4063 4063 4063 4063
479 1683106438 375 3684 3659 3639 3575 3618 3618 3586 4065 4065 4065 4065 4065 4065 4065 4065
480 1683106438 375 3684 3660 3639 3576 3618 3617 3586 4065 4065 4065 4065 4065 4065 4065 4065
481 1683106438 375 3685 3660 3639 3576 3617 3617 3585 4067 4067 4066 4066 4066 4066 4066 4066
482 1683106438 374 3685 3661 3639 3576 3618 3617 3585 4065 4065 4064 4064 4064 4064 4064 4064
483 1683106438 375 3684 3660 3639 3576 3618 3618 3586 4065 4065 4065 4065 4065 4065 4065 4065
484 1683106438 375 3685 3660 3639 3575 3617 3618 3586 4067 4067 4066 4066 4066 4066 4066 4066
485 1683106438 375 3685 3660 3639 3575 3617 3618 3586 4065 4065 4065 4065 4065 4065 4065 4065
486 1683106438 375 3684 3660 3639 3575 3618 3617 3585 4065 4065 4064 4064 4064 4064 4064 4064
487 1683106438 375 3684 3660 3639 3575 3618 3617 3586 4065 4065 4065 4065 4065 4065 4065 4065
488 1683106438 375 3685 3660 3639 3575 3617 3617 3585 4065 4065 4065 4065 4065 4065 4065 4065
489 1683106438 374 3685 3661 3640 3575 3618 3617 3585 4065 4065 4064 4064 4064 4064 4064 4064
490 1683106438 375 3684 3659 3639 3575 3617 3617 3586 4065 4065 4065 4065 4065 4065 4065 4065
491 1683106438 375 3684 3660 3639 3575 3618 3617 3585 4065 4065 4065 4065 4065 4065 4065 4065
492 1683106438 375 3685 3660 3640 3576 3618 3618 3586 4063 4063 4063 4063 4063 4063 4063 4063
493 1683106438 375 3685 3660 3639 3576 3619 3618 3586 4065 4065 4064 4064 4064 4064 4064 4064
494 1683106438 375 3685 3660 3639 3575 3617 3617 3585 4065 4065 4065 4065 4065 4065 4065 4065
495 1683106438 375 3684 3660 3639 3575 3617 3617 3585 4065 4065 4065 4065 4065 4065 4065 4065
496 1683106438 375 3684 3659 3638 3575 3617 3616 3584 4065 4065 4064 4064 4064 4064 4064 4064
497 1683106438 375 3686 3661 3640 3576 3618 3618 3586 4063 4063 4063 4063 4063 4063 4063 4063
498 1683106438 375 3684 3660 3639 3575 3618 3617 3586 4065 4065 4065 4065 4065 4065 4065 4065
499 1683106438 375 3685 3660 3639 3575 3617 3617 3585 4065 4065 4064 4064 4064 4064 4064 4064
500 1683106438 375 3683 3659 3638 3574 3617 3616 3584 4065 4065 4065 4065 4065 4065 4065 4065
501 1683106438 375 3684 3660 3639 3576 3618 3618 3586 4065 4065 4064 4064 4064 4064 4064 4064
502 1683106438 376 3685 3659 3639 3575 3617 3617 3585 4065 4065 4065 4065 4065 4065 4065 4065
503 1683106438 375 3684 3659 3638 3574 3617 3617 3584 4065 4065 4065 4065 4065 4065 4065 4065
504 1683106438 375 3685 3660 3639 3576 3618 3617 3585 4065 4065 4064 4064 4064 4064 4064 4064
505 1683106438 375 3685 3660 3639 3575 3618 3617 3585 4065 4065 4065 4065 4065 4065 4065 4065
506 1683106438 375 3685 3661 438 385 3616 3619 3587 4065 4065 4065 4065 4065 4065 4065 4065
507 1683106438 375 3684 3661 3640 3576 3619 3618 3585 4065 4065 4065 4065 4065 4065 4065 4065
508 1683106438 376 3683 3660 3639 3575 3617 3617 3585 4067 4067 4066 4066 4066 4066 4066 4066
509 1683106438 375 3685 3661 3640 3576 3618 3618 3586 4065 4065 4064 4064 4064 4064 4064 4064
510 1683106438 375 3685 3660 3639 3575 3617 3617 3585 4067 4067 4066 4066 4066 4066 4066 4066
511 1683106438 375 3685 3660 3639 3575 3618 3617 3585 4065 4065 4064 4064 4064 4064 4064 4064
512 1683106438 375 3685 3660 3640 3575 3617 3617 3585 4067 4065 4065 4065 4065 4065 4065 4065
513 1683106438 375 3685 3660 3639 3576 3618 3618 3586 4065 4065 4065 4065 4065 4065 4065 4065
514 1683106438 375 3685 3660 3639 3574 3617 3617 3585 4067 4065 4065 4065 4065 4065 4065 4065
515 1683106438 375 3684 3660 3639 3576 3617 3617 3585 4065 4065 4065 4065 4065 4065 4065 4065
516 1683106438 375 3685 3660 3640 3576 3618 3617 3586 4065 4065 4065 4065 4065 4065 4065 4065
517 1683106438 375 3685 3660 3639 3576 3618 3617 3585 4065 4065 4065 4065 4065 4065 4065 4065
518 1683106438 375 3684 3659 3639 3575 3618 3617 3585 4065 4065 4065 4065 4065 4065 4065 4065
519 1683106438 375 3684 3660 3639 3575 3618 3617 3585 4065 4065 4064 4064 4064 4064 4064 4064
520 1683106438 375 3685 3661 3640 3576 3619 3618 3585 4065 4065 4065 4065 4065 4065 4065 4065
521 1683106438 375 3684 3659 3639 3575 3617 3617 3585 4065 4065 4064 4064 4064 4064 4064 4064
522 1683106438 375 3685 3660 3640 3576 3618 3618 3586 4067 4065 4065 4065 4065 4065 4065 4065
523 1683106438 375 3684 3660 3639 3575 3617 3617 3585 4065 4065 4065 4065 4065 4065 4065 4065
524 1683106438 375 3686 3661 3640 3576 3618 3618 3586 4065 4065 4065 4065 4065 4065 4065 4065
525 1683106438 376 3685 3660 3639 3576 3618 3618 3585 4067 4065 4065 4065 4065 4065 4065 4065
526 1683106438 376 3685 3660 3640 3576 3619 3619 3587 4065 4065 4065 4065 4065 4065 4065 4065
527 1683106438 376 3684 3660 3640 3576 3618 3618 3585 4065 4065 4065 4065 4065 4065 4065 4065
528 1683106438 374 3683 3657 3637 3574 3616 3615 3584 4065 4065 4065 4065 4065 4065 4065 4065
529 1683106438 374 3682 3658 3637 3574 3616 3615 3584 4065 4065 4065 4065 4065 4065 4065 4065
530 1683106438 374 3683 3658 3637 3573 3616 3615 3583 4065 4065 4065 4065 4065 4065 4065 4065
531 1683106438 373 3683 3658 3638 3574 3616 3616 3584 4065 4065 4064 4064 4064 4064 4064 4064
532 1683106438 373 3683 3658 3637 3574 3616 3615 3584 4065 4065 4064 4064 4064 4064 4064 4064
533 1683106438 374 3682 3658 3637 3574 3616 3615 3583 4065 4065 4065 4065 4065 4065 4065 4065
534 1683106438 373 3683 3658 3637 3574 3616 3615 3583 4065 4065 4064 4064 4064 4064 4064 4064
535 1683106446 374 3682 3657 3636 3572 3614 3614 3582 4065 4065 4064 4064 4064 4064 4064 4064
536 1683106446 374 3682 3657 3637 3573 3615 3614 3583 4065 4065 4065 4065 4065 4065 4065 4065
537 1683106446 374 3682 3657 3636 3573 3614 3614 3582 4067 4067 4066 4066 4066 4066 4066 4066
538 1683106446 373 3682 3657 3637 3573 3615 3614 3582 4063 4063 4063 4063 4063 4063 4063 4063
539 1683106446 373 3683 3658 3637 3573 3615 3615 3583 4067 4067 4066 4066 4066 4066 4066 4066
540 1683106446 374 3682 3657 3636 3572 3614 3614 3582 4065 4065 4065 4065 4065 4065 4065 4065
541 1683106446 374 3681 3657 3636 3573 3615 3615 3583 4065 4065 4065 4065 4065 4065 4065 4065
542 1683106446 374 3682 3658 3637 3573 3615 3615 3583 4067 4067 4066 4066 4066 4066 4066 4066
543 1683106446 374 3683 3658 3637 3574 3616 3615 3583 4065 4065 4065 4065 4065 4065 4065 4065
544 1683106446 374 3682 3658 3637 3573 3615 3615 3583 4065 4065 4065 4065 4065 4065 4065 4065
545 1683106446 374 3682 3657 3636 3572 3615 3614 3582 4065 4065 4065 4065 4065 4065 4065 4065
546 1683106446 374 3683 3658 3637 3573 3615 3615 3583 4065 4065 4064 4064 4064 4064 4064 4064
547 1683106446 374 3683 3658 3637 3573 3615 3616 3583 4065 4065 4064 4064 4064 4064 4064 4064
548 1683106446 374 3682 3657 3636 3573 3615 3615 3583 4065 4065 4065 4065 4065 4065 4065 4065
549 1683106446 374 3683 3658 3638 3574 3616 3616 3584 4065 4065 4065 4065 4065 4065 4065 4065
550 1683106446 373 3683 3658 3637 3573 3615 3615 3583 4065 4065 4065 4065 4065 4065 4065 4065
551 1683106446 373 3684 3659 3638 3574 3616 3616 3584 4065 4065 4064 4064 4064 4064 4064 4064
552 1683106446 374 3683 3658 3637 3573 3615 3615 3584 4063 4063 4063 4063 4063 4063 4063 4063
553 1683106446 373 3683 3658 3637 3573 3615 3615 3583 4067 4067 4066 4066 4066 4066 4066 4066
554 1683106446 373 3684 3659 3638 3574 3616 3616 3584 4065 4065 4064 4064 4064 4064 4064 4064
555 1683106447 374 3683 3658 3637 3573 3615 3615 3583 4065 4065 4065 4065 4065 4065 4065 4065
556 1683106447 373 3682 3659 3638 3574 3617 3617 3584 4065 4065 4064 4064 4064 4064 4064 4064
557 1683106447 373 3681 3658 3637 3573 3615 3615 3583 4067 4067 4066 4066 4066 4066 4066 4066
558 1683106447 373 3684 3658 3637 3573 3616 3616 3583 4067 4067 4066 4066 4066 4066 4066 4066
559 1683106447 374 3683 3658 3638 3574 3616 3615 3584 4065 4065 4065 4065 4065 4065 4065 4065
560 1683106447 374 3684 3659 3638 3574 3616 3616 3584 4065 4065 4065 4065 4065 4065 4065 4065
561 1683106447 374 3682 3658 3637 3573 3615 3615 3583 4065 4065 4065 4065 4065 4065 4065 4065
562 1683106447 374 3684 3658 3638 3574 3616 3616 3584 4067 4067 4066 4066 4066 4066 4066 4066
563 1683106447 374 3683 3658 3637 3573 3615 3615 3583 4065 4065 4065 4065 4065 4065 4065 4065
564 1683106447 374 3684 3659 3638 3574 3616 3616 3584 4065 4065 4065 4065 4065 4065 4065 4065
565 1683106447 374 3683 3658 3638 3574 3616 3616 3584 4065 4065 4065 4065 4065 4065 4065 4065
566 1683106447 374 3684 3658 3638 3574 3616 3616 3584 4065 4065 4065 4065 4065 4065 4065 4065
567 1683106447 374 3683 3659 3638 3574 3616 3615 3584 4065 4065 4064 4064 4064 4064 4064 4064
568 1683106447 374 3683 3658 3638 3573 3616 3616 3584 4067 4067 4066 4066 4066 4066 4066 4066
569 1683106447 374 3683 3658 3638 3573 3616 3616 3584 4065 4065 4065 4065 4065 4065 4065 4065
570 1683106447 374 3683 3658 3638 3574 3616 3615 3584 4065 4065 4065 4065 4065 4065 4065 4065
571 1683106447 374 3682 3657 3636 3573 3615 3615 3583 4065 4065 4065 4065 4065 4065 4065 4065
572 1683106447 374 3684 3659 3638 3574 3616 3616 3584 4065 4065 4065 4065 4065 4065 4065 4065
573 1683106447 374 3683 3658 3637 3574 3616 3616 3584 4065 4065 4064 4064 4064 4064 4064 4064
574 1683106447 373 3684 3658 3637 3574 3616 3616 3584 4065 4065 4064 4064 4064 4064 4064 4064
575 1683106447 374 3683 3659 3638 3575 3616 3616 3584 4065 4065 4065 4065 4065 4065 4065 4065
576 1683106447 374 3684 3659 3638 3575 3617 3616 3585 4065 4065 4064 4064 4064 4064 4064 4064
577 1683106447 374 3684 3659 3638 3574 3616 3616 3584 4067 4065 4065 4065 4065 4065 4065 4065
578 1683106447 374 3684 3659 3639 3575 3617 3617 3584 4065 4065 4065 4065 4065 4065 4065 4065
579 1683106447 374 3683 3658 3638 3574 3616 3615 3584 4065 4065 4065 4065 4065 4065 4065 4065
580 1683106447 374 3684 3659 3637 3574 3616 3616 3584 4065 4065 4065 4065 4065 4065 4065 4065
581 1683106447 374 3683 3659 3638 3574 3616 3616 3584 4065 4065 4065 4065 4065 4065 4065 4065
582 1683106447 374 3684 3659 3638 3574 3616 3616 3584 4065 4065 4065 4065 4065 4065 4065 4065
583 1683106447 374 3683 3658 3637 3573 3616 3616 3584 4065 4065 4065 4065 4065 4065 4065 4065
584 1683106447 374 3684 3659 3638 3575 3617 3616 3584 4067 4065 4065 4065 4065 4065 4065 4065
585 1683106447 373 3684 3659 3638 3574 3616 3616 3584 4065 4065 4065 4065 4065 4065 4065 4065
586 1683106447 374 3684 3659 3639 3574 3617 3616 3584 4065 4065 4065 4065 4065 4065 4065 4065
587 1683106447 374 3683 3659 3638 3575 3616 3616 3584 4067 4065 4065 4065 4065 4065 4065 4065
588 1683106447 374 3682 3658 3637 3574 3615 3615 3583 4065 4065 4064 4064 4064 4064 4064 4064
589 1683106447 373 3683 3659 3638 3574 3616 3616 3584 4065 4065 4064 4064 4064 4064 4064 4064
590 1683106447 374 3683 3658 3637 3574 3616 3615 3584 4065 4065 4065 4065 4065 4065 4065 4065
591 1683106447 374 3683 3659 3638 3574 3616 3616 3584 4067 4067 4066 4066 4066 4066 4066 4066
592 1683106447 374 3684 3659 3638 3574 3616 3616 3584 4065 4065 4065 4065 4065 4065 4065 4065
593 1683106447 373 3684 3659 3638 3574 3616 3616 3584 4065 4065 4065 4065 4065 4065 4065 4065
594 1683106447 374 3684 3660 3638 3575 3617 3616 3584 4065 4065 4065 4065 4065 4065 4065 4065
595 1683106447 374 3683 3659 3638 3574 3616 3616 3584 4065 4065 4065 4065 4065 4065 4065 4065
596 1683106447 374 3682 3658 3638 3574 3616 3616 3584 4065 4065 4065 4065 4065 4065 4065 4065
597 1683106447 373 3684 3659 3638 3574 3616 3616 3584 4065 4065 4065 4065 4065 4065 4065 4065
598 1683106447 373 3684 3659 3638 3574 3616 3616 3583 4065 4065 4064 4064 4064 4064 4064 4064
599 1683106447 374 3684 3659 3638 3574 3617 3616 3584 4065 4065 4065 4065 4065 4065 4065 4065
600 1683106447 374 3684 3659 3638 3574 3617 3616 3584 4063 4063 4063 4063 4063 4063 4063 4063
601 1683106447 374 3684 3659 3638 3575 3617 3616 3584 4067 4067 4066 4066 4066 4066 4066 4066
602 1683106447 374 3684 3659 3638 3575 3617 3616 3584 4065 4065 4065 4065 4065 4065 4065 4065
603 1683106447 374 3683 3659 3638 3574 3616 3616 3584 4063 4063 4063 4063 4063 4063 4063 4063
604 1683106447 374 3684 3659 3638 3575 3617 3616 3584 4065 4065 4064 4064 4064 4064 4064 4064
605 1683106447 374 3684 3660 3638 3575 3617 3617 3585 4065 4065 4064 4064 4064 4064 4064 4064
606 1683106447 374 3683 3658 3637 3573 3615 3615 3583 4065 4065 4065 4065 4065 4065 4065 4065
607 1683106447 374 3683 3658 3638 3574 3616 3616 3584 4065 4065 4065 4065 4065 4065 4065 4065
608 1683106447 374 3684 3659 3638 3574 3617 3616 3584 4065 4065 4065 4065 4065 4065 4065 4065
609 1683106447 374 3684 3659 3639 3574 3617 3616 3585 4063 4063 4063 4063 4063 4063 4063 4063
610 1683106447 374 3683 3659 3638 3574 3616 3616 3583 4065 4065 4065 4065 4065 4065 4065 4065
611 1683106447 374 3684 3659 3639 3575 3617 3616 3585 4065 4065 4065 4065 4065 4065 4065 4065
612 1683106447 374 3684 3659 3639 3574 3617 3616 3584 4065 4065 4064 4064 4064 4064 4064 4064
613 1683106447 374 3684 3660 3638 3574 3617 3616 3584 4065 4065 4064 4064 4064 4064 4064 4064
614 1683106447 374 3684 3659 3638 3575 3617 3617 3585 4065 4065 4065 4065 4065 4065 4065 4065
615 1683106447 374 3684 3659 3638 3574 3617 3616 3585 4065 4065 4065 4065 4065 4065 4065 4065
616 1683106447 374 3684 3659 3638 3574 3616 3616 3584 4065 4065 4064 4064 4064 4064 4064 4064
617 1683106447 374 3684 3659 3638 3574 3616 3616 3584 4065 4065 4065 4065 4065 4065 4065 4065
618 1683106447 373 3684 3660 3639 3575 3617 3617 3585 4067 4067 4066 4066 4066 4066 4066 4066
619 1683106447 374 3683 3659 3638 3575 3617 3616 3584 4065 4065 4064 4064 4064 4064 4064 4064
620 1683106447 374 3684 3659 3638 3575 3617 3617 3585 4065 4065 4064 4064 4064 4064 4064 4064
621 1683106447 374 3685 3659 3638 3574 3617 3616 3585 4067 4067 4066 4066 4066 4066 4066 4066
622 1683106447 375 3684 3659 3639 3575 3617 3616 3585 4063 4063 4063 4063 4063 4063 4063 4063
623 1683106447 375 3683 3659 3639 3575 3617 3616 3584 4065 4065 4064 4064 4064 4064 4064 4064
624 1683106447 374 3685 3660 3639 3575 3618 3617 3586 4065 4065 4065 4065 4065 4065 4065 4065
625 1683106448 374 3685 3659 3638 3576 3617 3617 3585 4065 4065 4065 4065 4065 4065 4065 4065
626 1683106448 374 3684 3659 3638 3574 3616 3616 3584 4065 4065 4065 4065 4065 4065 4065 4065
627 1683106448 374 3685 3660 3639 3576 3618 3618 3586 4067 4067 4066 4066 4066 4066 4066 4066
628 1683106448 374 3684 3659 3638 3574 3616 3616 3584 4065 4065 4065 4065 4065 4065 4065 4065
629 1683106448 374 3685 3660 3639 3575 3617 3617 3585 4065 4065 4065 4065 4065 4065 4065 4065
630 1683106448 374 3684 3659 3638 3574 3616 3616 3584 4065 4065 4065 4065 4065 4065 4065 4065
631 1683106448 374 3684 3659 3638 3575 3617 3617 3585 4065 4065 4064 4064 4064 4064 4064 4064
632 1683106448 374 3683 3658 3638 3574 3616 3616 3584 4065 4065 4064 4064 4064 4064 4064 4064
633 1683106448 374 3685 3660 3639 3575 3618 3618 3586 4065 4065 4064 4064 4064 4064 4064 4064
634 1683106448 374 3684 3660 3639 3575 3617 3617 3585 4065 4065 4065 4065 4065 4065 4065 4065
635 1683106448 374 3685 3660 3639 3575 3617 3617 3585 4065 4065 4065 4065 4065 4065 4065 4065
636 1683106448 374 3684 3659 3638 3575 3617 3617 3585 4067 4067 4066 4066 4066 4066 4066 4066
637 1683106448 374 3685 3659 3639 3575 3617 3617 3585 4065 4065 4064 4064 4064 4064 4064 4064
638 1683106448 375 3684 3659 3639 3575 3617 3617 3585 4065 4065 4064 4064 4064 4064 4064 4064
639 1683106448 374 3684 3660 3639 3575 3617 3617 3585 4065 4065 4065 4065 4065 4065 4065 4065
640 1683106448 374 3685 3659 3638 3574 3616 3616 3584 4065 4065 4065 4065 4065 4065 4065 4065
641 1683106448 375 3683 3659 3638 3574 3616 3616 3584 4067 4067 4066 4066 4066 4066 4066 4066
642 1683106448 374 3685 3660 3639 3575 3617 3617 3585 4065 4065 4065 4065 4065 4065 4065 4065
643 1683106448 374 3685 3660 3639 3576 3617 3617 3585 4067 4065 4065 4065 4065 4065 4065 4065
644 1683106448 375 3684 3659 3639 3575 3617 3617 3585 4065 4065 4064 4064 4064 4064 4064 4064
645 1683106448 374 3685 3660 3639 3575 3618 3617 3585 4065 4065 4065 4065 4065 4065 4065 4065
646 1683106448 375 3685 3660 3639 3576 3618 3617 3585 4065 4065 4065 4065 4065 4065 4065 4065
647 1683106448 374 3684 3659 3638 3575 3616 3616 3584 4065 4065 4065 4065 4065 4065 4065 4065
648 1683106448 374 3684 3659 3639 3574 3617 3617 3585 4065 4065 4065 4065 4065 4065 4065 4065
649 1683106448 374 3684 3659 3638 3574 3616 3617 3585 4065 4065 4065 4065 4065 4065 4065 4065
650 1683106448 374 3684 3660 3639 3575 3617 3617 3585 4065 4065 4064 4064 4064 4064 4064 4064
651 1683106448 375 3683 3659 3639 3575 3618 3617 3585 4065 4065 4065 4065 4065 4065 4065 4065
652 1683106448 374 3684 3659 3639 3574 3617 3616 3585 4065 4065 4064 4064 4064 4064 4064 4064
653 1683106448 375 3685 3660 3639 3575 3617 3617 3585 4065 4065 4065 4065 4065 4065 4065 4065
654 1683106448 375 3684 3660 3639 3575 3618 3617 3586 4065 4065 4064 4064 4064 4064 4064 4064
655 1683106448 374 3685 3660 3639 3575 3617 3617 3585 4065 4065 4065 4065 4065 4065 4065 4065
656 1683106448 375 3685 3660 3640 3576 3618 3617 3585 4065 4065 4064 4064 4064 4064 4064 4064
657 1683106448 374 3685 3660 3640 3576 3618 3618 3586 4065 4065 4065 4065 4065 4065 4065 4065
658 1683106448 375 3684 3659 3639 3576 3617 3617 3585 4065 4065 4065 4065 4065 4065 4065 4065
659 1683106448 374 3684 3660 3639 3575 3617 3617 3585 4065 4065 4065 4065 4065 4065 4065 4065
660 1683106448 374 3684 3659 3639 3575 3617 3617 3584 4065 4065 4065 4065 4065 4065 4065 4065
661 1683106448 374 3684 3660 3639 3575 3618 3617 3586 4065 4065 4065 4065 4065 4065 4065 4065
662 1683106448 374 3685 3659 3639 3575 3617 3617 3585 4065 4065 4065 4065 4065 4065 4065 4065
663 1683106448 375 3685 3660 3639 3575 3617 3617 3585 4065 4065 4064 4064 4064 4064 4064 4064
664 1683106448 375 3685 3661 3639 3576 3618 3617 3586 4065 4065 4065 4065 4065 4065 4065 4065
665 1683106448 374 3685 3661 3640 3576 3618 3618 3585 4063 4063 4063 4063 4063 4063 4063 4063
666 1683106448 375 3684 3659 3638 3575 3617 3617 3585 4065 4065 4065 4065 4065 4065 4065 4065
667 1683106448 375 3684 3660 3639 3575 3617 3617 3585 4065 4065 4065 4065 4065 4065 4065 4065
668 1683106448 375 3684 3659 3638 3575 3617 3617 3585 4067 4065 4065 4065 4065 4065 4065 4065
669 1683106448 375 3685 3661 3640 3576 3618 3618 3585 4065 4065 4065 4065 4065 4065 4065 4065
670 1683106448 375 3685 3660 3639 3575 3617 3618 3586 4065 4065 4064 4064 4064 4064 4064 4064
671 1683106448 375 3684 3660 3639 3575 3618 3617 3585 4065 4065 4065 4065 4065 4065 4065 4065
672 1683106448 374 3684 3659 3639 3575 3617 3617 3585 4065 4065 4064 4064 4064 4064 4064 4064
673 1683106448 375 3685 3660 3639 3575 3617 3617 3585 4067 4065 4065 4065 4065 4065 4065 4065
674 1683106448 375 3684 3659 3639 3575 3617 3617 3585 4067 4065 4065 4065 4065 4065 4065 4065
675 1683106448 374 3684 3660 3639 3575 3616 3616 3585 4067 4067 4066 4066 4066 4066 4066 4066
676 1683106448 374 3684 3659 3639 3575 3617 3617 3585 4065 4065 4065 4065 4065 4065 4065 4065
677 1683106448 374 3684 3660 3639 3575 3617 3616 3584 4065 4065 4064 4064 4064 4064 4064 4064
678 1683106448 374 3684 3659 3638 3575 3617 3617 3585 4065 4065 4065 4065 4065 4065 4065 4065
679 1683106448 375 3685 3660 3639 3576 3618 3617 3585 4065 4065 4064 4064 4064 4064 4064 4064
680 1683106448 375 3684 3659 3639 3575 3617 3617 3585 4065 4065 4064 4064 4064 4064 4064 4064
681 1683106448 375 3685 3659 3638 3575 3617 3617 3585 4065 4065 4065 4065 4065 4065 4065 4065
682 1683106448 375 3684 3660 3640 3576 3618 3618 3586 4067 4067 4066 4066 4066 4066 4066 4066
683 1683106448 374 3683 3660 3640 3576 3618 3618 3586 4065 4065 4064 4064 4064 4064 4064 4064
684 1683106448 374 3686 3661 3641 3577 3619 3618 3586 4067 4067 4066 4066 4066 4066 4066 4066
685 1683106448 374 3685 3660 3640 3576 3618 3618 3586 4065 4065 4064 4064 4064 4064 4064 4064
686 1683106448 375 3685 3660 3640 3576 3618 3617 3585 4067 4067 4066 4066 4066 4066 4066 4066
687 1683106448 375 3685 3660 3639 3575 3617 3617 3585 4065 4065 4064 4064 4064 4064 4064 4064
688 1683106448 375 3685 3660 3640 3575 3618 3617 3586 4065 4065 4064 4064 4064 4064 4064 4064
689 1683106448 374 3685 3660 3639 3575 3617 3617 3585 4065 4065 4065 4065 4065 4065 4065 4065
690 1683106448 375 3686 3661 3640 3576 3618 3618 3586 4067 4067 4066 4066 4066 4066 4066 4066
691 1683106448 375 3685 3660 3639 3575 3617 3616 3585 4065 4065 4064 4064 4064 4064 4064 4064
692 1683106448 374 3685 3660 3639 3576 3618 3618 3586 4065 4065 4064 4064 4064 4064 4064 4064
693 1683106448 375 3685 3661 3640 3576 3618 3617 3586 4067 4065 4065 4065 4065 4065 4065 4065
694 1683106448 375 3688 3663 3642 3578 3621 3620 3588 4065 4065 4064 4064 4064 4064 4064 4064
695 1683106448 375 3685 3660 3640 3576 3618 3618 3586 4065 4065 4065 4065 4065 4065 4065 4065
696 1683106448 375 3684 3660 3639 3576 3618 3617 3585 4065 4065 4065 4065 4065 4065 4065 4065
697 1683106448 375 3684 3659 3639 3575 3617 3617 3585 4065 4065 4065 4065 4065 4065 4065 4065
698 1683106449 375 3684 3660 3639 3576 3618 3617 3586 4065 4065 4065 4065 4065 4065 4065 4065
699 1683106449 375 3685 3660 3639 3575 3617 3617 3585 4065 4065 4065 4065 4065 4065 4065 4065
700 1683106449 374 3684 3659 3639 3575 3617 3617 3585 4059 4059 4059 4059 4059 4059 4059 4059
701 1683106449 374 3685 3660 3639 3575 3617 3617 3585 4065 4065 4065 4065 4065 4065 4065 4065
702 1683106449 374 3684 3660 3639 3575 3617 3617 3585 4065 4065 4065 4065 4065 4065 4065 4065
703 1683106449 375 3684 3660 3639 3575 3617 3617 3585 4065 4065 4064 4064 4064 4064 4064 4064
704 1683106449 375 3686 3661 3640 3577 3618 3618 3586 4065 4065 4064 4064 4064 4064 4064 4064
705 1683106449 375 3685 3660 3639 3576 3617 3617 3586 4065 4065 4064 4064 4064 4064 4064 4064
706 1683106449 375 3685 3661 3640 3576 3617 3617 3585 4065 4065 4064 4064 4064 4064 4064 4064
707 1683106449 375 3684 3660 3640 3575 3618 3617 3585 4065 4065 4065 4065 4065 4065 4065 4065
708 1683106449 375 3685 3660 3640 3576 3619 3618 3586 4065 4065 4064 4064 4064 4064 4064 4064
709 1683106449 375 3684 3660 3639 3575 3617 3617 3585 4067 4067 4066 4066 4066 4066 4066 4066
710 1683106449 374 3685 3660 3639 3576 3618 3618 3586 4065 4065 4065 4065 4065 4065 4065 4065
711 1683106449 375 3685 3660 3639 3576 3617 3617 3585 4065 4065 4065 4065 4065 4065 4065 4065
712 1683106449 375 3685 3660 3639 3575 3617 3618 3586 4065 4065 4064 4064 4064 4064 4064 4064
713 1683106449 375 3684 3660 3639 3575 3618 3617 3585 4065 4065 4065 4065 4065 4065 4065 4065
714 1683106449 375 3684 3659 3639 3575 3617 3617 3585 4067 4065 4065 4065 4065 4065 4065 4065
715 1683106449 374 3686 3661 3639 3576 3618 3618 3586 4065 4065 4065 4065 4065 4065 4065 4065
716 1683106449 375 3684 3660 3639 3575 3618 3617 3586 4067 4065 4065 4065 4065 4065 4065 4065
717 1683106449 375 3685 3660 3640 3576 3618 3618 3586 4067 4065 4065 4065 4065 4065 4065 4065
718 1683106449 375 3684 3660 3639 3576 3617 3618 3585 4065 4065 4064 4064 4064 4064 4064 4064
719 1683106449 375 3684 3659 3638 3575 3617 3617 3585 4065 4065 4064 4064 4064 4064 4064 4064
720 1683106449 375 3685 3661 3640 3576 3618 3617 3585 4065 4065 4065 4065 4065 4065 4065 4065
721 1683106449 375 3685 3660 3640 3576 3618 3618 3586 4065 4065 4065 4065 4065 4065 4065 4065
722 1683106449 375 3685 3660 3639 3576 3617 3617 3585 4065 4065 4064 4064 4064 4064 4064 4064
723 1683106449 375 3685 3660 3639 3576 3618 3618 3586 4067 4067 4066 4066 4066 4066 4066 4066
724 1683106449 375 3686 3661 3640 3576 3618 3618 3585 4065 4065 4064 4064 4064 4064 4064 4064
725 1683106449 375 3685 3661 3640 3576 3618 3617 3585 4065 4065 4065 4065 4065 4065 4065 4065
726 1683106449 375 3685 3661 3641 3576 3618 3618 3586 4065 4065 4064 4064 4064 4064 4064 4064
727 1683106449 375 3685 3661 3640 3576 3618 3618 3585 4065 4065 4065 4065 4065 4065 4065 4065
728 1683106449 375 3685 3659 3639 3575 3618 3617 3585 4065 4065 4065 4065 4065 4065 4065 4065
729 1683106449 375 3685 3661 3640 3577 3619 3618 3586 4065 4065 4064 4064 4064 4064 4064 4064
730 1683106449 375 3686 3661 3640 3576 3618 3618 3586 4065 4065 4065 4065 4065 4065 4065 4065
731 1683106449 375 3685 3660 3639 3575 3618 3617 3585 4065 4065 4064 4064 4064 4064 4064 4064
732 1683106449 375 3685 3660 3639 3575 3618 3617 3586 4065 4065 4065 4065 4065 4065 4065 4065
733 1683106449 375 3686 3661 3640 3576 3618 3618 3586 4065 4065 4065 4065 4065 4065 4065 4065
734 1683106449 375 3685 3660 3640 3576 3618 3618 3585 4065 4065 4064 4064 4064 4064 4064 4064
735 1683106449 374 3686 3662 3640 3576 3618 3618 3586 4067 4065 4065 4065 4065 4065 4065 4065
736 1683106449 375 3686 3660 3640 3576 3618 3618 3586 4065 4065 4064 4064 4064 4064 4064 4064
737 1683106449 375 3685 3660 3639 3575 3618 3618 3586 4065 4065 4065 4065 4065 4065 4065 4065
738 1683106449 375 3686 3662 3641 3577 3619 3619 3587 4065 4065 4065 4065 4065 4065 4065 4065
739 1683106449 376 3685 3661 3640 3576 3618 3618 3586 4065 4065 4065 4065 4065 4065 4065 4065
740 1683106449 375 3685 3660 3640 3577 3619 3618 3586 4065 4065 4064 4064 4064 4064 4064 4064
741 1683106449 375 3686 3661 3640 3576 3618 3618 3586 4065 4065 4065 4065 4065 4065 4065 4065
742 1683106449 375 3684 3660 3639 3575 3617 3618 3586 4065 4065 4065 4065 4065 4065 4065 4065
743 1683106449 375 3686 3661 3640 3576 3619 3618 3586 4067 4067 4066 4066 4066 4066 4066 4066
744 1683106449 375 3685 3661 3640 3576 3619 3618 3586 4065 4065 4065 4065 4065 4065 4065 4065
745 1683106449 375 3685 3661 3640 3576 3618 3618 3586 4065 4065 4064 4064 4064 4064 4064 4064
746 1683106449 375 3684 3661 3640 3576 3618 3618 3586 4065 4065 4064 4064 4064 4064 4064 4064
747 1683106449 375 3687 3661 3640 3577 3619 3619 3587 4065 4065 4065 4065 4065 4065 4065 4065
748 1683106449 375 3685 3661 3640 3576 3619 3619 3587 4065 4065 4065 4065 4065 4065 4065 4065
749 1683106449 376 3685 3661 3640 3576 3618 3618 3586 4065 4065 4065 4065 4065 4065 4065 4065
750 1683106449 375 3686 3661 3640 3577 3618 3618 3585 4065 4065 4064 4064 4064 4064 4064 4064
751 1683106449 375 3685 3660 3640 3576 3618 3618 3586 4065 4065 4065 4065 4065 4065 4065 4065
752 1683106449 375 3685 3661 3640 3576 3618 3618 3586 4063 4063 4063 4063 4063 4063 4063 4063
753 1683106449 375 3685 3661 3640 3576 3618 3618 3586 4065 4065 4064 4064 4064 4064 4064 4064
754 1683106449 375 3684 3660 3639 3576 3618 3618 3585 4065 4065 4065 4065 4065 4065 4065 4065
755 1683106449 375 3686 3661 3640 3576 3619 3618 3587 4065 4065 4065 4065 4065 4065 4065 4065
756 1683106449 375 3686 3660 3639 3576 3618 3617 3586 4065 4065 4064 4064 4064 4064 4064 4064
757 1683106449 375 3686 3661 3640 3576 3618 3618 3586 4065 4065 4065 4065 4065 4065 4065 4065
758 1683106449 375 3686 3661 3641 3576 3619 3618 3586 4065 4065 4064 4064 4064 4064 4064 4064
759 1683106449 375 3685 3660 3639 3576 3618 3618 3586 4067 4067 4066 4066 4066 4066 4066 4066
760 1683106449 375 3686 3661 3640 3576 3619 3618 3586 4067 4065 4065 4065 4065 4065 4065 4065
761 1683106449 375 3685 3660 3639 3576 3618 3618 3586 4065 4065 4064 4064 4064 4064 4064 4064
762 1683106449 375 3686 3661 3640 3576 3618 3618 3586 4065 4065 4064 4064 4064 4064 4064 4064
763 1683106449 375 3685 3660 3639 3576 3618 3617 3585 4065 4065 4065 4065 4065 4065 4065 4065
764 1683106449 375 3685 3660 3640 3576 3618 3617 3586 4065 4065 4064 4064 4064 4064 4064 4064
765 1683106449 375 3685 3661 3640 3576 3619 3618 3586 4065 4065 4064 4064 4064 4064 4064 4064
766 1683106449 375 3686 3661 3640 3576 3618 3618 3586 4065 4065 4065 4065 4065 4065 4065 4065
767 1683106449 375 3685 3661 3640 3576 3618 3618 3585 4065 4065 4065 4065 4065 4065 4065 4065
768 1683106449 375 3686 3661 3640 3576 3618 3618 3586 4065 4065 4065 4065 4065 4065 4065 4065
769 1683106449 375 3685 3660 3639 3575 3617 3617 3585 4065 4065 4064 4064 4064 4064 4064 4064
770 1683106457 375 3683 3658 3637 3574 3615 3616 3584 4065 4065 4065 4065 4065 4065 4065 4065
771 1683106457 375 3684 3659 3639 3575 3617 3617 3585 4063 4063 4063 4063 4063 4063 4063 4063
772 1683106457 375 3685 3660 3638 3575 3618 3617 3585 4067 4065 4065 4065 4065 4065 4065 4065
773 1683106457 375 3684 3660 3639 3575 3617 3617 3585 4065 4065 4064 4064 4064 4064 4064 4064
774 1683106457 375 3683 3658 3638 3574 3616 3616 3584 4065 4065 4064 4064 4064 4064 4064 4064
775 1683106457 375 3685 3661 3640 3575 3618 3618 3586 4065 4065 4065 4065 4065 4065 4065 4065
776 1683106457 375 3685 3660 3639 3576 3617 3617 3585 4065 4065 4065 4065 4065 4065 4065 4065
777 1683106457 376 3684 3659 3638 3575 3617 3616 3585 4065 4065 4065 4065 4065 4065 4065 4065
778 1683106465 375 3684 3659 3638 3574 3616 3616 3584 4065 4065 4064 4064 4064 4064 4064 4064
779 1683106465 376 3683 3658 3637 3574 3615 3615 3583 4067 4065 4065 4065 4065 4065 4065 4065
780 1683106465 375 3684 3659 3638 3575 3617 3616 3584 4065 4065 4064 4064 4064 4064 4064 4064
781 1683106465 373 3682 3657 3637 3573 3615 3615 3583 4065 4065 4065 4065 4065 4065 4065 4065
782 1683106465 374 3682 3657 3636 3573 3615 3614 3583 4065 4065 4065 4065 4065 4065 4065 4065
783 1683106465 374 3682 3657 3636 3572 3614 3614 3583 4065 4065 4064 4064 4064 4064 4064 4064
784 1683106465 373 3682 3657 3637 3573 3615 3615 3583 4065 4065 4065 4065 4065 4065 4065 4065
785 1683106465 374 3682 3657 3636 3572 3615 3614 3583 4065 4065 4064 4064 4064 4064 4064 4064
786 1683106465 374 3682 3658 3637 3574 3616 3614 3583 4065 4065 4065 4065 4065 4065 4065 4065
787 1683106465 373 3682 3657 3636 3573 3614 3614 3583 4065 4065 4065 4065 4065 4065 4065 4065
788 1683106465 373 3682 3657 3636 3572 3614 3614 3582 4065 4065 4064 4064 4064 4064 4064 4064
789 1683106465 373 3682 3657 3636 3573 3615 3614 3582 4065 4065 4065 4065 4065 4065 4065 4065
790 1683106465 374 3682 3657 3637 3573 3615 3614 3582 4065 4065 4065 4065 4065 4065 4065 4065
791 1683106465 374 3682 3657 3636 3574 3616 3615 3583 4065 4065 4064 4064 4064 4064 4064 4064
792 1683106465 373 3682 3657 3637 3573 3616 3615 3582 4065 4065 4065 4065 4065 4065 4065 4065
793 1683106465 374 3682 3657 3637 3573 3615 3615 3583 4065 4065 4064 4064 4064 4064 4064 4064
794 1683106465 374 3682 3657 3637 3573 3615 3615 3583 4065 4065 4065 4065 4065 4065 4065 4065
795 1683106465 374 3682 3658 3637 3573 3615 3615 3583 4065 4065 4065 4065 4065 4065 4065 4065
796 1683106465 374 3682 3658 3637 3573 3615 3615 3583 4065 4065 4064 4064 4064 4064 4064 4064
797 1683106465 374 3682 3658 3637 3573 3616 3615 3583 4065 4065 4064 4064 4064 4064 4064 4064
798 1683106465 374 3682 3658 3637 3573 3615 3615 3583 4065 4065 4065 4065 4065 4065 4065 4065
799 1683106466 373 3683 3658 3637 3573 3615 3615 3583 4065 4065 4064 4064 4064 4064 4064 4064
800 1683106466 373 3682 3657 3636 3573 3615 3614 3582 4065 4065 4064 4064 4064 4064 4064 4064
801 1683106466 373 3682 3657 3636 3572 3614 3614 3582 4065 4065 4065 4065 4065 4065 4065 4065
802 1683106466 374 3682 3657 3636 3573 3615 3615 3583 4065 4065 4064 4064 4064 4064 4064 4064
803 1683106466 374 3681 3656 3636 3573 3614 3614 3582 4065 4065 4064 4064 4064 4064 4064 4064
804 1683106466 374 3683 3658 3637 3574 3616 3615 3584 4065 4065 4065 4065 4065 4065 4065 4065
805 1683106466 373 3683 3658 3637 3573 3615 3614 3582 4065 4065 4065 4065 4065 4065 4065 4065
806 1683106466 374 3682 3656 3636 3572 3615 3614 3582 4066 4067 4066 4066 4066 4066 4066 4066
807 1683106466 374 3682 3658 3637 3573 3616 3615 3583 4065 4065 4064 4064 4064 4064 4064 4064
808 1683106466 373 3682 3657 3637 3573 3615 3615 3582 4065 4065 4065 4065 4065 4065 4065 4065
809 1683106466 374 3681 3657 3636 3573 3615 3614 3582 4067 4067 4066 4066 4066 4066 4066 4066
810 1683106466 374 3682 3658 3636 3572 3615 3614 3583 4061 4061 4060 4060 4060 4060 4060 4060
811 1683106466 374 3681 3658 3637 3573 3615 3615 3583 4067 4067 4066 4066 4066 4066 4066 4066
812 1683106466 373 3683 3658 3637 3574 3615 3615 3583 4065 4065 4064 4064 4064 4064 4064 4064
813 1683106466 374 3682 3657 3637 3574 3615 3615 3582 4067 4067 4066 4066 4066 4066 4066 4066
814 1683106466 374 3682 3657 3637 3573 3615 3615 3583 4063 4063 4062 4062 4062 4062 4062 4062
815 1683106466 374 3683 3658 3636 3573 3615 3614 3583 4065 4065 4064 4064 4064 4064 4064 4064
816 1683106466 373 3683 3658 3637 3573 3615 3615 3583 4067 4067 4066 4066 4066 4066 4066 4066
817 1683106466 374 3682 3657 3636 3573 3615 3614 3582 4065 4065 4065 4065 4065 4065 4065 4065
818 1683106466 374 3682 3658 3637 3573 3615 3615 3583 4065 4065 4065 4065 4065 4065 4065 4065
819 1683106466 374 3683 3658 3637 3573 3616 3615 3583 4065 4065 4065 4065 4065 4065 4065 4065
820 1683106466 374 3683 3658 3637 3573 3615 3615 3583 4065 4065 4065 4065 4065 4065 4065 4065
821 1683106466 373 3683 3658 3637 3574 3616 3615 3583 4067 4065 4065 4065 4065 4065 4065 4065
822 1683106466 374 3683 3658 3638 3574 3616 3616 3583 4065 4065 4065 4065 4065 4065 4065 4065
823 1683106466 374 3683 3658 3638 3574 3616 3616 3584 4065 4065 4064 4064 4064 4064 4064 4064
824 1683106466 374 3682 3657 3637 3573 3615 3615 3583 4065 4065 4064 4064 4064 4064 4064 4064
825 1683106466 374 3682 3658 3637 3573 3615 3615 3583 4065 4065 4064 4064 4064 4064 4064 4064
826 1683106466 374 3682 3658 3638 3574 3615 3616 3583 4067 4067 4066 4066 4066 4066 4066 4066
827 1683106466 374 3683 3658 3637 3573 3615 3615 3583 4067 4065 4065 4065 4065 4065 4065 4065
828 1683106466 374 3683 3657 3637 3573 3615 3615 3583 4065 4065 4065 4065 4065 4065 4065 4065
829 1683106466 374 3683 3658 3637 3573 3615 3615 3583 4065 4065 4065 4065 4065 4065 4065 4065
830 1683106466 374 3682 3658 3637 3574 3615 3615 3583 4067 4067 4066 4066 4066 4066 4066 4066
831 1683106466 373 3682 3658 3637 3573 3615 3614 3582 4067 4067 4066 4066 4066 4066 4066 4066
832 1683106466 374 3682 3657 3637 3573 3615 3614 3583 4065 4065 4065 4065 4065 4065 4065 4065
833 1683106466 374 3682 3657 3636 3573 3615 3615 3582 4065 4065 4065 4065 4065 4065 4065 4065
834 1683106466 375 3683 3658 3638 3574 3616 3616 3584 4063 4063 4062 4062 4062 4062 4062 4062
835 1683106466 374 3683 3658 3637 3574 3616 3615 3584 4066 4065 4065 4065 4065 4065 4065 4065
836 1683106466 374 3683 3658 3637 3573 3616 3616 3583 4065 4065 4065 4065 4065 4065 4065 4065
837 1683106466 374 3683 3658 3638 3574 3616 3616 3583 4065 4065 4064 4064 4064 4064 4064 4064
838 1683106466 374 3683 3659 3638 3574 3616 3615 3584 4061 4061 4061 4061 4061 4061 4061 4061
839 1683106466 374 3682 3658 3637 3573 3615 3614 3583 4065 4065 4065 4065 4065 4065 4065 4065
840 1683106466 374 3682 3657 3637 3573 3615 3615 3582 4067 4067 4066 4066 4066 4066 4066 4066
841 1683106466 374 3683 3658 3637 3573 3615 3614 3582 4065 4065 4065 4065 4065 4065 4065 4065
842 1683106466 374 3682 3658 3637 3573 3615 3614 3582 4065 4065 4065 4065 4065 4065 4065 4065
843 1683106466 374 3683 3658 3637 3574 3616 3615 3584 4065 4065 4065 4065 4065 4065 4065 4065
844 1683106466 374 3683 3658 3637 3574 3616 3615 3583 4065 4065 4065 4065 4065 4065 4065 4065
845 1683106466 374 3683 3658 3638 3574 3616 3616 3584 4065 4065 4065 4065 4065 4065 4065 4065
846 1683106466 374 3683 3658 3638 3574 3615 3615 3583 4065 4065 4064 4064 4064 4064 4064 4064
847 1683106466 373 3683 3658 3637 3573 3616 3615 3583 4063 4063 4063 4063 4063 4063 4063 4063
848 1683106466 374 3683 3658 3637 3574 3616 3615 3584 4065 4065 4065 4065 4065 4065 4065 4065
849 1683106466 375 3683 3658 3637 3573 3615 3615 3583 4065 4065 4064 4064 4064 4064 4064 4064
850 1683106466 374 3682 3657 3636 3572 3615 3614 3582 4065 4063 4063 4063 4063 4063 4063 4063
851 1683106466 374 3683 3659 3638 3574 3616 3616 3584 4065 4065 4065 4065 4065 4065 4065 4065
852 1683106466 374 3682 3658 3637 3573 3616 3615 3583 4065 4065 4065 4065 4065 4065 4065 4065
853 1683106466 374 3683 3658 3638 3574 3616 3615 3584 4065 4065 4065 4065 4065 4065 4065 4065
854 1683106466 374 3683 3658 3638 3575 3617 3616 3584 4065 4065 4065 4065 4065 4065 4065 4065
855 1683106466 374 3683 3658 3637 3573 3615 3615 3584 4065 4065 4065 4065 4065 4065 4065 4065
856 1683106466 374 3682 3658 3637 3573 3615 3615 3583 4065 4065 4065 4065 4065 4065 4065 4065
857 1683106466 374 3683 3658 3637 3573 3615 3616 3584 4065 4065 4065 4065 4065 4065 4065 4065
858 1683106466 374 3682 3658 3637 3574 3616 3615 3584 4065 4065 4064 4064 4064 4064 4064 4064
859 1683106466 374 3683 3658 3637 3574 3616 3616 3584 4065 4065 4065 4065 4065 4065 4065 4065
860 1683106466 374 3683 3658 3637 3573 3615 3615 3583 4067 4067 4066 4066 4066 4066 4066 4066
861 1683106466 374 3682 3657 3637 3573 3615 3615 3583 4065 4065 4065 4065 4065 4065 4065 4065
862 1683106466 374 3682 3657 3636 3573 3615 3614 3582 4065 4065 4065 4065 4065 4065 4065 4065
863 1683106466 374 3683 3658 3637 3574 3615 3615 3584 4067 4065 4065 4065 4065 4065 4065 4065
864 1683106466 374 3683 3658 3637 3574 3616 3615 3584 4067 4065 4065 4065 4065 4065 4065 4065
865 1683106466 374 3683 3658 3637 3574 3615 3616 3584 4065 4065 4065 4065 4065 4065 4065 4065
866 1683106466 374 3682 3658 3637 3574 3615 3615 3583 4065 4065 4065 4065 4065 4065 4065 4065
867 1683106466 374 3683 3658 3638 3574 3616 3616 3584 4065 4065 4065 4065 4065 4065 4065 4065
868 1683106466 374 3683 3658 3637 3573 3615 3615 3583 4065 4065 4065 4065 4065 4065 4065 4065
869 1683106467 374 3685 3659 3638 3575 3617 3616 3584 4065 4065 4065 4065 4065 4065 4065 4065
870 1683106467 374 3683 3658 3638 3574 3615 3615 3583 4065 4065 4065 4065 4065 4065 4065 4065
871 1683106467 374 3683 3658 3637 3574 3616 3615 3584 4065 4065 4064 4064 4064 4064 4064 4064
872 1683106467 374 3683 3658 3637 3573 3616 3616 3584 4065 4065 4065 4065 4065 4065 4065 4065
873 1683106467 374 3682 3658 3637 3573 3615 3615 3583 4065 4065 4065 4065 4065 4065 4065 4065
874 1683106467 374 3682 3658 3638 3574 3615 3616 3584 4065 4065 4065 4065 4065 4065 4065 4065
875 1683106467 374 3683 3658 3637 3574 3615 3615 3584 4065 4065 4064 4064 4064 4064 4064 4064
876 1683106467 374 3684 3659 3638 3574 3617 3617 3584 4067 4065 4065 4065 4065 4065 4065 4065
877 1683106467 374 3683 3658 3637 3574 3616 3616 3584 4063 4063 4063 4063 4063 4063 4063 4063
878 1683106467 374 3683 3659 3638 3574 3616 3616 3583 4065 4065 4064 4064 4064 4064 4064 4064
879 1683106467 374 3683 3659 3638 3574 3617 3616 3584 4065 4065 4065 4065 4065 4065 4065 4065
880 1683106467 374 3684 3659 3638 3574 3616 3616 3584 4065 4065 4064 4064 4064 4064 4064 4064
881 1683106467 374 3683 3659 3639 3574 3616 3616 3584 4065 4065 4064 4064 4064 4064 4064 4064
882 1683106467 374 3683 3658 3638 3574 3616 3615 3583 4065 4065 4065 4065 4065 4065 4065 4065
883 1683106467 375 3683 3659 3638 3574 3617 3616 3584 4065 4065 4064 4064 4064 4064 4064 4064
884 1683106467 374 3684 3659 3638 3574 3617 3616 3584 4065 4065 4065 4065 4065 4065 4065 4065
885 1683106467 374 3683 3657 3637 3574 3615 3615 3584 4067 4067 4066 4066 4066 4066 4066 4066
886 1683106467 374 3682 3658 3637 3573 3615 3614 3583 4065 4065 4065 4065 4065 4065 4065 4065
887 1683106467 374 3683 3658 3638 3575 3616 3617 3584 4065 4065 4065 4065 4065 4065 4065 4065
888 1683106467 374 3682 3657 3637 3574 3615 3615 3583 4065 4065 4065 4065 4065 4065 4065 4065
889 1683106467 374 3683 3658 3638 3574 3616 3616 3584 4065 4065 4065 4065 4065 4065 4065 4065
890 1683106467 374 3682 3659 3638 3574 3616 3616 3584 4067 4065 4065 4065 4065 4065 4065 4065
891 1683106467 374 3683 3658 3638 3574 3616 3616 3584 4065 4065 4064 4064 4064 4064 4064 4064
892 1683106467 374 3683 3659 3637 3574 3616 3616 3584 4065 4065 4065 4065 4065 4065 4065 4065
893 1683106467 374 3683 3658 3638 3574 3616 3616 3584 4065 4065 4065 4065 4065 4065 4065 4065
894 1683106467 374 3683 3658 3637 3574 3616 3616 3584 4063 4063 4063 4063 4063 4063 4063 4063
895 1683106467 374 3683 3658 3637 3574 3616 3615 3584 4065 4065 4064 4064 4064 4064 4064 4064
896 1683106467 374 3684 3659 3638 3574 3617 3616 3584 4065 4065 4065 4065 4065 4065 4065 4065
897 1683106467 374 3685 3660 3639 3575 3617 3616 3585 4065 4065 4064 4064 4064 4064 4064 4064
898 1683106467 374 3684 3658 3638 3574 3616 3615 3584 4065 4065 4065 4065 4065 4065 4065 4065
899 1683106467 374 3685 3659 3638 3574 3617 3617 3584 4067 4065 4065 4065 4065 4065 4065 4065
900 1683106467 374 3683 3658 3638 3574 3616 3616 3584 4065 4065 4064 4064 4064 4064 4064 4064
901 1683106467 374 3683 3658 3637 3574 3616 3616 3584 4065 4065 4064 4064 4064 4064 4064 4064
902 1683106467 374 3685 3659 3639 3575 3617 3617 3584 4065 4065 4065 4065 4065 4065 4065 4065
903 1683106467 374 3684 3659 3638 3574 3616 3615 3583 4065 4065 4064 4064 4064 4064 4064 4064
904 1683106467 374 3683 3659 3638 3574 3617 3616 3584 4067 4067 4066 4066 4066 4066 4066 4066
905 1683106467 374 3683 3658 3637 3574 3616 3616 3584 4065 4065 4064 4064 4064 4064 4064 4064
906 1683106467 374 3684 3660 3638 3575 3617 3617 3585 4065 4065 4064 4064 4064 4064 4064 4064
907 1683106467 374 3684 3659 3638 3574 3616 3616 3584 4065 4065 4065 4065 4065 4065 4065 4065
908 1683106467 374 3684 3659 3639 3574 3617 3616 3584 4065 4065 4065 4065 4065 4065 4065 4065
909 1683106467 375 3683 3658 3638 3574 3616 3616 3584 4065 4065 4065 4065 4065 4065 4065 4065
910 1683106467 375 3683 3658 3638 3574 3616 3616 3584 4065 4065 4064 4064 4064 4064 4064 4064
911 1683106467 375 3684 3658 3638 3574 3616 3616 3584 4065 4065 4064 4064 4064 4064 4064 4064
912 1683106467 375 3683 3659 3638 3574 3616 3616 3584 4065 4065 4065 4065 4065 4065 4065 4065
913 1683106467 375 3683 3659 3638 3574 3616 3616 3584 4065 4065 4064 4064 4064 4064 4064 4064
914 1683106467 374 3682 3658 3637 3574 3615 3615 3584 4065 4065 4064 4064 4064 4064 4064 4064
915 1683106467 374 3683 3658 3637 3574 3615 3615 3584 4065 4065 4065 4065 4065 4065 4065 4065
916 1683106467 375 3684 3659 3638 3575 3617 3615 3584 4065 4065 4064 4064 4064 4064 4064 4064
917 1683106467 374 3683 3659 3638 3575 3617 3616 3584 4065 4065 4064 4064 4064 4064 4064 4064
918 1683106467 374 3683 3658 3638 3574 3616 3615 3583 4065 4065 4065 4065 4065 4065 4065 4065
919 1683106467 374 3684 3659 3638 3575 3617 3616 3584 4065 4065 4065 4065 4065 4065 4065 4065
920 1683106467 374 3683 3659 3638 3574 3617 3616 3585 4065 4065 4064 4064 4064 4064 4064 4064
921 1683106467 375 3683 3659 3638 3574 3617 3616 3584 4065 4065 4064 4064 4064 4064 4064 4064
922 1683106467 374 3684 3659 3638 3574 3617 3616 3584 4065 4065 4065 4065 4065 4065 4065 4065
923 1683106467 375 3683 3658 3637 3574 3616 3616 3584 4063 4063 4062 4062 4062 4062 4062 4062
924 1683106467 375 3683 3658 3638 3574 3616 3615 3584 4065 4065 4064 4064 4064 4064 4064 4064
925 1683106467 374 3683 3658 3637 3574 3615 3615 3583 4067 4067 4066 4066 4066 4066 4066 4066
926 1683106467 374 3684 3659 3638 3574 3616 3616 3584 4065 4065 4065 4065 4065 4065 4065 4065
927 1683106467 374 3683 3658 3638 3574 3616 3616 3584 4067 4065 4065 4065 4065 4065 4065 4065
928 1683106467 374 3684 3659 3638 3575 3616 3616 3584 4065 4065 4065 4065 4065 4065 4065 4065
929 1683106467 375 3683 3659 3639 3575 3617 3617 3584 4065 4065 4064 4064 4064 4064 4064 4064
930 1683106467 375 3683 3659 3638 3574 3617 3616 3584 4065 4065 4064 4064 4064 4064 4064 4064
931 1683106467 375 3685 3659 3639 3575 3617 3617 3585 4067 4065 4065 4065 4065 4065 4065 4065
932 1683106467 375 3683 3658 3637 3574 3617 3616 3584 4065 4065 4065 4065 4065 4065 4065 4065
933 1683106467 374 3684 3659 3638 3574 3616 3615 3583 4065 4065 4064 4064 4064 4064 4064 4064
934 1683106467 374 3685 3660 3639 3575 3618 3617 3586 4065 4065 4065 4065 4065 4065 4065 4065
935 1683106467 374 3684 3660 3639 3575 3617 3617 3584 4065 4065 4064 4064 4064 4064 4064 4064
936 1683106467 374 3684 3659 3638 3575 3616 3616 3584 4065 4065 4065 4065 4065 4065 4065 4065
937 1683106467 375 3683 3658 3637 3574 3616 3616 3584 4065 4065 4065 4065 4065 4065 4065 4065
938 1683106467 375 3684 3659 3639 3575 3617 3617 3585 4065 4065 4065 4065 4065 4065 4065 4065
939 1683106467 375 3685 3659 3639 3575 3617 3616 3585 4063 4063 4063 4063 4063 4063 4063 4063
940 1683106467 375 3683 3658 3637 3574 3616 3616 3584 4065 4065 4065 4065 4065 4065 4065 4065
941 1683106467 374 3685 3660 3639 3575 3617 3616 3584 4065 4065 4065 4065 4065 4065 4065 4065
942 1683106467 375 3683 3658 3637 3574 3616 3615 3583 4067 4067 4066 4066 4066 4066 4066 4066
943 1683106467 375 3683 3659 3638 3575 3617 3616 3584 4065 4065 4065 4065 4065 4065 4065 4065
944 1683106467 374 3684 3659 3638 3574 3616 3616 3584 4065 4065 4064 4064 4064 4064 4064 4064
945 1683106467 374 3683 3658 3638 3575 3616 3615 3584 4065 4065 4064 4064 4064 4064 4064 4064
946 1683106467 375 3684 3659 3638 3575 3617 3616 3585 4065 4065 4064 4064 4064 4064 4064 4064
947 1683106467 374 3684 3659 3639 3575 3616 3616 3584 4065 4065 4065 4065 4065 4065 4065 4065
948 1683106467 374 3684 3659 3638 3574 3616 3616 3584 4065 4065 4065 4065 4065 4065 4065 4065
949 1683106468 374 3684 3660 3639 3575 3617 3617 3585 4065 4065 4065 4065 4065 4065 4065 4065
950 1683106475 374 3683 3658 3637 3573 3615 3615 3583 4067 4067 4066 4066 4066 4066 4066 4066
951 1683106475 375 3683 3657 3637 3573 3616 3615 3584 4065 4065 4064 4064 4064 4064 4064 4064
952 1683106475 374 3683 3659 3638 3574 3616 3616 3584 4065 4065 4064 4064 4064 4064 4064 4064
953 1683106475 375 3682 3658 3638 3574 3616 3616 3584 4065 4065 4065 4065 4065 4065 4065 4065
954 1683106475 375 3685 3660 3640 3576 3619 3618 3587 4065 4065 4065 4065 4065 4065 4065 4065
955 1683106475 375 3684 3660 3639 3575 3617 3617 3584 4063 4063 4063 4063 4063 4063 4063 4063
956 1683106475 375 3684 3659 3638 3574 3617 3617 3585 4065 4065 4065 4065 4065 4065 4065 4065
957 1683106475 374 3684 3660 3639 3575 3617 3616 3584 4065 4065 4065 4065 4065 4065 4065 4065
958 1683106475 375 3684 3660 3638 3574 3617 3616 3584 4065 4065 4065 4065 4065 4065 4065 4065
959 1683106475 375 3683 3659 3638 3574 3616 3616 3583 4065 4065 4064 4064 4064 4064 4064 4064
960 1683106475 375 3685 3660 3639 3576 3618 3618 1724 4065 4065 4065 4065 4065 4065 4065 4065
961 1683106476 374 3684 3659 3639 3575 3617 3616 3584 4065 4065 4065 4065 4065 4065 4065 4065
962 1683106476 374 3685 3660 3639 3575 3617 3617 3585 4065 4065 4064 4064 4064 4064 4064 4064
963 1683106476 375 3684 3659 3639 3575 3617 3616 3585 4065 4065 4064 4064 4064 4064 4064 4064
964 1683106476 375 3685 3659 3639 3575 3617 3617 3585 4065 4065 4064 4064 4064 4064 4064 4064
965 1683106476 375 3684 3659 3638 3575 3617 3616 3585 4065 4065 4064 4064 4064 4064 4064 4064
966 1683106476 375 3685 3660 3639 3575 3617 3617 3585 4065 4065 4065 4065 4065 4065 4065 4065
967 1683106476 375 3684 3660 3639 3575 3617 3617 3585 4065 4065 4065 4065 4065 4065 4065 4065
968 1683106476 374 3684 3660 3639 3575 3618 3617 3585 4065 4065 4065 4065 4065 4065 4065 4065
969 1683106483 375 3683 3658 3637 3573 3615 3615 3583 4067 4067 4066 4066 4066 4066 4066 4066
970 1683106483 375 3683 3658 3638 3574 3616 3616 3584 4065 4065 4065 4065 4065 4065 4065 4065
971 1683106483 375 3683 3659 3638 3575 3617 3616 3585 4065 4065 4065 4065 4065 4065 4065 4065
972 1683106483 375 3684 3659 3638 3574 3617 3616 3584 4065 4065 4064 4064 4064 4064 4064 4064
973 1683106484 375 3684 3660 3639 3575 3618 3617 3585 4065 4065 4065 4065 4065 4065 4065 4065
974 1683106484 375 3683 3658 3638 3574 3616 3616 3584 4067 4067 4066 4066 4066 4066 4066 4066
975 1683106484 375 3683 3659 3638 3574 3616 3616 3584 4065 4065 4065 4065 4065 4065 4065 4065
976 1683106484 375 3684 3659 3638 3574 3616 3615 3583 4065 4065 4064 4064 4064 4064 4064 4064
977 1683106484 375 3684 3659 3638 3575 3617 3617 3585 4065 4065 4065 4065 4065 4065 4065 4065
978 1683106484 375 3684 3659 3639 3575 3617 3618 3585 4065 4065 4065 4065 4065 4065 4065 4065
979 1683106484 375 3685 3660 3640 3576 3617 3617 3585 4065 4065 4065 4065 4065 4065 4065 4065
980 1683106484 375 3685 3660 3639 3575 3618 3617 3585 4065 4065 4065 4065 4065 4065 4065 4065
981 1683106484 375 3685 3660 3639 3575 3617 3617 3585 4065 4065 4064 4064 4064 4064 4064 4064
982 1683106484 375 3684 3659 3639 3575 3617 3618 3585 4065 4065 4064 4064 4064 4064 4064 4064
983 1683106484 375 3685 3659 3639 3575 3617 3617 3585 4067 4067 4066 4066 4066 4066 4066 4066
984 1683106484 375 3684 3659 3639 3575 3617 3616 3585 4065 4065 4065 4065 4065 4065 4065 4065
985 1683106484 375 3685 3660 3639 3575 3618 3618 3585 4067 4065 4065 4065 4065 4065 4065 4065
986 1683106484 375 3685 3660 3639 3576 3617 3617 3585 4065 4065 4065 4065 4065 4065 4065 4065
987 1683106484 375 3685 3660 3639 3576 3618 3617 3586 4067 4065 4065 4065 4065 4065 4065 4065
988 1683106484 375 3684 3659 3639 3575 3617 3617 3585 4067 4067 4066 4066 4066 4066 4066 4066
989 1683106484 375 3683 3659 3638 3574 3617 3616 3584 4065 4065 4065 4065 4065 4065 4065 4065
990 1683106484 375 3684 3660 3640 3576 3618 3618 3586 4065 4065 4064 4064 4064 4064 4064 4064
991 1683106484 375 3685 3660 3639 3575 3617 3617 3585 4063 4063 4063 4063 4063 4063 4063 4063
992 1683106484 375 3684 3660 3639 3575 3617 3617 3585 4063 4063 4063 4063 4063 4063 4063 4063
993 1683106484 375 3685 3661 3640 3576 3618 3618 3586 4067 4067 4066 4066 4066 4066 4066 4066
994 1683106484 375 3684 3659 3638 3575 3617 3616 3585 4067 4067 4066 4066 4066 4066 4066 4066
995 1683106484 375 3685 3660 3639 3576 3618 3617 3585 4065 4063 4063 4063 4063 4063 4063 4063
996 1683106484 375 3685 3660 3639 3575 3618 3617 3585 4065 4065 4065 4065 4065 4065 4065 4065
997 1683106484 375 3685 3660 3639 3576 3618 3617 3585 4065 4065 4064 4064 4064 4064 4064 4064
998 1683106484 375 3684 3660 3639 3576 3618 3617 3585 4067 4067 4066 4066 4066 4066 4066 4066
999 1683106484 375 3683 3660 3639 3575 3618 3617 3585 4065 4065 4064 4064 4064 4064 4064 4064
1000 1683106484 375 3685 3660 3640 3576 3619 3618 3586 4065 4065 4065 4065 4065 4065 4065 4065
