1 1683100662 373 3684 3658 3638 3574 3616 3616 3584 4067 4067 4066 4066 4066 4066 4066 4066
2 1683100662 374 3685 3660 3639 3576 3618 3617 3585 4067 4067 4066 4066 4066 4066 4066 4066
3 1683100662 374 3685 3660 3639 3576 3618 3618 3586 4067 4067 4066 4066 4066 4066 4066 4066
4 1683100662 375 3686 3661 3640 3576 3618 3618 3586 4061 4061 4061 4061 4061 4061 4061 4061
5 1683100662 374 3685 3660 3639 3576 3618 3617 3585 4067 4067 4066 4066 4066 4066 4066 4066
6 1683100662 374 3688 3663 3642 3578 3620 3619 3588 4067 4067 4066 4066 4066 4066 4066 4066
7 1683100662 374 317 3659 3641 3577 3619 3618 3586 4065 4065 4065 4065 4065 4065 4065 4065
8 1683100662 375 3685 3660 3640 3575 3618 3617 3585 4067 4067 4066 4066 4066 4066 4066 4066
9 1683100662 374 3685 3660 3639 3575 3617 3617 3585 4067 4067 4066 4066 4066 4066 4066 4066
10 1683100662 374 3684 3660 3640 3576 3618 3617 3585 4065 4065 4064 4064 4064 4064 4064 4064
11 1683100662 374 3687 3661 3640 3576 3618 3617 3586 4067 4065 4065 4065 4065 4065 4065 4065
12 1683100662 374 3685 3660 3639 3575 3617 3616 3585 4065 4065 4065 4065 4065 4065 4065 4065
13 1683100662 374 3685 3660 3640 3576 3618 3617 3585 4065 4065 4065 4065 4065 4065 4065 4065
14 1683100662 374 3685 3660 3639 3575 3617 3616 3584 4065 4065 4064 4064 4064 4064 4064 4064
15 1683100662 374 3686 3661 3640 3576 3618 3618 3586 4067 4067 4066 4066 4066 4066 4066 4066
16 1683100662 374 3686 3661 3640 3576 3618 3617 3585 4065 4065 4064 4064 4064 4064 4064 4064
17 1683100662 374 3686 3661 3641 3577 3619 3618 3586 4067 4067 4066 4066 4066 4066 4066 4066
18 1683100662 374 3686 3661 3641 3577 3619 3619 3587 4067 4067 4066 4066 4066 4066 4066 4066
19 1683100662 374 3685 3661 3640 3576 3618 3618 3586 4065 4065 4065 4065 4065 4065 4065 4065
20 1683100662 374 3686 3661 3640 3576 3618 3618 3586 4065 4065 4065 4065 4065 4065 4065 4065
21 1683100662 374 3686 3661 3640 3576 3618 3618 3586 4065 4065 4065 4065 4065 4065 4065 4065
22 1683100662 374 3685 3661 3640 3576 3618 3618 3586 4067 4067 4066 4066 4066 4066 4066 4066
23 1683100662 374 3687 3661 3641 3577 3619 3619 3586 4067 4067 4066 4066 4066 4066 4066 4066
24 1683100662 374 3686 3661 3641 3576 3619 3618 3586 4067 4067 4066 4066 4066 4066 4066 4066
25 1683100663 374 3686 3661 3640 3577 3619 3618 3586 4067 4067 4066 4066 4066 4066 4066 4066
26 1683100663 374 3685 3660 3639 3576 3618 3617 3585 4067 4067 4066 4066 4066 4066 4066 4066
27 1683100663 374 3687 3662 3641 3578 3619 3619 3587 4067 4067 4066 4066 4066 4066 4066 4066
28 1683100663 374 3686 3662 3640 3577 3619 3618 3586 4065 4065 4065 4065 4065 4065 4065 4065
29 1683100663 374 3686 3662 3640 3576 3619 3618 3586 4067 4067 4066 4066 4066 4066 4066 4066
30 1683100663 374 3686 3661 3640 3576 3618 3618 3586 4067 4067 4066 4066 4066 4066 4066 4066
31 1683100663 375 3687 3662 3641 3577 3619 3619 3587 4065 4065 4065 4065 4065 4065 4065 4065
32 1683100663 374 3686 3661 3641 3577 3618 3618 3586 4067 4067 4066 4066 4066 4066 4066 4066
33 1683100663 375 3685 3661 3640 3577 3618 3618 3586 4067 4067 4066 4066 4066 4066 4066 4066
34 1683100663 374 3686 3661 3640 3577 3619 3618 3587 4065 4065 4065 4065 4065 4065 4065 4065
35 1683100663 375 3685 3660 3639 3576 3618 3617 3585 4065 4065 4065 4065 4065 4065 4065 4065
36 1683100663 374 3686 3661 3640 3577 3618 3618 3586 4067 4067 4066 4066 4066 4066 4066 4066
37 1683100663 374 3687 3662 3641 3577 3619 3619 3587 4067 4067 4066 4066 4066 4066 4066 4066
38 1683100663 374 3686 3661 3640 3576 3619 3618 3586 4065 4065 4065 4065 4065 4065 4065 4065
39 1683100663 374 3687 3661 3641 3577 3619 3619 3587 4065 4065 4065 4065 4065 4065 4065 4065
40 1683100663 374 3686 3661 3641 3576 3619 3618 3586 4067 4067 4066 4066 4066 4066 4066 4066
41 1683100663 374 3685 3661 3640 3576 3618 3618 3586 4067 4067 4066 4066 4066 4066 4066 4066
42 1683100663 374 3686 3661 3640 3576 3618 3617 3586 4067 4067 4066 4066 4066 4066 4066 4066
43 1683100663 375 3687 3661 3641 3577 3619 3619 3587 4067 4067 4066 4066 4066 4066 4066 4066
44 1683100663 374 3686 3661 3640 3577 3619 3619 3587 4067 4067 4066 4066 4066 4066 4066 4066
45 1683100663 374 3686 3661 3640 3576 3618 3618 3586 4067 4067 4066 4066 4066 4066 4066 4066
46 1683100663 375 3686 3662 3641 3577 3619 3618 3586 4065 4065 4065 4065 4065 4065 4065 4065
47 1683100663 374 3686 3661 3640 3576 3619 3618 3586 4065 4065 4065 4065 4065 4065 4065 4065
48 1683100663 374 3686 3661 3640 3576 3618 3617 3586 4067 4067 4066 4066 4066 4066 4066 4066
49 1683100663 375 3688 3663 3642 3578 3620 3620 3588 4065 4065 4065 4065 4065 4065 4065 4065
50 1683100663 375 3687 3661 3641 3577 3619 3619 3587 4067 4065 4065 4065 4065 4065 4065 4065
51 1683100663 374 3687 3662 3642 3577 3620 3619 3588 4067 4067 4066 4066 4066 4066 4066 4066
52 1683100663 374 3686 3662 3641 3577 3619 3618 3587 4065 4065 4065 4065 4065 4065 4065 4065
53 1683100663 374 3686 3660 3640 3576 3619 3617 3586 4065 4065 4065 4065 4065 4065 4065 4065
54 1683100663 375 3686 3661 3640 3576 3618 3618 3586 4065 4065 4065 4065 4065 4065 4065 4065
55 1683100663 375 3685 3661 3640 3576 3618 3618 3586 4067 4065 4065 4065 4065 4065 4065 4065
56 1683100663 375 3686 3661 3640 3576 3618 3618 3586 4067 4067 4066 4066 4066 4066 4066 4066
57 1683100663 375 3685 3662 3641 3577 3619 3619 3587 4065 4065 4064 4064 4064 4064 4064 4064
58 1683100663 375 3686 3661 3640 3576 3619 3618 3586 4065 4065 4065 4065 4065 4065 4065 4065
59 1683100663 375 3687 3661 3640 3576 3619 3619 3587 4067 4067 4066 4066 4066 4066 4066 4066
60 1683100663 374 3686 3662 3641 3576 3619 3618 3586 4065 4065 4065 4065 4065 4065 4065 4065
61 1683100663 375 3686 3661 3641 3577 3619 3619 3587 4065 4065 4065 4065 4065 4065 4065 4065
62 1683100663 374 3686 3660 3640 3576 3618 3618 3586 4067 4067 4066 4066 4066 4066 4066 4066
63 1683100663 374 3686 3661 3640 3576 3618 3618 3586 4067 4067 4066 4066 4066 4066 4066 4066
64 1683100663 374 3686 3662 3642 3577 3619 3619 3587 4063 4063 4063 4063 4063 4063 4063 4063
65 1683100663 374 3686 3661 3640 3576 3618 3618 3586 4065 4065 4065 4065 4065 4065 4065 4065
66 1683100663 375 3688 3663 3642 3578 3621 3620 3588 4065 4065 4065 4065 4065 4065 4065 4065
67 1683100663 375 3687 3661 3641 3577 3619 3619 3586 4067 4067 4066 4066 4066 4066 4066 4066
68 1683100663 374 3687 3662 3641 3577 3619 3619 3587 4067 4067 4066 4066 4066 4066 4066 4066
69 1683100663 374 3687 3662 3641 3577 3620 3619 3587 4065 4065 4064 4064 4064 4064 4064 4064
70 1683100663 374 3685 3660 3640 3576 3618 3617 3585 4067 4067 4066 4066 4066 4066 4066 4066
71 1683100663 375 3687 3661 3641 3576 3619 3618 3586 4067 4067 4066 4066 4066 4066 4066 4066
72 1683100663 375 3686 3661 3640 3577 3619 3618 3586 4065 4065 4065 4065 4065 4065 4065 4065
73 1683100663 374 3687 3662 3641 3577 3619 3619 3587 4067 4067 4066 4066 4066 4066 4066 4066
74 1683100663 374 3686 3661 3641 3577 3619 3618 3587 4065 4065 4065 4065 4065 4065 4065 4065
75 1683100663 374 3687 3661 3641 3578 3619 3618 3586 4065 4065 4065 4065 4065 4065 4065 4065
76 1683100663 374 3686 3661 3640 3576 3619 3619 3586 4065 4065 4064 4064 4064 4064 4064 4064
77 1683100663 375 3685 3661 3640 3577 3619 3619 3587 4065 4065 4065 4065 4065 4065 4065 4065
78 1683100663 375 3686 3661 3641 3577 3619 3618 3586 4065 4065 4064 4064 4064 4064 4064 4064
79 1683100663 374 3687 3662 3641 3577 3619 3619 3587 4067 4067 4066 4066 4066 4066 4066 4066
80 1683100663 374 3686 3662 3641 3576 3619 3618 3586 4067 4065 4065 4065 4065 4065 4065 4065
81 1683100663 375 3685 3661 3641 3577 3619 3619 3586 4067 4065 4065 4065 4065 4065 4065 4065
82 1683100663 374 3687 3662 3641 3577 3619 3619 3587 4065 4065 4065 4065 4065 4065 4065 4065
83 1683100663 375 3687 3662 3641 3577 3620 3619 3587 4065 4065 4065 4065 4065 4065 4065 4065
84 1683100663 374 3687 3661 3641 3577 3619 3619 3587 4067 4067 4066 4066 4066 4066 4066 4066
85 1683100663 374 3687 3662 3641 3577 3619 3618 3587 4067 4067 4066 4066 4066 4066 4066 4066
86 1683100663 374 3687 3662 3641 3577 3619 3619 3587 4065 4065 4065 4065 4065 4065 4065 4065
87 1683100663 375 3687 3661 3640 3576 3619 3618 3586 4065 4065 4065 4065 4065 4065 4065 4065
88 1683100663 375 3686 3662 3641 3577 3619 3619 3587 4065 4065 4065 4065 4065 4065 4065 4065
89 1683100663 375 3687 3662 3641 3577 3620 3619 3587 4065 4065 4065 4065 4065 4065 4065 4065
90 1683100663 374 3687 3662 3641 3577 3619 3619 3587 4067 4067 4066 4066 4066 4066 4066 4066
91 1683100663 375 3686 3661 3641 3576 3619 3619 3586 4067 4067 4066 4066 4066 4066 4066 4066
92 1683100663 374 3686 3662 3641 3577 3619 3619 3587 4067 4067 4066 4066 4066 4066 4066 4066
93 1683100663 375 3686 3661 3640 3576 3619 3618 3586 4063 4063 4063 4063 4063 4063 4063 4063
94 1683100663 375 3687 3662 3641 3578 3620 3620 3587 4065 4065 4065 4065 4065 4065 4065 4065
95 1683100663 375 3687 3662 3641 3577 3620 3619 3587 4067 4065 4065 4065 4065 4065 4065 4065
96 1683100663 375 3686 3662 3640 3577 3619 3618 3586 4067 4067 4066 4066 4066 4066 4066 4066
97 1683100663 375 3686 3662 3641 3577 3619 3619 3586 4067 4065 4065 4065 4065 4065 4065 4065
98 1683100663 374 3688 3662 3641 3578 3620 3619 3587 4065 4065 4065 4065 4065 4065 4065 4065
99 1683100663 375 3687 3662 3641 3577 3619 3619 3587 4067 4067 4066 4066 4066 4066 4066 4066
100 1683100663 375 3687 3662 3642 3578 3620 3619 3588 4065 4065 4065 4065 4065 4065 4065 4065
101 1683100663 374 3687 3662 3642 3577 3619 3619 3587 4067 4067 4066 4066 4066 4066 4066 4066
102 1683100664 375 3688 3663 3642 3578 3620 3619 3587 4067 4067 4066 4066 4066 4066 4066 4066
103 1683100664 375 3687 3662 3641 3578 3620 3619 3587 4067 4067 4066 4066 4066 4066 4066 4066
104 1683100664 375 3686 3662 3641 3577 3620 3619 3587 4067 4067 4066 4066 4066 4066 4066 4066
105 1683100664 375 3687 3662 3641 3578 3620 3619 3587 4067 4067 4066 4066 4066 4066 4066 4066
106 1683100664 375 3687 3661 3641 3577 3619 3619 3587 4065 4065 4065 4065 4065 4065 4065 4065
107 1683100664 375 3687 3662 3642 3578 3620 3620 3588 4065 4065 4065 4065 4065 4065 4065 4065
108 1683100664 375 3687 3663 3642 3578 3620 3619 3587 4065 4065 4065 4065 4065 4065 4065 4065
109 1683100664 375 3687 3662 3641 3577 3619 3619 3586 4065 4065 4065 4065 4065 4065 4065 4065
110 1683100664 375 3688 3662 3642 3578 3621 3620 3588 4065 4065 4065 4065 4065 4065 4065 4065
111 1683100664 375 3687 3661 3641 3577 3619 3619 3587 4065 4065 4065 4065 4065 4065 4065 4065
112 1683100664 374 3686 3661 3641 3577 3619 3619 3586 4065 4065 4065 4065 4065 4065 4065 4065
113 1683100664 375 3687 3662 3641 3578 3620 3620 3588 4067 4067 4066 4066 4066 4066 4066 4066
114 1683100664 375 3687 3662 3641 3577 3620 3619 3587 4067 4067 4066 4066 4066 4066 4066 4066
115 1683100664 375 3687 3662 3641 3577 3619 3619 3587 4067 4067 4066 4066 4066 4066 4066 4066
116 1683100664 374 3686 3662 3641 3577 3619 3618 3586 4067 4067 4066 4066 4066 4066 4066 4066
117 1683100664 375 3687 3662 3641 3578 3619 3619 3587 4065 4065 4064 4064 4064 4064 4064 4064
118 1683100664 375 3686 3661 3641 3577 3619 3618 3586 4065 4065 4065 4065 4065 4065 4065 4065
119 1683100664 375 3687 3662 3641 3577 3620 3619 3587 4067 4067 4066 4066 4066 4066 4066 4066
120 1683100664 375 3686 3662 3641 3578 3619 3620 3588 4067 4065 4065 4065 4065 4065 4065 4065
121 1683100664 375 3687 3662 3642 3577 3620 3619 3587 4067 4067 4066 4066 4066 4066 4066 4066
122 1683100664 375 3687 3662 3642 3577 3620 3619 3587 4065 4065 4064 4064 4064 4064 4064 4064
123 1683100664 375 3688 3663 3642 3578 3620 3619 3587 4065 4065 4065 4065 4065 4065 4065 4065
124 1683100664 375 3686 3661 3641 3577 3619 3618 3587 4065 4065 4065 4065 4065 4065 4065 4065
125 1683100664 375 3687 3662 3642 3577 3619 3619 3587 4067 4067 4066 4066 4066 4066 4066 4066
126 1683100664 375 3688 3663 3642 3578 3620 3620 3588 4067 4067 4066 4066 4066 4066 4066 4066
127 1683100664 375 3687 3662 3641 3577 3620 3620 3588 4065 4065 4065 4065 4065 4065 4065 4065
128 1683100664 375 3686 3661 3641 3577 3619 3619 3587 4067 4067 4066 4066 4066 4066 4066 4066
129 1683100664 375 3688 3663 3642 3578 3620 3620 3588 4067 4067 4066 4066 4066 4066 4066 4066
130 1683100664 374 3688 3662 3641 3578 3619 3619 3587 4065 4065 4065 4065 4065 4065 4065 4065
131 1683100664 375 3687 3662 3641 3577 3619 3619 3587 4067 4067 4066 4066 4066 4066 4066 4066
132 1683100664 375 3687 3662 3641 3577 3620 3620 3587 4067 4067 4066 4066 4066 4066 4066 4066
133 1683100664 375 3687 3662 3641 3577 3619 3619 3587 4067 4067 4066 4066 4066 4066 4066 4066
134 1683100664 375 3688 3663 3642 3578 3620 3620 3588 4065 4065 4064 4064 4064 4064 4064 4064
135 1683100664 375 3687 3662 3641 3578 3620 3619 3587 4067 4067 4066 4066 4066 4066 4066 4066
136 1683100664 375 3686 3662 3642 3578 3620 3619 3588 4067 4067 4066 4066 4066 4066 4066 4066
137 1683100664 375 3687 3663 3642 3578 3620 3619 3587 4065 4065 4065 4065 4065 4065 4065 4065
138 1683100664 375 3687 3662 3641 3577 3619 3619 3587 4065 4065 4065 4065 4065 4065 4065 4065
139 1683100664 375 3687 3663 3641 3578 3620 3619 3587 4065 4065 4065 4065 4065 4065 4065 4065
140 1683100664 375 3688 3663 3642 3578 3620 3619 3588 4067 4067 4066 4066 4066 4066 4066 4066
141 1683100664 375 3688 3663 3642 3578 3620 3619 3588 4063 4063 4063 4063 4063 4063 4063 4063
142 1683100664 375 3687 3662 3641 3577 3619 3619 3587 4065 4065 4065 4065 4065 4065 4065 4065
143 1683100664 375 3687 3662 3642 3577 3620 3619 3587 4067 4067 4066 4066 4066 4066 4066 4066
144 1683100664 375 3687 3662 3641 3577 3620 3619 3587 4065 4065 4065 4065 4065 4065 4065 4065
145 1683100664 375 3687 3662 3642 3578 3620 3620 3587 4067 4067 4066 4066 4066 4066 4066 4066
146 1683100664 375 3687 3662 3641 3578 3620 3619 3587 4067 4067 4066 4066 4066 4066 4066 4066
147 1683100664 375 3687 3662 3641 3578 3620 3619 3587 4067 4067 4066 4066 4066 4066 4066 4066
148 1683100664 375 2444 3663 3643 3579 3622 3621 3589 4067 4067 4066 4066 4066 4066 4066 4066
149 1683100664 375 3687 3662 3641 3577 3618 3618 3586 4067 4067 4066 4066 4066 4066 4066 4066
150 1683100664 375 3688 3663 3642 3578 3620 3620 3588 4065 4065 4065 4065 4065 4065 4065 4065
151 1683100664 375 3687 3662 3642 3578 3620 3619 3587 4065 4065 4065 4065 4065 4065 4065 4065
152 1683100664 375 3686 3662 3641 3576 3618 3619 3587 4065 4065 4065 4065 4065 4065 4065 4065
153 1683100664 375 3687 3661 3641 3578 3619 3620 3587 4067 4067 4066 4066 4066 4066 4066 4066
154 1683100664 375 3688 3663 3642 3578 3620 3619 3588 4065 4065 4065 4065 4065 4065 4065 4065
155 1683100664 375 3687 3662 3642 3577 3619 3619 3587 4065 4065 4064 4064 4064 4064 4064 4064
156 1683100664 375 3687 3662 3641 3577 3619 3619 3587 4067 4065 4065 4065 4065 4065 4065 4065
157 1683100664 375 3687 3662 3641 3577 3619 3620 3588 4067 4067 4066 4066 4066 4066 4066 4066
158 1683100664 375 3688 3663 3643 3579 3620 3620 3588 4067 4067 4066 4066 4066 4066 4066 4066
159 1683100664 375 3687 3662 3641 3578 3620 3620 3587 4067 4065 4065 4065 4065 4065 4065 4065
160 1683100664 375 3687 3662 3641 3578 3620 3619 3587 4067 4067 4066 4066 4066 4066 4066 4066
161 1683100664 375 3688 3663 3642 3578 3620 3620 3588 4065 4065 4065 4065 4065 4065 4065 4065
162 1683100664 375 3688 3663 3643 3579 3621 3620 3588 4065 4065 4064 4064 4064 4064 4064 4064
163 1683100664 375 3688 3663 3642 3578 3620 3620 3587 4067 4067 4066 4066 4066 4066 4066 4066
164 1683100664 375 3686 3661 3641 3576 3619 3619 3587 4067 4067 4066 4066 4066 4066 4066 4066
165 1683100664 375 3687 3662 3642 3578 3620 3619 3588 4067 4067 4066 4066 4066 4066 4066 4066
166 1683100664 375 3687 3663 3642 3578 3620 3620 3588 4067 4067 4066 4066 4066 4066 4066 4066
167 1683100664 375 3687 3662 3641 3578 3620 3620 3588 4065 4065 4065 4065 4065 4065 4065 4065
168 1683100664 374 3688 3664 3642 3578 3620 3619 3587 4065 4065 4065 4065 4065 4065 4065 4065
169 1683100664 375 3687 3662 3641 3577 3619 3619 3587 4067 4067 4066 4066 4066 4066 4066 4066
170 1683100664 375 3688 3662 3642 3577 3619 3619 3587 4067 4065 4065 4065 4065 4065 4065 4065
171 1683100665 375 3687 3662 3642 3578 3620 3620 3587 4067 4067 4066 4066 4066 4066 4066 4066
172 1683100665 375 3688 3663 3642 3578 3620 3619 3588 4065 4065 4065 4065 4065 4065 4065 4065
173 1683100665 376 3688 3663 3642 3578 3620 3619 3587 4067 4067 4066 4066 4066 4066 4066 4066
174 1683100665 375 3688 3662 3642 3578 3621 3620 3588 4067 4067 4066 4066 4066 4066 4066 4066
175 1683100665 375 3689 3663 3643 3578 3621 3620 3588 4067 4067 4066 4066 4066 4066 4066 4066
176 1683100665 375 3688 3663 3642 3578 3620 3620 3588 4065 4065 4064 4064 4064 4064 4064 4064
177 1683100665 375 3688 3662 3642 3578 3620 3620 3588 4065 4065 4065 4065 4065 4065 4065 4065
178 1683100665 375 3687 3662 3641 3577 3620 3619 3587 4065 4065 4065 4065 4065 4065 4065 4065
179 1683100665 375 3687 3663 3641 3578 3620 3619 3587 4067 4067 4066 4066 4066 4066 4066 4066
180 1683100665 375 3688 3663 3643 3578 3620 3619 3587 4065 4065 4065 4065 4065 4065 4065 4065
181 1683100665 375 3686 3661 3641 3577 3619 3618 3587 4065 4065 4065 4065 4065 4065 4065 4065
182 1683100665 376 3688 3662 3641 3578 3620 3620 3588 4067 4067 4066 4066 4066 4066 4066 4066
183 1683100665 375 3687 3663 3642 3578 3620 1758 3586 4067 4067 4066 4066 4066 4066 4066 4066
184 1683100665 376 3688 3663 3642 3578 3621 3620 3588 4065 4065 4065 4065 4065 4065 4065 4065
185 1683100665 375 3687 3663 3642 3578 3620 3619 3588 4065 4065 4065 4065 4065 4065 4065 4065
186 1683100665 375 3688 3662 3641 3577 3620 3619 3587 4067 4067 4066 4066 4066 4066 4066 4066
187 1683100665 375 3687 3662 3641 3577 3620 3619 3587 4065 4065 4065 4065 4065 4065 4065 4065
188 1683100665 375 3688 3663 3642 3578 3620 3620 3588 4067 4067 4066 4066 4066 4066 4066 4066
189 1683100665 376 3687 3662 3642 3578 3620 3620 3588 4063 4063 4063 4063 4063 4063 4063 4063
190 1683100665 375 3688 3662 3642 3578 3620 3620 3588 4067 4065 4065 4065 4065 4065 4065 4065
191 1683100665 375 3689 3663 3642 3578 3621 3620 3588 4067 4067 4066 4066 4066 4066 4066 4066
192 1683100665 376 3687 3662 3642 3577 3620 3619 3588 4067 4067 4066 4066 4066 4066 4066 4066
193 1683100665 375 3688 3663 3642 3578 3620 3620 3588 4065 4065 4065 4065 4065 4065 4065 4065
194 1683100665 376 3688 3663 3642 3578 3620 3620 3588 4065 4065 4065 4065 4065 4065 4065 4065
195 1683100665 375 3687 3662 3642 3577 3620 3619 3587 4065 4065 4065 4065 4065 4065 4065 4065
196 1683100665 376 3688 3663 3642 3578 3621 3620 3588 4067 4067 4066 4066 4066 4066 4066 4066
197 1683100665 375 3687 3662 3641 3577 3619 3619 3587 4065 4065 4065 4065 4065 4065 4065 4065
198 1683100665 375 3688 3663 3642 3578 3620 3620 3588 4067 4065 4065 4065 4065 4065 4065 4065
199 1683100665 375 3687 3663 3642 3578 3620 3619 3587 4065 4065 4065 4065 4065 4065 4065 4065
200 1683100665 376 3686 3663 3642 3578 3620 3619 3587 4067 4067 4066 4066 4066 4066 4066 4066
201 1683100665 376 3688 3663 3642 3578 3620 3620 3588 4067 4067 4066 4066 4066 4066 4066 4066
202 1683100665 376 3688 3663 3643 3578 3621 3621 3588 4067 4067 4066 4066 4066 4066 4066 4066
203 1683100665 375 3687 3662 3641 3578 3620 3620 3587 4067 4065 4065 4065 4065 4065 4065 4065
204 1683100665 374 3688 3663 3643 3578 3620 3620 3588 4065 4065 4065 4065 4065 4065 4065 4065
205 1683100665 376 3687 3662 3642 3578 3620 3619 3587 4067 4067 4066 4066 4066 4066 4066 4066
206 1683100665 375 3688 3662 3641 3578 3620 3620 3588 4067 4067 4066 4066 4066 4066 4066 4066
207 1683100665 376 3687 3662 3642 3577 3620 3619 3587 4065 4065 4065 4065 4065 4065 4065 4065
208 1683100665 376 3686 3662 3641 3578 3620 3619 3587 4067 4067 4066 4066 4066 4066 4066 4066
209 1683100665 376 3689 3663 3643 3579 3621 643 3587 4067 4067 4066 4066 4066 4066 4066 4066
210 1683100665 375 3688 3663 3642 3578 3620 3619 3587 4067 4067 4066 4066 4066 4066 4066 4066
211 1683100665 375 3687 3663 3642 3578 3620 3619 3588 4067 4067 4066 4066 4066 4066 4066 4066
212 1683100665 376 3687 3663 3642 3578 3620 3619 3587 4065 4065 4065 4065 4065 4065 4065 4065
213 1683100665 376 3688 3662 3642 3578 3621 3619 3588 4067 4067 4066 4066 4066 4066 4066 4066
214 1683100665 375 3688 3663 3642 3578 3620 3620 3588 4067 4067 4066 4066 4066 4066 4066 4066
215 1683100665 375 3687 3663 3642 3578 3621 3620 3588 4067 4067 4066 4066 4066 4066 4066 4066
216 1683100665 376 3686 3662 3641 3577 3619 3619 3587 4065 4065 4065 4065 4065 4065 4065 4065
217 1683100665 375 3687 3662 3641 3577 3619 3619 3587 4065 4065 4065 4065 4065 4065 4065 4065
218 1683100665 376 3688 3663 3642 3578 3621 3621 3588 4067 4067 4066 4066 4066 4066 4066 4066
219 1683100665 375 3687 3663 3642 3578 3620 3620 3588 4065 4065 4065 4065 4065 4065 4065 4065
220 1683100665 375 3689 3664 3643 3579 3621 3620 3588 4067 4067 4066 4066 4066 4066 4066 4066
221 1683100665 376 3689 3663 3643 3579 3621 3621 3589 4067 4067 4066 4066 4066 4066 4066 4066
222 1683100665 376 3687 3662 3641 3578 3620 3620 3588 4065 4065 4064 4064 4064 4064 4064 4064
223 1683100665 375 3689 3664 3643 3579 3622 3621 3589 4065 4065 4065 4065 4065 4065 4065 4065
224 1683100665 376 3688 3662 3642 3578 3621 3620 3588 4065 4065 4065 4065 4065 4065 4065 4065
225 1683100665 375 3689 3664 3643 3579 3621 3620 3588 4067 4067 4066 4066 4066 4066 4066 4066
226 1683100665 376 3688 3663 3642 3578 3621 3620 3588 4065 4065 4065 4065 4065 4065 4065 4065
227 1683100665 376 3687 3662 3642 3578 3621 3620 3588 4067 4067 4066 4066 4066 4066 4066 4066
228 1683100665 375 3688 3663 3641 3578 3620 3620 3587 4067 4067 4066 4066 4066 4066 4066 4066
229 1683100665 376 3689 3663 3643 3579 3621 3620 3588 4067 4067 4066 4066 4066 4066 4066 4066
230 1683100665 376 3687 3662 3642 3578 3620 3619 3587 4065 4065 4065 4065 4065 4065 4065 4065
231 1683100665 376 3687 3663 3642 3578 3620 3620 3588 4065 4065 4065 4065 4065 4065 4065 4065
232 1683100665 375 3689 3663 3642 3578 3621 3620 3588 4065 4065 4065 4065 4065 4065 4065 4065
233 1683100665 376 3688 3662 3642 3578 3620 3620 3588 4067 4065 4065 4065 4065 4065 4065 4065
234 1683100665 376 3688 3664 3643 3579 3621 3620 3588 4067 4067 4066 4066 4066 4066 4066 4066
235 1683100665 375 3689 3664 3643 3579 3621 3620 3588 4065 4065 4065 4065 4065 4065 4065 4065
236 1683100665 376 3688 3663 3643 3579 3621 3620 3589 4065 4065 4064 4064 4064 4064 4064 4064
237 1683100665 376 3687 3662 3641 3578 3620 3619 3587 4067 4067 4066 4066 4066 4066 4066 4066
238 1683100665 376 3688 3663 3642 3578 3621 3620 3588 4065 4065 4065 4065 4065 4065 4065 4065
239 1683100666 374 3687 3662 3641 3577 3619 3619 3587 4065 4065 4065 4065 4065 4065 4065 4065
240 1683100666 374 3686 3661 3640 3576 3619 3618 3586 4067 4067 4066 4066 4066 4066 4066 4066
241 1683100666 374 3685 3660 3639 3576 3618 3617 3586 4067 4067 4066 4066 4066 4066 4066 4066
242 1683100666 374 3686 3661 3640 3576 3618 3617 3586 4067 4065 4065 4065 4065 4065 4065 4065
243 1683100666 374 3687 3662 3641 3577 3619 3618 3586 4065 4065 4065 4065 4065 4065 4065 4065
244 1683100666 374 3686 3661 3640 3576 3619 3618 3586 4067 4067 4066 4066 4066 4066 4066 4066
245 1683100666 374 3685 3661 3640 3576 3618 3617 3585 4067 4067 4066 4066 4066 4066 4066 4066
246 1683100666 374 3687 3661 3640 3577 3619 3618 3586 4067 4067 4066 4066 4066 4066 4066 4066
247 1683100666 374 3686 3661 3640 3576 3619 3618 3586 4067 4067 4066 4066 4066 4066 4066 4066
248 1683100666 374 3686 3661 3640 3577 3619 3618 3587 4067 4067 4066 4066 4066 4066 4066 4066
249 1683100666 374 3686 3661 3640 3576 3619 3618 3586 4067 4067 4066 4066 4066 4066 4066 4066
250 1683100666 374 3686 3661 3640 3576 3618 3617 3586 4067 4067 4066 4066 4066 4066 4066 4066
251 1683100666 374 3687 3662 3641 3577 3619 3619 3587 4067 4067 4066 4066 4066 4066 4066 4066
252 1683100666 374 3686 3661 3641 3577 3619 3618 3586 4067 4067 4066 4066 4066 4066 4066 4066
253 1683100666 373 3687 3661 3640 3576 3619 3618 3586 4067 4067 4066 4066 4066 4066 4066 4066
254 1683100666 374 3687 3662 3641 3577 3620 3619 3587 4067 4067 4066 4066 4066 4066 4066 4066
255 1683100666 374 3686 3661 3640 3576 3618 3617 3585 4067 4065 4065 4065 4065 4065 4065 4065
256 1683100666 374 3686 3661 3639 3576 3618 3618 3586 4067 4067 4066 4066 4066 4066 4066 4066
257 1683100666 374 3685 3660 3640 3576 3618 3617 3585 4067 4067 4066 4066 4066 4066 4066 4066
258 1683100666 374 3685 3661 3640 3576 3618 3617 3586 4067 4067 4066 4066 4066 4066 4066 4066
259 1683100666 374 3686 3661 3640 3576 3619 3618 3586 4067 4067 4066 4066 4066 4066 4066 4066
260 1683100666 374 3687 3662 3641 3577 3619 3618 3587 4067 4067 4066 4066 4066 4066 4066 4066
261 1683100666 374 3687 3662 3641 3577 3619 3618 3586 4065 4065 4064 4064 4064 4064 4064 4064
262 1683100666 375 3686 3661 3640 3576 3618 3618 3586 4067 4067 4066 4066 4066 4066 4066 4066
263 1683100666 374 3685 3661 3640 3576 3618 3618 3586 4067 4067 4066 4066 4066 4066 4066 4066
264 1683100666 374 3686 3661 3640 3576 3618 3618 3586 4067 4067 4066 4066 4066 4066 4066 4066
265 1683100666 374 3687 3662 3641 3578 3619 3619 3587 4067 4067 4066 4066 4066 4066 4066 4066
266 1683100666 374 3684 3661 3640 3576 3618 3618 3586 4065 4065 4064 4064 4064 4064 4064 4064
267 1683100666 374 3686 3661 3640 3577 3619 3618 3587 4067 4067 4066 4066 4066 4066 4066 4066
268 1683100666 374 3685 3660 3639 3576 3618 3617 3585 4067 4065 4065 4065 4065 4065 4065 4065
269 1683100666 374 3686 3661 3640 3576 3618 3618 3586 4065 4065 4065 4065 4065 4065 4065 4065
270 1683100666 374 3688 3663 3642 3578 3620 3619 3588 4067 4067 4066 4066 4066 4066 4066 4066
271 1683100666 374 3686 3661 3640 3576 3618 3618 3586 4067 4065 4065 4065 4065 4065 4065 4065
272 1683100666 375 3686 3661 3640 3576 3619 3618 3587 4065 4065 4064 4064 4064 4064 4064 4064
273 1683100666 374 3685 3661 3640 3577 3619 3618 3586 4067 4067 4066 4066 4066 4066 4066 4066
274 1683100666 374 3686 3661 3640 3576 3618 3618 3586 4065 4065 4065 4065 4065 4065 4065 4065
275 1683100666 375 3686 3661 3641 3577 3619 3619 3587 4067 4067 4066 4066 4066 4066 4066 4066
276 1683100666 374 3686 3661 3641 3576 3619 3618 3586 4065 4065 4065 4065 4065 4065 4065 4065
277 1683100666 374 3686 3661 3640 3576 3619 3619 3587 4065 4065 4065 4065 4065 4065 4065 4065
278 1683100666 374 3685 3661 3640 3576 3618 3617 3586 4067 4067 4066 4066 4066 4066 4066 4066
279 1683100666 374 3687 3661 3641 3577 3619 3619 3586 4067 4065 4065 4065 4065 4065 4065 4065
280 1683100666 374 3686 3662 3640 3576 3619 3618 3586 4065 4065 4065 4065 4065 4065 4065 4065
281 1683100666 374 3685 3661 3640 3577 3618 3618 3586 4067 4067 4066 4066 4066 4066 4066 4066
282 1683100666 374 3686 3661 3640 3576 3618 3617 3586 4067 4067 4066 4066 4066 4066 4066 4066
283 1683100666 375 3685 3660 3640 3576 3618 3618 3586 4065 4065 4065 4065 4065 4065 4065 4065
284 1683100666 374 3686 3662 3640 3577 3619 3618 3586 4065 4065 4065 4065 4065 4065 4065 4065
285 1683100666 374 3686 3661 3640 3577 3619 3618 3586 4067 4067 4066 4066 4066 4066 4066 4066
286 1683100666 374 3687 3662 3641 3578 3619 3619 3587 4067 4067 4066 4066 4066 4066 4066 4066
287 1683100666 374 3687 3661 3640 3577 3619 3618 3586 4065 4065 4065 4065 4065 4065 4065 4065
288 1683100666 374 3686 3661 3640 3577 3619 3618 3586 4065 4065 4065 4065 4065 4065 4065 4065
289 1683100666 374 3685 3661 3639 3576 3618 3618 3586 4065 4065 4065 4065 4065 4065 4065 4065
290 1683100666 374 3686 3661 3641 3577 3619 3619 3587 4067 4067 4066 4066 4066 4066 4066 4066
291 1683100666 374 3687 3661 3640 3577 3618 3619 3586 4065 4065 4065 4065 4065 4065 4065 4065
292 1683100666 374 3687 3662 3641 3577 3619 3619 3587 4065 4065 4065 4065 4065 4065 4065 4065
293 1683100666 374 3687 3662 3641 3577 3619 3619 3587 4067 4067 4066 4066 4066 4066 4066 4066
294 1683100674 374 3685 3660 3639 3575 3617 3617 3585 4065 4065 4065 4065 4065 4065 4065 4065
295 1683100674 375 3685 3659 3639 3575 3618 3617 3585 4067 4065 4065 4065 4065 4065 4065 4065
296 1683100674 374 3686 3661 3640 3577 3619 3618 3586 4065 4065 4065 4065 4065 4065 4065 4065
297 1683100674 375 3684 3661 3640 3576 3618 1737 3585 4067 4067 4066 4066 4066 4066 4066 4066
298 1683100674 375 3685 3660 3640 3576 3618 3618 3586 4065 4065 4065 4065 4065 4065 4065 4065
299 1683100674 374 3686 3661 3641 3576 3619 3619 3586 4067 4067 4066 4066 4066 4066 4066 4066
300 1683100682 375 3684 3660 3639 3575 3617 3616 3584 4067 4067 4066 4066 4066 4066 4066 4066
301 1683100682 374 3686 3661 3640 3576 3618 3617 3585 4065 4065 4065 4065 4065 4065 4065 4065
302 1683100682 374 3686 3661 3640 3576 3618 3618 3585 4063 4063 4062 4062 4062 4062 4062 4062
303 1683100682 375 3685 3660 3639 3575 3617 3617 3585 4067 4067 4066 4066 4066 4066 4066 4066
304 1683100682 374 3685 3660 3640 3576 3618 3617 3585 4067 4067 4066 4066 4066 4066 4066 4066
305 1683100682 374 3685 3660 3640 3576 3618 3618 3586 4067 4067 4066 4066 4066 4066 4066 4066
306 1683100682 374 3686 3661 3640 3576 3618 3618 3586 4065 4065 4065 4065 4065 4065 4065 4065
307 1683100682 374 3685 3660 3639 3576 3617 3617 3584 4067 4067 4066 4066 4066 4066 4066 4066
308 1683100682 374 3685 3660 3639 3575 3617 3617 3585 4067 4065 4065 4065 4065 4065 4065 4065
309 1683100682 374 3685 3660 3639 3575 3617 3617 3585 4067 4067 4066 4066 4066 4066 4066 4066
310 1683100682 375 3685 3660 3640 3576 3618 3618 3586 4067 4067 4066 4066 4066 4066 4066 4066
311 1683100682 374 3685 3660 3639 3575 3618 3617 3585 4065 4065 4065 4065 4065 4065 4065 4065
312 1683100682 375 3685 3661 3640 3576 3619 3618 3586 4067 4067 4066 4066 4066 4066 4066 4066
313 1683100682 374 3685 3660 3640 3576 3618 3617 3586 4065 4065 4065 4065 4065 4065 4065 4065
314 1683100682 375 3685 3660 3639 3576 3618 3618 3586 4065 4065 4064 4064 4064 4064 4064 4064
315 1683100682 375 3685 3661 3640 3576 3618 3618 3586 4065 4065 4065 4065 4065 4065 4065 4065
316 1683100690 374 3685 3660 3638 3575 3617 3617 3585 4065 4065 4065 4065 4065 4065 4065 4065
317 1683100690 374 3686 3661 3640 3576 3618 3618 3586 4065 4065 4065 4065 4065 4065 4065 4065
318 1683100690 374 3685 3660 3639 3575 3617 3617 3585 4067 4067 4066 4066 4066 4066 4066 4066
319 1683100690 375 3686 3661 3640 3576 3619 3618 3586 4065 4065 4065 4065 4065 4065 4065 4065
320 1683100690 374 3686 3661 3640 3576 3617 3617 3585 4067 4067 4066 4066 4066 4066 4066 4066
321 1683100690 374 3686 3661 3641 3577 3619 3618 3586 4067 4067 4066 4066 4066 4066 4066 4066
322 1683100690 374 3685 3659 3639 3575 3617 3616 3584 4067 4067 4066 4066 4066 4066 4066 4066
323 1683100690 374 3686 3661 3640 3576 3618 3617 3586 4065 4065 4065 4065 4065 4065 4065 4065
324 1683100690 375 3685 3660 3639 3576 3618 3617 3585 4065 4065 4065 4065 4065 4065 4065 4065
325 1683100690 374 3686 3661 3640 3576 3619 3619 3586 4067 4067 4066 4066 4066 4066 4066 4066
326 1683100690 374 3685 3661 3640 3576 3618 3618 3586 4067 4067 4066 4066 4066 4066 4066 4066
327 1683100690 375 3686 3661 3640 3576 3619 3618 3586 4065 4063 4063 4063 4063 4063 4063 4063
328 1683100690 375 3685 3660 3639 3576 3618 3617 3586 4065 4065 4064 4064 4064 4064 4064 4064
329 1683100690 375 3687 3662 3642 3578 3620 3619 3587 4065 4065 4065 4065 4065 4065 4065 4065
330 1683100690 375 3685 3660 3640 3576 3618 3618 3586 4065 4065 4065 4065 4065 4065 4065 4065
331 1683100690 374 3687 3661 3641 3576 3618 3618 3586 4065 4065 4065 4065 4065 4065 4065 4065
332 1683100690 375 3686 3661 3640 3576 3618 3618 3586 4067 4067 4066 4066 4066 4066 4066 4066
333 1683100690 374 3686 3660 3640 3576 3618 3618 3586 4067 4067 4066 4066 4066 4066 4066 4066
334 1683100690 374 3685 3661 3640 3576 3618 3617 3585 4067 4067 4066 4066 4066 4066 4066 4066
335 1683100690 375 3686 3661 3640 3576 3618 3618 3585 4067 4067 4066 4066 4066 4066 4066 4066
336 1683100690 375 3687 3661 3641 3577 3618 3618 3586 4067 4067 4066 4066 4066 4066 4066 4066
337 1683100690 375 3686 3661 3640 3577 3619 3618 3586 4065 4065 4064 4064 4064 4064 4064 4064
338 1683100690 374 3686 3661 3640 3577 3619 3618 3587 4067 4067 4066 4066 4066 4066 4066 4066
339 1683100690 375 3686 3661 3640 3577 3619 3619 3587 4067 4067 4066 4066 4066 4066 4066 4066
340 1683100691 375 3687 3661 3640 3576 3618 3618 3586 4065 4065 4065 4065 4065 4065 4065 4065
341 1683100691 375 3686 3661 3640 3577 3619 3618 3586 4067 4067 4066 4066 4066 4066 4066 4066
342 1683100691 374 3685 3661 3640 3576 3618 3618 3586 4067 4067 4066 4066 4066 4066 4066 4066
343 1683100691 375 3686 3661 3641 3576 3618 3618 3586 4067 4067 4066 4066 4066 4066 4066 4066
344 1683100691 375 3686 3661 3640 3577 3619 3618 3586 4065 4065 4064 4064 4064 4064 4064 4064
345 1683100691 374 3686 3661 3640 3576 3619 3618 3586 4067 4065 4065 4065 4065 4065 4065 4065
346 1683100691 374 3687 3662 3641 3577 3619 3618 3587 4067 4067 4066 4066 4066 4066 4066 4066
347 1683100691 375 3685 3661 3640 3576 3618 3618 3586 4065 4065 4065 4065 4065 4065 4065 4065
348 1683100691 375 3686 3661 3640 3576 3619 3618 3586 4065 4065 4065 4065 4065 4065 4065 4065
349 1683100691 375 3686 3661 3640 3576 3618 3618 3586 4065 4065 4064 4064 4064 4064 4064 4064
350 1683100691 374 3686 3661 3641 3577 3619 3618 3586 4065 4065 4065 4065 4065 4065 4065 4065
351 1683100691 375 3686 3661 3640 3577 3619 3619 3587 4067 4067 4066 4066 4066 4066 4066 4066
352 1683100691 375 3686 3661 3641 3577 3618 3618 3586 4065 4065 4065 4065 4065 4065 4065 4065
353 1683100691 375 3686 3661 3641 3577 3619 3618 3587 4067 4067 4066 4066 4066 4066 4066 4066
354 1683100691 374 3687 3662 3641 3577 3619 3619 3586 4067 4067 4067 4067 4067 4067 4067 4067
355 1683100691 375 3687 3662 3641 3577 3620 3620 3587 4067 4067 4066 4066 4066 4066 4066 4066
356 1683100691 375 3687 3662 3641 3577 3619 3619 3587 4067 4067 4066 4066 4066 4066 4066 4066
357 1683100691 375 3686 3661 3640 3576 3618 3618 3586 4065 4065 4065 4065 4065 4065 4065 4065
358 1683100691 374 3687 3662 3641 3577 3619 3619 3587 4067 4067 4066 4066 4066 4066 4066 4066
359 1683100691 375 3687 3662 3641 3578 3620 3619 3587 4067 4065 4065 4065 4065 4065 4065 4065
360 1683100691 374 3686 3661 3640 3576 3618 3618 3586 4067 4067 4066 4066 4066 4066 4066 4066
361 1683100691 375 3686 3661 3640 3576 3619 3618 3587 4067 4067 4066 4066 4066 4066 4066 4066
362 1683100691 375 3686 3661 3641 3577 3619 3618 3586 4067 4067 4066 4066 4066 4066 4066 4066
363 1683100691 374 3687 3661 3640 3577 3618 3618 3586 4067 4067 4066 4066 4066 4066 4066 4066
364 1683100691 375 3687 3663 3642 3578 3620 3619 3588 4065 4065 4065 4065 4065 4065 4065 4065
365 1683100691 375 3686 3661 3640 3576 3618 3618 3586 4067 4067 4066 4066 4066 4066 4066 4066
366 1683100691 374 3687 3661 3641 3577 3618 3618 3586 4065 4065 4065 4065 4065 4065 4065 4065
367 1683100691 374 3687 3661 3640 3576 3619 3618 3586 4065 4065 4064 4064 4064 4064 4064 4064
368 1683100699 375 3686 3661 3641 3576 3619 3618 3586 4065 4065 4065 4065 4065 4065 4065 4065
369 1683100699 375 3685 3660 3639 3575 3617 3617 3585 4065 4065 4065 4065 4065 4065 4065 4065
370 1683100699 375 3686 3661 3640 3576 3618 3618 3586 4067 4067 4066 4066 4066 4066 4066 4066
371 1683100699 375 3686 3661 3641 3576 3619 3618 3586 4065 4065 4065 4065 4065 4065 4065 4065
372 1683100699 375 3685 3660 3639 3576 3617 3617 3585 4067 4067 4066 4066 4066 4066 4066 4066
373 1683100699 375 3685 3661 3641 3577 3619 3618 3586 4067 4067 4066 4066 4066 4066 4066 4066
374 1683100699 375 3687 3662 3641 3577 3620 3619 3586 4065 4065 4065 4065 4065 4065 4065 4065
375 1683100699 375 3686 3661 3640 3576 3619 3618 3586 4067 4067 4066 4066 4066 4066 4066 4066
376 1683100699 375 3685 3661 3640 3576 3619 3618 3586 4067 4067 4066 4066 4066 4066 4066 4066
377 1683100699 375 3687 3662 3641 3577 3619 3619 3587 4065 4065 4065 4065 4065 4065 4065 4065
378 1683100699 375 3686 3661 3640 3576 3619 3618 3587 4067 4067 4066 4066 4066 4066 4066 4066
379 1683100699 375 3686 3660 3640 3576 3618 3618 3586 4065 4065 4065 4065 4065 4065 4065 4065
380 1683100699 375 3686 3661 3641 3577 3619 3619 3587 4067 4067 4066 4066 4066 4066 4066 4066
381 1683100699 375 3685 3661 3640 3576 3618 3618 3586 4067 4067 4066 4066 4066 4066 4066 4066
382 1683100699 375 3687 3662 3641 3577 3620 3620 3587 4067 4067 4066 4066 4066 4066 4066 4066
383 1683100699 375 3686 3661 3640 3576 3619 3618 3586 4067 4067 4066 4066 4066 4066 4066 4066
384 1683100699 375 3686 3660 3640 3577 3619 3618 3586 4065 4065 4065 4065 4065 4065 4065 4065
385 1683100699 375 3687 3661 3640 3576 3618 3618 3586 4065 4065 4065 4065 4065 4065 4065 4065
386 1683100699 375 3686 3661 3640 3576 3618 3618 3586 4067 4067 4066 4066 4066 4066 4066 4066
387 1683100699 375 3685 3661 3640 3576 3618 3618 3586 4065 4065 4064 4064 4064 4064 4064 4064
388 1683100699 375 3685 3660 3640 3576 3618 3617 3585 4063 4063 4063 4063 4063 4063 4063 4063
389 1683100699 375 3685 3661 3641 3576 3618 3618 3586 4067 4067 4066 4066 4066 4066 4066 4066
390 1683100699 375 3684 3661 3640 3576 3618 3618 3586 4065 4065 4065 4065 4065 4065 4065 4065
391 1683100699 375 3687 3663 3642 3578 3620 3620 3587 4065 4065 4065 4065 4065 4065 4065 4065
392 1683100699 375 3686 3661 3640 3576 3619 3619 3587 4067 4067 4066 4066 4066 4066 4066 4066
393 1683100699 375 3687 3662 3641 3577 3619 3619 3587 4067 4065 4065 4065 4065 4065 4065 4065
394 1683100699 375 3686 3661 3640 3577 3619 3618 3587 4067 4067 4066 4066 4066 4066 4066 4066
395 1683100699 375 3686 3662 3640 3577 3619 3619 3586 4065 4065 4065 4065 4065 4065 4065 4065
396 1683100699 375 3686 3661 3641 3577 3619 3618 3586 4065 4065 4065 4065 4065 4065 4065 4065
397 1683100699 375 3686 3661 3640 3577 3618 3618 3586 4065 4065 4065 4065 4065 4065 4065 4065
398 1683100699 376 3686 3661 3640 3577 3618 3618 3586 4067 4067 4066 4066 4066 4066 4066 4066
399 1683100699 375 3686 3661 3640 3577 3619 3618 3586 4067 4067 4066 4066 4066 4066 4066 4066
400 1683100699 375 3687 3662 3641 3577 3619 3619 3587 4067 4067 4066 4066 4066 4066 4066 4066
401 1683100699 375 3687 3661 3640 3577 3619 3618 3586 4067 4065 4065 4065 4065 4065 4065 4065
402 1683100699 375 3687 3661 3641 3577 3620 3619 3587 4067 4067 4066 4066 4066 4066 4066 4066
403 1683100699 375 3686 3661 3641 3577 3619 3619 3587 4067 4067 4066 4066 4066 4066 4066 4066
404 1683100699 375 3686 3661 3641 3577 3620 3619 3587 4065 4065 4065 4065 4065 4065 4065 4065
405 1683100699 375 3685 3661 3640 3576 3618 3618 3586 4065 4065 4065 4065 4065 4065 4065 4065
406 1683100699 375 3686 3661 3640 3576 3619 3618 3586 4067 4067 4066 4066 4066 4066 4066 4066
407 1683100699 375 3685 3660 3639 3575 3618 3617 3585 4065 4065 4065 4065 4065 4065 4065 4065
408 1683100699 375 3686 3661 3641 3577 3619 3618 3587 4067 4067 4066 4066 4066 4066 4066 4066
409 1683100699 375 3686 3661 3640 3576 3618 3618 3586 4065 4065 4065 4065 4065 4065 4065 4065
410 1683100699 375 3687 3662 3641 3577 3619 3619 3587 4067 4067 4066 4066 4066 4066 4066 4066
411 1683100699 375 3686 3661 3640 3576 3618 3618 3586 4065 4065 4064 4064 4064 4064 4064 4064
412 1683100699 375 3686 3661 3641 3577 3619 3619 3586 4067 4067 4066 4066 4066 4066 4066 4066
413 1683100699 375 3685 3661 3640 3576 3618 3618 3586 4065 4065 4065 4065 4065 4065 4065 4065
414 1683100699 376 3686 3661 3641 3576 3619 3618 3587 4067 4067 4066 4066 4066 4066 4066 4066
415 1683100699 375 3687 3661 3641 3577 3619 3619 3586 4065 4065 4065 4065 4065 4065 4065 4065
416 1683100699 375 3686 3661 3640 3577 3619 3618 3586 4067 4065 4065 4065 4065 4065 4065 4065
417 1683100699 375 3685 3661 3640 3576 3619 3618 3586 4067 4067 4066 4066 4066 4066 4066 4066
418 1683100699 375 3687 3661 3641 3577 3619 3619 3587 4065 4065 4065 4065 4065 4065 4065 4065
419 1683100700 375 3687 3662 3642 3577 3619 3619 3587 4067 4067 4066 4066 4066 4066 4066 4066
420 1683100700 375 3686 3661 3640 3577 3619 3619 3587 4065 4065 4065 4065 4065 4065 4065 4065
421 1683100700 375 3685 3660 3640 3576 3618 3618 3586 4067 4067 4066 4066 4066 4066 4066 4066
422 1683100700 375 3687 3662 3641 3577 3620 3619 3587 4067 4065 4065 4065 4065 4065 4065 4065
423 1683100700 375 3687 3661 3641 3577 3619 3618 3587 4065 4065 4065 4065 4065 4065 4065 4065
424 1683100700 375 3687 3662 3642 3578 3620 3619 3588 4065 4065 4065 4065 4065 4065 4065 4065
425 1683100700 375 3687 3662 3642 3577 3620 3619 3587 4067 4067 4067 4067 4067 4067 4067 4067
426 1683100700 375 3687 3661 3641 3577 3619 3619 3586 4067 4067 4066 4066 4066 4066 4066 4066
427 1683100700 375 3687 3661 3641 3577 3620 3619 3587 4067 4067 4066 4066 4066 4066 4066 4066
428 1683100700 375 3686 3661 3640 3577 3619 3618 3586 4067 4067 4066 4066 4066 4066 4066 4066
429 1683100700 375 3685 3660 3640 3576 3618 3618 3586 4067 4067 4066 4066 4066 4066 4066 4066
430 1683100700 375 3686 3661 3640 3576 3619 3618 3586 4065 4065 4065 4065 4065 4065 4065 4065
431 1683100700 375 3687 3662 3641 3577 3619 3618 3587 4067 4067 4066 4066 4066 4066 4066 4066
432 1683100700 375 3686 3661 3641 3576 3619 3618 3586 4065 4065 4065 4065 4065 4065 4065 4065
433 1683100700 375 3686 3661 3640 3576 3618 3618 3586 4065 4065 4064 4064 4064 4064 4064 4064
434 1683100700 375 3686 3661 3641 3577 3618 3618 3587 4067 4065 4065 4065 4065 4065 4065 4065
435 1683100700 375 3687 3662 3640 3577 3619 3618 3586 4065 4065 4065 4065 4065 4065 4065 4065
436 1683100700 375 3689 3664 3643 3579 3621 3620 3588 4067 4067 4066 4066 4066 4066 4066 4066
437 1683100700 375 3686 3662 3641 3577 3619 3618 3587 4067 4067 4066 4066 4066 4066 4066 4066
438 1683100700 375 3687 3662 3641 3577 3619 3619 3587 4067 4067 4066 4066 4066 4066 4066 4066
439 1683100700 375 3687 3661 3640 3576 3618 3618 3586 4067 4067 4066 4066 4066 4066 4066 4066
440 1683100700 375 3687 3662 3642 3578 3620 3619 3587 4065 4065 4065 4065 4065 4065 4065 4065
441 1683100700 375 3686 3661 3640 3576 3618 3618 3586 4067 4067 4066 4066 4066 4066 4066 4066
442 1683100700 375 3687 3662 3641 3577 3619 3619 3587 4067 4067 4066 4066 4066 4066 4066 4066
443 1683100700 376 3687 3662 3641 3577 3619 3619 3587 4067 4065 4065 4065 4065 4065 4065 4065
444 1683100700 375 3686 3662 3640 3577 3619 3619 3586 4067 4067 4066 4066 4066 4066 4066 4066
445 1683100700 376 3687 3662 3642 3578 3620 3619 3587 4065 4065 4065 4065 4065 4065 4065 4065
446 1683100700 376 3686 3661 3640 3577 3619 3619 3587 4065 4063 4063 4063 4063 4063 4063 4063
447 1683100700 375 3688 3663 3642 3578 3621 3620 3588 4065 4065 4065 4065 4065 4065 4065 4065
448 1683100700 375 3687 3662 3641 3578 3619 3619 3587 4067 4067 4066 4066 4066 4066 4066 4066
449 1683100700 375 3687 3662 3641 3577 3619 3619 3586 4067 4067 4066 4066 4066 4066 4066 4066
450 1683100700 376 3686 3661 3641 3577 3619 3619 3586 4061 4061 4061 4061 4061 4061 4061 4061
451 1683100700 375 3686 3662 3641 3577 3619 3619 3586 4065 4065 4064 4064 4064 4064 4064 4064
452 1683100700 375 3686 3661 3640 3577 3619 3619 3587 4065 4065 4064 4064 4064 4064 4064 4064
453 1683100700 375 3685 3662 3641 3577 3619 3619 3587 4065 4065 4065 4065 4065 4065 4065 4065
454 1683100700 376 3687 3662 3641 3578 3620 3620 3587 4065 4065 4065 4065 4065 4065 4065 4065
455 1683100700 375 3687 3662 3641 3578 3620 3619 3587 4067 4067 4066 4066 4066 4066 4066 4066
456 1683100700 375 3686 3662 3641 3577 3619 3619 3587 4067 4067 4066 4066 4066 4066 4066 4066
457 1683100700 375 3687 3662 3641 3577 3619 3618 3586 4065 4065 4065 4065 4065 4065 4065 4065
458 1683100700 375 3687 3662 3641 3577 3619 3619 3587 4067 4067 4066 4066 4066 4066 4066 4066
459 1683100700 375 3687 3662 3642 384 3615 3619 3587 4065 4065 4065 4065 4065 4065 4065 4065
460 1683100700 375 3687 3662 3642 3578 3620 3619 3587 4065 4065 4065 4065 4065 4065 4065 4065
461 1683100700 375 3687 3662 3641 3577 3619 3619 3586 4067 4067 4066 4066 4066 4066 4066 4066
462 1683100700 375 3688 3662 3641 3577 3619 3619 3587 4063 4063 4063 4063 4063 4063 4063 4063
463 1683100700 376 3687 3662 3641 3577 3619 3618 3587 4065 4065 4065 4065 4065 4065 4065 4065
464 1683100700 375 3688 3662 3642 3578 3620 3619 3587 4067 4067 4066 4066 4066 4066 4066 4066
465 1683100700 375 3687 3661 3640 3577 3619 3618 3586 4067 4067 4067 4067 4067 4067 4067 4067
466 1683100700 375 3687 3661 3641 3577 3619 3618 3586 4065 4065 4064 4064 4064 4064 4064 4064
467 1683100700 375 3687 3663 3642 3578 3620 3620 3588 4067 4067 4066 4066 4066 4066 4066 4066
468 1683100700 375 3686 3662 3641 3577 3619 3619 3586 4067 4067 4066 4066 4066 4066 4066 4066
469 1683100700 375 3687 3662 3641 3578 3620 3619 3587 4067 4067 4066 4066 4066 4066 4066 4066
470 1683100700 375 3688 3662 3641 3577 3620 3620 3588 4065 4065 4064 4064 4064 4064 4064 4064
471 1683100700 375 3687 3663 3642 3578 3620 3619 3587 4067 4067 4066 4066 4066 4066 4066 4066
472 1683100700 375 3688 3663 3642 3578 3620 3619 3588 4067 4065 4065 4065 4065 4065 4065 4065
473 1683100700 375 3687 3662 3641 3577 3620 3619 3587 4067 4067 4066 4066 4066 4066 4066 4066
474 1683100700 376 3688 3663 3642 3578 3620 3620 3588 4065 4065 4065 4065 4065 4065 4065 4065
475 1683100700 375 3687 3662 3642 3578 3620 3619 3587 4067 4067 4066 4066 4066 4066 4066 4066
476 1683100700 376 3688 3663 3642 3578 3620 3620 3588 4067 4067 4066 4066 4066 4066 4066 4066
477 1683100700 376 3688 3663 3642 3578 3621 3620 3588 4067 4067 4066 4066 4066 4066 4066 4066
478 1683100700 376 3687 3662 3641 3578 3620 3619 3587 4067 4067 4066 4066 4066 4066 4066 4066
479 1683100700 376 3687 3661 3641 3578 3620 3619 3587 4067 4065 4065 4065 4065 4065 4065 4065
480 1683100700 376 3686 3662 3641 3577 3620 3619 3587 4065 4065 4065 4065 4065 4065 4065 4065
481 1683100700 376 3687 3663 3642 3579 3621 3620 3588 4067 4067 4066 4066 4066 4066 4066 4066
482 1683100700 376 3687 3663 3642 3578 3620 3620 3588 4067 4065 4065 4065 4065 4065 4065 4065
483 1683100700 375 3687 3662 3642 3578 3620 3619 3588 4065 4065 4065 4065 4065 4065 4065 4065
484 1683100700 376 3688 3663 3642 3579 3621 3621 3588 4067 4067 4066 4066 4066 4066 4066 4066
485 1683100700 376 3687 3662 3642 3577 3620 3619 3588 4065 4065 4065 4065 4065 4065 4065 4065
486 1683100700 375 3688 3662 3642 3577 3620 3619 3587 4067 4067 4066 4066 4066 4066 4066 4066
487 1683100701 376 3687 3662 3641 3578 3620 3619 3588 4067 4067 4066 4066 4066 4066 4066 4066
488 1683100701 375 3686 3661 3641 3576 3619 3618 3587 4065 4065 4065 4065 4065 4065 4065 4065
489 1683100701 375 3687 3663 3642 3578 3620 3620 3588 4067 4067 4066 4066 4066 4066 4066 4066
490 1683100701 376 3687 3662 3642 3578 3620 3620 3588 4067 4067 4066 4066 4066 4066 4066 4066
491 1683100701 374 3685 3660 3639 3575 3617 3617 3585 4065 4065 4065 4065 4065 4065 4065 4065
492 1683100701 374 3686 3661 3641 3576 3619 3618 3586 4067 4067 4066 4066 4066 4066 4066 4066
493 1683100701 374 3685 3660 3640 3576 3618 3618 3586 4067 4067 4066 4066 4066 4066 4066 4066
494 1683100701 374 3686 3661 3641 3576 3619 3618 3586 4067 4065 4065 4065 4065 4065 4065 4065
495 1683100701 374 3685 3660 3639 3576 3618 3618 3586 4065 4065 4065 4065 4065 4065 4065 4065
496 1683100701 374 3686 3660 3639 3575 3618 3617 3585 4067 4067 4066 4066 4066 4066 4066 4066
497 1683100701 374 3685 3661 3640 3576 3618 3617 3585 4067 4065 4065 4065 4065 4065 4065 4065
498 1683100701 374 3686 3660 3640 3576 3618 3617 3586 4067 4067 4066 4066 4066 4066 4066 4066
499 1683100701 374 3685 3660 3639 3576 3618 3617 3585 4065 4065 4065 4065 4065 4065 4065 4065
500 1683100701 374 3686 3660 3639 3575 3618 3617 3585 4065 4065 4065 4065 4065 4065 4065 4065
501 1683100701 374 3685 3660 3639 3576 3617 3617 3585 4065 4065 4065 4065 4065 4065 4065 4065
502 1683100701 374 3685 3661 3640 3576 3618 3617 3585 4063 4063 4062 4062 4062 4062 4062 4062
503 1683100701 374 3685 3660 3639 3575 3617 3617 3585 4065 4065 4065 4065 4065 4065 4065 4065
504 1683100701 374 3685 3659 3639 3575 3617 3616 3585 4067 4067 4066 4066 4066 4066 4066 4066
505 1683100701 374 3685 3661 3640 3577 3619 3618 3586 4065 4065 4065 4065 4065 4065 4065 4065
506 1683100701 373 3686 3661 3640 3576 3618 3617 3586 4067 4067 4066 4066 4066 4066 4066 4066
507 1683100701 374 3685 3660 3639 3576 3618 3617 3586 4065 4065 4064 4064 4064 4064 4064 4064
508 1683100701 374 3685 3660 3639 3576 3617 3617 3585 4067 4067 4066 4066 4066 4066 4066 4066
509 1683100701 373 3685 3660 3639 3575 3617 3617 3585 4065 4065 4064 4064 4064 4064 4064 4064
510 1683100701 374 3686 3661 3640 3576 3618 3618 3586 4067 4067 4066 4066 4066 4066 4066 4066
511 1683100701 374 3685 3660 3640 3576 3618 3618 3586 4067 4067 4066 4066 4066 4066 4066 4066
512 1683100701 374 3686 3661 3640 3576 3619 3618 3585 4065 4065 4064 4064 4064 4064 4064 4064
513 1683100701 374 3686 3661 3641 3576 3619 3619 3587 4067 4067 4066 4066 4066 4066 4066 4066
514 1683100701 374 3686 3661 3640 3576 3618 3618 3585 4067 4065 4065 4065 4065 4065 4065 4065
515 1683100701 375 3685 3660 3639 3575 3618 3617 3585 4065 4065 4065 4065 4065 4065 4065 4065
516 1683100701 374 3686 3661 3640 3577 3619 3618 3587 4065 4065 4065 4065 4065 4065 4065 4065
517 1683100701 374 3685 3660 3639 3575 3617 3617 3584 4065 4065 4065 4065 4065 4065 4065 4065
518 1683100701 374 3687 3662 3641 3576 3619 3618 3586 4065 4065 4065 4065 4065 4065 4065 4065
519 1683100701 374 3683 3660 3639 3575 3618 3617 3585 4067 4067 4066 4066 4066 4066 4066 4066
520 1683100701 374 3685 3660 3639 3575 3618 3617 3585 4067 4067 4066 4066 4066 4066 4066 4066
521 1683100701 374 3685 3661 3640 3576 3618 3618 3585 4067 4067 4066 4066 4066 4066 4066 4066
522 1683100701 374 3686 3661 3640 3576 3618 3618 3586 4065 4065 4065 4065 4065 4065 4065 4065
523 1683100701 374 3686 3661 3641 3577 3618 3618 3587 4067 4067 4066 4066 4066 4066 4066 4066
524 1683100701 374 3686 3660 3640 3576 3618 3617 3586 4067 4065 4065 4065 4065 4065 4065 4065
525 1683100701 374 3685 3660 3640 3576 3618 3617 3585 4065 4065 4065 4065 4065 4065 4065 4065
526 1683100701 375 3686 3661 3640 3577 3619 3618 3587 4067 4065 4065 4065 4065 4065 4065 4065
527 1683100701 375 3686 3661 3640 3577 3618 3618 3586 4067 4067 4066 4066 4066 4066 4066 4066
528 1683100701 375 3685 3660 3639 3575 3618 3617 3585 4065 4065 4065 4065 4065 4065 4065 4065
529 1683100701 374 3686 3661 3640 3576 3619 3618 3586 4065 4065 4065 4065 4065 4065 4065 4065
530 1683100701 374 3686 3661 3640 3577 3618 3618 3586 4065 4065 4064 4064 4064 4064 4064 4064
531 1683100701 374 3685 3660 3640 3575 3618 3617 3585 4065 4065 4065 4065 4065 4065 4065 4065
532 1683100701 374 3686 3661 3640 3576 3618 3618 3586 4065 4065 4065 4065 4065 4065 4065 4065
533 1683100701 374 3685 3661 3640 3576 3618 3618 3586 4065 4065 4065 4065 4065 4065 4065 4065
534 1683100701 374 3686 3661 3640 3576 3618 3618 3586 4067 4067 4066 4066 4066 4066 4066 4066
535 1683100701 374 3685 3660 3639 3576 3617 3617 3586 4067 4067 4066 4066 4066 4066 4066 4066
536 1683100701 374 3686 3661 3640 3576 3619 3618 3586 4067 4067 4066 4066 4066 4066 4066 4066
537 1683100701 374 3686 3661 3640 3576 3618 3618 3586 4067 4067 4066 4066 4066 4066 4066 4066
538 1683100701 375 3686 3661 3640 3576 3619 3618 3586 4065 4065 4065 4065 4065 4065 4065 4065
539 1683100701 375 3686 3661 3640 3576 3618 3618 3586 4063 4063 4063 4063 4063 4063 4063 4063
540 1683100701 374 3685 3660 3640 3576 3618 3617 3585 4065 4065 4065 4065 4065 4065 4065 4065
541 1683100701 374 3685 3660 3639 3575 3617 3616 3585 4067 4067 4066 4066 4066 4066 4066 4066
542 1683100701 375 3686 3661 3641 3577 3619 3618 3587 4065 4065 4065 4065 4065 4065 4065 4065
543 1683100701 373 3686 3660 3640 3576 3618 3617 3586 4065 4065 4065 4065 4065 4065 4065 4065
544 1683100701 374 3686 3661 3641 3577 3619 3618 3587 4067 4067 4066 4066 4066 4066 4066 4066
545 1683100701 374 3686 3661 3641 3576 3618 3618 3586 4067 4067 4066 4066 4066 4066 4066 4066
546 1683100701 374 3686 3661 3640 3576 3618 3617 3585 4067 4067 4066 4066 4066 4066 4066 4066
547 1683100701 374 3685 3661 3640 3576 3619 3618 3586 4067 4067 4066 4066 4066 4066 4066 4066
548 1683100701 374 3686 3660 3639 3576 3618 3617 3586 4067 4067 4066 4066 4066 4066 4066 4066
549 1683100702 374 3685 3660 3640 3576 3618 3618 3585 4065 4065 4065 4065 4065 4065 4065 4065
550 1683100702 374 3684 3661 3640 3576 3618 3617 3585 4067 4067 4066 4066 4066 4066 4066 4066
551 1683100702 374 3685 3660 3640 3576 3618 3618 3586 4065 4065 4065 4065 4065 4065 4065 4065
552 1683100702 375 3686 3661 3640 3577 3619 3618 3586 4065 4065 4065 4065 4065 4065 4065 4065
553 1683100702 374 3686 3661 3641 3577 3619 3618 3586 4067 4067 4066 4066 4066 4066 4066 4066
554 1683100702 375 3686 3661 3640 3577 3618 3618 3586 4065 4065 4065 4065 4065 4065 4065 4065
555 1683100702 374 3686 3661 3640 3576 3618 3618 3585 4067 4067 4066 4066 4066 4066 4066 4066
556 1683100702 374 3686 3662 3641 3577 3620 3619 3587 4065 4065 4065 4065 4065 4065 4065 4065
557 1683100702 374 3686 3662 3640 3576 3618 3618 3586 4065 4065 4065 4065 4065 4065 4065 4065
558 1683100702 374 3687 3661 3641 3577 3619 3618 3586 4065 4065 4065 4065 4065 4065 4065 4065
559 1683100702 375 3685 3660 3640 3576 3619 3618 3586 4067 4067 4066 4066 4066 4066 4066 4066
560 1683100702 374 3686 3662 3640 3576 3619 3618 3586 4067 4067 4066 4066 4066 4066 4066 4066
561 1683100702 374 3686 3661 3641 3577 3619 3618 3586 4065 4065 4065 4065 4065 4065 4065 4065
562 1683100702 375 3686 3661 3640 3576 3619 3618 3586 4065 4065 4065 4065 4065 4065 4065 4065
563 1683100702 374 3687 3662 3641 3577 3619 3619 3586 4065 4065 4065 4065 4065 4065 4065 4065
564 1683100702 374 3685 3660 3639 3575 3618 3617 3586 4065 4065 4065 4065 4065 4065 4065 4065
565 1683100702 375 3685 3661 3641 3577 3618 3619 3586 4065 4065 4064 4064 4064 4064 4064 4064
566 1683100702 374 3687 3662 3641 3577 3619 3618 3587 4067 4067 4066 4066 4066 4066 4066 4066
567 1683100702 374 3687 3661 3640 3576 3618 3618 3586 4065 4065 4065 4065 4065 4065 4065 4065
568 1683100702 374 3686 3662 3640 3577 3619 3618 3587 4065 4065 4064 4064 4064 4064 4064 4064
569 1683100702 374 3687 3661 3641 3577 3619 3618 3586 4067 4067 4066 4066 4066 4066 4066 4066
570 1683100702 374 3686 3661 3640 3577 3618 3618 3586 4065 4065 4065 4065 4065 4065 4065 4065
571 1683100702 375 3686 3661 3640 3577 3619 3618 3586 4065 4065 4065 4065 4065 4065 4065 4065
572 1683100702 375 3686 3661 3641 3576 3619 3618 3586 4065 4065 4065 4065 4065 4065 4065 4065
573 1683100702 375 3686 3661 3641 3577 3619 3618 3587 4067 4065 4065 4065 4065 4065 4065 4065
574 1683100702 374 3687 3662 3641 3578 3619 3619 3587 4067 4067 4066 4066 4066 4066 4066 4066
575 1683100702 375 3686 3661 3641 3577 3619 3618 3586 4065 4065 4065 4065 4065 4065 4065 4065
576 1683100702 375 3686 3662 3641 3576 3619 3618 3587 4065 4065 4064 4064 4064 4064 4064 4064
577 1683100702 375 3687 3662 3641 3577 3619 3619 3587 4067 4067 4066 4066 4066 4066 4066 4066
578 1683100702 374 3687 3662 3641 3577 3619 3619 3587 4067 4067 4066 4066 4066 4066 4066 4066
579 1683100702 375 3685 3660 3640 3576 3619 3618 3586 4065 4065 4065 4065 4065 4065 4065 4065
580 1683100702 375 3686 3662 3641 3577 3619 3619 3587 4067 4067 4066 4066 4066 4066 4066 4066
581 1683100702 374 3685 3661 3640 3577 3619 3618 3586 4061 4061 4061 4061 4061 4061 4061 4061
582 1683100702 374 3686 3660 3640 3576 3618 3617 3585 4067 4067 4066 4066 4066 4066 4066 4066
583 1683100702 374 3687 3662 3641 3578 3619 3619 1741 4067 4067 4066 4066 4066 4066 4066 4066
584 1683100702 375 3685 3660 3639 3575 3618 3617 3586 4067 4067 4066 4066 4066 4066 4066 4066
585 1683100702 375 3687 3662 3641 3577 3619 3619 3587 4067 4067 4066 4066 4066 4066 4066 4066
586 1683100702 375 3686 3661 3640 3576 3619 3618 3586 4067 4067 4066 4066 4066 4066 4066 4066
587 1683100702 375 3687 3662 3641 3578 3619 3619 3587 4065 4065 4065 4065 4065 4065 4065 4065
588 1683100702 374 3686 3661 3640 3576 3618 3617 3585 4067 4067 4066 4066 4066 4066 4066 4066
589 1683100702 374 3686 3662 3641 3577 3619 3619 3586 4065 4065 4064 4064 4064 4064 4064 4064
590 1683100702 374 3687 3662 3641 3577 3619 3619 3586 4067 4067 4066 4066 4066 4066 4066 4066
591 1683100702 375 3687 3661 3641 3577 3619 3619 3587 4067 4067 4066 4066 4066 4066 4066 4066
592 1683100702 374 3687 3661 3641 3577 3619 3618 3586 4067 4067 4066 4066 4066 4066 4066 4066
593 1683100702 375 3686 3661 3641 3577 3619 3619 3587 4065 4065 4065 4065 4065 4065 4065 4065
594 1683100702 374 3686 3661 3640 3576 3618 3618 3586 4067 4067 4066 4066 4066 4066 4066 4066
595 1683100702 374 3686 3662 3641 3577 3619 3618 3587 4067 4067 4066 4066 4066 4066 4066 4066
596 1683100702 375 3686 3661 3640 3576 3618 3618 3586 4065 4065 4065 4065 4065 4065 4065 4065
597 1683100702 375 3685 3661 3640 3576 3618 3618 3586 4065 4065 4065 4065 4065 4065 4065 4065
598 1683100702 375 3686 3661 3640 3577 3618 3619 3586 4067 4067 4066 4066 4066 4066 4066 4066
599 1683100702 374 3687 3662 3641 3577 3619 3619 3587 4065 4065 4065 4065 4065 4065 4065 4065
600 1683100702 374 3686 3661 3640 3576 3618 3618 3586 4065 4065 4064 4064 4064 4064 4064 4064
601 1683100702 375 3687 3662 3642 3578 3620 3619 3588 4067 4067 4066 4066 4066 4066 4066 4066
602 1683100702 375 3686 3661 3641 3577 3619 3618 3586 4067 4067 4066 4066 4066 4066 4066 4066
603 1683100702 375 3687 3662 3641 3577 3619 3619 3587 4065 4065 4064 4064 4064 4064 4064 4064
604 1683100702 375 3686 3661 3640 3576 3618 3618 3586 4067 4065 4065 4065 4065 4065 4065 4065
605 1683100702 374 3686 3661 3640 3576 3618 3618 3586 4065 4065 4064 4064 4064 4064 4064 4064
606 1683100702 375 3686 3661 3641 3577 3619 3619 3587 4065 4065 4064 4064 4064 4064 4064 4064
607 1683100702 374 3686 3661 3640 3577 3619 3618 3586 4065 4065 4065 4065 4065 4065 4065 4065
608 1683100702 375 3686 3661 3640 3577 3619 3619 3586 4067 4065 4065 4065 4065 4065 4065 4065
609 1683100702 375 3686 3662 3641 3577 3619 3619 3587 4067 4067 4066 4066 4066 4066 4066 4066
610 1683100702 375 3687 3662 3642 3578 3620 3619 3587 4065 4065 4065 4065 4065 4065 4065 4065
611 1683100702 375 3687 3661 3641 3577 3619 3618 3587 4067 4067 4066 4066 4066 4066 4066 4066
612 1683100702 374 3686 3661 3641 3576 3618 3618 3586 4065 4065 4065 4065 4065 4065 4065 4065
613 1683100702 375 3688 3662 3642 3578 3620 3619 3587 4065 4065 4065 4065 4065 4065 4065 4065
614 1683100702 375 3686 3661 3640 3577 3618 3618 3586 4067 4067 4066 4066 4066 4066 4066 4066
615 1683100702 375 3686 3661 3640 3577 3619 3619 3587 4067 4067 4066 4066 4066 4066 4066 4066
616 1683100702 374 3686 3661 3640 3577 3619 3618 3586 4067 4067 4066 4066 4066 4066 4066 4066
617 1683100702 375 3686 3662 3641 3577 3620 3619 3587 4067 4067 4066 4066 4066 4066 4066 4066
618 1683100702 375 3686 3662 3641 3577 3619 3618 3586 4067 4065 4065 4065 4065 4065 4065 4065
619 1683100703 375 3687 3662 3641 3577 3619 3619 3587 4067 4067 4066 4066 4066 4066 4066 4066
620 1683100703 375 3686 3661 3641 3577 3619 3618 3586 4067 4067 4066 4066 4066 4066 4066 4066
621 1683100703 374 3687 3662 3642 3578 3620 3619 3587 4065 4065 4065 4065 4065 4065 4065 4065
622 1683100703 374 3687 3661 3641 3577 3619 3619 3587 4067 4067 4066 4066 4066 4066 4066 4066
623 1683100703 375 3687 3662 3641 3577 3620 3619 3588 4067 4067 4066 4066 4066 4066 4066 4066
624 1683100703 375 3686 3662 3641 3577 3619 3618 3587 4067 4065 4065 4065 4065 4065 4065 4065
625 1683100703 375 3687 3661 3641 3578 3620 3619 3587 4065 4065 4065 4065 4065 4065 4065 4065
626 1683100703 375 3687 3661 3641 3577 3619 3619 3587 4067 4067 4066 4066 4066 4066 4066 4066
627 1683100703 376 3686 3662 3641 3577 3620 3619 3588 4067 4067 4066 4066 4066 4066 4066 4066
628 1683100703 375 3686 3661 3641 3576 3619 3618 3587 4067 4067 4066 4066 4066 4066 4066 4066
629 1683100703 375 3688 3662 3641 3578 3620 3619 3587 4067 4067 4066 4066 4066 4066 4066 4066
630 1683100703 375 3688 3662 3642 3578 3620 3620 3587 4067 4067 4066 4066 4066 4066 4066 4066
631 1683100703 375 3687 3662 3641 3577 3620 3619 3587 4065 4065 4065 4065 4065 4065 4065 4065
632 1683100703 375 3686 3661 3641 3577 3619 3619 3587 4065 4065 4065 4065 4065 4065 4065 4065
633 1683100703 375 3686 3662 3641 3577 3619 3618 3586 4067 4067 4066 4066 4066 4066 4066 4066
634 1683100703 375 3687 3661 3641 3577 3619 3618 3587 4067 4067 4066 4066 4066 4066 4066 4066
635 1683100703 375 3686 3661 3640 3576 3619 3618 3586 4067 4067 4066 4066 4066 4066 4066 4066
636 1683100703 374 3688 3663 3642 3578 3620 3620 3587 4065 4065 4065 4065 4065 4065 4065 4065
637 1683100703 375 3687 3662 3642 3577 3620 3620 3588 4067 4067 4066 4066 4066 4066 4066 4066
638 1683100703 375 3687 3662 3641 3577 3619 3619 3587 4067 4067 4066 4066 4066 4066 4066 4066
639 1683100703 375 3688 3663 3642 3578 3620 3620 3588 4067 4067 4066 4066 4066 4066 4066 4066
640 1683100703 375 3686 3661 3640 3576 3618 3618 3586 4067 4067 4066 4066 4066 4066 4066 4066
641 1683100703 375 3687 3662 3641 3577 3620 3619 3587 4065 4065 4065 4065 4065 4065 4065 4065
642 1683100703 375 3687 3662 3641 3577 3619 3619 3586 4065 4065 4065 4065 4065 4065 4065 4065
643 1683100703 375 3687 3662 3641 3577 3620 3619 3587 4065 4065 4065 4065 4065 4065 4065 4065
644 1683100703 375 3685 3660 3640 3576 3618 3618 3586 4065 4065 4065 4065 4065 4065 4065 4065
645 1683100703 375 3687 3662 3642 3577 3620 3619 3588 4065 4065 4064 4064 4064 4064 4064 4064
646 1683100703 375 3688 3662 3642 3578 3619 3619 3587 4067 4067 4066 4066 4066 4066 4066 4066
647 1683100703 375 3686 3661 3640 3577 3619 3618 3586 4065 4065 4065 4065 4065 4065 4065 4065
648 1683100703 375 3687 3662 3641 3578 3619 3619 3587 4067 4067 4066 4066 4066 4066 4066 4066
649 1683100703 375 3687 3661 3641 3577 3619 3619 3587 4065 4065 4065 4065 4065 4065 4065 4065
650 1683100703 375 3686 3661 3641 3577 3620 3619 3587 4065 4065 4065 4065 4065 4065 4065 4065
651 1683100703 375 3686 3661 3640 3576 3619 3619 3587 4067 4067 4067 4067 4067 4067 4067 4067
652 1683100703 375 3687 3662 3641 3577 3619 3620 3587 4065 4065 4064 4064 4064 4064 4064 4064
653 1683100703 375 3687 3662 3641 3577 3620 3619 3587 4065 4065 4064 4064 4064 4064 4064 4064
654 1683100703 375 3686 3661 3640 3576 3619 3618 3586 4067 4067 4066 4066 4066 4066 4066 4066
655 1683100703 375 3686 3661 3641 3576 3619 3619 3586 4067 4067 4066 4066 4066 4066 4066 4066
656 1683100703 375 3686 3661 3641 3577 3619 3618 3586 4067 4067 4066 4066 4066 4066 4066 4066
657 1683100703 375 3686 3661 3640 3577 3619 3618 3586 4065 4065 4065 4065 4065 4065 4065 4065
658 1683100703 375 3686 3660 3640 3576 3618 3618 3586 4065 4065 4065 4065 4065 4065 4065 4065
659 1683100703 375 3687 3662 3641 3578 3620 3619 3587 4067 4067 4066 4066 4066 4066 4066 4066
660 1683100703 375 3686 3662 3641 3577 3619 3619 3587 4065 4065 4065 4065 4065 4065 4065 4065
661 1683100703 375 3687 3662 3642 3577 3619 3619 3587 4065 4065 4065 4065 4065 4065 4065 4065
662 1683100703 375 3687 3662 3641 3577 3619 3619 3587 4067 4065 4065 4065 4065 4065 4065 4065
663 1683100703 375 3687 3662 3641 3577 3620 3619 3587 4065 4065 4064 4064 4064 4064 4064 4064
664 1683100703 375 3687 3662 3641 3578 3619 3619 3587 4067 4067 4066 4066 4066 4066 4066 4066
665 1683100703 375 3686 3661 3641 3577 3619 3619 3586 4067 4067 4066 4066 4066 4066 4066 4066
666 1683100703 375 3687 3662 3641 3577 3619 3618 3586 4065 4065 4065 4065 4065 4065 4065 4065
667 1683100703 375 3688 3663 3642 3578 3620 3620 3588 4065 4065 4065 4065 4065 4065 4065 4065
668 1683100703 375 3686 3662 3641 3577 3620 3619 3587 4065 4065 4065 4065 4065 4065 4065 4065
669 1683100703 375 3687 3662 3641 3577 3619 3618 3587 4065 4065 4065 4065 4065 4065 4065 4065
670 1683100703 374 3688 3663 3642 3578 3620 3620 3588 4067 4067 4066 4066 4066 4066 4066 4066
671 1683100703 375 3687 3661 3640 3577 3619 3619 3587 4065 4064 4064 4064 4064 4064 4064 4064
672 1683100703 375 3687 3662 3641 3577 3619 3619 3587 4067 4067 4066 4066 4066 4066 4066 4066
673 1683100703 375 3687 3663 3641 3578 3620 3619 3588 4067 4067 4066 4066 4066 4066 4066 4066
674 1683100703 375 3687 3663 3641 3577 3620 3619 3588 4067 4067 4066 4066 4066 4066 4066 4066
675 1683100703 375 3687 3663 3641 3578 3620 3620 3588 4067 4067 4066 4066 4066 4066 4066 4066
676 1683100703 375 3686 3662 3641 3577 3619 3619 3587 4065 4065 4065 4065 4065 4065 4065 4065
677 1683100703 375 3687 3662 3641 3577 3619 3619 3587 4067 4067 4066 4066 4066 4066 4066 4066
678 1683100703 375 3688 3662 3641 3577 3619 3619 3587 4067 4065 4065 4065 4065 4065 4065 4065
679 1683100703 375 3688 3663 3642 3578 3620 3620 3588 4065 4065 4064 4064 4064 4064 4064 4064
680 1683100703 375 3686 3662 3641 3577 3619 3619 3587 4065 4065 4065 4065 4065 4065 4065 4065
681 1683100703 375 3688 3662 3642 3578 3620 3620 3587 4065 4065 4065 4065 4065 4065 4065 4065
682 1683100703 375 3686 3661 3640 3576 3619 3618 3585 4065 4065 4065 4065 4065 4065 4065 4065
683 1683100703 375 3687 3663 3642 3578 3620 3619 3587 4067 4067 4066 4066 4066 4066 4066 4066
684 1683100703 375 3686 3662 3640 3577 3619 3619 3587 4067 4065 4065 4065 4065 4065 4065 4065
685 1683100703 375 3687 3662 3641 3578 3619 3618 3586 4067 4067 4066 4066 4066 4066 4066 4066
686 1683100703 375 3687 3662 3642 3577 3620 3619 3587 4067 4067 4066 4066 4066 4066 4066 4066
687 1683100703 375 3687 3662 3641 3577 3619 3619 3587 4067 4067 4066 4066 4066 4066 4066 4066
688 1683100703 375 3687 3662 3642 3578 3620 3620 3588 4067 4067 4066 4066 4066 4066 4066 4066
689 1683100703 375 3689 3664 3642 3579 3621 1735 1714 4065 4065 4065 4065 4065 4065 4065 4065
690 1683100703 375 3686 3662 3641 3577 3619 3619 3587 4065 4065 4065 4065 4065 4065 4065 4065
691 1683100703 375 3687 3662 3641 3577 3619 3619 3587 4065 4065 4065 4065 4065 4065 4065 4065
692 1683100703 375 3686 3662 3642 3577 3619 3619 3587 4065 4065 4065 4065 4065 4065 4065 4065
693 1683100703 375 3687 3662 3642 3577 3620 3619 3587 4067 4067 4066 4066 4066 4066 4066 4066
694 1683100703 375 3688 3663 3642 3578 3621 3619 3588 4067 4067 4066 4066 4066 4066 4066 4066
695 1683100703 375 3687 3661 3640 3577 3619 3619 3587 4065 4065 4065 4065 4065 4065 4065 4065
696 1683100704 376 3687 3662 3642 3578 3620 3619 3587 4065 4065 4065 4065 4065 4065 4065 4065
697 1683100704 376 3687 3662 3642 3578 3620 3619 3587 4067 4067 4066 4066 4066 4066 4066 4066
698 1683100704 376 3687 3662 3642 3578 3620 3619 3587 4067 4067 4066 4066 4066 4066 4066 4066
699 1683100704 375 3687 3662 3641 3578 3620 3620 3587 4067 4067 4066 4066 4066 4066 4066 4066
700 1683100704 375 3686 3662 3641 3577 3619 3619 3587 4067 4067 4066 4066 4066 4066 4066 4066
701 1683100704 375 3687 3663 3642 3578 3621 3620 3588 4067 4067 4066 4066 4066 4066 4066 4066
702 1683100704 375 3688 3663 3642 3577 3620 3620 3588 4067 4067 4066 4066 4066 4066 4066 4066
703 1683100704 376 3687 3663 3642 3578 3620 3619 3588 4067 4067 4066 4066 4066 4066 4066 4066
704 1683100704 376 3686 3662 3641 3577 3620 3619 3588 4067 4065 4065 4065 4065 4065 4065 4065
705 1683100704 376 3688 3663 3643 3579 3621 3620 3588 4065 4065 4065 4065 4065 4065 4065 4065
706 1683100704 375 3687 3662 3641 3577 3620 3619 3587 4065 4065 4065 4065 4065 4065 4065 4065
707 1683100704 375 3687 3662 3640 3577 3619 3619 3588 4067 4067 4066 4066 4066 4066 4066 4066
708 1683100704 375 3688 3663 3642 3578 3620 3620 3587 4065 4065 4065 4065 4065 4065 4065 4065
709 1683100704 376 3685 3662 3641 307 3617 3619 3588 4067 4067 4066 4066 4066 4066 4066 4066
710 1683100704 375 3688 3663 3642 3579 3621 3620 3588 4065 4065 4065 4065 4065 4065 4065 4065
711 1683100704 375 3688 3663 3642 3578 3620 3620 3587 4067 4067 4066 4066 4066 4066 4066 4066
712 1683100704 375 3687 3662 3641 3577 3619 3619 3586 4067 4065 4065 4065 4065 4065 4065 4065
713 1683100704 375 3687 3662 3641 3578 3620 3618 3587 4065 4065 4065 4065 4065 4065 4065 4065
714 1683100704 375 3688 3663 3642 3578 3621 3620 3588 4067 4067 4066 4066 4066 4066 4066 4066
715 1683100704 376 3687 3662 3642 3578 3620 3620 3588 4065 4065 4065 4065 4065 4065 4065 4065
716 1683100704 375 3687 3663 3641 3577 3620 3619 3587 4065 4065 4065 4065 4065 4065 4065 4065
717 1683100704 375 3687 3662 3642 3578 3620 3619 3587 4067 4067 4066 4066 4066 4066 4066 4066
718 1683100704 376 3686 3661 3641 3577 3619 3619 3587 4067 4067 4066 4066 4066 4066 4066 4066
719 1683100704 376 3687 3662 3642 3578 3620 3620 3588 4065 4065 4065 4065 4065 4065 4065 4065
720 1683100704 375 3687 3662 3641 3577 3619 3619 3587 4067 4065 4065 4065 4065 4065 4065 4065
721 1683100704 375 3689 3662 3642 3578 3620 3619 3587 4065 4065 4065 4065 4065 4065 4065 4065
722 1683100704 376 3688 3663 3642 3578 3620 3619 3587 4067 4065 4065 4065 4065 4065 4065 4065
723 1683100704 375 3687 3663 3642 3578 3620 3620 3587 4065 4065 4065 4065 4065 4065 4065 4065
724 1683100704 375 3686 3662 3642 3578 3620 3620 3587 4067 4067 4066 4066 4066 4066 4066 4066
725 1683100704 375 3687 3662 3641 3578 3620 3619 3588 4067 4067 4066 4066 4066 4066 4066 4066
726 1683100704 376 3687 3662 3642 3578 3620 3619 3588 4067 4067 4066 4066 4066 4066 4066 4066
727 1683100704 375 3687 3662 3640 3577 3619 3619 3587 4067 4067 4066 4066 4066 4066 4066 4066
728 1683100704 376 3686 3662 3641 3577 3620 3620 3588 4067 4067 4066 4066 4066 4066 4066 4066
729 1683100704 375 3688 3662 3642 3578 3620 3620 3588 4067 4067 4066 4066 4066 4066 4066 4066
730 1683100704 376 3688 3662 3642 3578 3620 3620 3588 4065 4065 4065 4065 4065 4065 4065 4065
731 1683100704 375 3687 3663 3642 3578 3619 3619 3587 4067 4067 4066 4066 4066 4066 4066 4066
732 1683100704 376 3688 3663 3642 3578 3620 3619 3587 4065 4065 4065 4065 4065 4065 4065 4065
733 1683100704 375 3687 3662 3642 3578 3620 3620 3587 4065 4065 4065 4065 4065 4065 4065 4065
734 1683100704 375 3688 3662 3641 3577 3620 3620 3588 4065 4065 4065 4065 4065 4065 4065 4065
735 1683100704 376 3687 3662 3642 3578 3620 3620 3588 4067 4067 4066 4066 4066 4066 4066 4066
736 1683100704 375 3688 3663 3642 3578 3620 3619 3587 4065 4065 4065 4065 4065 4065 4065 4065
737 1683100704 376 3687 3662 3642 3578 3620 3619 3587 4067 4065 4065 4065 4065 4065 4065 4065
738 1683100704 375 3687 3662 3642 3578 3620 3620 3588 4067 4067 4066 4066 4066 4066 4066 4066
739 1683100704 375 3687 3663 3642 3578 3620 3620 3588 4065 4065 4065 4065 4065 4065 4065 4065
740 1683100704 375 3686 3662 3641 3577 3619 3619 3587 4065 4065 4065 4065 4065 4065 4065 4065
741 1683100704 375 3689 3663 3642 3578 3621 3620 3588 4067 4067 4066 4066 4066 4066 4066 4066
742 1683100704 376 3688 3663 3643 3578 3621 3620 3587 4067 4067 4066 4066 4066 4066 4066 4066
743 1683100704 376 3687 3662 3641 3577 3619 3619 3587 4067 4067 4066 4066 4066 4066 4066 4066
744 1683100704 376 3687 3662 3642 3578 3620 3619 3588 4067 4067 4066 4066 4066 4066 4066 4066
745 1683100704 375 3689 3663 3643 3579 3621 3620 3588 4067 4067 4066 4066 4066 4066 4066 4066
746 1683100704 376 3688 3662 3642 3578 3620 3619 3588 4067 4067 4066 4066 4066 4066 4066 4066
747 1683100704 374 3686 3661 3640 3576 3618 3618 3586 4067 4067 4066 4066 4066 4066 4066 4066
748 1683100704 374 3686 3661 3640 3576 3618 3618 3586 4065 4065 4065 4065 4065 4065 4065 4065
749 1683100704 374 3686 3661 3640 3576 3618 3618 3586 4067 4067 4066 4066 4066 4066 4066 4066
750 1683100704 374 3686 3661 3640 3577 3619 3618 3586 4067 4067 4066 4066 4066 4066 4066 4066
751 1683100704 374 3685 3660 3640 3576 3618 3618 3585 4065 4065 4065 4065 4065 4065 4065 4065
752 1683100704 374 3686 3661 3640 3577 3619 3618 3587 4067 4067 4066 4066 4066 4066 4066 4066
753 1683100704 374 3685 3660 3640 3575 3618 3617 3585 4065 4065 4065 4065 4065 4065 4065 4065
754 1683100704 374 3686 3660 3639 3576 3618 3617 3586 4067 4067 4066 4066 4066 4066 4066 4066
755 1683100704 374 3686 3661 3641 3576 3618 3617 3585 4067 4067 4066 4066 4066 4066 4066 4066
756 1683100704 374 3687 3662 3641 3577 3619 3619 3587 4067 4067 4066 4066 4066 4066 4066 4066
757 1683100705 374 3686 3661 3640 3576 3618 3618 3586 4065 4065 4065 4065 4065 4065 4065 4065
758 1683100705 374 3686 3661 3640 3576 3619 3618 3586 4065 4065 4065 4065 4065 4065 4065 4065
759 1683100705 374 3687 3662 3641 3577 3619 3619 3587 4067 4067 4066 4066 4066 4066 4066 4066
760 1683100705 374 3686 3660 3639 3576 3618 3617 3585 4067 4067 4066 4066 4066 4066 4066 4066
761 1683100705 374 3685 3661 3640 3577 3618 3618 3586 4067 4067 4066 4066 4066 4066 4066 4066
762 1683100705 374 3685 3661 3640 3576 3618 3618 3586 4067 4067 4066 4066 4066 4066 4066 4066
763 1683100705 374 3686 3661 3640 3577 3619 3618 3586 4065 4065 4065 4065 4065 4065 4065 4065
764 1683100705 373 3686 3661 3640 3576 3618 3618 3586 4067 4067 4066 4066 4066 4066 4066 4066
765 1683100705 374 3685 3660 3640 3576 3618 3618 3586 4067 4065 4065 4065 4065 4065 4065 4065
766 1683100705 374 3686 3661 3640 3576 3618 3618 3586 4067 4067 4066 4066 4066 4066 4066 4066
767 1683100705 374 3685 3661 3640 3576 3618 3618 3586 4067 4067 4066 4066 4066 4066 4066 4066
768 1683100705 374 3686 3661 3640 3577 3619 3618 3586 4065 4065 4065 4065 4065 4065 4065 4065
769 1683100705 374 3687 3662 3641 3577 3619 3618 3586 4065 4065 4065 4065 4065 4065 4065 4065
770 1683100705 374 3686 3661 3640 3577 3618 3618 3586 4067 4067 4066 4066 4066 4066 4066 4066
771 1683100705 374 3687 3662 3641 3577 3620 3619 3587 4067 4067 4066 4066 4066 4066 4066 4066
772 1683100705 374 3686 3661 3640 3576 3618 3618 3586 4067 4067 4066 4066 4066 4066 4066 4066
773 1683100705 374 3685 3661 3640 3577 3619 3618 3586 4065 4063 4063 4063 4063 4063 4063 4063
774 1683100705 374 3684 3660 3640 3575 3618 3617 3585 4067 4067 4066 4066 4066 4066 4066 4066
775 1683100705 374 3686 3661 3641 3577 3619 3618 3586 4067 4067 4066 4066 4066 4066 4066 4066
776 1683100705 374 3686 3661 3640 3576 3619 3618 3586 4067 4067 4066 4066 4066 4066 4066 4066
777 1683100705 374 3686 3661 3640 3576 3618 3618 3586 4065 4065 4065 4065 4065 4065 4065 4065
778 1683100705 374 3686 3662 3641 3577 3619 3619 3587 4067 4067 4066 4066 4066 4066 4066 4066
779 1683100705 374 3686 3661 3640 3576 3619 3618 3586 4065 4065 4065 4065 4065 4065 4065 4065
780 1683100705 374 3686 3663 3642 3578 3619 3619 3587 4067 4067 4066 4066 4066 4066 4066 4066
781 1683100705 374 3686 3662 3640 3577 3618 3618 3586 4061 4061 4061 4061 4061 4061 4061 4061
782 1683100705 374 3686 3661 3641 3577 3619 3618 3586 4065 4065 4064 4064 4064 4064 4064 4064
783 1683100705 374 3686 3661 3641 3577 3619 3619 3586 4065 4065 4065 4065 4065 4065 4065 4065
784 1683100705 374 3686 3661 3640 3576 3619 3618 3586 4067 4067 4066 4066 4066 4066 4066 4066
785 1683100705 374 3687 3661 3640 3577 3619 3618 3586 4067 4065 4065 4065 4065 4065 4065 4065
786 1683100705 374 3687 3662 3641 3577 3619 3618 3587 4065 4065 4065 4065 4065 4065 4065 4065
787 1683100705 374 3687 3661 3640 3577 3619 3618 3587 4067 4067 4066 4066 4066 4066 4066 4066
788 1683100705 374 3686 3661 3640 3576 3618 3618 3586 4067 4067 4066 4066 4066 4066 4066 4066
789 1683100705 374 3687 3662 3641 3577 3620 3619 3587 4065 4065 4065 4065 4065 4065 4065 4065
790 1683100705 374 3686 3661 3640 3576 3618 3617 3585 4067 4067 4066 4066 4066 4066 4066 4066
791 1683100705 374 3687 3662 3641 3577 3619 3619 3587 4065 4065 4065 4065 4065 4065 4065 4065
792 1683100705 374 3686 3660 3639 3576 3618 3617 3585 4067 4067 4066 4066 4066 4066 4066 4066
793 1683100705 374 3687 3662 3641 3577 3620 3619 3587 4065 4065 4065 4065 4065 4065 4065 4065
794 1683100705 375 3686 3661 3640 3576 3618 3618 3586 4067 4067 4066 4066 4066 4066 4066 4066
795 1683100705 374 3687 3662 3640 3577 3619 3618 3587 4065 4065 4065 4065 4065 4065 4065 4065
796 1683100705 374 3686 3661 3641 3577 3618 3618 3586 4067 4067 4066 4066 4066 4066 4066 4066
797 1683100705 374 3686 3661 3640 3577 3619 3619 3587 4067 4067 4066 4066 4066 4066 4066 4066
798 1683100705 374 3686 3660 3640 3576 3618 3618 3586 4067 4067 4066 4066 4066 4066 4066 4066
799 1683100705 374 3686 3661 3640 3576 3619 3618 3586 4063 4063 4063 4063 4063 4063 4063 4063
800 1683100705 374 3686 3661 3640 3576 3619 3618 3586 4065 4065 4065 4065 4065 4065 4065 4065
801 1683100705 374 3686 3661 3640 3576 3618 3618 3586 4067 4067 4066 4066 4066 4066 4066 4066
802 1683100705 374 3686 3661 3641 3577 3619 3618 3586 4067 4067 4066 4066 4066 4066 4066 4066
803 1683100705 374 3687 3662 3640 3577 3619 3618 3586 4065 4065 4065 4065 4065 4065 4065 4065
804 1683100705 374 3686 3661 3641 3576 3619 3618 3586 4067 4067 4066 4066 4066 4066 4066 4066
805 1683100705 374 3685 3661 3641 3577 3619 3619 3586 4065 4065 4064 4064 4064 4064 4064 4064
806 1683100705 374 3686 3661 3640 3577 3619 3618 3586 4067 4067 4066 4066 4066 4066 4066 4066
807 1683100705 374 3687 3662 3641 3576 3619 3618 3586 4067 4067 4066 4066 4066 4066 4066 4066
808 1683100705 374 3686 3661 3641 3577 3619 3618 3586 4065 4065 4065 4065 4065 4065 4065 4065
809 1683100705 374 3686 3661 3640 3577 3619 3618 3586 4067 4067 4066 4066 4066 4066 4066 4066
810 1683100705 375 3686 3661 3641 3577 3619 3619 3586 4065 4065 4065 4065 4065 4065 4065 4065
811 1683100705 374 3686 3661 3640 3576 3619 3618 3586 4067 4067 4066 4066 4066 4066 4066 4066
812 1683100705 374 3686 3661 3640 3576 3618 3618 3586 4067 4067 4066 4066 4066 4066 4066 4066
813 1683100705 375 3687 3662 3641 3578 3619 3619 3587 4067 4067 4066 4066 4066 4066 4066 4066
814 1683100705 375 3686 3662 3641 3577 3619 3619 3586 4067 4067 4066 4066 4066 4066 4066 4066
815 1683100705 375 3686 3661 3640 3576 3619 3618 3587 4065 4065 4065 4065 4065 4065 4065 4065
816 1683100705 374 3687 3662 3641 3577 3619 3618 3586 4065 4065 4065 4065 4065 4065 4065 4065
817 1683100705 374 3687 3662 3641 3577 3619 3619 3587 4067 4067 4066 4066 4066 4066 4066 4066
818 1683100705 374 3686 3662 3641 3577 3619 3618 3587 4067 4067 4066 4066 4066 4066 4066 4066
819 1683100705 375 3687 3662 3642 3577 3620 3619 3587 4065 4065 4065 4065 4065 4065 4065 4065
820 1683100705 374 3686 3661 3640 3576 3618 3618 3586 4067 4067 4066 4066 4066 4066 4066 4066
821 1683100705 375 3687 3661 3641 3577 3620 3619 3587 4065 4065 4065 4065 4065 4065 4065 4065
822 1683100705 374 3686 3661 3640 3576 3618 3617 3585 4067 4067 4066 4066 4066 4066 4066 4066
823 1683100705 375 3686 3661 3641 3577 3619 3619 3587 4067 4067 4066 4066 4066 4066 4066 4066
824 1683100705 374 3685 3660 3639 3576 3618 3617 3586 4067 4067 4066 4066 4066 4066 4066 4066
825 1683100705 374 3688 3663 3641 3578 3620 3619 3587 4065 4065 4065 4065 4065 4065 4065 4065
826 1683100705 375 3687 3663 3641 3577 3620 3620 3588 4067 4067 4066 4066 4066 4066 4066 4066
827 1683100705 374 3687 3662 3641 3577 3619 3618 3587 4067 4066 4066 4066 4066 4066 4066 4066
828 1683100705 374 3686 3661 3640 3576 3618 3617 3586 4065 4065 4064 4064 4064 4064 4064 4064
829 1683100705 374 3687 3661 3641 3577 3619 3619 3587 4067 4067 4066 4066 4066 4066 4066 4066
830 1683100706 374 3686 3661 3640 3577 3618 3618 3586 4065 4065 4065 4065 4065 4065 4065 4065
831 1683100706 374 3687 3662 3641 3576 3619 3618 3586 4065 4065 4065 4065 4065 4065 4065 4065
832 1683100706 375 3687 3663 3642 3578 3620 3619 3587 4067 4065 4065 4065 4065 4065 4065 4065
833 1683100706 375 3686 3661 3641 3577 3619 3619 3587 4067 4067 4066 4066 4066 4066 4066 4066
834 1683100706 374 3687 3662 3641 3577 3619 3618 3587 4067 4067 4066 4066 4066 4066 4066 4066
835 1683100706 374 3686 3662 3641 3577 3619 3619 3587 4067 4067 4066 4066 4066 4066 4066 4066
836 1683100706 374 3686 3661 3641 3577 3619 3619 3587 4065 4065 4065 4065 4065 4065 4065 4065
837 1683100706 374 3685 3661 3640 3577 3618 3618 3586 4065 4065 4065 4065 4065 4065 4065 4065
838 1683100706 375 3686 3661 3640 3576 3619 3618 3586 4067 4067 4066 4066 4066 4066 4066 4066
839 1683100706 374 3686 3661 3640 3576 3619 3618 3586 4065 4065 4065 4065 4065 4065 4065 4065
840 1683100706 374 3686 3662 3641 3577 3619 3618 3587 4065 4065 4065 4065 4065 4065 4065 4065
841 1683100706 375 3685 3660 3640 3576 3618 3618 3586 4065 4065 4065 4065 4065 4065 4065 4065
842 1683100706 375 3687 3662 3641 3577 3620 3619 3586 4065 4065 4064 4064 4064 4064 4064 4064
843 1683100706 375 3687 3662 3641 3577 3619 3619 3587 4067 4067 4066 4066 4066 4066 4066 4066
844 1683100706 374 3686 3662 3640 3577 3618 3618 3587 4067 4067 4066 4066 4066 4066 4066 4066
845 1683100706 375 3686 3661 3641 3577 3619 3618 3586 4067 4067 4066 4066 4066 4066 4066 4066
846 1683100706 374 3686 3661 3641 3576 3619 3618 3585 4067 4065 4065 4065 4065 4065 4065 4065
847 1683100706 375 3687 3662 3641 3577 3619 3619 3587 4067 4065 4065 4065 4065 4065 4065 4065
848 1683100706 374 3686 3661 3640 3576 3619 3618 3586 4067 4067 4066 4066 4066 4066 4066 4066
849 1683100706 374 3687 3662 3641 3578 3619 3619 3587 4067 4067 4066 4066 4066 4066 4066 4066
850 1683100706 375 3687 3662 3641 3577 3619 3619 3586 4067 4067 4066 4066 4066 4066 4066 4066
851 1683100706 375 3687 3662 3641 3578 3620 3619 3587 4065 4065 4065 4065 4065 4065 4065 4065
852 1683100706 375 3686 3662 3641 3577 3619 3619 3587 4067 4067 4066 4066 4066 4066 4066 4066
853 1683100706 374 3685 3662 3641 3577 3619 3618 3587 4065 4065 4065 4065 4065 4065 4065 4065
854 1683100706 375 3687 3662 3641 3577 3619 3618 3586 4067 4067 4066 4066 4066 4066 4066 4066
855 1683100706 375 3687 3662 3642 3578 3620 3619 3588 4065 4065 4065 4065 4065 4065 4065 4065
856 1683100706 375 3687 3662 3642 3578 3620 3619 3587 4065 4065 4065 4065 4065 4065 4065 4065
857 1683100706 374 3687 3662 3641 3577 3619 3619 3587 4067 4067 4066 4066 4066 4066 4066 4066
858 1683100706 375 3687 3662 3641 3577 3619 3619 3588 4065 4065 4065 4065 4065 4065 4065 4065
859 1683100706 375 3687 3662 3641 3578 3620 3619 3587 4067 4067 4066 4066 4066 4066 4066 4066
860 1683100706 375 3686 3662 3641 3577 3619 3619 3587 4065 4065 4065 4065 4065 4065 4065 4065
861 1683100706 375 3687 3662 3641 3577 3619 3619 3587 4065 4065 4065 4065 4065 4065 4065 4065
862 1683100706 374 3686 3662 3641 3577 3619 3619 3586 4067 4067 4066 4066 4066 4066 4066 4066
863 1683100706 375 3686 3661 3640 3576 3619 3618 3586 4067 4065 4065 4065 4065 4065 4065 4065
864 1683100706 375 3688 3662 3642 3578 3620 3620 3588 4067 4067 4066 4066 4066 4066 4066 4066
865 1683100706 374 3688 3662 3642 3578 3620 3619 3587 4065 4065 4064 4064 4064 4064 4064 4064
866 1683100706 375 3687 3662 3642 3578 3620 3619 3588 4067 4067 4066 4066 4066 4066 4066 4066
867 1683100706 375 3687 3663 3642 3578 3620 3619 3587 4063 4063 4063 4063 4063 4063 4063 4063
868 1683100706 375 3686 3662 3641 3578 3619 3619 3587 4067 4067 4066 4066 4066 4066 4066 4066
869 1683100706 375 3687 3662 3641 3577 3620 3620 3588 4067 4067 4066 4066 4066 4066 4066 4066
870 1683100714 375 3685 3660 3640 3575 3617 3617 3585 4067 4067 4066 4066 4066 4066 4066 4066
871 1683100714 375 3686 3662 3641 3577 3619 3619 3586 4067 4067 4066 4066 4066 4066 4066 4066
872 1683100714 375 3686 3661 3641 3576 3619 3618 3586 4067 4067 4066 4066 4066 4066 4066 4066
873 1683100714 375 3688 3662 3642 3577 3620 3619 3588 4065 4065 4065 4065 4065 4065 4065 4065
874 1683100714 375 3686 3662 3641 3577 3619 3619 3586 4065 4065 4065 4065 4065 4065 4065 4065
875 1683100714 375 3686 3661 3640 3577 3619 3618 3586 4065 4065 4065 4065 4065 4065 4065 4065
876 1683100714 375 3686 3661 3641 3576 3619 3618 3587 4067 4065 4065 4065 4065 4065 4065 4065
877 1683100714 375 3686 3661 3640 3576 3619 3618 3585 4067 4067 4066 4066 4066 4066 4066 4066
878 1683100714 375 3686 3661 3640 3576 3618 3618 3586 4067 4065 4065 4065 4065 4065 4065 4065
879 1683100714 375 3687 3662 3641 3577 3619 3619 3587 4067 4067 4066 4066 4066 4066 4066 4066
880 1683100714 375 3686 3661 3641 3577 3619 3619 3586 4067 4067 4066 4066 4066 4066 4066 4066
881 1683100714 375 3687 3662 3641 3577 3619 3618 3587 4065 4065 4065 4065 4065 4065 4065 4065
882 1683100714 375 3686 3661 3640 3576 3619 3619 3587 4065 4065 4065 4065 4065 4065 4065 4065
883 1683100714 375 3686 3662 3641 3576 3619 3618 3586 4067 4065 4065 4065 4065 4065 4065 4065
884 1683100714 375 3685 3661 3640 3577 3619 3618 3586 4065 4065 4064 4064 4064 4064 4064 4064
885 1683100714 375 3686 3661 3640 3576 3619 3618 3586 4067 4067 4066 4066 4066 4066 4066 4066
886 1683100714 375 3686 3661 3640 3576 3618 3618 3586 4067 4067 4066 4066 4066 4066 4066 4066
887 1683100714 375 3686 3661 3641 3577 3619 3619 3587 4067 4067 4066 4066 4066 4066 4066 4066
888 1683100714 375 3685 3660 3640 3577 3619 3618 3586 4063 4063 4062 4062 4062 4062 4062 4062
889 1683100714 375 3687 3661 3641 3577 3619 3619 3587 4067 4067 4066 4066 4066 4066 4066 4066
890 1683100714 375 3685 3660 3639 3576 3618 3618 3586 4065 4065 4065 4065 4065 4065 4065 4065
891 1683100714 375 3686 3661 3641 3577 3619 3619 3586 4065 4065 4065 4065 4065 4065 4065 4065
892 1683100714 375 3687 3662 3641 3577 3619 3618 3587 4067 4067 4066 4066 4066 4066 4066 4066
893 1683100714 375 3686 3661 3641 3577 3619 3619 3587 4067 4067 4066 4066 4066 4066 4066 4066
894 1683100714 375 3687 3662 3641 3578 3619 3619 3587 4063 4063 4063 4063 4063 4063 4063 4063
895 1683100714 375 3687 3662 3641 3577 3619 3619 3587 4065 4065 4065 4065 4065 4065 4065 4065
896 1683100714 375 3686 3661 3641 3577 3619 3618 3586 4067 4067 4066 4066 4066 4066 4066 4066
897 1683100714 375 3687 3662 3641 3578 3619 3619 3587 4067 4067 4066 4066 4066 4066 4066 4066
898 1683100714 375 3686 3662 3640 3576 3619 3618 3586 4067 4067 4066 4066 4066 4066 4066 4066
899 1683100714 375 3686 3663 3642 3578 3620 3619 3587 4067 4067 4066 4066 4066 4066 4066 4066
900 1683100714 375 3687 3662 3641 3577 3619 3619 3586 4067 4067 4066 4066 4066 4066 4066 4066
901 1683100714 375 3684 3661 3640 3576 3618 3617 3585 4065 4065 4065 4065 4065 4065 4065 4065
902 1683100714 375 3687 3662 3640 3577 3619 3618 3587 4067 4067 4066 4066 4066 4066 4066 4066
903 1683100714 375 3686 3662 3641 3577 3619 3619 3586 4067 4065 4065 4065 4065 4065 4065 4065
904 1683100714 375 3687 3662 3641 3577 3619 3619 3587 4065 4065 4065 4065 4065 4065 4065 4065
905 1683100714 375 3687 3662 3642 3578 3620 3619 3587 4065 4065 4065 4065 4065 4065 4065 4065
906 1683100714 375 3687 3662 3641 3577 3620 3619 3587 4065 4065 4065 4065 4065 4065 4065 4065
907 1683100714 375 3686 3662 3641 3578 3619 3619 3587 4065 4065 4065 4065 4065 4065 4065 4065
908 1683100714 375 3687 3662 3641 3578 3620 3619 3587 4067 4065 4065 4065 4065 4065 4065 4065
909 1683100714 375 3687 3662 3641 3578 3620 3620 3588 4067 4067 4066 4066 4066 4066 4066 4066
910 1683100714 375 3687 3662 3642 3578 3620 3620 3587 4065 4065 4065 4065 4065 4065 4065 4065
911 1683100714 375 3687 3662 3641 3577 3620 3619 3587 4065 4065 4065 4065 4065 4065 4065 4065
912 1683100714 375 3687 3662 3641 3577 3619 3618 3587 4065 4065 4065 4065 4065 4065 4065 4065
913 1683100714 375 3687 3661 3641 3577 3619 3619 3587 4067 4067 4066 4066 4066 4066 4066 4066
914 1683100715 375 3687 3662 3641 3578 3620 3620 3588 4065 4065 4064 4064 4064 4064 4064 4064
915 1683100715 375 3688 3663 3642 3577 3620 3620 3587 4065 4065 4065 4065 4065 4065 4065 4065
916 1683100715 375 3687 3662 3641 3577 3620 3619 3587 4065 4065 4065 4065 4065 4065 4065 4065
917 1683100715 376 3686 3661 3641 3577 3619 3619 3587 4067 4067 4066 4066 4066 4066 4066 4066
918 1683100715 375 3687 3662 3641 3578 3619 3619 3588 4065 4065 4065 4065 4065 4065 4065 4065
919 1683100715 375 3686 3662 3641 3577 3619 3618 3587 4059 4059 4059 4059 4059 4059 4059 4059
920 1683100715 376 3687 3662 3641 3577 3619 3620 3587 4067 4067 4066 4066 4066 4066 4066 4066
921 1683100715 375 3687 3662 3641 3577 3620 3619 3586 4065 4065 4065 4065 4065 4065 4065 4065
922 1683100715 375 3687 3662 3641 3577 3619 3619 3587 4067 4067 4066 4066 4066 4066 4066 4066
923 1683100715 375 3687 3663 3642 3578 3620 3619 3588 4067 4067 4066 4066 4066 4066 4066 4066
924 1683100715 375 3686 3662 3641 3577 3619 3618 3587 4065 4065 4064 4064 4064 4064 4064 4064
925 1683100715 375 3688 3663 3642 3578 3620 3619 3588 4067 4067 4066 4066 4066 4066 4066 4066
926 1683100715 375 3687 3662 3641 3577 3620 3619 3587 4067 4067 4066 4066 4066 4066 4066 4066
927 1683100715 375 3687 3662 3641 3577 3620 3619 3587 4065 4065 4065 4065 4065 4065 4065 4065
928 1683100715 375 3686 3661 3641 3577 3619 3619 3587 4065 4065 4064 4064 4064 4064 4064 4064
929 1683100715 376 3687 3662 3641 3577 3620 3619 3587 4065 4065 4065 4065 4065 4065 4065 4065
930 1683100715 375 3687 3662 3641 3577 3619 3619 3587 4065 4065 4065 4065 4065 4065 4065 4065
931 1683100715 375 3686 3662 3641 3577 3620 3620 3588 4067 4067 4066 4066 4066 4066 4066 4066
932 1683100715 375 3688 3663 3642 3578 3620 3620 3588 4063 4063 4063 4063 4063 4063 4063 4063
933 1683100715 375 3687 3662 3641 3578 3620 3619 3587 4067 4067 4066 4066 4066 4066 4066 4066
934 1683100715 375 3687 3662 3641 3577 3619 3619 3587 4067 4067 4066 4066 4066 4066 4066 4066
935 1683100715 376 3686 3662 3641 3577 3619 3619 3587 4067 4067 4066 4066 4066 4066 4066 4066
936 1683100715 375 3688 3663 3642 3578 3620 3620 3588 4065 4065 4065 4065 4065 4065 4065 4065
937 1683100715 375 3687 3662 3642 3578 3620 3619 3587 4065 4065 4065 4065 4065 4065 4065 4065
938 1683100715 375 3687 3662 3642 3578 3620 3619 3588 4063 4063 4063 4063 4063 4063 4063 4063
939 1683100715 376 3686 3661 3641 3577 3619 3619 3587 4067 4067 4066 4066 4066 4066 4066 4066
940 1683100715 375 3687 3662 3641 3577 3620 3619 3587 4065 4065 4065 4065 4065 4065 4065 4065
941 1683100715 376 3687 3662 3641 3577 3619 3618 3587 4065 4065 4065 4065 4065 4065 4065 4065
942 1683100715 375 3687 3662 3641 3578 3620 3620 3588 4067 4067 4066 4066 4066 4066 4066 4066
943 1683100715 375 3687 3662 3641 3577 3619 3618 3586 4065 4065 4065 4065 4065 4065 4065 4065
944 1683100715 375 3687 3662 3642 3578 3620 3619 3588 4067 4067 4066 4066 4066 4066 4066 4066
945 1683100715 375 3687 3663 3642 3578 3620 3619 3587 4067 4067 4066 4066 4066 4066 4066 4066
946 1683100715 375 3687 3662 3641 3577 3620 3619 3587 4061 4061 4061 4061 4061 4061 4061 4061
947 1683100715 374 3687 3662 3641 3577 3619 3619 3587 4065 4065 4065 4065 4065 4065 4065 4065
948 1683100715 375 3688 3663 3642 3578 3620 3619 3587 4067 4067 4066 4066 4066 4066 4066 4066
949 1683100715 375 3687 3662 3641 3577 3620 3619 3587 4065 4065 4064 4064 4064 4064 4064 4064
950 1683100715 375 3687 3663 3642 3578 3620 3620 3588 4067 4067 4066 4066 4066 4066 4066 4066
951 1683100715 376 3686 3661 3641 3577 3619 3619 3587 4067 4065 4065 4065 4065 4065 4065 4065
952 1683100715 375 3689 3664 3643 3579 3621 3621 3589 4065 4065 4065 4065 4065 4065 4065 4065
953 1683100715 375 3688 3663 3643 3578 3621 3620 3588 4067 4067 4066 4066 4066 4066 4066 4066
954 1683100715 375 3687 3663 3642 3578 3620 3619 3588 4067 4067 4066 4066 4066 4066 4066 4066
955 1683100715 375 3689 3664 3643 3579 3621 3621 3589 4065 4065 4065 4065 4065 4065 4065 4065
956 1683100715 375 3687 3662 3641 3578 3620 3620 3588 4067 4067 4066 4066 4066 4066 4066 4066
957 1683100715 376 3688 3662 3642 3578 3620 3620 3588 4067 4067 4066 4066 4066 4066 4066 4066
958 1683100715 376 3688 3663 3642 3578 3620 3620 3588 4067 4067 4066 4066 4066 4066 4066 4066
959 1683100715 375 3687 3662 3641 3577 3619 3619 3587 4067 4065 4065 4065 4065 4065 4065 4065
960 1683100715 375 3687 3662 3642 3578 3620 3619 3587 4065 4065 4065 4065 4065 4065 4065 4065
961 1683100715 376 3688 3663 3643 3579 3621 3620 3589 4067 4067 4066 4066 4066 4066 4066 4066
962 1683100715 375 3687 3663 3642 3578 3620 3619 3588 4067 4065 4065 4065 4065 4065 4065 4065
963 1683100715 376 3686 3662 3641 3577 3619 3619 3587 4065 4065 4065 4065 4065 4065 4065 4065
964 1683100715 376 3685 3662 3641 3577 3620 3619 3587 4065 4065 4065 4065 4065 4065 4065 4065
965 1683100715 376 3688 3663 3642 3578 3620 3619 3587 4067 4065 4065 4065 4065 4065 4065 4065
966 1683100715 375 3687 3661 3641 3577 3620 3620 3587 4065 4065 4065 4065 4065 4065 4065 4065
967 1683100715 375 3687 3662 3641 3577 3620 3619 3587 4067 4067 4066 4066 4066 4066 4066 4066
968 1683100715 375 3688 3663 3642 3578 3621 3620 3588 4067 4067 4066 4066 4066 4066 4066 4066
969 1683100715 376 3687 3662 3642 3578 3619 3619 3587 4067 4067 4066 4066 4066 4066 4066 4066
970 1683100715 376 3688 3663 3642 3579 3621 3620 3588 4065 4065 4065 4065 4065 4065 4065 4065
971 1683100715 376 3687 3662 3641 3578 3620 3619 3587 4067 4065 4065 4065 4065 4065 4065 4065
972 1683100715 375 3687 3662 3641 3577 3619 3618 3586 4065 4065 4065 4065 4065 4065 4065 4065
973 1683100715 375 3688 3663 3642 3578 3621 3620 3588 4065 4065 4064 4064 4064 4064 4064 4064
974 1683100715 376 3687 3663 3642 3578 3620 3619 3587 4067 4067 4066 4066 4066 4066 4066 4066
975 1683100715 375 3688 3662 3641 3578 3620 3619 3587 4067 4065 4065 4065 4065 4065 4065 4065
976 1683100715 375 3688 3662 3642 3578 3620 3620 3588 4065 4065 4065 4065 4065 4065 4065 4065
977 1683100715 375 3688 3663 3642 3578 3621 3620 3588 4067 4067 4066 4066 4066 4066 4066 4066
978 1683100715 376 3687 3662 3642 3578 3620 3620 3588 4067 4067 4066 4066 4066 4066 4066 4066
979 1683100715 375 3688 3663 3642 3579 3621 3620 3588 4067 4067 4066 4066 4066 4066 4066 4066
980 1683100715 375 3689 3664 3643 3579 3621 3621 3588 4067 4067 4066 4066 4066 4066 4066 4066
981 1683100715 376 3688 3662 3642 3578 3621 3620 3588 4065 4065 4065 4065 4065 4065 4065 4065
982 1683100716 376 3687 3662 3642 3578 3620 3619 3588 4067 4067 4066 4066 4066 4066 4066 4066
983 1683100716 376 3687 3663 3642 3578 3620 3620 3588 4067 4067 4066 4066 4066 4066 4066 4066
984 1683100716 376 3688 3663 3642 3578 3621 3621 3589 4067 4067 4066 4066 4066 4066 4066 4066
985 1683100716 375 3688 3663 3642 3578 3621 3620 3588 4065 4065 4065 4065 4065 4065 4065 4065
986 1683100716 376 3687 3663 3642 3577 3619 3619 3587 4065 4065 4065 4065 4065 4065 4065 4065
987 1683100716 376 3688 3663 3642 3578 3621 3620 3588 4065 4065 4065 4065 4065 4065 4065 4065
988 1683100716 376 3688 3663 3643 3579 3621 3620 3588 4067 4067 4066 4066 4066 4066 4066 4066
989 1683100716 376 3688 3662 3642 3577 3620 3620 3587 4065 4065 4064 4064 4064 4064 4064 4064
990 1683100716 376 3687 3662 3640 3577 3619 3619 3587 4065 4065 4065 4065 4065 4065 4065 4065
991 1683100716 375 3687 3663 3642 3578 3620 3620 3588 4065 4065 4065 4065 4065 4065 4065 4065
992 1683100716 376 3687 3663 3642 3578 3620 3620 3587 4067 4067 4066 4066 4066 4066 4066 4066
993 1683100716 375 3688 3663 3642 3577 3620 3620 3587 4065 4065 4065 4065 4065 4065 4065 4065
994 1683100716 375 3687 3663 3642 3579 3621 3620 3589 4067 4067 4066 4066 4066 4066 4066 4066
995 1683100716 376 3686 3662 3642 3577 3620 3620 3588 4067 4065 4065 4065 4065 4065 4065 4065
996 1683100716 375 3688 3662 3642 3578 3620 3619 3588 4067 4067 4066 4066 4066 4066 4066 4066
997 1683100716 375 3688 3663 3642 3577 3620 3619 3588 4065 4065 4065 4065 4065 4065 4065 4065
998 1683100716 376 3689 3663 3643 3579 3622 3621 3589 4067 4067 4066 4066 4066 4066 4066 4066
999 1683100716 375 3688 3663 3642 3578 3620 3619 3588 4065 4065 4065 4065 4065 4065 4065 4065
1000 1683100716 376 3689 3664 3643 3579 3621 3620 3587 4065 4065 4065 4065 4065 4065 4065 4065
