1 1683101849 375 3687 3662 3642 3577 3620 3619 3587 4065 4065 4064 4064 4064 4064 4064 4064
2 1683101849 375 3687 3662 3641 3578 3620 3619 3587 4065 4065 4065 4065 4065 4065 4065 4065
3 1683101849 375 3688 3663 3642 3578 3621 3620 3588 4067 4065 4065 4065 4065 4065 4065 4065
4 1683101849 375 3689 3663 3643 3579 3621 3621 3589 4065 4065 4065 4065 4065 4065 4065 4065
5 1683101849 375 3688 3663 3642 3578 3620 3620 3587 4067 4065 4065 4065 4065 4065 4065 4065
6 1683101849 375 3687 3662 3642 3578 3620 3619 3588 4067 4067 4066 4066 4066 4066 4066 4066
7 1683101849 375 3689 3664 3643 3579 3621 3620 3588 4067 4067 4066 4066 4066 4066 4066 4066
8 1683101849 375 3688 3663 3643 3579 3621 3620 3588 4067 4067 4066 4066 4066 4066 4066 4066
9 1683101849 376 3687 3662 3641 3578 3620 3620 3588 4065 4065 4065 4065 4065 4065 4065 4065
10 1683101849 376 3688 3663 3643 3579 3621 3620 3588 4067 4067 4066 4066 4066 4066 4066 4066
11 1683101849 375 3688 3664 3643 3578 3621 3621 3589 4067 4067 4066 4066 4066 4066 4066 4066
12 1683101849 375 3689 3664 3643 3579 3622 3621 3589 4065 4065 4064 4064 4064 4064 4064 4064
13 1683101850 376 3688 3663 3642 3579 3621 3620 3588 4065 4065 4065 4065 4065 4065 4065 4065
14 1683101850 375 3688 3663 3642 3578 3621 3620 3588 4065 4065 4065 4065 4065 4065 4065 4065
15 1683101850 374 3686 3660 3640 3576 3618 3618 3586 4067 4065 4065 4065 4065 4065 4065 4065
16 1683101850 374 3686 3662 3641 3577 3619 3618 3587 4067 4067 4066 4066 4066 4066 4066 4066
17 1683101850 374 3685 3661 3640 3576 3619 3618 3586 4067 4067 4067 4067 4067 4067 4067 4067
18 1683101850 374 3686 3660 3640 3576 3618 3617 3586 4067 4067 4066 4066 4066 4066 4066 4066
19 1683101850 374 3686 3662 3640 3577 3619 3619 3587 4067 4067 4066 4066 4066 4066 4066 4066
20 1683101850 373 3687 3661 3641 3578 3619 3618 3586 4065 4065 4065 4065 4065 4065 4065 4065
21 1683101850 374 3686 3661 3640 3576 3619 3619 3587 4067 4067 4067 4067 4067 4067 4067 4067
22 1683101850 374 3666 3640 3620 3557 3599 3598 3566 4065 4065 4065 4065 4065 4065 4065 4065
23 1683101850 373 3687 3663 3642 3579 3620 3620 3588 4067 4067 4066 4066 4066 4066 4066 4066
24 1683101850 374 3687 3662 3642 3578 3620 3620 3588 4065 4065 4065 4065 4065 4065 4065 4065
25 1683101850 373 3686 3661 3641 3577 3619 3618 3587 4067 4067 4066 4066 4066 4066 4066 4066
26 1683101850 374 3687 3662 3642 3578 3620 3619 3587 4067 4067 4066 4066 4066 4066 4066 4066
27 1683101850 374 3686 3661 3640 3577 3618 3618 3586 4065 4065 4065 4065 4065 4065 4065 4065
28 1683101850 373 3686 3661 3640 3576 3619 3618 3586 4067 4067 4066 4066 4066 4066 4066 4066
29 1683101850 374 3687 3662 3641 3577 3619 3619 3587 4065 4065 4065 4065 4065 4065 4065 4065
30 1683101850 374 3686 3662 3641 3577 3620 3619 3587 4067 4067 4066 4066 4066 4066 4066 4066
31 1683101850 374 3687 3662 3641 3577 3620 3619 3587 4067 4067 4066 4066 4066 4066 4066 4066
32 1683101850 374 3686 3661 3640 3576 3619 3618 3586 4065 4065 4065 4065 4065 4065 4065 4065
33 1683101850 373 3688 3663 3642 3579 3621 3621 3589 4065 4065 4065 4065 4065 4065 4065 4065
34 1683101850 374 3687 3662 3641 3578 3620 3619 3588 4065 4065 4065 4065 4065 4065 4065 4065
35 1683101850 374 3687 3662 3642 3578 3620 3620 3588 4067 4067 4066 4066 4066 4066 4066 4066
36 1683101850 374 3687 3661 3641 3577 3619 3619 3587 4065 4065 4065 4065 4065 4065 4065 4065
37 1683101850 374 3687 3662 3641 3578 3620 3619 3587 4065 4065 4065 4065 4065 4065 4065 4065
38 1683101850 374 3687 3662 3641 3578 3620 3620 3588 4065 4065 4065 4065 4065 4065 4065 4065
39 1683101850 374 3687 3662 3641 3578 3620 3619 3587 4065 4065 4065 4065 4065 4065 4065 4065
40 1683101850 374 3686 3662 3642 3577 3620 3619 3587 4067 4067 4066 4066 4066 4066 4066 4066
41 1683101850 374 3685 3661 3641 3577 3619 3618 3586 4067 4067 4066 4066 4066 4066 4066 4066
42 1683101850 373 3687 3662 3641 3578 3620 3620 3587 4065 4065 4065 4065 4065 4065 4065 4065
43 1683101850 373 3687 3663 3642 3578 3620 3620 3588 4067 4067 4066 4066 4066 4066 4066 4066
44 1683101850 374 3686 3662 3641 3577 3619 3618 3586 4067 4065 4065 4065 4065 4065 4065 4065
45 1683101850 374 3686 3662 3640 3577 3619 3618 3586 4065 4065 4065 4065 4065 4065 4065 4065
46 1683101850 374 3688 3662 3642 3578 3620 3620 3588 4065 4065 4065 4065 4065 4065 4065 4065
47 1683101850 374 3687 3661 3641 3577 3619 3618 3586 4065 4065 4065 4065 4065 4065 4065 4065
48 1683101850 374 3686 3662 3641 3577 3619 3619 3586 4065 4065 4065 4065 4065 4065 4065 4065
49 1683101850 374 3687 3663 3642 3578 3620 3620 3588 4065 4065 4065 4065 4065 4065 4065 4065
50 1683101850 374 3687 3662 3641 3577 3619 3619 3587 4067 4067 4066 4066 4066 4066 4066 4066
51 1683101850 374 3687 3662 3642 3578 3620 3619 3587 4067 4067 4066 4066 4066 4066 4066 4066
52 1683101850 374 3687 3662 3642 3578 3620 3620 3588 4067 4067 4066 4066 4066 4066 4066 4066
53 1683101850 374 3687 3662 3641 3577 3620 3619 3587 4067 4067 4066 4066 4066 4066 4066 4066
54 1683101850 374 3687 3662 3641 3578 3620 3619 3587 4069 4067 4067 4067 4067 4067 4067 4067
55 1683101850 374 3687 3662 3641 3577 3619 3619 3587 4065 4065 4065 4065 4065 4065 4065 4065
56 1683101850 373 3688 3663 3642 3578 3620 3619 3588 4067 4067 4066 4066 4066 4066 4066 4066
57 1683101850 374 3685 3662 3641 3578 3619 3619 3587 4067 4067 4066 4066 4066 4066 4066 4066
58 1683101850 374 3688 3663 3642 3578 3620 3619 3587 4067 4067 4066 4066 4066 4066 4066 4066
59 1683101850 374 3687 3662 3642 3578 3620 3620 3587 4065 4065 4064 4064 4064 4064 4064 4064
60 1683101850 373 3686 3662 3642 3577 3620 3619 3587 4067 4067 4066 4066 4066 4066 4066 4066
61 1683101850 373 3687 3662 3642 3577 3620 3619 3588 4067 4067 4066 4066 4066 4066 4066 4066
62 1683101850 374 3688 3663 3641 3578 3620 3619 3588 4067 4067 4066 4066 4066 4066 4066 4066
63 1683101850 374 3686 3662 3641 3577 3619 3619 3587 4065 4065 4065 4065 4065 4065 4065 4065
64 1683101850 374 3688 3662 3642 3578 3620 3620 3587 4067 4067 4066 4066 4066 4066 4066 4066
65 1683101850 374 3687 3662 3641 3577 3619 3619 3587 4067 4067 4066 4066 4066 4066 4066 4066
66 1683101850 374 3686 3661 3641 3577 3620 3619 3587 4065 4065 4065 4065 4065 4065 4065 4065
67 1683101850 375 3687 3662 3641 3578 3620 3619 3588 4065 4065 4065 4065 4065 4065 4065 4065
68 1683101850 374 3686 3662 3641 3577 3619 3619 3587 4067 4067 4066 4066 4066 4066 4066 4066
69 1683101850 374 3688 3662 3642 3578 3620 3619 3587 4067 4065 4065 4065 4065 4065 4065 4065
70 1683101850 374 3687 3662 3641 3577 3620 3619 3587 4067 4065 4065 4065 4065 4065 4065 4065
71 1683101850 374 3687 3662 3641 3577 3619 3619 3587 4065 4065 4065 4065 4065 4065 4065 4065
72 1683101850 375 3686 3663 3642 3578 3621 3620 3588 4067 4067 4066 4066 4066 4066 4066 4066
73 1683101850 374 3687 3663 3642 3578 3620 3620 3588 4065 4065 4065 4065 4065 4065 4065 4065
74 1683101850 374 3687 3662 3641 3577 3619 3618 3587 4065 4065 4065 4065 4065 4065 4065 4065
75 1683101850 374 3687 3662 3642 3578 3620 3619 3587 4067 4067 4066 4066 4066 4066 4066 4066
76 1683101850 374 3688 3663 3642 3579 3620 3620 3587 4067 4067 4067 4067 4067 4067 4067 4067
77 1683101850 375 3687 3663 3642 3578 3620 3619 3587 4067 4067 4066 4066 4066 4066 4066 4066
78 1683101850 374 3688 3664 3643 3578 3621 3620 3588 4065 4065 4065 4065 4065 4065 4065 4065
79 1683101850 374 3687 3662 3642 3578 3620 3619 3588 4065 4065 4065 4065 4065 4065 4065 4065
80 1683101850 374 3688 3663 3642 3578 3620 3619 3588 4065 4065 4065 4065 4065 4065 4065 4065
81 1683101850 374 3687 3662 3642 3578 3620 3619 3587 4067 4067 4066 4066 4066 4066 4066 4066
82 1683101850 374 3687 3662 3642 3578 3620 3619 3587 4067 4067 4066 4066 4066 4066 4066 4066
83 1683101850 374 3687 3662 3642 3578 3620 3619 3587 4065 4065 4065 4065 4065 4065 4065 4065
84 1683101850 374 3687 3662 3642 3578 3620 3620 3588 4067 4065 4065 4065 4065 4065 4065 4065
85 1683101850 374 3687 3663 3642 3578 3620 3619 3587 4067 4067 4066 4066 4066 4066 4066 4066
86 1683101850 374 3687 3662 3641 3577 3619 3618 3587 4067 4067 4066 4066 4066 4066 4066 4066
87 1683101850 374 3687 3663 3642 3578 3621 3620 3588 4067 4067 4066 4066 4066 4066 4066 4066
88 1683101850 374 3686 3662 3641 3577 3619 3619 3587 4067 4067 4066 4066 4066 4066 4066 4066
89 1683101850 374 3687 3662 3641 3578 3620 3619 3587 4067 4067 4066 4066 4066 4066 4066 4066
90 1683101850 374 3687 3662 3641 3577 3619 3619 3587 4065 4065 4065 4065 4065 4065 4065 4065
91 1683101850 375 3687 3662 3642 3578 3620 3620 3588 4067 4067 4066 4066 4066 4066 4066 4066
92 1683101850 374 3688 3663 3642 3578 3620 3620 3588 4067 4067 4066 4066 4066 4066 4066 4066
93 1683101850 374 3687 3663 3642 3578 3620 3620 3588 4065 4065 4065 4065 4065 4065 4065 4065
94 1683101850 375 3688 3663 3642 3578 3620 3620 3588 4067 4067 4066 4066 4066 4066 4066 4066
95 1683101850 374 3687 3663 3642 3579 3620 3620 3588 4067 4067 4066 4066 4066 4066 4066 4066
96 1683101850 374 3688 3662 3642 3578 3620 3620 3588 4067 4067 4066 4066 4066 4066 4066 4066
97 1683101850 375 3687 3662 3641 3578 3620 3619 3587 4065 4065 4065 4065 4065 4065 4065 4065
98 1683101851 374 3687 3662 3642 3578 3620 3620 3588 4067 4065 4065 4065 4065 4065 4065 4065
99 1683101851 374 3687 3662 3642 3577 3620 3620 3588 4067 4067 4066 4066 4066 4066 4066 4066
100 1683101851 374 3687 3662 3641 3578 3620 3619 3587 4067 4067 4067 4067 4067 4067 4067 4067
101 1683101851 374 3686 3662 3641 3577 3619 3619 3587 4067 4067 4066 4066 4066 4066 4066 4066
102 1683101851 374 3688 3663 3643 3579 3621 3620 3588 4067 4067 4066 4066 4066 4066 4066 4066
103 1683101851 374 3687 3662 3642 3578 3620 3619 3587 4069 4067 4067 4067 4067 4067 4067 4067
104 1683101851 375 3686 3662 3641 3578 3620 3619 3587 4065 4065 4064 4064 4064 4064 4064 4064
105 1683101851 374 3687 3662 3641 3578 3620 3620 3588 4065 4065 4065 4065 4065 4065 4065 4065
106 1683101851 374 3688 3663 3641 3578 3620 3620 3587 4067 4065 4065 4065 4065 4065 4065 4065
107 1683101851 374 3687 3662 3641 3577 3619 3619 3587 4067 4067 4066 4066 4066 4066 4066 4066
108 1683101851 374 3687 3662 3642 3578 3620 3620 3587 4067 4067 4066 4066 4066 4066 4066 4066
109 1683101851 374 3687 3662 3642 3578 3620 3619 3587 4067 4067 4066 4066 4066 4066 4066 4066
110 1683101851 374 3688 3663 3642 3578 3620 3620 3588 4065 4065 4065 4065 4065 4065 4065 4065
111 1683101851 375 3687 3662 3641 3578 3620 3620 3587 4067 4065 4065 4065 4065 4065 4065 4065
112 1683101851 375 3686 3662 3641 3577 3620 3619 3587 4067 4067 4066 4066 4066 4066 4066 4066
113 1683101851 374 3687 3662 3641 3577 3620 3619 3587 4067 4067 4067 4067 4067 4067 4067 4067
114 1683101851 375 3687 3662 3642 3578 3620 3620 3588 4065 4065 4065 4065 4065 4065 4065 4065
115 1683101851 375 3687 3662 3641 3577 3620 3619 3588 4065 4065 4064 4064 4064 4064 4064 4064
116 1683101851 374 3687 3662 3641 3577 3620 3619 3587 4067 4067 4066 4066 4066 4066 4066 4066
117 1683101851 374 3687 3662 3641 3578 3620 3619 3587 4067 4067 4066 4066 4066 4066 4066 4066
118 1683101851 374 3688 3664 3643 3578 3621 3620 3588 4067 4067 4066 4066 4066 4066 4066 4066
119 1683101851 375 3687 3662 3641 3578 3620 3619 3587 4065 4065 4065 4065 4065 4065 4065 4065
120 1683101851 374 3686 3662 3642 3578 3620 3619 3587 4065 4065 4065 4065 4065 4065 4065 4065
121 1683101851 375 3688 3663 3642 3578 3620 3620 3588 4067 4067 4066 4066 4066 4066 4066 4066
122 1683101851 374 3688 3662 3641 3578 3620 3619 3588 4067 4067 4066 4066 4066 4066 4066 4066
123 1683101851 375 3687 3661 3641 3577 3619 3619 3587 4067 4067 4066 4066 4066 4066 4066 4066
124 1683101851 374 3688 3663 3642 3578 3620 3620 3588 4065 4065 4065 4065 4065 4065 4065 4065
125 1683101851 374 3687 3662 3642 3578 3620 3620 3588 4067 4067 4066 4066 4066 4066 4066 4066
126 1683101851 375 3687 3663 3642 3578 3620 3620 3588 4065 4065 4065 4065 4065 4065 4065 4065
127 1683101851 375 3688 3663 3643 3578 3621 3621 3589 4065 4065 4065 4065 4065 4065 4065 4065
128 1683101851 374 3687 3663 3642 3578 3620 3619 3587 4067 4067 4066 4066 4066 4066 4066 4066
129 1683101851 374 3687 3663 3642 3578 3621 3620 3588 4065 4065 4065 4065 4065 4065 4065 4065
130 1683101851 374 3688 3662 3641 3577 3620 3619 3587 4067 4067 4066 4066 4066 4066 4066 4066
131 1683101851 375 3691 3666 3645 3581 3623 3623 3591 4065 4065 4065 4065 4065 4065 4065 4065
132 1683101851 375 3686 3661 3641 3577 3619 3618 3586 4067 4067 4066 4066 4066 4066 4066 4066
133 1683101851 375 3688 3663 3642 3579 3621 3620 3588 4065 4065 4065 4065 4065 4065 4065 4065
134 1683101851 374 3688 3663 3642 3579 3621 3621 3588 4065 4065 4065 4065 4065 4065 4065 4065
135 1683101851 375 3687 3662 3642 3578 3620 3619 3588 4067 4067 4066 4066 4066 4066 4066 4066
136 1683101851 375 3688 3663 3643 3579 3621 3620 3588 4065 4065 4065 4065 4065 4065 4065 4065
137 1683101851 375 3687 3661 3641 3577 3620 3619 3587 4067 4067 4066 4066 4066 4066 4066 4066
138 1683101851 375 3688 3663 3641 3578 3620 3619 3587 4067 4067 4066 4066 4066 4066 4066 4066
139 1683101851 374 3688 3663 3642 3578 3620 3620 3588 4067 4067 4067 4067 4067 4067 4067 4067
140 1683101851 375 3688 3662 3641 3578 3620 3620 3587 4067 4067 4066 4066 4066 4066 4066 4066
141 1683101851 374 3688 3662 3642 3578 3620 3620 3587 4067 4065 4065 4065 4065 4065 4065 4065
142 1683101851 375 3687 3662 3641 3577 3619 3619 3587 4065 4065 4065 4065 4065 4065 4065 4065
143 1683101851 375 3689 3664 3644 3580 3622 3622 3590 4067 4067 4066 4066 4066 4066 4066 4066
144 1683101851 374 3688 3663 3642 3578 3620 3619 3588 4067 4067 4066 4066 4066 4066 4066 4066
145 1683101851 375 3687 3663 3642 3578 3620 3620 3588 4067 4067 4066 4066 4066 4066 4066 4066
146 1683101851 375 3688 3663 3642 3578 3620 3620 3587 4065 4065 4065 4065 4065 4065 4065 4065
147 1683101851 375 3688 3664 3643 3578 3621 3620 3588 4065 4065 4065 4065 4065 4065 4065 4065
148 1683101851 375 3688 3663 3643 3578 3621 3620 3589 4067 4067 4066 4066 4066 4066 4066 4066
149 1683101851 374 3687 3663 3642 3578 3620 3619 3587 4067 4067 4066 4066 4066 4066 4066 4066
150 1683101851 375 3688 3663 3643 3578 3621 3621 3589 4067 4067 4066 4066 4066 4066 4066 4066
151 1683101851 375 3687 3662 3642 3578 3620 3620 3588 4067 4067 4066 4066 4066 4066 4066 4066
152 1683101851 375 3688 3663 3642 3578 3620 3620 3588 4065 4065 4065 4065 4065 4065 4065 4065
153 1683101851 375 3688 3663 3642 3578 3620 3620 3588 4065 4065 4065 4065 4065 4065 4065 4065
154 1683101851 374 3687 3662 3641 3577 3619 3619 3587 4067 4067 4066 4066 4066 4066 4066 4066
155 1683101851 375 3688 3663 3642 3579 3620 3620 3588 4067 4067 4066 4066 4066 4066 4066 4066
156 1683101851 375 3688 3663 3642 3578 3620 3620 3588 4067 4067 4066 4066 4066 4066 4066 4066
157 1683101851 374 3688 3663 3642 3578 3620 3620 3588 4065 4065 4065 4065 4065 4065 4065 4065
158 1683101851 374 3688 3663 3641 3577 3620 3620 3588 4065 4065 4065 4065 4065 4065 4065 4065
159 1683101851 375 3689 3663 3643 3580 3621 3621 3589 4067 4065 4065 4065 4065 4065 4065 4065
160 1683101851 374 3687 3662 3642 3578 3620 3620 3588 4065 4065 4064 4064 4064 4064 4064 4064
161 1683101851 375 3688 3663 3642 3579 3621 3620 3588 4065 4065 4065 4065 4065 4065 4065 4065
162 1683101851 375 3688 3663 3643 3579 3621 3620 3588 4065 4065 4065 4065 4065 4065 4065 4065
163 1683101851 375 3689 3664 3643 3579 3621 3620 3588 4067 4067 4067 4067 4067 4067 4067 4067
164 1683101851 375 3688 3663 3642 3579 3620 3620 3588 4065 4065 4065 4065 4065 4065 4065 4065
165 1683101851 375 3688 3663 3642 3579 3621 3621 3589 4067 4067 4066 4066 4066 4066 4066 4066
166 1683101851 375 3688 3664 3642 3579 3621 3621 3589 4067 4067 4066 4066 4066 4066 4066 4066
167 1683101851 375 3687 3663 3642 3578 3620 3620 3588 4067 4067 4066 4066 4066 4066 4066 4066
168 1683101851 374 3686 3663 3642 3577 3621 3620 3588 4067 4067 4066 4066 4066 4066 4066 4066
169 1683101851 375 3688 3663 3642 3578 3621 3620 3588 4065 4065 4064 4064 4064 4064 4064 4064
170 1683101851 375 3688 3663 3642 3578 3620 3620 3588 4065 4065 4065 4065 4065 4065 4065 4065
171 1683101851 375 3689 3663 3643 3580 3621 3621 3588 4065 4065 4065 4065 4065 4065 4065 4065
172 1683101851 375 3688 3663 3642 3578 3620 3620 3588 4067 4067 4066 4066 4066 4066 4066 4066
173 1683101851 374 3687 3662 3642 3578 3620 3619 3588 4065 4065 4065 4065 4065 4065 4065 4065
174 1683101851 374 3689 3665 3644 3580 3621 3620 3589 4065 4065 4065 4065 4065 4065 4065 4065
175 1683101851 374 3688 3664 3642 3579 3621 3620 3588 4067 4067 4066 4066 4066 4066 4066 4066
176 1683101851 375 3688 3663 3642 3578 3621 3620 3588 4067 4067 4066 4066 4066 4066 4066 4066
177 1683101851 375 3687 3662 3642 3578 3620 3620 3588 4065 4065 4065 4065 4065 4065 4065 4065
178 1683101851 375 3688 3663 3643 3579 3621 3620 3588 4065 4065 4065 4065 4065 4065 4065 4065
179 1683101851 375 3689 3663 3643 3579 3621 3621 3589 4067 4067 4066 4066 4066 4066 4066 4066
180 1683101851 375 3688 3663 3642 3578 3620 3620 3588 4065 4065 4065 4065 4065 4065 4065 4065
181 1683101851 375 3687 3663 3642 3578 3621 3620 3588 4065 4065 4065 4065 4065 4065 4065 4065
182 1683101851 375 3687 3663 3642 3578 3620 3620 3588 4065 4065 4065 4065 4065 4065 4065 4065
183 1683101851 375 3687 3663 3642 3578 3621 3620 3588 4067 4067 4066 4066 4066 4066 4066 4066
184 1683101852 375 3688 3663 3642 3579 3621 3620 3588 4065 4065 4065 4065 4065 4065 4065 4065
185 1683101852 375 3688 3663 3642 3578 3620 3620 3588 4067 4067 4066 4066 4066 4066 4066 4066
186 1683101852 375 3688 3663 3643 3579 3622 3621 3589 4067 4067 4066 4066 4066 4066 4066 4066
187 1683101852 375 3687 3663 3642 3578 3621 3620 3589 4067 4067 4066 4066 4066 4066 4066 4066
188 1683101852 375 3688 3663 3642 3578 3621 3620 3588 4067 4067 4066 4066 4066 4066 4066 4066
189 1683101852 374 3689 3664 3643 3580 3622 3621 3589 4067 4065 4065 4065 4065 4065 4065 4065
190 1683101852 375 3688 3663 3642 3578 3621 3621 3588 4065 4065 4065 4065 4065 4065 4065 4065
191 1683101852 375 3687 3663 3642 3578 3620 3620 3588 4067 4067 4066 4066 4066 4066 4066 4066
192 1683101852 375 3688 3663 3642 3579 3621 3620 3588 4067 4067 4067 4067 4067 4067 4067 4067
193 1683101852 375 3688 3663 3642 3578 3620 3620 3588 4067 4067 4067 4067 4067 4067 4067 4067
194 1683101852 375 3688 3663 3642 3578 3621 3620 3588 4065 4065 4065 4065 4065 4065 4065 4065
195 1683101852 375 3688 3663 3642 3578 3620 3620 3588 4067 4067 4066 4066 4066 4066 4066 4066
196 1683101852 375 3688 3662 3642 3578 3620 3620 3588 4067 4067 4066 4066 4066 4066 4066 4066
197 1683101852 375 3688 3663 3642 3578 3621 3620 3588 4065 4065 4065 4065 4065 4065 4065 4065
198 1683101852 375 3688 3662 3642 3578 3621 3620 3589 4065 4065 4065 4065 4065 4065 4065 4065
199 1683101852 375 3687 3662 3641 3577 3620 3619 3587 4065 4065 4065 4065 4065 4065 4065 4065
200 1683101852 375 3688 3663 3642 3578 3620 3619 3588 4065 4065 4065 4065 4065 4065 4065 4065
201 1683101852 375 3688 3663 3642 3579 3621 3621 3588 4065 4065 4065 4065 4065 4065 4065 4065
202 1683101852 375 3688 3663 3642 3579 3621 3620 3589 4065 4065 4065 4065 4065 4065 4065 4065
203 1683101852 375 3688 3663 3642 3578 3621 3620 3588 4067 4067 4066 4066 4066 4066 4066 4066
204 1683101852 375 3689 3663 3643 3579 3621 3620 3589 4067 4067 4066 4066 4066 4066 4066 4066
205 1683101852 375 3688 3664 3643 3579 3620 3620 3588 4067 4067 4066 4066 4066 4066 4066 4066
206 1683101852 375 3688 3663 3642 3579 3620 3621 3588 4067 4067 4066 4066 4066 4066 4066 4066
207 1683101852 375 3688 3663 3642 3579 3621 3620 3589 4067 4067 4066 4066 4066 4066 4066 4066
208 1683101852 375 3688 3663 3643 3579 3621 3620 3588 4065 4065 4065 4065 4065 4065 4065 4065
209 1683101852 375 3689 3664 3643 3579 3622 3621 3589 4067 4067 4066 4066 4066 4066 4066 4066
210 1683101852 376 3688 3663 3642 3579 3621 3620 3588 4065 4065 4065 4065 4065 4065 4065 4065
211 1683101852 376 3689 3664 3644 3580 3622 3621 3589 4065 4065 4065 4065 4065 4065 4065 4065
212 1683101852 375 3688 3663 3643 3579 3621 3621 3589 4067 4067 4066 4066 4066 4066 4066 4066
213 1683101852 375 3688 3663 3642 3578 3621 3621 3589 4065 4065 4065 4065 4065 4065 4065 4065
214 1683101852 375 3688 3663 3642 3578 3621 3620 3589 4067 4067 4066 4066 4066 4066 4066 4066
215 1683101852 375 3688 3663 3643 3579 3620 3620 3588 4067 4067 4066 4066 4066 4066 4066 4066
216 1683101852 375 3688 3663 3642 3578 3620 3620 3588 4065 4065 4065 4065 4065 4065 4065 4065
217 1683101852 375 3688 3663 3642 3578 3620 3620 3588 4067 4067 4066 4066 4066 4066 4066 4066
218 1683101852 375 3688 3663 3642 3578 3621 3620 3588 4067 4067 4066 4066 4066 4066 4066 4066
219 1683101852 375 3689 3664 3644 3580 3622 3621 3590 4065 4065 4065 4065 4065 4065 4065 4065
220 1683101852 375 3689 3663 3643 3579 3621 3621 3588 4065 4065 4065 4065 4065 4065 4065 4065
221 1683101852 375 3688 3663 3643 3579 3621 3621 3589 4067 4067 4066 4066 4066 4066 4066 4066
222 1683101852 375 3688 3663 3642 3578 3620 3620 3588 4067 4067 4066 4066 4066 4066 4066 4066
223 1683101852 375 3687 3663 3642 3579 3621 3620 3588 4067 4067 4066 4066 4066 4066 4066 4066
224 1683101852 375 3688 3664 3643 3579 3621 3621 3589 4067 4067 4066 4066 4066 4066 4066 4066
225 1683101852 375 3688 3663 3642 3578 3621 3620 3588 4065 4065 4064 4064 4064 4064 4064 4064
226 1683101852 375 3689 3664 3643 3579 3621 3621 3589 4067 4067 4066 4066 4066 4066 4066 4066
227 1683101852 375 3688 3663 3643 3579 3621 3621 3589 4065 4065 4065 4065 4065 4065 4065 4065
228 1683101852 375 3689 3663 3643 3579 3621 3620 3589 4065 4065 4065 4065 4065 4065 4065 4065
229 1683101852 375 3688 3663 3643 3578 3621 3621 3589 4067 4065 4065 4065 4065 4065 4065 4065
230 1683101852 375 3688 3664 3643 3580 3621 3621 3589 4067 4067 4066 4066 4066 4066 4066 4066
231 1683101852 375 3687 3663 3643 3579 3621 3620 3589 4067 4067 4066 4066 4066 4066 4066 4066
232 1683101852 375 3688 3664 3643 3579 3621 3621 3589 4065 4065 4065 4065 4065 4065 4065 4065
233 1683101852 375 3689 3664 3643 3579 3622 3621 3589 4063 4063 4062 4062 4062 4062 4062 4062
234 1683101852 376 3688 3663 3642 3579 3621 3621 3588 4065 4065 4065 4065 4065 4065 4065 4065
235 1683101852 375 3689 3663 3643 3578 3620 3620 3588 4067 4067 4066 4066 4066 4066 4066 4066
236 1683101852 375 3688 3663 3643 3579 3621 3620 3588 4067 4067 4066 4066 4066 4066 4066 4066
237 1683101852 375 3688 3663 3643 3578 3621 3620 3588 4065 4065 4065 4065 4065 4065 4065 4065
238 1683101852 375 3688 3664 3643 3579 3621 3621 3588 4067 4065 4065 4065 4065 4065 4065 4065
239 1683101852 375 3688 3663 3643 3579 3621 3621 3588 4067 4067 4066 4066 4066 4066 4066 4066
240 1683101852 375 3688 3663 3642 3579 3621 3621 3588 4067 4065 4065 4065 4065 4065 4065 4065
241 1683101852 375 3688 3663 3642 3578 3620 3620 3588 4065 4065 4065 4065 4065 4065 4065 4065
242 1683101852 375 3688 3664 3642 3578 3620 3620 3588 4065 4065 4065 4065 4065 4065 4065 4065
243 1683101852 375 3688 3663 3642 3579 3621 3620 3588 4065 4065 4065 4065 4065 4065 4065 4065
244 1683101852 376 3688 3663 3642 3579 3621 3621 3588 4067 4067 4066 4066 4066 4066 4066 4066
245 1683101852 375 3689 3664 3643 3578 3621 3621 3589 4067 4067 4067 4067 4067 4067 4067 4067
246 1683101852 375 3688 3664 3643 3580 3622 3621 3589 4067 4067 4066 4066 4066 4066 4066 4066
247 1683101852 375 3689 3664 3643 3579 3622 3622 3590 4065 4065 4065 4065 4065 4065 4065 4065
248 1683101852 376 3688 3663 3642 3578 3621 3620 3588 4067 4067 4066 4066 4066 4066 4066 4066
249 1683101852 376 3688 3663 3642 3578 3620 3620 3588 4065 4065 4065 4065 4065 4065 4065 4065
250 1683101852 375 3689 3664 3643 3579 3621 3621 3589 4065 4065 4065 4065 4065 4065 4065 4065
251 1683101852 375 3689 3664 3643 3579 3620 3620 3588 4067 4067 4066 4066 4066 4066 4066 4066
252 1683101852 375 3688 3664 3643 3579 3621 3620 3589 4065 4065 4065 4065 4065 4065 4065 4065
253 1683101852 375 3688 3664 3642 3579 3621 3621 3588 4067 4067 4066 4066 4066 4066 4066 4066
254 1683101852 376 3687 3662 3642 3579 3621 3620 3588 4067 4067 4066 4066 4066 4066 4066 4066
255 1683101852 376 3689 3664 3643 3580 3622 3621 3589 4067 4067 4066 4066 4066 4066 4066 4066
256 1683101852 375 3689 3664 3643 3579 3621 3621 3589 4067 4067 4066 4066 4066 4066 4066 4066
257 1683101852 375 3689 3663 3642 3578 3621 3621 3588 4067 4067 4066 4066 4066 4066 4066 4066
258 1683101852 376 3688 3664 3643 3579 3621 3621 3588 4067 4067 4066 4066 4066 4066 4066 4066
259 1683101852 375 3688 3663 3642 3578 3620 3620 3588 4065 4065 4065 4065 4065 4065 4065 4065
260 1683101852 375 3690 3664 3644 3579 3622 3621 3589 4065 4065 4065 4065 4065 4065 4065 4065
261 1683101852 376 3688 3663 3642 3579 3621 3620 3588 4065 4065 4064 4064 4064 4064 4064 4064
262 1683101852 375 3688 3663 3642 3579 3621 3621 3589 4065 4065 4065 4065 4065 4065 4065 4065
263 1683101852 375 3688 3664 3643 3578 3621 3620 3588 4065 4065 4065 4065 4065 4065 4065 4065
264 1683101852 375 3690 3665 3643 3579 3621 3621 3589 4067 4067 4066 4066 4066 4066 4066 4066
265 1683101852 375 3689 3664 3644 3579 3622 3621 3590 4067 4067 4066 4066 4066 4066 4066 4066
266 1683101852 376 3688 3663 3643 3579 3621 3621 3589 4065 4065 4065 4065 4065 4065 4065 4065
267 1683101852 375 3688 3664 3643 3580 3621 3621 3589 4067 4067 4066 4066 4066 4066 4066 4066
268 1683101852 375 3689 3664 3643 3579 3622 3621 3589 4067 4067 4066 4066 4066 4066 4066 4066
269 1683101852 376 3688 3664 3642 3579 3621 3621 3589 4067 4065 4065 4065 4065 4065 4065 4065
270 1683101852 375 3688 3664 3643 3579 3621 3621 3588 4065 4065 4065 4065 4065 4065 4065 4065
271 1683101852 374 3687 3663 3642 3578 3620 3620 3588 4067 4067 4066 4066 4066 4066 4066 4066
272 1683101852 374 3686 3662 3641 3577 3620 3619 3587 4065 4065 4065 4065 4065 4065 4065 4065
273 1683101852 373 3688 3663 3642 3578 3620 3620 3588 4067 4067 4066 4066 4066 4066 4066 4066
274 1683101852 373 3686 3661 3641 3577 3620 3619 3587 4067 4067 4066 4066 4066 4066 4066 4066
275 1683101852 373 3687 3662 3642 3578 3620 3619 3587 4067 4067 4066 4066 4066 4066 4066 4066
276 1683101852 374 3687 3662 3641 3577 3619 3618 3587 4067 4067 4066 4066 4066 4066 4066 4066
277 1683101852 373 3687 3662 3641 3578 3619 3618 3587 4065 4065 4065 4065 4065 4065 4065 4065
278 1683101852 373 3687 3662 3641 3578 3619 3619 3587 4065 4065 4065 4065 4065 4065 4065 4065
279 1683101852 374 3686 3662 3640 3577 3619 3619 3587 4065 4065 4065 4065 4065 4065 4065 4065
280 1683101852 374 3686 3663 3641 3578 3620 3619 3587 4065 4065 4064 4064 4064 4064 4064 4064
281 1683101853 374 3687 3662 3641 3578 3620 3620 3588 4065 4065 4065 4065 4065 4065 4065 4065
282 1683101853 374 3687 3662 3642 3577 3620 3619 3587 4067 4067 4066 4066 4066 4066 4066 4066
283 1683101853 374 3687 3662 3641 3577 3619 3619 3587 4067 4065 4065 4065 4065 4065 4065 4065
284 1683101853 374 3688 3663 3642 3579 3621 3620 3588 4067 4067 4066 4066 4066 4066 4066 4066
285 1683101853 374 3687 3662 3641 3577 3620 3619 3587 4065 4065 4065 4065 4065 4065 4065 4065
286 1683101853 374 3686 3662 3641 3576 3619 3619 3587 4067 4065 4065 4065 4065 4065 4065 4065
287 1683101853 374 3687 3662 3641 3578 3620 3619 3587 4067 4067 4066 4066 4066 4066 4066 4066
288 1683101853 374 3686 3661 3641 3577 3619 3619 3587 4067 4067 4066 4066 4066 4066 4066 4066
289 1683101853 374 3687 3662 3641 3578 3620 3619 3587 4065 4065 4065 4065 4065 4065 4065 4065
290 1683101853 374 3687 3662 3641 3578 3620 3619 3588 4067 4067 4066 4066 4066 4066 4066 4066
291 1683101853 373 3687 3663 3642 3578 3620 3620 3588 4067 4067 4066 4066 4066 4066 4066 4066
292 1683101853 374 3687 3662 3641 3577 3619 3619 3587 4065 4065 4065 4065 4065 4065 4065 4065
293 1683101853 374 3687 3662 3642 3578 3620 3619 3587 4067 4067 4066 4066 4066 4066 4066 4066
294 1683101853 373 3688 3662 3642 3578 3620 3619 3587 4067 4067 4066 4066 4066 4066 4066 4066
295 1683101853 373 3687 3663 3642 3578 3620 3620 3588 4067 4065 4065 4065 4065 4065 4065 4065
296 1683101853 374 3686 3662 3642 3577 3620 3619 3587 4067 4067 4066 4066 4066 4066 4066 4066
297 1683101853 373 3685 3662 3641 3577 3619 3619 3587 4067 4067 4066 4066 4066 4066 4066 4066
298 1683101853 374 3687 3662 3641 3577 3620 3619 3587 4067 4067 4066 4066 4066 4066 4066 4066
299 1683101853 374 3687 3662 3641 3577 3619 3618 3587 4067 4067 4066 4066 4066 4066 4066 4066
300 1683101853 373 3688 3662 3642 3578 3620 3619 3588 4067 4067 4066 4066 4066 4066 4066 4066
301 1683101853 374 3687 3661 3641 3578 3619 3619 3587 4065 4065 4065 4065 4065 4065 4065 4065
302 1683101853 374 3688 3663 3642 3578 3620 3620 3588 4065 4065 4065 4065 4065 4065 4065 4065
303 1683101853 375 3687 3662 3641 3577 3619 3619 3587 4067 4065 4065 4065 4065 4065 4065 4065
304 1683101853 374 3686 3662 3641 3578 3620 3619 3587 4067 4067 4066 4066 4066 4066 4066 4066
305 1683101853 374 3687 3662 3642 3578 3620 3619 3587 4067 4067 4066 4066 4066 4066 4066 4066
306 1683101853 373 3688 3663 3642 3578 3620 3620 3588 4067 4067 4066 4066 4066 4066 4066 4066
307 1683101853 374 3687 3662 3642 3577 3620 3619 3587 4067 4067 4066 4066 4066 4066 4066 4066
308 1683101853 374 3687 3662 3641 3578 3620 3619 3587 4063 4063 4062 4062 4062 4062 4062 4062
309 1683101853 374 3688 3663 3642 3578 3620 3619 3588 4065 4065 4065 4065 4065 4065 4065 4065
310 1683101853 374 3688 3663 3642 3578 3620 3619 3587 4067 4065 4065 4065 4065 4065 4065 4065
311 1683101853 375 3687 3662 3641 3578 3620 3620 3588 4067 4067 4066 4066 4066 4066 4066 4066
312 1683101853 374 437 416 3640 3579 1693 3620 3589 4067 4067 4066 4066 4066 4066 4066 4066
313 1683101853 374 3688 3662 3642 3578 3620 3620 3588 4067 4067 4066 4066 4066 4066 4066 4066
314 1683101853 374 3688 3664 3643 3579 3621 3621 3589 4065 4065 4065 4065 4065 4065 4065 4065
315 1683101853 374 3686 3661 3640 3577 3619 3618 3587 4067 4067 4066 4066 4066 4066 4066 4066
316 1683101853 374 3687 3662 3641 3577 3620 3619 3587 4067 4067 4066 4066 4066 4066 4066 4066
317 1683101853 374 3688 3662 3641 3578 3620 3620 3588 4067 4067 4066 4066 4066 4066 4066 4066
318 1683101853 374 3688 3663 3642 3578 3620 3620 3588 4065 4065 4065 4065 4065 4065 4065 4065
319 1683101853 374 3687 3663 3642 3578 3620 3620 3587 4067 4067 4066 4066 4066 4066 4066 4066
320 1683101853 374 3686 3662 3641 3577 3620 3619 3587 4067 4065 4065 4065 4065 4065 4065 4065
321 1683101853 374 3687 3663 3642 3578 3620 3619 3588 4067 4067 4066 4066 4066 4066 4066 4066
322 1683101853 374 3687 3661 3641 3577 3620 3619 3587 4067 4067 4066 4066 4066 4066 4066 4066
323 1683101853 374 3687 3662 3641 3578 3620 3619 3588 4065 4065 4065 4065 4065 4065 4065 4065
324 1683101853 373 3688 3663 3642 3578 3620 3620 3587 4065 4065 4065 4065 4065 4065 4065 4065
325 1683101853 374 3687 3663 3642 3578 3620 3619 3587 4067 4067 4066 4066 4066 4066 4066 4066
326 1683101853 374 3686 3661 3641 3577 3619 3619 3587 4065 4065 4064 4064 4064 4064 4064 4064
327 1683101853 374 3687 3662 3642 3578 3620 3619 3588 4067 4067 4066 4066 4066 4066 4066 4066
328 1683101853 374 3688 3663 3642 3578 3620 3620 3588 4067 4067 4066 4066 4066 4066 4066 4066
329 1683101853 374 3687 3663 3642 3578 3620 3619 3588 4067 4067 4066 4066 4066 4066 4066 4066
330 1683101853 374 3687 3662 3642 3578 3620 3620 3587 4067 4067 4066 4066 4066 4066 4066 4066
331 1683101853 375 3687 3662 3641 3577 3619 3620 3588 4067 4067 4066 4066 4066 4066 4066 4066
332 1683101853 374 3687 3662 3641 3577 3620 3619 3587 4065 4065 4065 4065 4065 4065 4065 4065
333 1683101853 374 3688 3663 3642 3579 3621 3621 3588 4067 4067 4066 4066 4066 4066 4066 4066
334 1683101853 375 3687 3662 3641 3578 3620 3620 3588 4067 4067 4066 4066 4066 4066 4066 4066
335 1683101853 374 3687 3663 3642 3578 3620 3619 3588 4065 4065 4065 4065 4065 4065 4065 4065
336 1683101853 374 3687 3662 3641 3578 3620 3619 3587 4065 4065 4065 4065 4065 4065 4065 4065
337 1683101853 374 3689 3663 3642 3579 3621 3621 3589 4065 4065 4065 4065 4065 4065 4065 4065
338 1683101853 374 3687 3663 3642 3578 3620 3620 3588 4067 4067 4066 4066 4066 4066 4066 4066
339 1683101853 374 3687 3663 3642 3578 3620 3620 3587 4067 4067 4066 4066 4066 4066 4066 4066
340 1683101853 374 3688 3663 3642 3578 3620 3620 3588 4065 4065 4064 4064 4064 4064 4064 4064
341 1683101853 374 3688 3664 3643 3579 3621 3620 3588 4065 4065 4065 4065 4065 4065 4065 4065
342 1683101853 374 3688 3664 3643 3579 3621 3621 3589 4067 4067 4066 4066 4066 4066 4066 4066
343 1683101853 374 3687 3663 3642 3578 3620 3620 3588 4067 4067 4066 4066 4066 4066 4066 4066
344 1683101853 374 3688 3663 3641 3578 3620 3619 3588 4063 4063 4062 4062 4062 4062 4062 4062
345 1683101853 374 3688 3663 3642 3578 3621 3620 3588 4065 4065 4065 4065 4065 4065 4065 4065
346 1683101853 374 3688 3663 3642 3578 3621 3619 3588 4065 4065 4065 4065 4065 4065 4065 4065
347 1683101853 375 3687 3662 3642 3577 3620 3620 3587 4067 4067 4066 4066 4066 4066 4066 4066
348 1683101853 374 414 404 3641 3579 3621 3621 3590 4065 4065 4064 4064 4064 4064 4064 4064
349 1683101853 374 3687 3662 3641 3577 3619 3619 3587 4065 4065 4065 4065 4065 4065 4065 4065
350 1683101853 374 3688 3663 3641 3578 3620 3619 3587 4065 4065 4064 4064 4064 4064 4064 4064
351 1683101853 374 3688 3663 3642 3578 3621 3620 3588 4065 4065 4065 4065 4065 4065 4065 4065
352 1683101853 374 3688 3662 3641 3578 3620 3619 3587 4067 4067 4066 4066 4066 4066 4066 4066
353 1683101853 374 3688 3662 3642 3578 3620 3620 3587 4067 4067 4066 4066 4066 4066 4066 4066
354 1683101853 374 3686 3661 3641 3577 3619 3619 3587 4065 4065 4065 4065 4065 4065 4065 4065
355 1683101853 374 3689 3664 3643 3579 3621 3621 3588 4065 4065 4065 4065 4065 4065 4065 4065
356 1683101853 374 3688 3662 3642 3578 3620 3619 3587 4067 4067 4066 4066 4066 4066 4066 4066
357 1683101853 374 3688 3664 3642 3579 3621 3619 3588 4067 4067 4066 4066 4066 4066 4066 4066
358 1683101853 374 3688 3663 3642 3578 3620 3620 3588 4065 4065 4065 4065 4065 4065 4065 4065
359 1683101853 374 3687 3663 3642 3578 3621 3620 3588 4067 4067 4066 4066 4066 4066 4066 4066
360 1683101853 374 3686 3662 3642 3578 3620 3620 3588 4065 4065 4065 4065 4065 4065 4065 4065
361 1683101853 374 3687 3663 3642 3578 3620 3620 3588 4065 4065 4065 4065 4065 4065 4065 4065
362 1683101853 375 3688 3663 3642 3578 3620 3620 3588 4067 4067 4066 4066 4066 4066 4066 4066
363 1683101853 375 3687 3663 3642 3578 3620 3620 3588 4065 4065 4065 4065 4065 4065 4065 4065
364 1683101853 374 3687 3662 3641 3577 3620 3619 3587 4067 4067 4066 4066 4066 4066 4066 4066
365 1683101853 374 3687 3662 3642 3578 3620 3619 3588 4065 4065 4065 4065 4065 4065 4065 4065
366 1683101853 374 3688 3663 3642 3578 3620 3620 3588 4065 4065 4065 4065 4065 4065 4065 4065
367 1683101854 374 3687 3662 3642 3578 3620 3619 3587 4067 4067 4066 4066 4066 4066 4066 4066
368 1683101854 374 3687 3663 3642 3578 3620 3619 3587 4067 4067 4066 4066 4066 4066 4066 4066
369 1683101854 374 3687 3662 3642 3578 3619 3619 3587 4065 4065 4065 4065 4065 4065 4065 4065
370 1683101854 374 3687 3662 3641 3577 3619 3619 3587 4065 4065 4065 4065 4065 4065 4065 4065
371 1683101854 374 3688 3662 3642 3578 3620 3620 3588 4065 4065 4065 4065 4065 4065 4065 4065
372 1683101854 374 3687 3663 3641 3578 3621 3620 3588 4067 4067 4066 4066 4066 4066 4066 4066
373 1683101854 374 3688 3663 3642 3578 3620 3619 3588 4065 4065 4065 4065 4065 4065 4065 4065
374 1683101854 373 3688 3663 3642 3578 3620 3620 3588 4065 4065 4065 4065 4065 4065 4065 4065
375 1683101854 375 3687 3663 3643 3579 3621 3621 3588 4067 4067 4066 4066 4066 4066 4066 4066
376 1683101854 374 3686 3661 3641 3576 3619 3618 3587 4067 4067 4066 4066 4066 4066 4066 4066
377 1683101854 374 3689 3664 3643 3579 3621 3620 3588 4067 4067 4066 4066 4066 4066 4066 4066
378 1683101854 375 3687 3662 3642 3577 3620 3620 3588 4065 4065 4065 4065 4065 4065 4065 4065
379 1683101854 374 3688 3663 3642 3578 3620 3620 3588 4067 4067 4066 4066 4066 4066 4066 4066
380 1683101854 374 3688 3662 3641 3578 3620 3620 3588 4065 4065 4065 4065 4065 4065 4065 4065
381 1683101854 374 3688 3663 3642 3578 3621 3621 3588 4067 4067 4066 4066 4066 4066 4066 4066
382 1683101854 374 3688 3663 3642 3578 3621 3620 3588 4067 4067 4066 4066 4066 4066 4066 4066
383 1683101854 374 3687 3663 3642 3578 3621 3620 3588 4065 4065 4065 4065 4065 4065 4065 4065
384 1683101854 374 3688 3663 3642 3578 3620 3620 3588 4065 4065 4065 4065 4065 4065 4065 4065
385 1683101854 374 3689 3663 3642 3579 3620 3621 3588 4067 4067 4066 4066 4066 4066 4066 4066
386 1683101854 374 3688 3664 3643 3579 3621 3620 3588 4065 4065 4065 4065 4065 4065 4065 4065
387 1683101854 375 3687 3662 3641 3578 3620 3619 3588 4065 4065 4065 4065 4065 4065 4065 4065
388 1683101854 374 3688 3663 3642 3579 3621 3620 3588 4065 4065 4065 4065 4065 4065 4065 4065
389 1683101854 374 3688 3664 3643 3579 3621 3621 3589 4065 4065 4065 4065 4065 4065 4065 4065
390 1683101854 375 3688 3663 3643 3579 3621 3621 3589 4065 4065 4065 4065 4065 4065 4065 4065
391 1683101854 374 3689 3664 3643 3579 3621 3620 3588 4067 4067 4066 4066 4066 4066 4066 4066
392 1683101854 374 3688 3664 3643 3578 3621 3620 3589 4067 4067 4066 4066 4066 4066 4066 4066
393 1683101854 375 3688 3663 3643 3579 3622 3621 3588 4069 4067 4067 4067 4067 4067 4067 4067
394 1683101854 375 3688 3663 3642 3579 3621 3620 3588 4065 4065 4065 4065 4065 4065 4065 4065
395 1683101854 375 3688 3663 3642 3578 3620 3620 3588 4067 4065 4065 4065 4065 4065 4065 4065
396 1683101854 374 3688 3664 3643 3579 3621 3620 3588 4065 4065 4065 4065 4065 4065 4065 4065
397 1683101854 374 3688 3663 3642 3578 3620 3620 3588 4067 4065 4065 4065 4065 4065 4065 4065
398 1683101854 374 492 3661 3643 3579 3621 3621 3589 4067 4067 4066 4066 4066 4066 4066 4066
399 1683101854 375 3687 3662 3642 3578 3620 3620 3588 4067 4067 4066 4066 4066 4066 4066 4066
400 1683101854 374 3688 3663 3642 3578 3620 3620 3587 4067 4067 4066 4066 4066 4066 4066 4066
401 1683101854 375 3688 3663 3642 3578 3620 3620 3588 4067 4067 4066 4066 4066 4066 4066 4066
402 1683101854 374 3688 3663 3642 3579 3621 3620 3588 4065 4063 4063 4063 4063 4063 4063 4063
403 1683101854 375 3689 3664 3643 3579 3621 3621 3589 4067 4067 4066 4066 4066 4066 4066 4066
404 1683101854 374 3688 3663 3643 3579 3621 3620 3589 4067 4067 4066 4066 4066 4066 4066 4066
405 1683101854 375 3687 3662 3642 3578 3620 3619 3588 4067 4065 4065 4065 4065 4065 4065 4065
406 1683101854 375 3688 3664 3643 3578 3621 3620 3589 4065 4065 4065 4065 4065 4065 4065 4065
407 1683101854 375 3687 3663 3642 3578 3620 3620 3588 4067 4067 4066 4066 4066 4066 4066 4066
408 1683101854 375 3689 3663 3643 3579 3621 3621 3589 4067 4067 4066 4066 4066 4066 4066 4066
409 1683101854 375 3689 3664 3643 3579 3621 3621 3589 4065 4065 4065 4065 4065 4065 4065 4065
410 1683101854 374 3688 3663 3643 3579 3621 3621 3589 4065 4065 4065 4065 4065 4065 4065 4065
411 1683101854 374 3689 3664 3643 3579 3621 3620 3589 4067 4067 4066 4066 4066 4066 4066 4066
412 1683101854 374 3689 3664 3643 3579 3621 3620 3588 4067 4067 4066 4066 4066 4066 4066 4066
413 1683101854 375 3688 3663 3643 3578 3621 3621 3589 4065 4065 4065 4065 4065 4065 4065 4065
414 1683101854 375 3688 3664 3643 3579 3622 3621 3589 4067 4067 4066 4066 4066 4066 4066 4066
415 1683101854 375 3688 3663 3643 3579 3621 3620 3589 4065 4065 4065 4065 4065 4065 4065 4065
416 1683101854 375 3688 3663 3642 3579 3621 3620 3588 4065 4065 4065 4065 4065 4065 4065 4065
417 1683101854 374 3688 3663 3642 3578 3621 3620 3588 4065 4065 4065 4065 4065 4065 4065 4065
418 1683101854 375 3688 3663 3642 3578 3621 3620 3588 4067 4067 4066 4066 4066 4066 4066 4066
419 1683101854 374 3690 3664 3644 3579 3621 3621 3589 4065 4065 4065 4065 4065 4065 4065 4065
420 1683101854 375 3688 3662 3642 3578 3620 3620 3588 4067 4067 4066 4066 4066 4066 4066 4066
421 1683101854 375 3688 3663 3642 3579 3621 3621 3589 4065 4065 4065 4065 4065 4065 4065 4065
422 1683101854 375 3688 3664 3642 3579 3621 3621 3589 4065 4065 4065 4065 4065 4065 4065 4065
423 1683101854 374 3687 3664 3643 3579 3621 3620 3589 4067 4067 4066 4066 4066 4066 4066 4066
424 1683101854 374 3689 3664 3643 3579 3621 3620 3588 4063 4063 4062 4062 4062 4062 4062 4062
425 1683101854 374 3688 3663 3643 3579 3620 3620 3588 4067 4067 4066 4066 4066 4066 4066 4066
426 1683101854 375 3689 3664 3643 3579 3621 3621 3589 4065 4065 4065 4065 4065 4065 4065 4065
427 1683101854 375 3688 3664 3643 3579 3621 3621 3588 4061 4061 4060 4060 4060 4060 4060 4060
428 1683101854 375 3689 3664 3643 3579 3621 3621 3589 4065 4065 4065 4065 4065 4065 4065 4065
429 1683101854 375 3687 3663 3642 3579 3620 3620 3589 4067 4067 4066 4066 4066 4066 4066 4066
430 1683101854 375 3688 3663 3643 3579 3621 3621 3589 4067 4067 4066 4066 4066 4066 4066 4066
431 1683101854 375 3687 3662 3641 3577 3620 3619 3587 4067 4067 4066 4066 4066 4066 4066 4066
432 1683101854 375 3688 3664 3643 3580 3621 3621 3589 4065 4065 4064 4064 4064 4064 4064 4064
433 1683101854 375 3688 3663 3642 3579 3621 3620 3588 4067 4067 4066 4066 4066 4066 4066 4066
434 1683101854 375 3689 3664 3643 3579 3621 3621 3589 4065 4065 4065 4065 4065 4065 4065 4065
435 1683101854 375 3689 3664 3643 3579 3621 3621 3589 4067 4065 4065 4065 4065 4065 4065 4065
436 1683101854 375 3689 3664 3643 3579 3621 3620 3588 4067 4067 4066 4066 4066 4066 4066 4066
437 1683101854 375 3689 3664 3643 3579 3621 3621 3589 4065 4065 4065 4065 4065 4065 4065 4065
438 1683101854 375 3688 3663 3643 3578 3621 3621 3588 4067 4067 4066 4066 4066 4066 4066 4066
439 1683101854 375 3689 3664 3643 3579 3621 3621 3589 4067 4067 4066 4066 4066 4066 4066 4066
440 1683101854 375 3688 3663 3642 3579 3621 3620 3589 4067 4067 4066 4066 4066 4066 4066 4066
441 1683101854 375 3688 3663 3642 3578 3621 3620 3588 4067 4067 4066 4066 4066 4066 4066 4066
442 1683101854 374 3689 3664 3643 3579 3621 3620 3588 4065 4065 4065 4065 4065 4065 4065 4065
443 1683101854 375 3688 3663 3642 3579 3621 3620 3588 4067 4067 4066 4066 4066 4066 4066 4066
444 1683101854 375 3689 3664 3643 3579 3621 3621 3589 4067 4067 4066 4066 4066 4066 4066 4066
445 1683101854 375 3689 3664 3643 3579 3621 3621 3589 4067 4067 4066 4066 4066 4066 4066 4066
446 1683101854 375 3688 3664 3643 3579 3621 3621 3589 4067 4066 4066 4066 4066 4066 4066 4066
447 1683101854 375 3689 3664 3643 3579 3621 3621 3589 4067 4067 4066 4066 4066 4066 4066 4066
448 1683101855 374 3689 3664 3643 3579 3621 3621 3589 4067 4067 4066 4066 4066 4066 4066 4066
449 1683101855 375 3689 3665 3644 3580 3622 3622 3591 4067 4065 4065 4065 4065 4065 4065 4065
450 1683101855 374 3688 3663 3642 3579 3621 3620 3588 4067 4067 4066 4066 4066 4066 4066 4066
451 1683101855 375 3689 3664 3643 3579 3622 3621 3589 4067 4067 4066 4066 4066 4066 4066 4066
452 1683101855 375 3689 3664 3644 3579 3621 3621 3589 4067 4067 4066 4066 4066 4066 4066 4066
453 1683101855 375 3689 3664 3643 3579 3621 3620 3588 4065 4065 4065 4065 4065 4065 4065 4065
454 1683101855 375 3688 3664 3643 3580 3622 3621 3589 4067 4067 4066 4066 4066 4066 4066 4066
455 1683101855 375 3689 3664 3644 3580 3622 3622 3589 4067 4067 4066 4066 4066 4066 4066 4066
456 1683101855 375 3689 3664 3643 3580 3622 3621 3589 4065 4065 4064 4064 4064 4064 4064 4064
457 1683101855 375 3689 3664 3644 3580 3622 3621 3590 4067 4067 4066 4066 4066 4066 4066 4066
458 1683101855 375 3688 3664 3643 3579 3621 3621 3589 4065 4065 4065 4065 4065 4065 4065 4065
459 1683101855 375 3690 3665 3644 3580 3622 3622 3589 4065 4065 4064 4064 4064 4064 4064 4064
460 1683101855 374 3690 3665 3644 3579 3621 3621 3589 4067 4067 4066 4066 4066 4066 4066 4066
461 1683101855 375 3688 3663 3643 3579 3621 3621 3589 4067 4067 4066 4066 4066 4066 4066 4066
462 1683101855 375 3688 3663 3643 3579 3621 3621 3588 4067 4067 4066 4066 4066 4066 4066 4066
463 1683101855 375 3689 3664 3644 3580 3622 3621 3589 4067 4067 4066 4066 4066 4066 4066 4066
464 1683101855 375 3689 3664 3643 3579 3622 3621 3589 4067 4067 4066 4066 4066 4066 4066 4066
465 1683101855 375 3689 3664 3643 3580 3622 3621 3589 4065 4065 4065 4065 4065 4065 4065 4065
466 1683101855 375 3689 3664 3643 3579 3621 3621 3589 4067 4067 4066 4066 4066 4066 4066 4066
467 1683101855 375 3688 3663 3643 3579 3621 3620 3588 4065 4065 4065 4065 4065 4065 4065 4065
468 1683101855 375 3688 3664 3643 3580 3622 3621 3589 4067 4067 4066 4066 4066 4066 4066 4066
469 1683101855 375 3688 3663 3642 3579 3621 3621 3589 4067 4067 4067 4067 4067 4067 4067 4067
470 1683101855 375 3688 3663 3643 3579 3622 3621 3589 4067 4067 4066 4066 4066 4066 4066 4066
471 1683101855 375 3689 3664 3644 3580 3622 3621 3589 4065 4065 4065 4065 4065 4065 4065 4065
472 1683101855 375 3688 3663 3643 3579 3621 3621 3589 4065 4065 4064 4064 4064 4064 4064 4064
473 1683101855 376 3689 3665 3644 3580 3622 3622 3590 4067 4067 4066 4066 4066 4066 4066 4066
474 1683101855 376 3688 3664 3643 3579 3621 3621 3589 4067 4067 4066 4066 4066 4066 4066 4066
475 1683101855 375 3689 3665 3644 3580 3622 3621 3589 4065 4065 4065 4065 4065 4065 4065 4065
476 1683101855 375 3689 3664 3643 3579 3621 3621 3589 4067 4067 4066 4066 4066 4066 4066 4066
477 1683101855 375 3689 3665 3644 3580 3622 3622 3590 4065 4065 4065 4065 4065 4065 4065 4065
478 1683101855 375 3688 3663 3643 3579 3621 3621 3589 4067 4065 4065 4065 4065 4065 4065 4065
479 1683101855 375 3689 3664 3644 3580 3622 3622 3590 4065 4065 4065 4065 4065 4065 4065 4065
480 1683101855 375 3691 3666 3645 3581 3623 3622 3590 4065 4065 4065 4065 4065 4065 4065 4065
481 1683101855 375 3689 3664 3643 3579 3621 3621 3589 4067 4067 4066 4066 4066 4066 4066 4066
482 1683101855 375 3688 3663 3643 3579 3621 3621 3589 4067 4065 4065 4065 4065 4065 4065 4065
483 1683101855 375 3689 3664 3643 3580 3622 3621 3589 4067 4067 4066 4066 4066 4066 4066 4066
484 1683101855 375 3690 3664 3644 3580 3622 3622 3589 4067 4067 4066 4066 4066 4066 4066 4066
485 1683101855 375 3689 3664 3643 3580 3621 3621 3589 4067 4067 4066 4066 4066 4066 4066 4066
486 1683101855 376 3688 3663 3643 3579 3622 3621 3589 4067 4067 4066 4066 4066 4066 4066 4066
487 1683101855 375 3687 3663 3643 3579 3622 3620 3589 4065 4065 4064 4064 4064 4064 4064 4064
488 1683101855 375 3689 3664 3644 3580 3623 3622 3589 4067 4065 4065 4065 4065 4065 4065 4065
489 1683101855 375 3689 3665 3644 3580 3622 3622 3590 4065 4065 4065 4065 4065 4065 4065 4065
490 1683101855 376 3689 3665 3644 3580 3622 3622 3590 4065 4065 4065 4065 4065 4065 4065 4065
491 1683101855 375 3689 3664 3643 3580 3622 3621 3589 4065 4065 4064 4064 4064 4064 4064 4064
492 1683101855 375 3689 3663 3643 3579 3621 3620 3589 4067 4067 4066 4066 4066 4066 4066 4066
493 1683101855 375 3688 3663 3642 3578 3621 3620 3588 4065 4065 4065 4065 4065 4065 4065 4065
494 1683101855 375 3689 3664 3644 3580 3622 3622 3590 4065 4065 4065 4065 4065 4065 4065 4065
495 1683101855 375 3689 3664 3643 3580 3621 3621 3589 4067 4067 4066 4066 4066 4066 4066 4066
496 1683101855 375 3690 3664 3643 3579 3621 3621 3589 4067 4067 4066 4066 4066 4066 4066 4066
497 1683101855 375 3690 3665 3644 3580 3622 3622 3589 4067 4067 4067 4067 4067 4067 4067 4067
498 1683101855 375 3690 3665 3645 3581 3623 3622 3590 4067 4067 4066 4066 4066 4066 4066 4066
499 1683101855 375 3689 3664 3643 3579 3622 3620 3589 4067 4067 4066 4066 4066 4066 4066 4066
500 1683101855 375 3690 3665 3644 3580 3622 3622 3590 4065 4065 4065 4065 4065 4065 4065 4065
501 1683101855 375 3689 3665 3643 3580 3622 3622 3589 4067 4067 4066 4066 4066 4066 4066 4066
502 1683101855 375 3689 3664 3644 3580 3623 3622 3590 4067 4067 4066 4066 4066 4066 4066 4066
503 1683101855 375 3689 3664 3644 3580 3622 3621 3589 4067 4067 4066 4066 4066 4066 4066 4066
504 1683101855 375 3689 3664 3643 3580 3622 3622 3589 4065 4065 4065 4065 4065 4065 4065 4065
505 1683101855 375 3689 3664 3643 3579 3622 3621 3589 4065 4065 4065 4065 4065 4065 4065 4065
506 1683101855 375 3689 3665 3644 3580 3622 3622 3590 4067 4067 4066 4066 4066 4066 4066 4066
507 1683101855 375 3689 3664 3643 3580 3622 3622 3589 4067 4067 4066 4066 4066 4066 4066 4066
508 1683101855 375 3688 3664 3643 3579 3622 3621 3589 4067 4067 4066 4066 4066 4066 4066 4066
509 1683101855 376 3689 3664 3644 3579 3622 3621 3590 4065 4065 4064 4064 4064 4064 4064 4064
510 1683101855 375 3689 3665 3644 3580 3622 3622 3590 4067 4067 4066 4066 4066 4066 4066 4066
511 1683101855 375 3690 3664 3644 3580 3622 3622 3590 4067 4067 4066 4066 4066 4066 4066 4066
512 1683101855 375 3690 3665 3644 3580 3622 3621 3590 4065 4065 4065 4065 4065 4065 4065 4065
513 1683101855 375 3690 3665 3644 3580 3623 3622 3590 4067 4067 4066 4066 4066 4066 4066 4066
514 1683101855 375 3690 3665 3644 3580 3622 3622 3590 4067 4067 4066 4066 4066 4066 4066 4066
515 1683101855 375 3689 3664 3644 3580 3622 3622 3589 4063 4063 4063 4063 4063 4063 4063 4063
516 1683101855 375 3690 3665 3644 3580 3622 3622 3590 4067 4067 4066 4066 4066 4066 4066 4066
517 1683101855 375 3689 3665 3644 3580 3622 3622 3590 4065 4065 4065 4065 4065 4065 4065 4065
518 1683101855 375 3688 3664 3643 3579 3621 3621 3589 4067 4067 4066 4066 4066 4066 4066 4066
519 1683101855 375 3690 3664 3644 3580 3622 3622 3590 4067 4067 4066 4066 4066 4066 4066 4066
520 1683101855 375 3690 3665 3645 3581 3623 3622 3591 4067 4067 4066 4066 4066 4066 4066 4066
521 1683101855 376 3689 3664 3643 3579 3622 3621 3589 4067 4067 4066 4066 4066 4066 4066 4066
522 1683101855 375 3689 3664 3643 3579 3621 3621 3589 4065 4065 4065 4065 4065 4065 4065 4065
523 1683101855 375 3690 3665 3644 3580 3622 3622 3590 4067 4065 4065 4065 4065 4065 4065 4065
524 1683101855 375 3690 3665 3644 3580 3623 3622 3590 4067 4067 4066 4066 4066 4066 4066 4066
525 1683101855 375 3689 3664 3643 3580 3622 3621 3589 4065 4065 4065 4065 4065 4065 4065 4065
526 1683101855 375 3688 3664 3644 3579 3622 3621 3590 4063 4063 4062 4062 4062 4062 4062 4062
527 1683101855 374 3687 3661 3641 3578 3620 3619 3587 4065 4065 4065 4065 4065 4065 4065 4065
528 1683101855 373 3688 3663 3642 3578 3620 3620 3587 4067 4067 4066 4066 4066 4066 4066 4066
529 1683101855 374 3688 3663 3642 3578 3620 3620 3588 4067 4065 4065 4065 4065 4065 4065 4065
530 1683101855 374 3688 3663 3641 3578 3620 3620 3588 4065 4065 4065 4065 4065 4065 4065 4065
531 1683101855 373 3687 3663 3642 3578 3620 3620 3588 4065 4065 4065 4065 4065 4065 4065 4065
532 1683101855 373 3688 3663 3642 3579 3620 3620 3588 4065 4065 4065 4065 4065 4065 4065 4065
533 1683101855 373 3688 3663 3642 3578 3620 3620 3587 4067 4067 4066 4066 4066 4066 4066 4066
534 1683101855 374 3687 3662 3642 3577 3619 3618 3587 4067 4067 4066 4066 4066 4066 4066 4066
535 1683101856 373 3688 3663 3643 3578 3621 3620 3588 4067 4067 4066 4066 4066 4066 4066 4066
536 1683101856 374 3687 3663 3642 3578 3620 3619 3587 4067 4067 4066 4066 4066 4066 4066 4066
537 1683101856 374 3687 3662 3642 3578 3620 3620 3588 4067 4067 4066 4066 4066 4066 4066 4066
538 1683101856 374 3688 3663 3642 3578 3621 3621 3588 4067 4067 4066 4066 4066 4066 4066 4066
539 1683101856 374 3687 3662 3642 3577 3620 3619 3587 4067 4067 4066 4066 4066 4066 4066 4066
540 1683101856 374 3686 3662 3641 3577 3619 3619 3587 4067 4067 4067 4067 4067 4067 4067 4067
541 1683101856 374 3687 3662 3641 3578 3620 3620 3588 4065 4065 4065 4065 4065 4065 4065 4065
542 1683101856 374 3688 3663 3642 3578 3621 3620 3587 4065 4065 4065 4065 4065 4065 4065 4065
543 1683101856 374 3688 3663 3642 3578 3620 3620 3587 4065 4065 4065 4065 4065 4065 4065 4065
544 1683101856 374 3688 3663 3642 3578 3620 3620 3588 4065 4065 4065 4065 4065 4065 4065 4065
545 1683101856 374 3688 3663 3643 3579 3621 3621 3589 4065 4065 4065 4065 4065 4065 4065 4065
546 1683101856 374 3688 3663 3643 3579 3621 3620 3589 4065 4065 4065 4065 4065 4065 4065 4065
547 1683101856 374 3688 3663 3642 3578 3620 3620 3588 4067 4067 4066 4066 4066 4066 4066 4066
548 1683101856 374 3688 3663 3641 3578 3620 3620 3587 4065 4065 4065 4065 4065 4065 4065 4065
549 1683101856 374 3688 3663 3643 3578 3621 3620 3589 4067 4067 4066 4066 4066 4066 4066 4066
550 1683101856 374 3688 3663 3642 3578 3620 3620 3588 4067 4065 4065 4065 4065 4065 4065 4065
551 1683101856 374 3687 3662 3641 3577 3620 3619 3587 4065 4065 4065 4065 4065 4065 4065 4065
552 1683101856 374 3686 3663 3642 3578 3621 3620 3588 4065 4065 4065 4065 4065 4065 4065 4065
553 1683101856 374 3688 3663 3642 3578 3620 3620 3588 4065 4065 4065 4065 4065 4065 4065 4065
554 1683101856 374 3687 3662 3641 3578 3620 3619 3587 4065 4065 4065 4065 4065 4065 4065 4065
555 1683101856 374 3687 3663 3642 3578 3620 3620 3588 4067 4067 4066 4066 4066 4066 4066 4066
556 1683101856 374 3687 3662 3642 3578 3620 3620 3587 4067 4067 4066 4066 4066 4066 4066 4066
557 1683101856 374 3688 3663 3642 3578 3621 3620 3588 4065 4065 4065 4065 4065 4065 4065 4065
558 1683101856 374 3688 3663 3642 3578 3620 3620 3588 4065 4065 4065 4065 4065 4065 4065 4065
559 1683101856 374 3688 3663 3643 3579 3621 3621 3589 4067 4067 4066 4066 4066 4066 4066 4066
560 1683101856 374 3687 3663 3642 3578 3621 3620 3588 4067 4067 4066 4066 4066 4066 4066 4066
561 1683101856 374 3687 3662 3641 3578 3620 3620 3588 4067 4067 4066 4066 4066 4066 4066 4066
562 1683101856 374 3688 3663 3643 3579 3621 3621 3588 4065 4065 4065 4065 4065 4065 4065 4065
563 1683101856 374 3688 3663 3642 3578 3620 3620 3588 4065 4065 4065 4065 4065 4065 4065 4065
564 1683101856 374 3688 3663 3642 3578 3621 3620 3588 4067 4067 4066 4066 4066 4066 4066 4066
565 1683101856 374 3688 3663 3642 3578 3621 3620 3588 4067 4065 4065 4065 4065 4065 4065 4065
566 1683101856 374 3688 3663 3643 3579 3621 3620 3588 4067 4067 4066 4066 4066 4066 4066 4066
567 1683101856 374 3687 3663 3642 3578 3620 3620 3588 4067 4067 4066 4066 4066 4066 4066 4066
568 1683101856 374 3688 3663 3642 3579 3621 3621 3588 4065 4065 4065 4065 4065 4065 4065 4065
569 1683101856 374 3688 3663 3642 3578 3621 3620 3588 4065 4065 4065 4065 4065 4065 4065 4065
570 1683101856 374 3688 3663 3642 3579 3621 3620 3589 4067 4067 4066 4066 4066 4066 4066 4066
571 1683101856 374 3688 3664 3643 3579 3622 3621 3589 4067 4067 4066 4066 4066 4066 4066 4066
572 1683101856 374 3688 3663 3642 3578 3621 3620 3588 4063 4063 4063 4063 4063 4063 4063 4063
573 1683101856 374 3687 3662 3641 3578 3620 3619 3588 4065 4065 4064 4064 4064 4064 4064 4064
574 1683101856 374 3688 3663 3642 3578 3620 3620 3588 4067 4067 4066 4066 4066 4066 4066 4066
575 1683101856 374 3687 3662 3642 3578 3620 3619 3587 4067 4067 4066 4066 4066 4066 4066 4066
576 1683101856 374 3688 3664 3643 3579 3621 3620 3588 4067 4065 4065 4065 4065 4065 4065 4065
577 1683101856 374 3690 3665 3644 3580 3622 3622 3590 4065 4065 4065 4065 4065 4065 4065 4065
578 1683101856 374 3687 3663 3641 3578 3620 3620 3588 4067 4067 4066 4066 4066 4066 4066 4066
579 1683101856 374 3688 3664 3643 3579 3621 3620 3589 4067 4065 4065 4065 4065 4065 4065 4065
580 1683101856 374 3688 3663 3642 3579 3620 3620 3588 4065 4065 4065 4065 4065 4065 4065 4065
581 1683101856 374 3689 3663 3643 3579 3622 3621 3589 4067 4067 4066 4066 4066 4066 4066 4066
582 1683101856 374 3688 3663 3642 3578 3621 3620 3588 4067 4067 4066 4066 4066 4066 4066 4066
583 1683101856 374 3687 3664 3643 3579 3621 3621 3589 4065 4065 4065 4065 4065 4065 4065 4065
584 1683101856 374 3688 3663 3642 3578 3620 3620 3588 4067 4067 4066 4066 4066 4066 4066 4066
585 1683101856 374 3688 3663 3642 3578 3621 3620 3588 4067 4067 4066 4066 4066 4066 4066 4066
586 1683101856 374 3690 3665 3644 3580 3622 3622 3589 4067 4067 4066 4066 4066 4066 4066 4066
587 1683101856 374 3688 3663 3642 3578 3621 3620 3588 4067 4067 4066 4066 4066 4066 4066 4066
588 1683101856 374 3688 3663 3643 3579 3621 3621 3589 4065 4065 4065 4065 4065 4065 4065 4065
589 1683101856 374 3687 3663 3641 3578 3620 3619 3587 4065 4065 4064 4064 4064 4064 4064 4064
590 1683101856 375 3690 3664 3644 3580 3622 3622 3589 4065 4065 4065 4065 4065 4065 4065 4065
591 1683101856 374 3687 3662 3641 3578 3620 3619 3588 4065 4065 4065 4065 4065 4065 4065 4065
592 1683101856 374 3688 3663 3643 3579 3621 3620 3588 4067 4067 4066 4066 4066 4066 4066 4066
593 1683101856 373 3688 3663 3642 3578 3620 3619 3588 4065 4065 4065 4065 4065 4065 4065 4065
594 1683101856 374 3688 3663 3642 3578 3620 3620 3588 4065 4065 4065 4065 4065 4065 4065 4065
595 1683101856 374 3687 3663 3642 3578 3620 3620 3588 4067 4067 4066 4066 4066 4066 4066 4066
596 1683101856 374 3688 3663 3642 3578 3620 3620 3588 4067 4067 4066 4066 4066 4066 4066 4066
597 1683101856 374 3687 3662 3642 3578 3620 3620 3587 4067 4067 4066 4066 4066 4066 4066 4066
598 1683101856 375 3688 3663 3642 3578 3621 3620 3588 4067 4067 4066 4066 4066 4066 4066 4066
599 1683101856 375 3689 3664 3643 3579 3621 3621 3589 4065 4065 4065 4065 4065 4065 4065 4065
600 1683101856 374 3689 3664 3643 3579 3621 3621 3589 4067 4065 4065 4065 4065 4065 4065 4065
601 1683101856 374 3689 3663 3642 3579 3621 3621 3589 4065 4065 4065 4065 4065 4065 4065 4065
602 1683101856 373 3688 3663 3642 3578 3620 3620 3588 4067 4067 4066 4066 4066 4066 4066 4066
603 1683101856 375 3689 3665 3644 3580 3623 3622 3590 4067 4067 4066 4066 4066 4066 4066 4066
604 1683101856 374 3688 3663 3642 3578 3620 3620 3588 4067 4067 4066 4066 4066 4066 4066 4066
605 1683101856 374 3688 3663 3642 3579 3621 3621 3589 4067 4067 4066 4066 4066 4066 4066 4066
606 1683101856 374 3688 3663 3642 3578 3621 3620 3588 4065 4065 4065 4065 4065 4065 4065 4065
607 1683101856 374 3689 3664 3643 3579 3622 3621 3589 4067 4067 4066 4066 4066 4066 4066 4066
608 1683101856 374 3690 3664 3644 3579 3621 3621 3589 4067 4067 4066 4066 4066 4066 4066 4066
609 1683101856 374 3688 3663 3643 3579 3620 3620 3588 4067 4067 4066 4066 4066 4066 4066 4066
610 1683101856 374 3688 3664 3643 3579 3622 3621 3589 4067 4067 4066 4066 4066 4066 4066 4066
611 1683101856 374 3689 3664 3643 3579 3621 3620 3589 4067 4067 4066 4066 4066 4066 4066 4066
612 1683101856 374 3689 3663 3643 3579 3621 3620 3589 4065 4065 4065 4065 4065 4065 4065 4065
613 1683101856 374 3689 3664 3643 3579 3622 3621 3589 4067 4067 4066 4066 4066 4066 4066 4066
614 1683101856 374 3688 3664 3643 3580 3622 3621 3589 4067 4067 4066 4066 4066 4066 4066 4066
615 1683101856 375 3687 3663 3643 3579 3621 3620 3588 4067 4067 4066 4066 4066 4066 4066 4066
616 1683101856 374 3689 3664 3644 3580 3622 3621 3589 4065 4065 4065 4065 4065 4065 4065 4065
617 1683101856 374 3688 3663 3642 3578 3620 3621 3588 4065 4065 4065 4065 4065 4065 4065 4065
618 1683101857 374 3688 3664 3643 3579 3621 3621 3589 4067 4067 4066 4066 4066 4066 4066 4066
619 1683101857 374 3689 3664 3642 3579 3621 3620 3588 4067 4067 4066 4066 4066 4066 4066 4066
620 1683101857 374 3688 3664 3643 3579 3621 3621 3589 4063 4063 4062 4062 4062 4062 4062 4062
621 1683101857 375 3689 3664 3643 3579 3622 3621 3589 4065 4065 4065 4065 4065 4065 4065 4065
622 1683101857 374 3688 3664 3642 3579 3621 3620 3589 4067 4067 4066 4066 4066 4066 4066 4066
623 1683101857 374 3691 3666 3645 3581 3623 3623 3591 4067 4067 4066 4066 4066 4066 4066 4066
624 1683101857 374 3689 3664 3643 3579 3621 3621 3589 4067 4067 4066 4066 4066 4066 4066 4066
625 1683101857 374 3689 3664 3643 3579 3621 3621 3588 4067 4067 4066 4066 4066 4066 4066 4066
626 1683101857 375 3689 3664 3643 3579 3621 3621 3589 4067 4067 4066 4066 4066 4066 4066 4066
627 1683101857 375 3689 3664 3643 3579 3621 3621 3589 4067 4067 4066 4066 4066 4066 4066 4066
628 1683101857 374 3688 3664 3643 3579 3621 3621 3589 4067 4067 4066 4066 4066 4066 4066 4066
629 1683101857 374 3688 3663 3642 3579 3621 3620 3588 4067 4067 4066 4066 4066 4066 4066 4066
630 1683101857 374 3688 3664 3644 3580 3622 3622 3590 4065 4065 4064 4064 4064 4064 4064 4064
631 1683101857 374 3689 3664 3644 3580 3622 3621 3589 4067 4067 4066 4066 4066 4066 4066 4066
632 1683101857 374 3688 3663 3643 3578 3621 3620 3588 4065 4065 4065 4065 4065 4065 4065 4065
633 1683101857 374 3689 3664 3643 3579 3621 3621 3589 4065 4065 4064 4064 4064 4064 4064 4064
634 1683101857 374 3690 3665 3644 3580 3622 3621 3589 4065 4065 4065 4065 4065 4065 4065 4065
635 1683101857 374 3689 3664 3643 3579 3621 3620 3589 4067 4067 4066 4066 4066 4066 4066 4066
636 1683101857 374 3688 3663 3642 3578 3620 3620 3588 4067 4067 4066 4066 4066 4066 4066 4066
637 1683101857 374 3689 3664 3643 3579 3621 3621 3589 4067 4065 4065 4065 4065 4065 4065 4065
638 1683101857 375 3688 3664 3643 3579 3622 3621 3589 4065 4065 4065 4065 4065 4065 4065 4065
639 1683101857 374 3688 3663 3642 3578 3621 3620 3588 4065 4065 4065 4065 4065 4065 4065 4065
640 1683101857 374 3689 3664 3643 3579 3621 3621 3589 4067 4067 4066 4066 4066 4066 4066 4066
641 1683101857 375 3689 3664 3643 3579 3621 3621 3589 4065 4065 4065 4065 4065 4065 4065 4065
642 1683101857 374 3689 3664 3643 3580 3621 3621 3589 4067 4067 4066 4066 4066 4066 4066 4066
643 1683101857 374 3689 3665 3644 3580 3622 3622 3590 4067 4067 4066 4066 4066 4066 4066 4066
644 1683101857 375 3688 3663 3642 3579 3621 3620 3588 4065 4065 4065 4065 4065 4065 4065 4065
645 1683101857 375 3689 3664 3643 3579 3622 3621 3589 4067 4067 4066 4066 4066 4066 4066 4066
646 1683101857 374 3689 3665 3644 3580 3622 3621 3589 4067 4067 4066 4066 4066 4066 4066 4066
647 1683101857 375 3690 3665 3645 3580 3623 3622 3591 4065 4065 4065 4065 4065 4065 4065 4065
648 1683101857 375 3688 3663 3642 3578 3620 3620 3589 4067 4067 4066 4066 4066 4066 4066 4066
649 1683101857 375 3689 3664 3644 3579 3621 3621 3589 4067 4067 4066 4066 4066 4066 4066 4066
650 1683101857 374 3688 3664 3643 3579 3621 3621 3588 4067 4067 4066 4066 4066 4066 4066 4066
651 1683101857 375 3689 3664 3643 3579 3621 3621 3589 4065 4065 4065 4065 4065 4065 4065 4065
652 1683101857 374 3689 3664 3643 3579 3622 3621 3590 4065 4065 4065 4065 4065 4065 4065 4065
653 1683101857 375 3689 3664 3643 3579 3622 3621 3589 4067 4067 4066 4066 4066 4066 4066 4066
654 1683101857 375 3690 3665 3644 3580 3623 3622 3590 4063 4063 4063 4063 4063 4063 4063 4063
655 1683101857 375 3687 3663 3642 3578 3620 3620 3588 4065 4065 4065 4065 4065 4065 4065 4065
656 1683101857 375 3689 3664 3643 3579 3621 3621 3589 4065 4065 4065 4065 4065 4065 4065 4065
657 1683101857 374 3689 3664 3644 3579 3622 3621 3589 4065 4065 4065 4065 4065 4065 4065 4065
658 1683101857 375 3689 3664 3643 3580 3622 3621 3589 4067 4067 4066 4066 4066 4066 4066 4066
659 1683101857 375 3689 3664 3644 3580 3622 3622 3589 4067 4067 4066 4066 4066 4066 4066 4066
660 1683101857 375 3689 3664 3644 3579 3622 3621 3589 4067 4067 4066 4066 4066 4066 4066 4066
661 1683101857 374 3689 3664 3643 3579 3620 3621 3589 4065 4065 4065 4065 4065 4065 4065 4065
662 1683101857 375 3692 3667 3647 3583 3625 3625 3592 4067 4067 4066 4066 4066 4066 4066 4066
663 1683101857 375 3691 3665 3645 3581 3623 3622 3590 4067 4067 4066 4066 4066 4066 4066 4066
664 1683101857 375 3689 3664 3643 3579 3621 3621 3589 4067 4067 4066 4066 4066 4066 4066 4066
665 1683101857 375 3689 3664 3643 3579 3621 3621 3589 4065 4065 4065 4065 4065 4065 4065 4065
666 1683101857 375 3689 3665 3644 3579 3622 3621 3589 4067 4067 4066 4066 4066 4066 4066 4066
667 1683101857 375 3689 3664 3643 3580 3622 3622 3590 4065 4065 4065 4065 4065 4065 4065 4065
668 1683101857 374 3689 3664 3643 3579 3622 3621 3589 4067 4065 4065 4065 4065 4065 4065 4065
669 1683101857 374 3689 3664 3644 3579 3622 3621 3589 4065 4065 4064 4064 4064 4064 4064 4064
670 1683101857 375 3689 3665 3643 3580 3622 3621 3589 4067 4067 4066 4066 4066 4066 4066 4066
671 1683101857 374 3689 3664 3644 3580 3622 3621 3589 4067 4067 4066 4066 4066 4066 4066 4066
672 1683101857 374 3689 3664 3643 3579 3622 3621 3589 4065 4065 4065 4065 4065 4065 4065 4065
673 1683101857 375 3689 3663 3643 3579 3621 3621 3589 4067 4067 4066 4066 4066 4066 4066 4066
674 1683101857 374 3689 3665 3643 3579 3621 3621 3589 4065 4065 4064 4064 4064 4064 4064 4064
675 1683101857 375 3689 3664 3643 3579 3621 3621 3589 4067 4067 4066 4066 4066 4066 4066 4066
676 1683101857 374 3689 3664 3643 3579 3622 3621 3589 4065 4065 4065 4065 4065 4065 4065 4065
677 1683101857 375 3689 3664 3644 3580 3621 3621 3590 4067 4067 4066 4066 4066 4066 4066 4066
678 1683101857 374 3688 3664 3644 3579 3622 3621 3589 4067 4067 4066 4066 4066 4066 4066 4066
679 1683101857 375 3687 3663 3643 3579 3621 3621 3590 4067 4067 4066 4066 4066 4066 4066 4066
680 1683101857 374 3690 3665 3644 3580 3622 3622 3590 4067 4067 4066 4066 4066 4066 4066 4066
681 1683101857 374 3689 3664 3644 3580 3622 3621 3589 4067 4067 4066 4066 4066 4066 4066 4066
682 1683101857 375 3688 3664 3643 3579 3621 3621 3589 4067 4067 4066 4066 4066 4066 4066 4066
683 1683101857 375 3689 3664 3643 3579 3621 3620 3589 4067 4067 4066 4066 4066 4066 4066 4066
684 1683101857 374 3688 3663 3643 3579 3621 3620 3588 4065 4065 4065 4065 4065 4065 4065 4065
685 1683101857 374 3688 3663 3643 3578 3621 3621 3588 4067 4067 4066 4066 4066 4066 4066 4066
686 1683101857 375 3688 3664 3643 3579 3621 3621 3589 4067 4067 4066 4066 4066 4066 4066 4066
687 1683101857 375 3689 3664 3644 3580 3622 3621 3589 4067 4067 4066 4066 4066 4066 4066 4066
688 1683101857 375 3690 3665 3643 3579 3622 3621 3589 4067 4065 4065 4065 4065 4065 4065 4065
689 1683101857 375 3689 3664 3644 3580 3622 3622 3590 4067 4067 4066 4066 4066 4066 4066 4066
690 1683101857 374 3689 3664 3643 3579 3621 3621 3589 4067 4067 4066 4066 4066 4066 4066 4066
691 1683101857 375 3689 3664 3643 3579 3621 3621 3589 4067 4067 4066 4066 4066 4066 4066 4066
692 1683101857 375 3689 3664 3644 3580 3622 3622 3590 4067 4067 4066 4066 4066 4066 4066 4066
693 1683101857 375 3689 3664 3643 3580 3622 3621 3589 4065 4065 4065 4065 4065 4065 4065 4065
694 1683101857 375 3690 3664 3644 3580 3622 3622 3590 4067 4067 4066 4066 4066 4066 4066 4066
695 1683101857 375 3687 3663 3643 3579 3622 3621 3589 4067 4067 4066 4066 4066 4066 4066 4066
696 1683101857 375 3690 3665 3644 3581 3622 3622 3590 4067 4067 4066 4066 4066 4066 4066 4066
697 1683101857 375 3689 3664 3643 3580 3621 3621 3589 4067 4067 4066 4066 4066 4066 4066 4066
698 1683101857 375 3689 3664 3643 3580 3622 3621 3590 4065 4065 4065 4065 4065 4065 4065 4065
699 1683101858 375 3689 3664 3644 3580 3622 3622 3590 4065 4065 4065 4065 4065 4065 4065 4065
700 1683101858 375 3689 3664 3643 3580 3622 3621 3590 4067 4067 4066 4066 4066 4066 4066 4066
701 1683101858 375 3689 3664 3643 3579 3622 3621 3589 4067 4067 4066 4066 4066 4066 4066 4066
702 1683101858 375 3690 3665 3644 3580 3622 3622 3590 4067 4067 4066 4066 4066 4066 4066 4066
703 1683101858 375 3689 3664 3644 3580 3622 3622 3590 4065 4065 4065 4065 4065 4065 4065 4065
704 1683101858 374 3690 3665 3644 3580 3622 3622 3589 4065 4065 4065 4065 4065 4065 4065 4065
705 1683101858 375 3689 3664 3643 3580 3622 3622 3590 4067 4067 4066 4066 4066 4066 4066 4066
706 1683101858 375 3688 3664 3643 3579 3621 3621 3589 4065 4065 4065 4065 4065 4065 4065 4065
707 1683101858 375 3689 3664 3644 3580 3622 3622 3590 4067 4067 4066 4066 4066 4066 4066 4066
708 1683101858 375 3690 3665 3643 3580 3622 3622 3590 4067 4067 4066 4066 4066 4066 4066 4066
709 1683101858 375 3689 3665 3644 3580 3622 3622 3590 4065 4065 4065 4065 4065 4065 4065 4065
710 1683101858 375 3689 3664 3644 3580 3622 3621 3590 4067 4067 4066 4066 4066 4066 4066 4066
711 1683101858 375 3690 3665 3644 3581 3623 3622 3591 4067 4067 4066 4066 4066 4066 4066 4066
712 1683101858 375 3690 3665 3645 3581 3623 3622 3591 4067 4067 4066 4066 4066 4066 4066 4066
713 1683101858 375 3688 3663 3643 3579 3622 3621 3589 4067 4067 4066 4066 4066 4066 4066 4066
714 1683101858 375 3689 3665 3644 3580 3622 3622 3590 4065 4065 4065 4065 4065 4065 4065 4065
715 1683101858 375 3689 3664 3643 3579 3621 3620 3589 4065 4065 4065 4065 4065 4065 4065 4065
716 1683101858 375 3689 3664 3643 3579 3621 3621 3589 4067 4067 4066 4066 4066 4066 4066 4066
717 1683101858 375 3689 3664 3643 3580 3622 3622 3590 4067 4067 4066 4066 4066 4066 4066 4066
718 1683101858 375 3688 3664 3643 3579 3621 3621 3588 4065 4065 4065 4065 4065 4065 4065 4065
719 1683101858 375 3690 3665 3644 3580 3623 3622 3590 4065 4065 4065 4065 4065 4065 4065 4065
720 1683101858 375 3690 3665 3644 3580 3622 3621 3590 4065 4065 4065 4065 4065 4065 4065 4065
721 1683101858 375 3689 3664 3644 3579 3622 3621 3590 4067 4067 4066 4066 4066 4066 4066 4066
722 1683101858 375 3690 3665 3645 3581 3622 3622 3590 4067 4065 4065 4065 4065 4065 4065 4065
723 1683101858 375 3689 3663 3643 3579 3621 3620 3588 4067 4067 4066 4066 4066 4066 4066 4066
724 1683101858 375 3689 3664 3643 3580 3622 3622 3590 4067 4067 4066 4066 4066 4066 4066 4066
725 1683101858 375 3691 3665 3644 3580 3622 3621 3590 4067 4067 4066 4066 4066 4066 4066 4066
726 1683101858 375 3688 3664 3643 3580 3622 3621 3589 4067 4067 4066 4066 4066 4066 4066 4066
727 1683101858 375 3689 3664 3643 3579 3622 3621 3589 4065 4065 4065 4065 4065 4065 4065 4065
728 1683101858 375 3689 3664 3644 3579 3622 3622 3589 4067 4067 4066 4066 4066 4066 4066 4066
729 1683101858 375 3689 3664 3643 3579 3621 3621 3589 4065 4065 4065 4065 4065 4065 4065 4065
730 1683101858 375 3690 3665 3644 3581 3622 3622 3590 4065 4065 4064 4064 4064 4064 4064 4064
731 1683101858 375 3690 3665 3644 3580 3622 3622 3590 4065 4065 4065 4065 4065 4065 4065 4065
732 1683101858 375 3689 3664 3644 3580 3622 3621 3589 4067 4065 4065 4065 4065 4065 4065 4065
733 1683101858 375 3689 3664 3644 3579 3622 3621 3589 4067 4065 4065 4065 4065 4065 4065 4065
734 1683101858 375 3690 3665 3644 3580 3622 3622 3590 4065 4065 4064 4064 4064 4064 4064 4064
735 1683101858 375 3689 3664 3643 3580 3622 3622 3590 4067 4067 4066 4066 4066 4066 4066 4066
736 1683101858 375 3690 3664 3644 3580 3622 3622 3589 4065 4065 4065 4065 4065 4065 4065 4065
737 1683101858 375 3690 3665 3644 3580 3623 3622 3590 4065 4065 4065 4065 4065 4065 4065 4065
738 1683101858 375 3689 3665 3643 3580 3622 3621 3589 4067 4067 4066 4066 4066 4066 4066 4066
739 1683101858 375 3690 3665 3644 3580 3622 3622 3590 4065 4065 4065 4065 4065 4065 4065 4065
740 1683101858 375 3690 3665 3644 3580 3623 3622 3590 4067 4067 4066 4066 4066 4066 4066 4066
741 1683101858 375 3689 3665 3644 3580 3622 3622 3590 4067 4067 4066 4066 4066 4066 4066 4066
742 1683101858 375 3688 3665 3644 3580 3622 3621 3590 4065 4065 4065 4065 4065 4065 4065 4065
743 1683101858 375 3689 3665 3644 3580 3623 3622 3590 4065 4065 4065 4065 4065 4065 4065 4065
744 1683101858 375 3690 3665 3644 3580 3623 3622 3590 4065 4065 4065 4065 4065 4065 4065 4065
745 1683101858 376 3689 3664 3644 3580 3622 3622 3589 4067 4065 4065 4065 4065 4065 4065 4065
746 1683101858 375 3689 3665 3644 3580 3622 3621 3589 4065 4065 4065 4065 4065 4065 4065 4065
747 1683101858 375 3690 3665 3644 3580 3622 3622 3590 4067 4067 4066 4066 4066 4066 4066 4066
748 1683101858 375 3689 3665 3643 3579 3622 3621 3589 4065 4065 4065 4065 4065 4065 4065 4065
749 1683101858 376 3689 3665 3644 3580 3623 3622 3591 4067 4067 4066 4066 4066 4066 4066 4066
750 1683101866 375 3688 3662 3642 3578 3620 3620 3587 4067 4067 4066 4066 4066 4066 4066 4066
751 1683101866 375 3688 3663 3642 3578 3621 3620 3588 4065 4065 4065 4065 4065 4065 4065 4065
752 1683101866 375 3689 3664 3643 3579 3621 3620 3588 4067 4067 4066 4066 4066 4066 4066 4066
753 1683101866 375 3688 3663 3642 3579 3621 3620 3588 4065 4065 4065 4065 4065 4065 4065 4065
754 1683101866 376 3688 3663 3642 3579 3621 3621 3589 4067 4067 4066 4066 4066 4066 4066 4066
755 1683101866 375 3688 3663 3642 550 3618 3620 3588 4065 4065 4065 4065 4065 4065 4065 4065
756 1683101866 375 3688 3662 3641 3577 3619 3619 3587 4067 4067 4066 4066 4066 4066 4066 4066
757 1683101866 375 3688 3664 3643 3579 3621 3621 3589 4067 4067 4066 4066 4066 4066 4066 4066
758 1683101866 375 3688 3664 3643 3579 3621 3620 3588 4067 4067 4066 4066 4066 4066 4066 4066
759 1683101866 375 3688 3664 3643 3579 3621 3621 3589 4065 4065 4065 4065 4065 4065 4065 4065
760 1683101866 375 3689 3663 3643 3579 3621 3620 3589 4067 4067 4066 4066 4066 4066 4066 4066
761 1683101866 375 3688 3663 3643 3579 3621 3620 3589 4065 4065 4065 4065 4065 4065 4065 4065
762 1683101866 375 3689 3664 3644 3580 3622 3621 3589 4067 4067 4066 4066 4066 4066 4066 4066
763 1683101866 375 3689 3664 3643 3579 3621 3620 3588 4067 4067 4066 4066 4066 4066 4066 4066
764 1683101866 375 3689 3664 3643 3579 3621 3621 3589 4065 4065 4065 4065 4065 4065 4065 4065
765 1683101866 375 3690 449 3642 3580 1559 1636 3589 4067 4067 4066 4066 4066 4066 4066 4066
766 1683101866 375 3688 3663 3642 3579 3621 3621 3589 4065 4065 4065 4065 4065 4065 4065 4065
767 1683101866 375 3688 3663 3643 3579 3621 3621 3588 4067 4067 4066 4066 4066 4066 4066 4066
768 1683101866 375 3689 3664 3643 3579 3621 3621 3589 4067 4065 4065 4065 4065 4065 4065 4065
769 1683101866 375 3688 3664 3643 3578 3621 3620 3589 4065 4065 4065 4065 4065 4065 4065 4065
770 1683101866 376 3689 3664 3643 3580 3621 3621 3589 4067 4067 4066 4066 4066 4066 4066 4066
771 1683101866 375 3690 3665 3644 3580 3622 3622 3590 4065 4065 4065 4065 4065 4065 4065 4065
772 1683101866 376 3689 3664 3643 3579 3621 3621 3589 4067 4067 4066 4066 4066 4066 4066 4066
773 1683101866 375 3688 3664 3642 3578 3621 3621 3589 4067 4065 4065 4065 4065 4065 4065 4065
774 1683101866 376 3689 3664 3643 3579 3621 3621 3589 4065 4065 4064 4064 4064 4064 4064 4064
775 1683101866 376 3688 3664 3643 3579 3622 3621 3589 4067 4067 4067 4067 4067 4067 4067 4067
776 1683101866 375 3689 3664 3643 3580 3621 3621 3590 4065 4065 4065 4065 4065 4065 4065 4065
777 1683101866 376 3688 3664 3643 3579 3622 3621 3589 4065 4065 4064 4064 4064 4064 4064 4064
778 1683101866 376 3688 3663 3642 3579 3621 3621 3589 4065 4065 4065 4065 4065 4065 4065 4065
779 1683101866 375 3689 3663 3643 3579 3621 3621 3589 4065 4065 4065 4065 4065 4065 4065 4065
780 1683101866 375 3689 3664 3643 3579 3621 3621 3588 4067 4067 4066 4066 4066 4066 4066 4066
781 1683101866 375 3689 3664 3644 3579 3622 3621 3589 4065 4065 4065 4065 4065 4065 4065 4065
782 1683101866 374 3687 3662 3641 3577 3619 3619 3587 4065 4065 4064 4064 4064 4064 4064 4064
783 1683101866 374 3687 3662 3641 3578 3620 3619 3588 4067 4067 4066 4066 4066 4066 4066 4066
784 1683101866 374 3686 3661 3641 3577 3619 3618 3587 4067 4067 4066 4066 4066 4066 4066 4066
785 1683101866 374 3687 3661 3641 3577 3619 3619 3587 4065 4065 4065 4065 4065 4065 4065 4065
786 1683101866 374 3687 3662 3641 3578 3620 3619 3587 4067 4067 4066 4066 4066 4066 4066 4066
787 1683101866 374 3686 3661 3641 3577 3620 3619 3587 4065 4065 4065 4065 4065 4065 4065 4065
788 1683101866 374 3687 3662 3641 3578 3619 3619 3587 4067 4067 4066 4066 4066 4066 4066 4066
789 1683101866 373 3687 3662 3641 3577 3620 3619 3586 4067 4067 4066 4066 4066 4066 4066 4066
790 1683101866 374 3687 3664 3642 3578 3620 3620 3588 4067 4067 4066 4066 4066 4066 4066 4066
791 1683101866 374 3687 3662 3641 3578 3620 3620 3588 4065 4065 4065 4065 4065 4065 4065 4065
792 1683101866 373 3687 3662 3641 3577 3619 3618 3586 4067 4067 4067 4067 4067 4067 4067 4067
793 1683101866 374 3686 3662 3641 3577 3619 3619 3587 4067 4065 4065 4065 4065 4065 4065 4065
794 1683101866 374 3687 3662 3641 3577 3619 3619 3587 4067 4067 4066 4066 4066 4066 4066 4066
795 1683101867 374 3686 3662 3641 3577 3619 3619 3587 4065 4065 4065 4065 4065 4065 4065 4065
796 1683101867 373 3686 3662 3641 3577 3619 3619 3586 4065 4065 4065 4065 4065 4065 4065 4065
797 1683101867 374 3687 3661 3641 3577 3619 3618 3587 4065 4065 4065 4065 4065 4065 4065 4065
798 1683101867 374 3687 3662 3641 3578 3620 3619 3587 4067 4067 4066 4066 4066 4066 4066 4066
799 1683101867 374 3686 3661 3640 3577 3618 3618 3586 4065 4065 4064 4064 4064 4064 4064 4064
800 1683101867 374 3686 3662 3641 3577 3619 3619 3587 4067 4065 4065 4065 4065 4065 4065 4065
801 1683101867 374 3686 3661 3640 3577 3620 3619 3587 4067 4067 4066 4066 4066 4066 4066 4066
802 1683101867 374 3687 3662 3641 3577 3619 3619 3587 4065 4065 4065 4065 4065 4065 4065 4065
803 1683101867 374 3688 3663 3642 3577 3620 3620 3587 4067 4067 4066 4066 4066 4066 4066 4066
804 1683101867 373 3687 3662 3641 3578 3619 3619 3587 4065 4065 4065 4065 4065 4065 4065 4065
805 1683101867 373 3687 3662 3642 3578 3620 3619 3587 4065 4065 4064 4064 4064 4064 4064 4064
806 1683101867 374 3687 3662 3640 3577 3619 3619 3587 4067 4067 4066 4066 4066 4066 4066 4066
807 1683101867 374 3686 3662 3641 3577 3619 3619 3587 4067 4065 4065 4065 4065 4065 4065 4065
808 1683101867 374 3687 3662 3642 3577 3620 3620 3588 4067 4067 4066 4066 4066 4066 4066 4066
809 1683101867 373 3688 3662 3642 3577 3620 3619 3587 4067 4067 4066 4066 4066 4066 4066 4066
810 1683101867 374 3687 3662 3642 3578 3620 3619 3587 4067 4067 4066 4066 4066 4066 4066 4066
811 1683101867 374 3687 3662 3641 3577 3619 3619 3587 4067 4067 4066 4066 4066 4066 4066 4066
812 1683101867 374 3687 3662 3641 3577 3619 3619 3586 4067 4067 4066 4066 4066 4066 4066 4066
813 1683101867 374 3687 3662 3641 3577 3620 3619 3587 4065 4065 4065 4065 4065 4065 4065 4065
814 1683101867 373 3687 3662 3640 3577 3619 3619 3587 4067 4067 4066 4066 4066 4066 4066 4066
815 1683101867 374 3688 3663 3642 3577 3620 3620 3588 4067 4067 4067 4067 4067 4067 4067 4067
816 1683101867 374 3687 3662 3642 3578 3620 3620 3588 4067 4067 4066 4066 4066 4066 4066 4066
817 1683101867 374 3686 3662 3641 3577 3620 3619 3587 4067 4067 4066 4066 4066 4066 4066 4066
818 1683101867 374 3687 3663 3642 3578 3620 3620 3588 4067 4065 4065 4065 4065 4065 4065 4065
819 1683101867 374 3687 3662 3642 3578 3620 3619 3587 4065 4065 4064 4064 4064 4064 4064 4064
820 1683101867 374 3687 3662 3642 3578 3620 3619 3587 4067 4067 4066 4066 4066 4066 4066 4066
821 1683101867 374 3688 3663 3642 3578 3620 3620 3588 4065 4065 4065 4065 4065 4065 4065 4065
822 1683101867 374 3687 3662 3641 3578 3620 3619 3587 4067 4067 4066 4066 4066 4066 4066 4066
823 1683101867 374 3687 3663 3642 3579 3621 3621 3589 4067 4067 4066 4066 4066 4066 4066 4066
824 1683101867 374 3687 3662 3641 3577 3620 3619 3587 4065 4065 4064 4064 4064 4064 4064 4064
825 1683101867 374 3689 3664 3643 3580 3621 3621 1733 4067 4067 4066 4066 4066 4066 4066 4066
826 1683101867 374 3687 3663 3641 3578 3620 3619 3587 4065 4065 4065 4065 4065 4065 4065 4065
827 1683101867 374 3688 3662 3642 3578 3621 3620 3589 4067 4067 4066 4066 4066 4066 4066 4066
828 1683101867 374 3687 3663 3642 3578 3620 3619 3587 4067 4067 4066 4066 4066 4066 4066 4066
829 1683101875 374 3687 3662 3641 3577 3620 3619 3587 4065 4065 4065 4065 4065 4065 4065 4065
830 1683101875 374 3687 3662 3642 3578 3620 3619 3588 4067 4067 4066 4066 4066 4066 4066 4066
831 1683101875 374 3686 3661 3640 3576 3619 3618 3586 4065 4065 4065 4065 4065 4065 4065 4065
832 1683101875 374 3687 3662 3642 3578 3620 3620 3587 4067 4067 4066 4066 4066 4066 4066 4066
833 1683101875 374 3686 3662 3641 3577 3619 3619 3587 4065 4065 4065 4065 4065 4065 4065 4065
834 1683101875 374 3688 3663 3643 3579 3621 3620 3588 4067 4067 4066 4066 4066 4066 4066 4066
835 1683101875 374 3686 3661 3640 3576 3619 3619 3587 4065 4065 4064 4064 4064 4064 4064 4064
836 1683101875 374 3687 3662 3641 3578 3619 3619 3588 4065 4065 4065 4065 4065 4065 4065 4065
837 1683101875 374 3687 3662 3641 3577 3620 3619 3587 4067 4067 4066 4066 4066 4066 4066 4066
838 1683101875 374 3688 3663 3642 3578 3620 3620 3587 4067 4067 4066 4066 4066 4066 4066 4066
839 1683101875 374 3688 3663 3642 3578 3621 3620 3588 4067 4065 4065 4065 4065 4065 4065 4065
840 1683101875 374 3687 3662 3642 3578 3620 3620 3588 4067 4067 4066 4066 4066 4066 4066 4066
841 1683101875 374 3687 3662 3642 3577 3620 3620 3587 4067 4067 4066 4066 4066 4066 4066 4066
842 1683101875 374 3686 3662 3641 3577 3620 3619 3587 4065 4065 4065 4065 4065 4065 4065 4065
843 1683101875 374 3687 3662 3642 3578 3620 3620 3588 4065 4065 4065 4065 4065 4065 4065 4065
844 1683101875 374 3687 3661 3641 3577 3620 3619 3587 4067 4067 4066 4066 4066 4066 4066 4066
845 1683101875 374 3687 3663 3641 3578 3620 3620 3588 4065 4065 4065 4065 4065 4065 4065 4065
846 1683101875 374 3688 3663 3642 3578 3620 3619 3588 4065 4065 4065 4065 4065 4065 4065 4065
847 1683101875 375 3686 3662 3641 3578 3620 3619 3588 4065 4065 4065 4065 4065 4065 4065 4065
848 1683101875 374 3687 3663 3641 3578 3620 3620 3587 4065 4065 4065 4065 4065 4065 4065 4065
849 1683101875 374 3687 3663 3642 3578 3620 3620 3588 4065 4065 4065 4065 4065 4065 4065 4065
850 1683101875 374 3687 3662 3642 3577 3620 3619 3587 4065 4065 4065 4065 4065 4065 4065 4065
851 1683101875 374 3687 3662 3642 3578 3620 3619 3588 4065 4065 4065 4065 4065 4065 4065 4065
852 1683101875 373 3688 3663 3642 3578 3620 3620 3587 4067 4067 4066 4066 4066 4066 4066 4066
853 1683101875 374 3687 3663 3641 3578 3620 3620 3588 4065 4065 4064 4064 4064 4064 4064 4064
854 1683101875 374 3688 3663 3643 3578 3621 3620 3588 4067 4067 4066 4066 4066 4066 4066 4066
855 1683101883 374 3687 3663 3642 3578 3621 3619 3587 4065 4065 4065 4065 4065 4065 4065 4065
856 1683101883 374 3689 3664 3643 3579 3621 3621 3589 4067 4067 4066 4066 4066 4066 4066 4066
857 1683101883 375 3688 3663 3643 3579 3621 3620 3588 4067 4067 4066 4066 4066 4066 4066 4066
858 1683101883 374 3688 3663 3642 3578 3621 3620 3588 4067 4067 4066 4066 4066 4066 4066 4066
859 1683101883 374 3688 3663 3643 3579 3621 3620 3588 4067 4067 4066 4066 4066 4066 4066 4066
860 1683101883 374 3687 3663 3642 3578 3620 3619 3588 4065 4065 4065 4065 4065 4065 4065 4065
861 1683101883 374 3688 3663 3642 3578 3620 3620 3588 4065 4065 4065 4065 4065 4065 4065 4065
862 1683101883 374 3689 3664 3643 3579 3621 3621 3588 4065 4065 4064 4064 4064 4064 4064 4064
863 1683101883 374 3688 3663 377 3577 3621 1663 3587 4067 4065 4065 4065 4065 4065 4065 4065
864 1683101883 374 3688 3663 3643 3579 3621 3620 3588 4067 4067 4066 4066 4066 4066 4066 4066
865 1683101883 374 3689 3664 3643 3579 3621 3621 3589 4067 4065 4065 4065 4065 4065 4065 4065
866 1683101883 374 3688 3663 3643 3579 3621 3621 3589 4065 4065 4065 4065 4065 4065 4065 4065
867 1683101883 374 3688 3663 3643 3579 3621 3621 3588 4067 4067 4066 4066 4066 4066 4066 4066
868 1683101883 374 3687 3663 3642 3579 3620 3620 3589 4065 4065 4065 4065 4065 4065 4065 4065
869 1683101883 374 3688 3663 3642 3579 3621 3620 3589 4067 4067 4066 4066 4066 4066 4066 4066
870 1683101883 375 3689 3663 3643 3579 3621 3621 3589 4065 4065 4065 4065 4065 4065 4065 4065
871 1683101883 375 3688 3663 3643 3579 3620 3620 3588 4067 4067 4066 4066 4066 4066 4066 4066
872 1683101883 375 3689 3664 3644 3579 3621 3620 3589 4067 4067 4066 4066 4066 4066 4066 4066
873 1683101883 375 3689 3663 3643 3579 3621 3621 3589 4065 4065 4065 4065 4065 4065 4065 4065
874 1683101883 374 3689 3664 3642 3579 3621 3620 3588 4065 4065 4065 4065 4065 4065 4065 4065
875 1683101883 374 3689 3664 3644 3579 3621 3620 3589 4067 4065 4065 4065 4065 4065 4065 4065
876 1683101883 375 3689 3664 3643 3579 3622 3621 3590 4065 4065 4065 4065 4065 4065 4065 4065
877 1683101891 374 3687 3663 3642 3578 3620 3620 3587 4067 4067 4066 4066 4066 4066 4066 4066
878 1683101891 374 3688 3663 3642 3579 3621 3620 3589 4067 4067 4066 4066 4066 4066 4066 4066
879 1683101891 374 3688 3663 3642 3578 3620 3620 3588 4067 4067 4066 4066 4066 4066 4066 4066
880 1683101891 375 3688 3663 3642 3578 3620 3620 3588 4067 4065 4065 4065 4065 4065 4065 4065
881 1683101891 374 3688 3663 3642 3578 3620 3620 3588 4065 4065 4065 4065 4065 4065 4065 4065
882 1683101899 374 3689 3664 3643 3578 3620 3620 3589 4067 4067 4066 4066 4066 4066 4066 4066
883 1683101899 374 3688 3664 3643 3580 3621 3621 3589 4067 4067 4067 4067 4067 4067 4067 4067
884 1683101899 374 3689 3663 3642 3579 3621 3621 3589 4067 4067 4066 4066 4066 4066 4066 4066
885 1683101899 374 3688 3663 3642 3578 3621 3620 3588 4067 4067 4066 4066 4066 4066 4066 4066
886 1683101899 374 3688 3663 3642 3578 3620 3620 3588 4067 4067 4066 4066 4066 4066 4066 4066
887 1683101899 374 3688 3663 3643 3579 3621 3620 3588 4067 4067 4066 4066 4066 4066 4066 4066
888 1683101899 374 3689 3664 3643 3579 3622 3621 3590 4065 4065 4065 4065 4065 4065 4065 4065
889 1683101899 374 3688 3664 3643 3579 3621 3620 3588 4067 4067 4066 4066 4066 4066 4066 4066
890 1683101899 375 3689 3664 3643 3579 3621 3621 3588 4065 4065 4065 4065 4065 4065 4065 4065
891 1683101899 375 3690 3665 3644 3580 3622 3622 3590 4067 4067 4067 4067 4067 4067 4067 4067
892 1683101899 374 3689 3663 3642 3579 3621 3621 3588 4067 4067 4066 4066 4066 4066 4066 4066
893 1683101899 375 3688 3664 3643 3580 3622 3620 3589 4065 4065 4065 4065 4065 4065 4065 4065
894 1683101899 375 3689 3664 3643 3580 3622 3621 3589 4065 4065 4065 4065 4065 4065 4065 4065
895 1683101899 375 3688 3662 3642 3578 3620 3620 3588 4067 4067 4066 4066 4066 4066 4066 4066
896 1683101899 375 3688 3663 3643 3579 3621 3621 3589 4065 4065 4065 4065 4065 4065 4065 4065
897 1683101899 374 3690 3665 3644 3580 3622 3622 3589 4067 4067 4066 4066 4066 4066 4066 4066
898 1683101899 375 3689 3664 3643 3579 3621 3621 3589 4067 4067 4066 4066 4066 4066 4066 4066
899 1683101899 374 3689 3664 3643 3579 3621 3620 3589 4067 4067 4066 4066 4066 4066 4066 4066
900 1683101899 375 3689 3664 3644 3580 3622 3622 3589 4065 4065 4065 4065 4065 4065 4065 4065
901 1683101899 375 3688 3663 3643 3579 3621 3620 3589 4067 4067 4067 4067 4067 4067 4067 4067
902 1683101899 374 3689 3664 3643 3579 3621 3621 3589 4067 4067 4066 4066 4066 4066 4066 4066
903 1683101899 374 3690 3664 3643 3579 3622 3622 3589 4065 4065 4065 4065 4065 4065 4065 4065
904 1683101899 375 3689 3664 3643 3579 3622 3621 3589 4067 4067 4066 4066 4066 4066 4066 4066
905 1683101899 375 3689 3664 3644 3580 3622 3622 3589 4065 4065 4065 4065 4065 4065 4065 4065
906 1683101899 375 3688 3664 3643 3579 3621 3620 3589 4067 4065 4065 4065 4065 4065 4065 4065
907 1683101899 375 3688 3663 3642 3579 3621 3620 3588 4063 4063 4063 4063 4063 4063 4063 4063
908 1683101899 375 3689 3664 3644 3580 3622 3622 3590 4067 4067 4066 4066 4066 4066 4066 4066
909 1683101899 374 3689 3664 3643 3579 3621 3621 3589 4065 4065 4065 4065 4065 4065 4065 4065
910 1683101899 375 3689 3664 3643 3579 3622 3621 3589 4067 4067 4066 4066 4066 4066 4066 4066
911 1683101899 375 3689 3664 3644 3579 3622 3622 3589 4067 4065 4065 4065 4065 4065 4065 4065
912 1683101899 375 3689 3664 3644 3579 3622 3622 3590 4067 4065 4065 4065 4065 4065 4065 4065
913 1683101899 375 3689 3665 3644 3580 3623 3622 3590 4065 4065 4065 4065 4065 4065 4065 4065
914 1683101900 375 3687 3663 3643 3579 3621 3620 3588 4067 4067 4066 4066 4066 4066 4066 4066
915 1683101900 375 3689 3664 3643 3579 3621 3621 3589 4063 4063 4062 4062 4062 4062 4062 4062
916 1683101900 375 3689 3664 3643 3579 3621 3621 3589 4067 4067 4066 4066 4066 4066 4066 4066
917 1683101900 374 3689 3664 3644 3580 3622 3621 3589 4067 4067 4066 4066 4066 4066 4066 4066
918 1683101900 375 3690 3665 3644 3580 3622 3622 3590 4065 4065 4065 4065 4065 4065 4065 4065
919 1683101900 374 3689 3665 3644 3580 3622 3621 3589 4067 4067 4066 4066 4066 4066 4066 4066
920 1683101900 375 3689 3664 3643 3579 3622 3621 3589 4067 4067 4066 4066 4066 4066 4066 4066
921 1683101900 375 3688 3664 3643 3579 3622 3621 3589 4067 4067 4066 4066 4066 4066 4066 4066
922 1683101900 375 3689 3664 3643 3580 3622 3621 3589 4067 4067 4066 4066 4066 4066 4066 4066
923 1683101900 375 3690 3665 3644 3580 3622 3622 3590 4067 4067 4066 4066 4066 4066 4066 4066
924 1683101900 375 3688 3663 3643 3579 3621 3621 3588 4067 4067 4066 4066 4066 4066 4066 4066
925 1683101900 375 3689 3664 3643 3579 3621 3621 3589 4067 4065 4065 4065 4065 4065 4065 4065
926 1683101900 375 3689 3664 3643 3579 3621 3621 3589 4067 4067 4066 4066 4066 4066 4066 4066
927 1683101900 375 3688 3663 3643 3579 3621 3620 3588 4067 4067 4066 4066 4066 4066 4066 4066
928 1683101900 375 3689 3665 3643 3580 3622 3621 3589 4067 4067 4066 4066 4066 4066 4066 4066
929 1683101900 375 3688 3664 3643 3580 3621 3621 3589 4065 4065 4064 4064 4064 4064 4064 4064
930 1683101900 375 3687 3664 3643 3579 3621 3620 3588 4067 4067 4066 4066 4066 4066 4066 4066
931 1683101900 374 3689 3664 3643 3579 3621 3621 3589 4065 4065 4065 4065 4065 4065 4065 4065
932 1683101900 375 3689 3664 3644 3580 3622 3622 3590 4065 4065 4065 4065 4065 4065 4065 4065
933 1683101900 375 3689 3664 3643 3579 3621 3621 3589 4067 4067 4066 4066 4066 4066 4066 4066
934 1683101900 375 3689 3664 3643 3579 3621 3621 3589 4065 4065 4065 4065 4065 4065 4065 4065
935 1683101900 375 3689 3664 3643 3579 3622 3621 3589 4065 4065 4065 4065 4065 4065 4065 4065
936 1683101900 375 3688 3663 3643 3579 3621 3620 3588 4065 4065 4064 4064 4064 4064 4064 4064
937 1683101900 375 3690 3665 3645 3581 3623 3623 3591 4067 4067 4066 4066 4066 4066 4066 4066
938 1683101900 375 3689 3664 3644 3580 3622 3621 3590 4067 4067 4066 4066 4066 4066 4066 4066
939 1683101900 375 3690 3665 3644 3580 3622 3622 3589 4067 4067 4066 4066 4066 4066 4066 4066
940 1683101900 375 3689 3664 3643 3580 3622 3622 3589 4065 4065 4065 4065 4065 4065 4065 4065
941 1683101900 375 3690 3665 3643 3580 3622 3622 3589 4067 4067 4066 4066 4066 4066 4066 4066
942 1683101900 374 3689 3664 3643 3579 3621 3621 3588 4067 4065 4065 4065 4065 4065 4065 4065
943 1683101900 375 3689 3663 3643 3579 3621 3620 3589 4067 4067 4066 4066 4066 4066 4066 4066
944 1683101900 374 3691 3666 3645 3581 3623 3622 3590 4065 4065 4065 4065 4065 4065 4065 4065
945 1683101900 375 3690 3664 3643 3580 3621 3621 3589 4065 4065 4065 4065 4065 4065 4065 4065
946 1683101900 375 3690 3665 3644 3580 3622 3621 3589 4065 4065 4065 4065 4065 4065 4065 4065
947 1683101900 375 3690 3665 3644 3580 3622 3622 3590 4063 4063 4063 4063 4063 4063 4063 4063
948 1683101908 375 3687 3662 3641 3578 3620 3619 3587 4065 4065 4064 4064 4064 4064 4064 4064
949 1683101908 375 3687 3663 3642 3578 3621 3620 3588 4065 4065 4065 4065 4065 4065 4065 4065
950 1683101908 375 3688 3663 3642 3578 3620 3620 3588 4065 4065 4065 4065 4065 4065 4065 4065
951 1683101908 375 3688 3663 3642 3579 3621 3620 3589 4067 4067 4066 4066 4066 4066 4066 4066
952 1683101908 375 3688 3663 3642 3579 3621 3620 3588 4067 4067 4066 4066 4066 4066 4066 4066
953 1683101908 375 3689 3664 3643 3579 3622 3621 3588 4067 4067 4066 4066 4066 4066 4066 4066
954 1683101908 374 3689 3663 3643 3579 3621 3621 3589 4067 4067 4066 4066 4066 4066 4066 4066
955 1683101908 375 3689 3664 3643 3579 3622 3621 3589 4067 4065 4065 4065 4065 4065 4065 4065
956 1683101908 375 3688 3664 3643 3579 3621 3620 3588 4065 4065 4065 4065 4065 4065 4065 4065
957 1683101908 375 3687 3663 3642 3578 3620 3620 3588 4067 4067 4066 4066 4066 4066 4066 4066
958 1683101908 375 3688 3663 3642 3578 3620 3619 3588 4067 4067 4066 4066 4066 4066 4066 4066
959 1683101908 375 3689 3664 3643 3580 3621 3621 3589 4065 4065 4065 4065 4065 4065 4065 4065
960 1683101908 375 3688 3664 3643 3579 3621 3622 3590 4065 4065 4065 4065 4065 4065 4065 4065
961 1683101908 376 3687 3663 3642 3579 3621 3620 3589 4065 4065 4065 4065 4065 4065 4065 4065
962 1683101908 375 3690 3665 3644 3579 3622 3621 3589 4067 4067 4066 4066 4066 4066 4066 4066
963 1683101908 374 3689 3663 3643 3579 3621 3621 3589 4065 4065 4065 4065 4065 4065 4065 4065
964 1683101908 375 3688 3663 3643 3579 3622 3621 3589 4065 4065 4065 4065 4065 4065 4065 4065
965 1683101908 375 3689 3664 3642 3579 3621 3621 3589 4067 4067 4067 4067 4067 4067 4067 4067
966 1683101908 375 3688 3663 3642 3579 3621 3620 3588 4065 4065 4064 4064 4064 4064 4064 4064
967 1683101908 375 3688 3663 3642 3578 3620 3619 3587 4067 4067 4066 4066 4066 4066 4066 4066
968 1683101908 375 3688 3664 3643 3579 3621 3620 3588 4067 4067 4066 4066 4066 4066 4066 4066
969 1683101908 375 3687 3663 3642 3579 3620 3619 3588 4065 4065 4064 4064 4064 4064 4064 4064
970 1683101908 376 3688 3663 3643 3579 3621 3621 3589 4067 4067 4066 4066 4066 4066 4066 4066
971 1683101908 375 3689 3664 3643 3579 3621 3621 3589 4067 4067 4066 4066 4066 4066 4066 4066
972 1683101908 375 3689 3664 3643 3579 3621 3621 3589 4067 4067 4066 4066 4066 4066 4066 4066
973 1683101908 375 3689 3665 3644 3580 3622 3621 3589 4065 4065 4065 4065 4065 4065 4065 4065
974 1683101908 375 3688 3663 3643 3579 3621 3620 3588 4065 4065 4065 4065 4065 4065 4065 4065
975 1683101908 375 3689 3664 3643 3579 3621 3621 3589 4067 4067 4067 4067 4067 4067 4067 4067
976 1683101908 375 3688 3663 3642 3578 3621 3621 3589 4067 4067 4066 4066 4066 4066 4066 4066
977 1683101908 375 3687 3664 3643 3579 3621 3621 3589 4067 4067 4066 4066 4066 4066 4066 4066
978 1683101908 375 3688 3663 3642 3579 3621 3621 3589 4067 4067 4066 4066 4066 4066 4066 4066
979 1683101908 375 3690 3664 3644 3580 3622 3622 3590 4067 4067 4066 4066 4066 4066 4066 4066
980 1683101908 376 3688 3663 3642 3579 3621 3620 3588 4065 4065 4065 4065 4065 4065 4065 4065
981 1683101908 375 3687 3663 3642 3578 3620 3620 3588 4067 4067 4066 4066 4066 4066 4066 4066
982 1683101908 375 3689 3664 3643 3579 3621 3621 3589 4067 4067 4066 4066 4066 4066 4066 4066
983 1683101908 375 3689 3664 3643 3579 3621 3621 3589 4067 4067 4066 4066 4066 4066 4066 4066
984 1683101908 375 3689 3665 3644 3580 3622 3621 3589 4065 4065 4065 4065 4065 4065 4065 4065
985 1683101908 375 3689 3664 3644 3580 3622 3622 3590 4065 4065 4064 4064 4064 4064 4064 4064
986 1683101908 374 3689 3664 3643 3579 3621 3621 3589 4067 4067 4066 4066 4066 4066 4066 4066
987 1683101908 375 3689 3664 3643 3579 3622 3622 3589 4063 4063 4062 4062 4062 4062 4062 4062
988 1683101908 375 3689 3664 3644 3580 3622 3622 3590 4065 4065 4065 4065 4065 4065 4065 4065
989 1683101908 375 3689 3664 3643 3580 3622 3621 3588 4065 4065 4065 4065 4065 4065 4065 4065
990 1683101908 375 3688 3663 3643 3579 3621 3621 3589 4067 4067 4066 4066 4066 4066 4066 4066
991 1683101916 375 3686 3661 3641 3576 3618 3618 3586 4061 4061 4061 4061 4061 4061 4061 4061
992 1683101916 375 3687 3664 3643 3579 3622 3621 3589 4065 4065 4065 4065 4065 4065 4065 4065
993 1683101916 375 3686 3662 3641 3577 3619 3619 3587 4067 4067 4066 4066 4066 4066 4066 4066
994 1683101916 375 3688 3663 3642 3578 3620 3620 3588 4067 4067 4066 4066 4066 4066 4066 4066
995 1683101916 375 3687 3662 3641 3577 3619 3619 3588 4067 4067 4066 4066 4066 4066 4066 4066
996 1683101916 375 3688 3663 3643 3579 3621 3620 3589 4067 4067 4066 4066 4066 4066 4066 4066
997 1683101916 375 3688 3663 3643 3578 3621 3620 3588 4067 4067 4066 4066 4066 4066 4066 4066
998 1683101916 375 3688 3663 3642 3579 3621 3620 3588 4065 4065 4065 4065 4065 4065 4065 4065
999 1683101916 375 3688 3663 3642 3578 3620 3620 3587 4065 4065 4065 4065 4065 4065 4065 4065
1000 1683101916 375 3687 3662 3642 3578 3620 3619 3587 4067 4067 4066 4066 4066 4066 4066 4066
