1 1683292655 3562 3706 3678 156 3591 3636 3636 3604 32 4063 4062 4062 4062 4062 4062 4062
2 1683292655 3563 3709 3680 157 3593 3637 3637 3605 31 4063 4062 4062 4062 4062 4062 4062
3 1683292655 3563 3708 3679 170 3592 3637 3637 3605 32 4063 4062 4062 4062 4062 4062 4062
4 1683292655 3564 3709 3680 139 3592 3638 3638 3606 31 4063 4063 4063 4063 4063 4063 4063
5 1683292655 3563 3709 3681 166 3593 3638 3638 3606 31 4063 4063 4063 4063 4063 4063 4063
6 1683292655 3563 3708 3680 157 3592 3637 3637 3605 31 4061 4061 4061 4061 4061 4061 4061
7 1683292655 3563 3708 3680 173 3593 3638 3637 3606 31 4063 4062 4062 4062 4062 4062 4062
8 1683292655 3563 3708 3680 177 3593 3638 3637 3605 31 4061 4061 4061 4061 4061 4061 4061
9 1683292655 3563 3708 3679 168 3591 3637 3636 3605 31 4063 4062 4062 4062 4062 4062 4062
10 1683292655 3564 3709 3680 159 3593 3638 3638 3606 31 4061 4061 4061 4061 4061 4061 4061
11 1683292656 3563 3709 3681 167 3593 3638 3638 3606 31 4061 4061 4061 4061 4061 4061 4061
12 1683292656 3563 3709 3680 156 3593 3638 3637 3606 31 4063 4062 4062 4062 4062 4062 4062
13 1683292656 3563 3708 3680 204 3593 3638 3637 3605 31 4063 4063 4063 4063 4063 4063 4063
14 1683292656 3564 3709 3681 179 3593 3638 3638 3606 31 4063 4062 4062 4062 4062 4062 4062
15 1683292656 3563 3709 3681 178 3593 3638 3638 3606 31 4063 4062 4062 4062 4062 4062 4062
16 1683292656 3564 3710 3682 159 3594 3639 3639 3607 31 4063 4063 4063 4063 4063 4063 4063
17 1683292656 3563 3709 3680 184 3593 3637 3637 3605 31 4063 4063 4063 4063 4063 4063 4063
18 1683292657 3564 3709 3680 177 3593 3637 3638 3606 31 4063 4062 4062 4062 4062 4062 4062
19 1683292657 3564 3710 3681 163 3593 3638 3638 3606 31 4061 4061 4061 4061 4061 4061 4061
20 1683292657 3563 3709 3681 174 3592 3638 3638 3607 31 4063 4062 4062 4062 4062 4062 4062
21 1683292657 3563 3708 3681 161 3593 3638 3638 3606 31 4063 4063 4063 4063 4063 4063 4063
22 1683292657 3564 3710 3681 184 3594 3639 3639 3606 31 4063 4062 4062 4062 4062 4062 4062
23 1683292657 3564 3710 3681 176 3594 3638 3639 3606 31 4063 4062 4062 4062 4062 4062 4062
24 1683292657 3563 3709 3681 153 3593 3638 3638 3607 31 4063 4062 4062 4062 4062 4062 4062
25 1683292657 3563 3709 3680 170 3593 3638 3638 3607 31 4061 4061 4061 4061 4061 4061 4061
26 1683292657 3564 3710 3681 161 3594 3638 3638 3606 31 4063 4062 4062 4062 4062 4062 4062
27 1683292657 3564 3709 3681 161 3594 3639 3639 3607 31 4061 4061 4061 4061 4061 4061 4061
28 1683292657 3564 3709 3681 165 3594 3639 3639 3607 31 4063 4062 4062 4062 4062 4062 4062
29 1683292657 3564 3709 3681 178 3593 3638 3638 3606 31 4063 4062 4062 4062 4062 4062 4062
30 1683292657 3564 3710 3681 171 3594 3638 3638 3607 32 4063 4062 4062 4062 4062 4062 4062
31 1683292658 3563 3708 3680 167 3593 3638 3638 3606 31 4063 4063 4063 4063 4063 4063 4063
32 1683292666 3563 3708 3680 175 3593 3638 3638 3606 31 4063 4062 4062 4062 4062 4062 4062
33 1683292666 3563 3709 3680 161 3593 3638 3638 3606 31 4063 4063 4063 4063 4063 4063 4063
34 1683292666 3563 3709 3681 168 3593 3638 3637 3605 31 4063 4062 4062 4062 4062 4062 4062
35 1683292666 3563 493 3679 155 3594 3639 3639 3607 31 4063 4063 4063 4063 4063 4063 4063
36 1683292666 3564 3710 3681 185 3594 3638 3638 3606 31 4063 4063 4063 4063 4063 4063 4063
37 1683292666 3565 3711 3682 180 3594 3639 3639 3607 31 4063 4062 4062 4062 4062 4062 4062
38 1683292667 3563 3709 3680 170 3593 3638 3638 3607 31 4063 4062 4062 4062 4062 4062 4062
39 1683292667 3565 3710 3682 142 3595 3640 3639 3607 31 4063 4062 4062 4062 4062 4062 4062
40 1683292667 3564 3709 3681 154 3594 3638 3638 3605 31 4063 4063 4063 4063 4063 4063 4063
41 1683292667 3563 3709 3681 172 3594 3639 3638 3606 31 4063 4062 4062 4062 4062 4062 4062
42 1683292667 3564 3710 3681 169 3593 3638 3638 3606 31 4063 4062 4062 4062 4062 4062 4062
43 1683292667 3565 3709 3681 185 3594 3639 3638 3607 31 4063 4062 4062 4062 4062 4062 4062
44 1683292667 3565 3711 3683 158 3595 3640 3640 3608 31 4061 4061 4061 4061 4061 4061 4061
45 1683292667 3564 3710 3681 181 3594 3639 3639 3607 31 4063 4062 4062 4062 4062 4062 4062
46 1683292667 3564 3710 3681 179 3594 3639 3639 3606 31 4063 4062 4062 4062 4062 4062 4062
47 1683292667 3564 3710 3681 175 3593 3638 3638 3606 31 4061 4061 4061 4061 4061 4061 4061
48 1683292668 3564 3709 3680 162 3593 3637 3638 3605 32 4061 4061 4061 4061 4061 4061 4061
49 1683292668 3564 3709 3681 176 3594 3639 3639 3607 31 4061 4061 4061 4061 4061 4061 4061
50 1683292668 3565 3710 3682 170 3595 3639 3639 3607 31 4061 4061 4061 4061 4061 4061 4061
51 1683292668 3564 3709 3681 179 3592 3638 3638 3606 31 4063 4062 4062 4062 4062 4062 4062
52 1683292668 3564 3709 3681 160 3594 3638 3638 3607 31 4063 4063 4063 4063 4063 4063 4063
53 1683292668 3564 3710 3682 168 3594 3638 3638 3606 31 4063 4063 4063 4063 4063 4063 4063
54 1683292668 3564 3710 3682 156 3593 3639 3638 3607 31 4063 4062 4062 4062 4062 4062 4062
55 1683292668 3564 3710 3681 161 3594 3639 3639 3607 31 4063 4062 4062 4062 4062 4062 4062
56 1683292669 3564 3709 3681 172 3594 3638 3638 3607 31 4061 4061 4061 4061 4061 4061 4061
57 1683292669 3564 3710 3681 163 3594 3638 3638 3607 31 4063 4062 4062 4062 4062 4062 4062
58 1683292669 3565 3710 3681 159 3593 3639 3639 3607 31 4063 4062 4062 4062 4062 4062 4062
59 1683292669 3564 3710 3681 163 3594 3639 3638 3607 31 4063 4063 4063 4063 4063 4063 4063
60 1683292669 3564 3709 3681 200 3594 3639 3638 3607 31 4063 4062 4062 4062 4062 4062 4062
61 1683292669 3564 3710 3682 168 3595 3640 3639 3607 31 4063 4063 4063 4063 4063 4063 4063
62 1683292669 3565 3710 3682 160 3595 3639 3639 3607 31 4062 4062 4062 4062 4062 4062 4062
63 1683292669 3565 3710 3682 163 3594 3639 3639 3607 31 4063 4062 4062 4062 4062 4062 4062
64 1683292669 3565 3710 3682 169 3595 3639 3639 3607 31 4063 4062 4062 4062 4062 4062 4062
65 1683292669 3564 3710 3681 151 3594 3639 3639 3607 31 4063 4062 4062 4062 4062 4062 4062
66 1683292669 3564 3710 3682 172 3593 3639 3639 3607 31 4063 4062 4062 4062 4062 4062 4062
67 1683292669 3565 3710 3682 179 3594 3639 3639 3607 31 4063 4062 4062 4062 4062 4062 4062
68 1683292669 3564 3710 3682 169 3595 3639 3639 3608 31 4063 4063 4063 4063 4063 4063 4063
69 1683292670 3564 3709 3681 165 3593 3638 3638 3607 31 4063 4063 4063 4063 4063 4063 4063
70 1683292670 3565 3711 3682 172 3594 3639 3639 3607 31 4063 4062 4062 4062 4062 4062 4062
71 1683292670 3565 3710 3682 181 3594 3639 3639 3608 32 4063 4062 4062 4062 4062 4062 4062
72 1683292670 3564 3710 3681 167 3594 3639 3638 3607 31 4063 4063 4063 4063 4063 4063 4063
73 1683292670 3564 3710 3681 158 3594 3639 3639 3607 31 4063 4062 4062 4062 4062 4062 4062
74 1683292670 3564 3710 3681 178 3594 3638 3639 3607 31 4063 4063 4063 4063 4063 4063 4063
75 1683292671 3564 3710 3681 170 3594 3638 3639 3607 31 4061 4061 4061 4061 4061 4061 4061
76 1683292671 3565 3710 3681 176 3595 3639 3639 3607 31 4063 4062 4062 4062 4062 4062 4062
77 1683292671 3565 3710 3682 189 3594 3638 3639 3607 31 4061 4061 4061 4061 4061 4061 4061
78 1683292671 3565 3710 3682 162 3594 3639 3638 3607 31 4061 4061 4061 4061 4061 4061 4061
79 1683292671 3564 3710 3681 165 3594 3638 3638 3606 31 4063 4062 4062 4062 4062 4062 4062
80 1683292671 3564 3710 3682 197 3594 3639 3638 3606 31 4063 4062 4062 4062 4062 4062 4062
81 1683292671 3564 3709 3681 159 3594 3639 3638 3607 31 4063 4062 4062 4062 4062 4062 4062
82 1683292671 3565 3711 3682 154 3593 3639 3639 3608 31 4063 4062 4062 4062 4062 4062 4062
83 1683292671 3564 3709 3681 170 3592 3639 3639 3607 31 4063 4062 4062 4062 4062 4062 4062
84 1683292671 3564 3710 3682 165 3594 3639 3639 3607 31 4061 4061 4061 4061 4061 4061 4061
85 1683292671 3565 3711 3682 177 3595 3639 3639 3608 31 4063 4063 4063 4063 4063 4063 4063
86 1683292671 3564 3710 3681 159 3595 3639 3639 3607 31 4061 4061 4061 4061 4061 4061 4061
87 1683292671 3564 3710 3681 152 3594 3639 3639 3607 31 4063 4062 4062 4062 4062 4062 4062
88 1683292672 3565 3710 3681 156 3594 3638 3638 3606 31 4063 4063 4063 4063 4063 4063 4063
89 1683292672 3564 3710 3681 183 3594 3638 3639 3606 31 4063 4063 4063 4063 4063 4063 4063
90 1683292672 3564 3710 3681 181 3593 3638 3638 3607 31 4061 4061 4061 4061 4061 4061 4061
91 1683292672 3564 3709 3681 181 3594 3639 3639 3607 31 4063 4062 4062 4062 4062 4062 4062
92 1683292673 3562 3707 3679 166 3591 3636 3637 3605 31 4063 4062 4062 4062 4062 4062 4062
93 1683292673 3564 3709 3681 169 3593 3638 3637 3606 31 4061 4061 4061 4061 4061 4061 4061
94 1683292673 3563 3708 3680 167 3593 3638 3637 3605 31 4063 4063 4063 4063 4063 4063 4063
95 1683292673 3562 3707 3679 159 3592 3636 3636 3604 31 4063 4062 4062 4062 4062 4062 4062
96 1683292673 3563 3708 3680 167 3592 3637 3637 3605 31 4063 4062 4062 4062 4062 4062 4062
97 1683292673 3563 3708 3680 160 3593 3638 3637 3605 31 4063 4063 4063 4063 4063 4063 4063
98 1683292673 3563 3709 3680 181 3593 3637 3637 3605 31 4063 4062 4062 4062 4062 4062 4062
99 1683292673 3563 3709 3680 161 3592 3637 3637 3605 31 4063 4063 4063 4063 4063 4063 4063
100 1683292673 3563 3708 3680 184 3591 3637 3637 3605 31 4063 4062 4062 4062 4062 4062 4062
101 1683292674 3563 3708 3680 155 3593 3637 3637 3606 31 4063 4063 4063 4063 4063 4063 4063
102 1683292674 3563 3708 3680 166 3593 3637 3637 3605 31 4063 4062 4062 4062 4062 4062 4062
103 1683292674 3563 3708 3680 162 3593 3638 3638 3606 31 4061 4061 4061 4061 4061 4061 4061
104 1683292674 3562 3707 3679 167 3592 3637 3637 3605 31 4063 4062 4062 4062 4062 4062 4062
105 1683292674 3563 3708 3679 172 3592 3637 3637 3605 31 4063 4062 4062 4062 4062 4062 4062
106 1683292674 3564 3710 3682 162 3593 3639 3639 3607 31 4063 4062 4062 4062 4062 4062 4062
107 1683292674 3563 3708 3679 167 3592 3637 3637 3605 31 4061 4061 4061 4061 4061 4061 4061
108 1683292674 3563 3709 3680 178 3593 3637 3637 3606 31 4063 4062 4062 4062 4062 4062 4062
109 1683292675 3563 3709 3680 179 3592 3637 3637 3605 31 4063 4063 4063 4063 4063 4063 4063
110 1683292675 3563 3709 3680 160 3593 3638 3638 3605 31 4063 4062 4062 4062 4062 4062 4062
111 1683292675 3564 3709 3680 166 3593 3637 3637 3605 31 4063 4063 4063 4063 4063 4063 4063
112 1683292675 3564 3710 3681 172 3595 3639 3639 3607 31 4063 4063 4063 4063 4063 4063 4063
113 1683292675 3563 3708 3681 169 3593 3638 3637 3606 31 4063 4062 4062 4062 4062 4062 4062
114 1683292675 3563 3709 3681 184 3593 3638 3637 3606 31 4061 4061 4061 4061 4061 4061 4061
115 1683292675 3563 3708 3680 154 3592 3638 3637 3605 31 4063 4063 4063 4063 4063 4063 4063
116 1683292676 3563 3709 3681 178 3593 3638 3638 3606 31 4061 4061 4061 4061 4061 4061 4061
117 1683292676 3563 3709 3680 167 3593 3637 3637 3605 31 4061 4061 4061 4061 4061 4061 4061
118 1683292676 3563 3708 3680 146 3593 3638 3638 3606 31 4063 4062 4062 4062 4062 4062 4062
119 1683292676 3563 3708 3680 171 3592 3637 3638 3605 31 4063 4063 4063 4063 4063 4063 4063
120 1683292676 3563 3709 3680 166 3593 3638 3637 3606 31 4063 4062 4062 4062 4062 4062 4062
121 1683292676 3563 3709 3681 173 3594 3638 3638 3606 31 4063 4062 4062 4062 4062 4062 4062
122 1683292676 3563 3708 3680 168 3593 3637 3637 3605 31 4063 4062 4062 4062 4062 4062 4062
123 1683292676 3563 3709 3680 177 3592 3637 3637 3605 31 4063 4062 4062 4062 4062 4062 4062
124 1683292676 3564 3709 3681 162 214 1462 3637 3606 31 4063 4063 4063 4063 4063 4063 4063
125 1683292676 3563 3709 3680 169 3592 3638 3638 3606 31 4063 4062 4062 4062 4062 4062 4062
126 1683292676 3563 3708 3680 171 3593 3638 3637 3606 31 4063 4063 4063 4063 4063 4063 4063
127 1683292677 3563 3709 3680 162 3593 3638 3638 3606 31 4063 4062 4062 4062 4062 4062 4062
128 1683292677 3562 3708 3679 192 3592 3637 3637 3605 31 4063 4063 4063 4063 4063 4063 4063
129 1683292677 3562 3708 3680 189 3592 3637 3637 3605 31 4063 4063 4063 4063 4063 4063 4063
130 1683292677 3563 3709 3680 172 3593 3637 3637 3606 31 4063 4062 4062 4062 4062 4062 4062
131 1683292677 3563 3709 3680 163 3592 3638 3637 3605 31 4061 4061 4061 4061 4061 4061 4061
132 1683292677 3563 3709 3680 165 3593 3638 3638 3605 31 4061 4061 4061 4061 4061 4061 4061
133 1683292677 3563 3708 3680 159 3593 3637 3637 3605 31 4063 4062 4062 4062 4062 4062 4062
134 1683292677 3563 3708 3680 164 3592 3637 3637 3605 32 4061 4061 4061 4061 4061 4061 4061
135 1683292677 3562 3708 3680 165 3592 3637 3637 3605 31 4063 4062 4062 4062 4062 4062 4062
136 1683292677 3563 3708 3680 168 3592 3638 3637 3605 31 4063 4063 4063 4063 4063 4063 4063
137 1683292677 3564 3709 3680 160 3594 3638 3638 3606 31 4061 4061 4061 4061 4061 4061 4061
138 1683292678 3563 3709 3680 162 3592 3637 3637 3605 31 4063 4062 4062 4062 4062 4062 4062
139 1683292678 3563 3709 3680 184 3592 3637 3637 3605 31 4063 4062 4062 4062 4062 4062 4062
140 1683292678 3563 3709 3680 176 3593 3638 3637 3606 31 4063 4063 4063 4063 4063 4063 4063
141 1683292678 3563 3709 3681 181 3593 3638 3637 3606 31 4063 4062 4062 4062 4062 4062 4062
142 1683292678 3563 3709 3680 166 3593 3637 3637 3606 31 4061 4061 4061 4061 4061 4061 4061
143 1683292678 3563 3709 3681 165 3594 3638 3638 3607 31 4063 4062 4062 4062 4062 4062 4062
144 1683292678 3563 3708 3680 163 3593 3637 3637 3606 31 4063 4062 4062 4062 4062 4062 4062
145 1683292678 3563 3709 3680 155 3593 3638 3638 3607 31 4063 4062 4062 4062 4062 4062 4062
146 1683292678 3564 3709 3680 176 3593 3638 3638 3606 31 4063 4063 4063 4063 4063 4063 4063
147 1683292678 3564 3709 3681 165 3592 3638 3638 3606 31 4063 4063 4063 4063 4063 4063 4063
148 1683292678 3563 3708 3680 184 3591 3638 3637 3605 31 4063 4062 4062 4062 4062 4062 4062
149 1683292679 3563 3709 3680 161 3592 3638 3637 3605 31 4063 4063 4063 4063 4063 4063 4063
150 1683292679 3563 3709 3680 185 3593 3637 3637 3605 31 4063 4062 4062 4062 4062 4062 4062
151 1683292679 3563 3708 3680 158 3592 3638 3637 3606 31 4063 4062 4062 4062 4062 4062 4062
152 1683292679 3564 3709 3681 161 3594 3639 3638 3606 31 4057 4057 4057 4057 4057 4057 4057
153 1683292679 3563 3708 3680 165 3593 3637 3637 3605 31 4061 4061 4061 4061 4061 4061 4061
154 1683292679 3563 3709 3680 172 3593 3638 3637 3606 31 4063 4062 4062 4062 4062 4062 4062
155 1683292679 3563 3709 3680 181 3594 3638 3638 3606 31 4063 4062 4062 4062 4062 4062 4062
156 1683292679 3564 3710 3681 170 3594 3638 3638 3606 31 4063 4062 4062 4062 4062 4062 4062
157 1683292680 3563 3709 3681 176 3594 3638 3638 3606 31 4063 4062 4062 4062 4062 4062 4062
158 1683292680 3563 3709 3681 170 3593 3638 3638 3606 31 4063 4062 4062 4062 4062 4062 4062
159 1683292680 3563 3709 3680 157 3593 3638 3638 3606 31 4063 4062 4062 4062 4062 4062 4062
160 1683292680 3564 3710 3681 160 3594 3639 3639 3607 31 4063 4063 4063 4063 4063 4063 4063
161 1683292680 3562 3708 3680 176 3592 3637 3637 3605 31 4063 4063 4063 4063 4063 4063 4063
162 1683292680 3563 3708 3680 163 3593 3638 3638 3605 31 4063 4062 4062 4062 4062 4062 4062
163 1683292680 3563 3709 3680 173 3592 3638 3637 3606 31 4063 4063 4063 4063 4063 4063 4063
164 1683292681 3563 3708 3680 159 3591 3637 3637 3606 31 4063 4062 4062 4062 4062 4062 4062
165 1683292681 3563 3709 3680 176 3594 3638 3638 3606 31 4063 4063 4063 4063 4063 4063 4063
166 1683292681 3563 3709 3681 168 3593 3638 3638 3606 31 4063 4062 4062 4062 4062 4062 4062
167 1683292681 3563 3709 3681 177 3593 3638 3637 3605 31 4061 4061 4061 4061 4061 4061 4061
168 1683292682 3564 3709 3681 176 3594 3639 3638 3607 31 4063 4062 4062 4062 4062 4062 4062
169 1683292682 3564 3709 3680 173 3594 3638 3638 3606 31 4063 4062 4062 4062 4062 4062 4062
170 1683292682 3564 3709 3680 152 3593 3638 3638 3606 31 4063 4062 4062 4062 4062 4062 4062
171 1683292682 3564 3709 3681 161 3593 3638 3638 3606 31 4063 4063 4063 4063 4063 4063 4063
172 1683292682 3564 3709 3681 158 3593 3638 3638 3606 31 4063 4062 4062 4062 4062 4062 4062
173 1683292682 3563 3708 3679 184 3592 3637 3637 3605 31 4061 4061 4061 4061 4061 4061 4061
174 1683292682 3563 3709 3681 166 3594 3638 3638 3606 31 4063 4063 4063 4063 4063 4063 4063
175 1683292682 3563 3709 3680 169 3592 3637 3637 3605 31 4061 4061 4061 4061 4061 4061 4061
176 1683292682 3562 3708 3680 174 3592 3637 3637 3605 31 4063 4062 4062 4062 4062 4062 4062
177 1683292682 3563 3709 3680 175 3593 3637 3637 3605 31 4063 4062 4062 4062 4062 4062 4062
178 1683292683 3563 3708 3680 154 3593 3638 3638 3606 31 4061 4061 4061 4061 4061 4061 4061
179 1683292683 3563 3709 3681 169 3592 3638 3638 3606 31 4063 4063 4063 4063 4063 4063 4063
180 1683292683 3563 3709 3680 174 3593 3638 3638 3606 31 4063 4062 4062 4062 4062 4062 4062
181 1683292683 3563 3708 3680 196 3593 3638 3637 3606 31 4063 4062 4062 4062 4062 4062 4062
182 1683292683 3563 3708 3680 148 3593 3638 3637 3606 31 4063 4062 4062 4062 4062 4062 4062
183 1683292683 3563 3709 3681 168 3594 3639 3638 3606 31 4063 4062 4062 4062 4062 4062 4062
184 1683292683 3564 3709 3680 178 3593 3638 3638 3606 31 4063 4062 4062 4062 4062 4062 4062
185 1683292683 3564 3709 3681 151 3594 3638 3638 3606 31 4063 4062 4062 4062 4062 4062 4062
186 1683292684 3563 3709 3681 178 3593 3637 3638 3606 31 4063 4063 4063 4063 4063 4063 4063
187 1683292684 3565 3710 3682 161 3594 3639 3639 3607 31 4063 4062 4062 4062 4062 4062 4062
188 1683292684 3563 3708 3681 169 3593 3638 3638 3606 31 4063 4062 4062 4062 4062 4062 4062
189 1683292684 3563 3709 3681 161 3594 3638 3638 3606 31 4063 4063 4063 4063 4063 4063 4063
190 1683292684 3563 3709 3680 178 3593 3638 3637 3605 31 4061 4061 4061 4061 4061 4061 4061
191 1683292684 3564 3709 3681 164 3593 3638 3638 3606 31 4063 4063 4063 4063 4063 4063 4063
192 1683292684 3564 3710 3681 163 3594 3638 3638 3606 31 4063 4062 4062 4062 4062 4062 4062
193 1683292684 3564 3709 3681 171 3594 3638 3638 3606 31 4063 4063 4063 4063 4063 4063 4063
194 1683292684 3562 3709 3680 162 3593 3637 3637 3606 31 4063 4062 4062 4062 4062 4062 4062
195 1683292684 3564 181 3679 153 148 3637 3639 3608 31 4063 4062 4062 4062 4062 4062 4062
196 1683292684 3564 3709 3681 170 3593 3638 3638 3606 31 4061 4061 4061 4061 4061 4061 4061
197 1683292685 3563 3709 3681 173 3593 3638 3638 3606 31 4061 4061 4061 4061 4061 4061 4061
198 1683292685 3564 3709 3680 168 3593 3638 3638 3606 31 4061 4061 4061 4061 4061 4061 4061
199 1683292685 3564 3709 3681 162 3593 3638 3638 3606 31 4063 4062 4062 4062 4062 4062 4062
200 1683292685 3564 3710 3681 184 3594 3639 3639 3607 31 4063 4063 4063 4063 4063 4063 4063
201 1683292685 3563 3708 3680 163 3592 3637 3637 3605 31 4063 4062 4062 4062 4062 4062 4062
202 1683292685 3563 3709 3680 166 3593 3638 3638 3606 31 4063 4062 4062 4062 4062 4062 4062
203 1683292685 3564 3709 3681 155 3593 3638 3638 3605 31 4063 4063 4063 4063 4063 4063 4063
204 1683292685 3564 3709 3680 151 3593 3639 3638 3606 31 4061 4061 4061 4061 4061 4061 4061
205 1683292685 3563 3709 3681 173 3594 3638 3638 3606 31 4063 4062 4062 4062 4062 4062 4062
206 1683292685 3563 3709 3680 156 3593 3638 3638 3606 31 4063 4062 4062 4062 4062 4062 4062
207 1683292685 3564 3709 3681 170 3594 3639 3639 3607 31 4061 4061 4061 4061 4061 4061 4061
208 1683292685 3565 3710 3681 162 3595 3640 3639 3607 31 4063 4062 4062 4062 4062 4062 4062
209 1683292685 3564 3709 3681 171 3594 3638 3638 3606 31 4063 4063 4063 4063 4063 4063 4063
210 1683292685 3563 3709 3681 183 3593 3638 3638 3606 31 4063 4062 4062 4062 4062 4062 4062
211 1683292685 3564 3709 3681 157 3592 3639 3638 3607 31 4063 4062 4062 4062 4062 4062 4062
212 1683292685 3565 3710 3682 148 3594 3639 3639 3607 31 4063 4062 4062 4062 4062 4062 4062
213 1683292686 3564 3710 3681 181 3594 3639 3638 3606 31 4063 4062 4062 4062 4062 4062 4062
214 1683292686 3564 3709 3681 168 3595 3639 3638 3607 31 4061 4061 4061 4061 4061 4061 4061
215 1683292686 3564 3710 3681 170 3594 3639 3639 3607 31 4063 4062 4062 4062 4062 4062 4062
216 1683292686 3565 3710 3682 170 3595 3639 3639 3607 31 4063 4063 4063 4063 4063 4063 4063
217 1683292686 3564 3710 3682 187 3594 3638 3638 3607 31 4061 4061 4061 4061 4061 4061 4061
218 1683292686 3565 3710 3682 166 3595 3640 3639 3608 31 4063 4063 4063 4063 4063 4063 4063
219 1683292686 3564 3709 3681 180 3594 3638 3638 3606 31 4063 4063 4063 4063 4063 4063 4063
220 1683292686 3564 3710 3681 168 3595 3639 3639 3606 31 4063 4063 4063 4063 4063 4063 4063
221 1683292686 3564 3711 3682 159 3594 3639 3639 3607 31 4063 4062 4062 4062 4062 4062 4062
222 1683292686 3564 3710 3681 171 3594 3638 3638 3606 31 4061 4061 4061 4061 4061 4061 4061
223 1683292686 3564 3710 3681 186 3594 3638 3638 3606 31 4063 4062 4062 4062 4062 4062 4062
224 1683292687 3564 3710 3682 192 3594 3639 3639 3607 31 4063 4062 4062 4062 4062 4062 4062
225 1683292687 3564 3709 3681 153 3594 3639 3638 3607 31 4063 4062 4062 4062 4062 4062 4062
226 1683292687 3564 3709 3681 177 3593 3639 3638 3606 31 4063 4063 4063 4063 4063 4063 4063
227 1683292687 3564 3709 3681 156 3594 3638 3638 3606 31 4063 4062 4062 4062 4062 4062 4062
228 1683292687 3564 3710 3681 185 3594 3638 3638 3606 31 4063 4063 4063 4063 4063 4063 4063
229 1683292687 3565 3710 3682 173 3594 3639 3639 3607 31 4063 4062 4062 4062 4062 4062 4062
230 1683292687 3564 3710 3681 166 3593 3638 3638 3607 31 4063 4062 4062 4062 4062 4062 4062
231 1683292688 3564 3709 3681 171 3594 3638 3638 3606 31 4063 4063 4063 4063 4063 4063 4063
232 1683292688 155 236 214 129 171 3637 3640 3608 31 4063 4063 4063 4063 4063 4063 4063
233 1683292688 3563 3708 3681 173 3594 3638 3638 3606 31 4063 4063 4063 4063 4063 4063 4063
234 1683292688 3563 3710 3681 160 3593 3639 3638 3607 31 4061 4061 4061 4061 4061 4061 4061
235 1683292688 3565 3710 3682 180 3594 3639 3639 3607 31 4063 4063 4063 4063 4063 4063 4063
236 1683292688 3564 3709 3681 172 3594 3639 3639 3607 31 4063 4062 4062 4062 4062 4062 4062
237 1683292688 3565 3710 3681 166 3594 3639 3639 3607 31 4063 4062 4062 4062 4062 4062 4062
238 1683292688 3565 3710 3682 158 3594 3639 3638 3607 31 4063 4062 4062 4062 4062 4062 4062
239 1683292688 3565 3711 3682 163 3595 3640 3639 3607 31 4063 4062 4062 4062 4062 4062 4062
240 1683292688 3565 3710 3682 164 3594 3640 3639 3607 31 4063 4062 4062 4062 4062 4062 4062
241 1683292688 3564 3710 3682 168 3594 3639 3639 3608 32 4061 4061 4061 4061 4061 4061 4061
242 1683292688 3565 3711 3683 178 3595 3640 3639 3607 31 4063 4062 4062 4062 4062 4062 4062
243 1683292688 3564 3709 3681 165 3594 3639 3639 3607 31 4063 4062 4062 4062 4062 4062 4062
244 1683292688 3564 3710 3681 166 3594 3639 3639 3606 31 4061 4061 4061 4061 4061 4061 4061
245 1683292689 3565 3711 3682 177 3594 3639 3639 3608 31 4063 4063 4063 4063 4063 4063 4063
246 1683292689 3564 3710 3681 185 3593 3638 3638 3606 31 4063 4063 4063 4063 4063 4063 4063
247 1683292689 3564 3710 3681 171 3594 3639 3639 3607 31 4063 4062 4062 4062 4062 4062 4062
248 1683292689 3564 3709 3681 168 3594 3638 3637 3606 31 4063 4063 4063 4063 4063 4063 4063
249 1683292689 3565 3711 3683 156 3594 3639 3639 3607 31 4063 4063 4063 4063 4063 4063 4063
250 1683292689 3565 3711 3683 166 3595 3640 3640 3608 31 4063 4062 4062 4062 4062 4062 4062
251 1683292689 3564 3709 3681 162 3594 3639 3639 3607 31 4063 4063 4063 4063 4063 4063 4063
252 1683292690 3564 3709 3680 162 3593 3638 3638 3606 32 4063 4063 4063 4063 4063 4063 4063
253 1683292690 3565 3710 3682 171 3594 3639 3639 3607 31 4063 4062 4062 4062 4062 4062 4062
254 1683292690 3564 3709 3681 158 3593 3639 3639 3607 31 4063 4062 4062 4062 4062 4062 4062
255 1683292690 3564 3709 3681 208 3594 3638 3638 3607 31 4061 4061 4061 4061 4061 4061 4061
256 1683292690 3564 3710 3682 156 3594 3638 3638 3607 31 4061 4061 4061 4061 4061 4061 4061
257 1683292690 3563 3710 3681 179 3594 3639 3639 3606 31 4063 4063 4063 4063 4063 4063 4063
258 1683292690 3564 3709 3681 177 3593 3639 3639 3606 31 4061 4061 4061 4061 4061 4061 4061
259 1683292690 3564 3710 3682 149 3594 3639 3639 3607 31 4063 4062 4062 4062 4062 4062 4062
260 1683292690 3563 3708 3680 161 3593 3638 3638 3606 31 4063 4062 4062 4062 4062 4062 4062
261 1683292690 3565 3710 3682 167 3594 3639 3639 3607 31 4063 4062 4062 4062 4062 4062 4062
262 1683292690 3564 3710 3682 130 3593 3638 3638 3607 31 4061 4061 4061 4061 4061 4061 4061
263 1683292691 3565 3710 3681 166 3594 3639 3639 3607 31 4063 4062 4062 4062 4062 4062 4062
264 1683292691 3564 3709 3680 178 3593 3638 3638 3606 31 4063 4062 4062 4062 4062 4062 4062
265 1683292691 3564 3709 3681 167 3594 3638 3638 3606 31 4063 4062 4062 4062 4062 4062 4062
266 1683292691 3564 3710 3681 158 3593 3639 3639 3607 31 4061 4061 4061 4061 4061 4061 4061
267 1683292691 3564 3710 3681 171 3594 3639 3639 3607 31 4063 4062 4062 4062 4062 4062 4062
268 1683292691 3565 3710 3682 166 3595 3639 3639 3607 31 4063 4062 4062 4062 4062 4062 4062
269 1683292691 3564 3710 3681 167 3594 3639 3639 3608 31 4063 4062 4062 4062 4062 4062 4062
270 1683292691 3565 3710 3682 178 3595 3639 3639 3607 31 4063 4063 4063 4063 4063 4063 4063
271 1683292691 3566 3711 3682 157 3594 3639 3639 3607 31 4063 4062 4062 4062 4062 4062 4062
272 1683292691 3565 3710 3682 168 3595 3639 3639 3607 31 4063 4062 4062 4062 4062 4062 4062
273 1683292692 3565 3710 3682 141 3594 3640 3639 3607 31 4061 4061 4061 4061 4061 4061 4061
274 1683292692 3565 3710 3682 176 3593 3639 3640 3608 31 4063 4062 4062 4062 4062 4062 4062
275 1683292692 3565 3710 3682 153 3595 3640 3639 3607 31 4063 4063 4063 4063 4063 4063 4063
276 1683292692 3564 3710 3682 169 3594 3639 3639 3608 31 4063 4062 4062 4062 4062 4062 4062
277 1683292692 3564 3710 3682 170 3594 3639 3639 3607 31 4063 4062 4062 4062 4062 4062 4062
278 1683292692 3565 3710 3682 175 3594 3639 3639 3608 31 4061 4061 4061 4061 4061 4061 4061
279 1683292692 3565 3710 3682 169 3594 3639 3639 3607 31 4063 4062 4062 4062 4062 4062 4062
280 1683292692 3564 3709 3681 164 3594 3638 3638 3607 31 4063 4062 4062 4062 4062 4062 4062
281 1683292693 3566 3711 3683 163 3594 3639 3640 3607 31 4063 4063 4063 4063 4063 4063 4063
282 1683292693 3564 3710 3682 164 3594 3639 3639 3608 31 4063 4062 4062 4062 4062 4062 4062
283 1683292693 3564 3710 3682 186 3594 3639 3639 3607 31 4063 4062 4062 4062 4062 4062 4062
284 1683292693 3566 3711 3682 210 3595 3640 3640 3608 31 4063 4062 4062 4062 4062 4062 4062
285 1683292693 3564 3710 3681 160 3594 3639 3639 3607 31 4063 4063 4063 4063 4063 4063 4063
286 1683292693 3564 3710 3682 166 3594 3639 3639 3607 31 4063 4062 4062 4062 4062 4062 4062
287 1683292693 3565 3711 3682 160 3595 3640 3639 3607 31 4063 4063 4063 4063 4063 4063 4063
288 1683292693 3564 3711 3682 190 3595 3639 3639 3607 31 4063 4063 4063 4063 4063 4063 4063
289 1683292693 3565 3711 3682 162 3594 3639 3639 3607 32 4063 4063 4063 4063 4063 4063 4063
290 1683292693 3565 3710 3682 192 3594 3639 3638 3607 31 4063 4062 4062 4062 4062 4062 4062
291 1683292694 3564 3709 3681 155 3594 3639 3639 3607 31 4063 4063 4063 4063 4063 4063 4063
292 1683292694 3565 3711 3682 146 3595 3639 3639 3607 31 4063 4062 4062 4062 4062 4062 4062
293 1683292694 3565 3710 3682 163 3594 3639 3639 3607 31 4063 4062 4062 4062 4062 4062 4062
294 1683292694 3565 3711 3682 159 3595 3639 3639 3607 31 4063 4063 4063 4063 4063 4063 4063
295 1683292694 3565 3710 3682 163 3595 3640 3640 3608 31 4063 4063 4063 4063 4063 4063 4063
296 1683292694 3565 3711 3682 173 3595 3639 3639 3608 32 4063 4062 4062 4062 4062 4062 4062
297 1683292694 3565 3711 3682 160 3595 3639 3639 3607 31 4063 4063 4063 4063 4063 4063 4063
298 1683292694 3566 3710 3682 171 3595 3640 3640 3608 31 4063 4062 4062 4062 4062 4062 4062
299 1683292695 3565 3711 3682 168 3594 3640 3639 3608 31 4063 4062 4062 4062 4062 4062 4062
300 1683292695 3565 3711 3682 171 3595 3639 3639 3607 31 4063 4062 4062 4062 4062 4062 4062
301 1683292695 3565 3711 3682 183 3594 3639 3639 3607 31 4063 4063 4063 4063 4063 4063 4063
302 1683292695 3565 3711 3682 162 3595 3640 3639 3607 31 4063 4062 4062 4062 4062 4062 4062
303 1683292695 3565 3710 3681 168 3594 3639 3639 3608 31 4061 4061 4061 4061 4061 4061 4061
304 1683292695 3566 3711 3682 190 3595 3640 3640 3608 31 4063 4062 4062 4062 4062 4062 4062
305 1683292695 3565 3711 3683 173 3594 3640 3640 3608 31 4063 4063 4063 4063 4063 4063 4063
306 1683292695 3565 3710 3682 174 3595 3639 3639 3608 31 4063 4062 4062 4062 4062 4062 4062
307 1683292695 3565 3711 3683 164 3595 3640 3639 3607 31 4063 4063 4063 4063 4063 4063 4063
308 1683292695 3564 3710 3681 174 3595 3639 3639 3608 31 4061 4061 4061 4061 4061 4061 4061
309 1683292696 3565 3711 3682 167 3595 3639 3639 3607 31 4063 4063 4063 4063 4063 4063 4063
310 1683292696 3565 3710 3682 172 3595 3639 3640 3608 31 4063 4062 4062 4062 4062 4062 4062
311 1683292696 3565 3710 3682 163 3594 3639 3639 3606 31 4063 4063 4063 4063 4063 4063 4063
312 1683292697 3565 3711 3682 165 3595 3640 3639 3608 31 4063 4063 4063 4063 4063 4063 4063
313 1683292697 3566 3711 3683 164 3596 3640 3640 3609 32 4063 4062 4062 4062 4062 4062 4062
314 1683292697 3566 3711 3682 182 3595 3640 3640 3608 31 4063 4062 4062 4062 4062 4062 4062
315 1683292697 3565 3710 3681 164 3594 3639 3638 3607 31 4063 4062 4062 4062 4062 4062 4062
316 1683292697 3566 3711 3682 172 3595 3640 3639 3608 31 4063 4062 4062 4062 4062 4062 4062
317 1683292697 3564 3710 3682 140 3594 3639 3639 3608 31 4063 4062 4062 4062 4062 4062 4062
318 1683292697 3565 3711 3682 172 3595 3640 3639 3608 31 4063 4063 4063 4063 4063 4063 4063
319 1683292698 3565 3711 3683 171 3595 3640 3640 3608 31 4063 4062 4062 4062 4062 4062 4062
320 1683292698 3566 3711 3683 160 3595 3640 3640 3608 31 4063 4063 4063 4063 4063 4063 4063
321 1683292698 3565 3711 3682 163 3594 3640 3639 3607 31 4063 4062 4062 4062 4062 4062 4062
322 1683292698 3565 3710 3682 157 3595 3640 3640 3608 31 4063 4062 4062 4062 4062 4062 4062
323 1683292698 3565 3711 3682 161 3595 3640 3639 3607 31 4061 4061 4061 4061 4061 4061 4061
324 1683292698 3565 3711 3682 166 3595 3640 3640 3608 31 4061 4061 4061 4061 4061 4061 4061
325 1683292698 3566 3711 3683 145 3595 3640 3640 3608 31 4063 4063 4063 4063 4063 4063 4063
326 1683292698 3564 3710 3682 165 3595 3640 3639 3608 31 4063 4062 4062 4062 4062 4062 4062
327 1683292698 3566 3712 3683 172 3595 3640 3640 3608 31 4063 4063 4063 4063 4063 4063 4063
328 1683292698 3564 3710 3681 158 3594 3639 3639 3607 32 4063 4062 4062 4062 4062 4062 4062
329 1683292698 3566 3711 3682 172 3595 3640 3639 3607 31 4063 4062 4062 4062 4062 4062 4062
330 1683292698 3565 3711 3683 182 3595 3640 3639 3608 33 4063 4062 4062 4062 4062 4062 4062
331 1683292699 3564 3711 3682 165 3594 3639 3639 3607 31 4063 4062 4062 4062 4062 4062 4062
332 1683292699 3565 3711 3682 169 3595 3640 3639 3607 31 4061 4061 4061 4061 4061 4061 4061
333 1683292699 3566 3711 3683 172 3596 3640 3640 3608 31 4063 4062 4062 4062 4062 4062 4062
334 1683292700 3566 3711 3683 164 3596 3640 3641 3608 31 4063 4062 4062 4062 4062 4062 4062
335 1683292700 3566 3711 3683 174 3596 3640 3641 3608 31 4063 4062 4062 4062 4062 4062 4062
336 1683292700 3565 3711 3682 169 3595 3641 3641 3608 31 4063 4063 4063 4063 4063 4063 4063
337 1683292700 3566 3711 3683 173 3594 3640 3640 3608 31 4063 4063 4063 4063 4063 4063 4063
338 1683292700 3566 3712 3683 170 3596 3640 3640 3608 31 4063 4063 4063 4063 4063 4063 4063
339 1683292700 3566 3712 3683 159 3596 3640 3641 3608 31 4063 4063 4063 4063 4063 4063 4063
340 1683292700 3566 3712 3683 157 3595 3641 3640 3608 31 4063 4062 4062 4062 4062 4062 4062
341 1683292700 3566 3713 3684 163 3597 3641 3641 3609 31 4063 4063 4063 4063 4063 4063 4063
342 1683292700 3565 3711 3682 174 3595 3640 3639 3608 31 4063 4063 4063 4063 4063 4063 4063
343 1683292700 3567 3713 3685 185 3596 3641 3641 3609 31 4063 4062 4062 4062 4062 4062 4062
344 1683292700 3566 3712 3683 156 3595 3640 3640 3608 31 4063 4063 4063 4063 4063 4063 4063
345 1683292700 3566 3711 3683 164 3596 3641 3640 3609 31 4063 4063 4063 4063 4063 4063 4063
346 1683292701 3566 3711 3683 179 3595 3641 3640 3609 31 4061 4061 4061 4061 4061 4061 4061
347 1683292701 3566 3711 3682 173 3595 3640 3639 3608 31 4063 4062 4062 4062 4062 4062 4062
348 1683292701 3564 3710 3682 184 3594 3639 3639 3607 31 4061 4061 4061 4061 4061 4061 4061
349 1683292701 3565 3710 3682 155 3594 3639 3638 3606 31 4063 4062 4062 4062 4062 4062 4062
350 1683292702 3564 3710 3681 165 3594 3639 3639 3606 31 4063 4063 4063 4063 4063 4063 4063
351 1683292702 3564 3710 3681 158 3594 3638 3638 3606 31 4063 4062 4062 4062 4062 4062 4062
352 1683292702 3564 3709 3681 155 3594 3637 3638 3606 32 4063 4062 4062 4062 4062 4062 4062
353 1683292702 3564 3710 3681 187 3594 3639 3638 3607 31 4063 4062 4062 4062 4062 4062 4062
354 1683292702 3564 3710 3681 190 3593 3638 3638 3606 31 4063 4062 4062 4062 4062 4062 4062
355 1683292702 3565 3710 3681 158 3594 3639 3639 3607 31 4063 4062 4062 4062 4062 4062 4062
356 1683292702 3564 3710 3682 169 3595 3639 3639 3607 31 4063 4062 4062 4062 4062 4062 4062
357 1683292702 3564 3709 3681 165 3594 3638 3638 3606 31 4063 4063 4063 4063 4063 4063 4063
358 1683292703 3564 3710 3681 177 3594 3638 3638 3607 31 4063 4062 4062 4062 4062 4062 4062
359 1683292703 3564 3709 3681 158 3594 3639 3639 3607 31 4061 4061 4061 4061 4061 4061 4061
360 1683292703 3564 3710 3681 161 3594 3639 3639 3607 31 4063 4062 4062 4062 4062 4062 4062
361 1683292703 3563 3709 3681 161 3593 3638 3638 3606 31 4063 4063 4063 4063 4063 4063 4063
362 1683292703 3564 3710 3682 170 3593 3638 3639 3607 31 4063 4063 4063 4063 4063 4063 4063
363 1683292703 3564 3709 3681 163 3594 3639 3639 3606 31 4063 4062 4062 4062 4062 4062 4062
364 1683292703 3563 3708 3680 179 3593 3638 3638 3606 31 4063 4063 4063 4063 4063 4063 4063
365 1683292703 3563 3709 3680 173 3593 3638 3638 3606 31 4063 4063 4063 4063 4063 4063 4063
366 1683292703 3564 3710 3682 170 3594 3639 3638 3606 31 4063 4062 4062 4062 4062 4062 4062
367 1683292703 3564 3709 3681 173 3594 3639 3638 3606 31 4063 4063 4063 4063 4063 4063 4063
368 1683292703 3564 3709 3681 162 3594 3638 3639 3607 31 4063 4062 4062 4062 4062 4062 4062
369 1683292703 3564 3710 3681 171 3594 3638 3638 3607 31 4063 4062 4062 4062 4062 4062 4062
370 1683292703 3565 3710 3681 181 3593 3638 3638 3606 31 4063 4062 4062 4062 4062 4062 4062
371 1683292703 3564 3710 3681 161 3594 3639 3639 3607 31 4061 4061 4061 4061 4061 4061 4061
372 1683292703 3564 3710 3682 164 3594 3638 3638 3606 31 4063 4063 4063 4063 4063 4063 4063
373 1683292704 3563 3709 3681 187 3593 3638 3638 3607 31 4061 4061 4061 4061 4061 4061 4061
374 1683292704 3564 3710 3681 170 3593 3638 3638 3606 31 4063 4062 4062 4062 4062 4062 4062
375 1683292704 3563 3709 3681 179 3593 3638 3638 3606 31 4063 4062 4062 4062 4062 4062 4062
376 1683292704 3565 3710 3681 172 3594 3639 3638 3607 31 4063 4063 4063 4063 4063 4063 4063
377 1683292704 3563 3709 3681 185 3594 3638 3638 3606 31 4062 4062 4062 4062 4062 4062 4062
378 1683292704 3566 3712 3683 170 3595 3640 3640 3607 31 4063 4062 4062 4062 4062 4062 4062
379 1683292705 3564 3709 3681 158 3594 3638 3638 3606 31 4063 4063 4063 4063 4063 4063 4063
380 1683292705 3564 3710 3681 151 3594 3639 3639 3607 31 4063 4063 4063 4063 4063 4063 4063
381 1683292705 3564 3709 3680 180 3593 3638 3638 3606 31 4063 4062 4062 4062 4062 4062 4062
382 1683292705 3565 3710 3682 166 3595 3639 3639 3607 31 4063 4062 4062 4063 4062 4062 4062
383 1683292705 3563 3709 3680 154 3593 3638 3637 3606 31 4063 4063 4063 4063 4063 4063 4063
384 1683292705 3563 3709 3681 167 3594 3638 3638 3607 32 4063 4062 4062 4062 4062 4062 4062
385 1683292705 3564 3709 3681 194 3594 3639 3639 3607 31 4063 4062 4062 4062 4062 4062 4062
386 1683292705 3564 3710 3681 194 3593 3638 3638 3606 31 4063 4062 4062 4062 4062 4062 4062
387 1683292706 3565 3711 3682 155 3594 3639 3639 3607 31 4063 4062 4062 4062 4062 4062 4062
388 1683292706 3565 3710 3682 172 3595 3640 3640 3607 31 4063 4063 4063 4063 4063 4063 4063
389 1683292706 3565 3711 3682 170 3594 3639 3639 3607 31 4063 4062 4062 4062 4062 4062 4062
390 1683292706 3564 3710 3681 170 3594 3639 3639 3607 31 4063 4062 4062 4062 4062 4062 4062
391 1683292706 3565 3710 3681 161 3594 3638 3639 3607 31 4063 4063 4063 4063 4063 4063 4063
392 1683292706 3564 3709 3680 177 3594 3639 3638 3607 31 4061 4061 4061 4061 4061 4061 4061
393 1683292706 3564 3711 3682 167 3594 3639 3639 3607 31 4063 4063 4063 4063 4063 4063 4063
394 1683292706 3564 3710 3681 181 3594 3639 3639 3607 32 4063 4062 4062 4062 4062 4062 4062
395 1683292706 3564 3709 3681 170 3594 3639 3639 3607 31 4063 4062 4062 4062 4062 4062 4062
396 1683292706 3565 3711 3682 180 3595 3639 3639 3607 31 4063 4062 4062 4062 4062 4062 4062
397 1683292707 3564 3710 3682 171 3594 3640 3639 3607 31 4063 4063 4063 4063 4063 4063 4063
398 1683292707 3564 3710 3682 176 3594 3639 3639 3607 31 4063 4062 4062 4062 4062 4062 4062
399 1683292707 3564 3710 3682 83 3594 3638 3639 3606 31 4063 4062 4062 4062 4062 4062 4062
400 1683292707 3563 3709 3681 198 3593 3639 3638 3606 31 4061 4061 4061 4061 4061 4061 4061
401 1683292707 3563 3709 3681 163 3594 3639 3638 3607 31 4063 4062 4062 4062 4062 4062 4062
402 1683292707 3564 3709 3681 163 3593 3638 3638 3607 31 4063 4062 4062 4062 4062 4062 4062
403 1683292707 3564 3709 3681 195 3592 3639 3638 3606 31 4063 4062 4062 4062 4062 4062 4062
404 1683292707 3565 3711 3682 166 3595 3640 3639 3607 31 4061 4061 4061 4061 4061 4061 4061
405 1683292707 3565 3711 3682 175 3594 3639 3639 3607 31 4063 4062 4062 4062 4062 4062 4062
406 1683292707 3564 3710 3682 151 3594 3639 3638 3607 31 4063 4063 4063 4063 4063 4063 4063
407 1683292707 3565 3710 3682 159 3595 3639 3639 3608 31 4061 4061 4061 4061 4061 4061 4061
408 1683292708 3563 3709 3681 157 3594 3638 3638 3607 31 4063 4062 4062 4062 4062 4062 4062
409 1683292708 3564 3709 3681 188 3594 3639 3639 3607 31 4063 4062 4062 4062 4062 4062 4062
410 1683292708 3565 3711 3682 146 3595 3640 3640 3608 31 4061 4061 4061 4061 4061 4061 4061
411 1683292708 3565 3710 3682 167 3594 3639 3639 3607 31 4063 4063 4063 4063 4063 4063 4063
412 1683292708 3565 3711 3682 153 3595 3639 3639 3607 31 4061 4061 4061 4061 4061 4061 4061
413 1683292708 3565 3710 3682 170 3594 3639 3639 3607 31 4063 4063 4063 4063 4063 4063 4063
414 1683292708 3564 3709 3681 151 3593 3638 3638 3607 31 4063 4063 4063 4063 4063 4063 4063
415 1683292708 3565 3711 3682 163 3594 3639 3639 3607 31 4063 4063 4063 4063 4063 4063 4063
416 1683292709 3564 3710 3682 188 3595 3639 3639 3607 31 4063 4063 4063 4063 4063 4063 4063
417 1683292709 3564 3709 3681 165 3594 3638 3638 3607 31 4063 4063 4063 4063 4063 4063 4063
418 1683292709 3565 3710 3681 170 3593 3638 3639 3607 31 4063 4063 4063 4063 4063 4063 4063
419 1683292709 3565 3710 3682 173 3594 3639 3639 3607 31 4061 4061 4061 4061 4061 4061 4061
420 1683292709 3564 3710 3681 161 3593 3638 3638 3606 31 4061 4061 4061 4061 4061 4061 4061
421 1683292709 3564 3710 3682 179 3594 3639 3639 3607 31 4063 4062 4062 4062 4062 4062 4062
422 1683292709 3565 3710 3682 159 3595 3639 3639 3607 31 4061 4061 4061 4061 4061 4061 4061
423 1683292709 3565 3710 3682 178 3595 3639 3640 3607 31 4063 4063 4063 4063 4063 4063 4063
424 1683292709 3565 3710 3682 162 3594 3639 3639 3607 31 4061 4061 4061 4061 4061 4061 4061
425 1683292709 3564 3709 3681 175 3594 3638 3638 3606 31 4063 4062 4062 4062 4062 4062 4062
426 1683292709 3564 3710 3682 172 3593 3638 3639 3607 31 4063 4063 4063 4063 4063 4063 4063
427 1683292709 3564 3710 3682 163 3594 3639 3639 3607 31 4063 4063 4063 4063 4063 4063 4063
428 1683292710 3564 3709 3681 170 3593 3638 3638 3607 31 4061 4061 4061 4061 4061 4061 4061
429 1683292710 3565 3710 3682 165 3594 3639 3639 3607 31 4063 4062 4062 4062 4062 4062 4062
430 1683292710 3563 3708 3681 211 3593 3638 3638 3606 31 4063 4062 4062 4062 4062 4062 4062
431 1683292710 3563 3709 3681 163 3594 3638 3638 3606 31 4061 4061 4061 4061 4061 4061 4061
432 1683292710 3564 3710 3681 204 3594 3639 3639 3608 31 4063 4062 4062 4062 4062 4062 4062
433 1683292710 3564 3710 3682 163 3594 3639 3639 3607 31 4063 4062 4062 4062 4062 4062 4062
434 1683292710 3565 3710 3682 170 3593 3639 3640 3608 31 4063 4063 4063 4063 4063 4063 4063
435 1683292710 3564 3710 3682 163 3594 3639 3639 3607 31 4063 4063 4063 4063 4063 4063 4063
436 1683292710 3564 3710 3681 170 3593 3638 3638 3607 31 4063 4062 4062 4062 4062 4062 4062
437 1683292710 3565 3710 3681 183 3594 3639 3639 3607 31 4063 4062 4062 4062 4062 4062 4062
438 1683292711 3563 3709 3680 168 3593 3639 3638 3607 31 4063 4062 4062 4062 4062 4062 4062
439 1683292711 3564 3710 3681 158 3594 3638 3638 3607 31 4063 4063 4063 4063 4063 4063 4063
440 1683292711 3565 3710 3681 160 3594 3639 3639 3607 31 4063 4062 4062 4062 4062 4062 4062
441 1683292711 3564 3710 3682 163 3594 3639 3638 3607 31 4061 4061 4061 4061 4061 4061 4061
442 1683292711 3565 3710 3682 171 3595 3640 3640 3608 31 4063 4062 4062 4062 4062 4062 4062
443 1683292711 3564 3710 3681 177 3594 3639 3639 3607 31 4063 4062 4062 4062 4062 4062 4062
444 1683292711 3564 3710 3681 160 3595 3639 3639 3608 31 4063 4063 4063 4063 4063 4063 4063
445 1683292711 3565 3711 3682 155 3594 3639 3639 3608 31 4063 4062 4062 4062 4062 4062 4062
446 1683292712 3564 3710 3681 158 3594 3639 3638 3606 31 4063 4063 4063 4063 4063 4063 4063
447 1683292712 3564 3710 3681 178 3594 3638 3638 3607 31 4063 4062 4062 4062 4062 4062 4062
448 1683292712 3565 3711 3682 150 3595 3640 3640 3607 31 4063 4063 4063 4063 4063 4063 4063
449 1683292712 3564 3710 3681 163 3594 3638 3638 3607 31 4063 4062 4062 4062 4062 4062 4062
450 1683292712 3565 3711 3683 178 3595 3640 3639 3608 31 4063 4063 4063 4063 4063 4063 4063
451 1683292712 3565 3710 3682 153 3595 3640 3640 3608 32 4063 4062 4062 4062 4062 4062 4062
452 1683292713 3564 3709 3681 156 3593 3638 3638 3607 31 4063 4062 4062 4062 4062 4062 4062
453 1683292713 3564 3710 3682 154 3594 3639 3638 3607 31 4063 4062 4062 4062 4062 4062 4062
454 1683292713 3565 3710 3682 163 3595 3639 3639 3607 31 4063 4062 4062 4062 4062 4062 4062
455 1683292713 3565 3710 3681 179 3594 3639 3639 3607 31 4061 4061 4061 4061 4061 4061 4061
456 1683292713 3565 3711 3682 152 3595 3640 3639 3608 31 4063 4062 4062 4062 4062 4062 4062
457 1683292713 3565 3710 3682 155 3594 3639 3639 3607 31 4063 4062 4062 4062 4062 4062 4062
458 1683292713 3564 3710 3681 171 3593 3639 3639 3606 31 4063 4062 4062 4062 4062 4062 4062
459 1683292713 3564 3709 3681 154 3593 3638 3638 3606 31 4063 4062 4062 4062 4062 4062 4062
460 1683292714 3564 3710 3682 184 3595 3639 3639 3607 32 4063 4063 4063 4063 4063 4063 4063
461 1683292714 3565 3711 3682 154 3594 3639 3639 3607 31 4063 4062 4062 4062 4062 4062 4062
462 1683292714 3564 3709 3680 174 3594 3638 3638 3607 31 4061 4061 4061 4061 4061 4061 4061
463 1683292714 3565 3711 3682 155 3594 3639 3639 3607 31 4061 4061 4061 4061 4061 4061 4061
464 1683292714 3564 3710 3682 174 3595 3639 3639 3607 31 4063 4062 4062 4062 4062 4062 4062
465 1683292714 3565 3710 3682 159 3594 3639 3639 3607 31 4063 4063 4063 4063 4063 4063 4063
466 1683292714 3565 3710 3682 158 3593 3639 3639 3608 31 4063 4062 4062 4062 4062 4062 4062
467 1683292714 3565 3711 3682 171 3594 3639 3639 3608 31 4063 4063 4063 4063 4063 4063 4063
468 1683292714 3566 3711 3683 183 3595 3640 3640 3608 31 4061 4061 4061 4061 4061 4061 4061
469 1683292715 3565 3711 3682 171 3595 3640 3640 3608 31 4063 4063 4063 4063 4063 4063 4063
470 1683292715 3565 3710 3682 167 3594 3639 3639 3607 31 4063 4062 4062 4062 4062 4062 4062
471 1683292715 3565 3711 3683 166 3595 3639 3639 3607 31 4063 4062 4062 4062 4062 4062 4062
472 1683292715 3564 3709 3681 180 3594 3639 3638 3606 31 4063 4062 4062 4062 4062 4062 4062
473 1683292715 3565 3711 3683 185 3595 3640 3640 3608 31 4063 4062 4062 4062 4062 4062 4062
474 1683292715 3565 3710 3682 168 3595 3639 3639 3607 32 4063 4062 4062 4062 4062 4062 4062
475 1683292715 3564 3710 3681 166 3594 3639 3639 3607 31 4063 4062 4062 4062 4062 4062 4062
476 1683292715 3565 3710 3682 169 3595 3639 3639 3607 31 4061 4061 4061 4061 4061 4061 4061
477 1683292716 3565 3711 3682 166 3594 3639 3639 3607 31 4061 4061 4061 4061 4061 4061 4061
478 1683292716 3566 3711 3682 177 3595 3641 3640 3609 31 4063 4062 4062 4062 4062 4062 4062
479 1683292716 3565 3710 3682 174 3595 3640 3640 3608 31 4061 4061 4061 4061 4061 4061 4061
480 1683292716 3565 3711 3683 168 3595 3640 3640 3608 31 4063 4062 4062 4062 4062 4062 4062
481 1683292716 3565 3711 3682 181 3594 3640 3639 3607 31 4063 4062 4062 4062 4062 4062 4062
482 1683292716 3565 3710 3682 176 3594 3639 3639 3608 31 4063 4063 4063 4063 4063 4063 4063
483 1683292716 3565 3710 3683 148 3595 3640 3640 3607 31 4063 4062 4062 4062 4062 4062 4062
484 1683292716 3565 3711 3682 157 3595 3640 3639 3607 31 4063 4062 4062 4062 4062 4062 4062
485 1683292716 3564 3710 3681 161 3594 3638 3638 3606 31 4063 4062 4062 4062 4062 4062 4062
486 1683292716 3564 3710 3681 182 3593 3639 3638 3607 31 4063 4063 4063 4063 4063 4063 4063
487 1683292716 3565 3710 3682 157 3594 3640 3639 3608 31 4063 4062 4062 4062 4062 4062 4062
488 1683292716 3565 3711 3683 172 3595 3640 3640 3608 31 4063 4062 4062 4062 4062 4062 4062
489 1683292717 3565 3710 3682 186 3594 3639 3639 3607 31 4063 4063 4063 4063 4063 4063 4063
490 1683292717 3565 3710 3682 181 3594 3639 3639 3607 31 4061 4061 4061 4061 4061 4061 4061
491 1683292717 3565 3710 3682 179 3595 3639 3639 3607 31 4063 4062 4062 4062 4062 4062 4062
492 1683292717 3564 3710 3682 162 3594 3639 3639 3608 31 4063 4062 4062 4062 4062 4062 4062
493 1683292717 3565 3711 3682 179 3594 3640 3639 3607 31 4063 4062 4062 4062 4062 4062 4062
494 1683292717 3565 3711 3682 166 3595 3639 3640 3607 31 4063 4062 4062 4062 4062 4062 4062
495 1683292717 3566 3711 3682 176 3595 3639 3639 3608 31 4063 4062 4062 4062 4062 4062 4062
496 1683292717 3565 3710 3682 158 3595 3640 3639 3607 31 4063 4062 4062 4062 4062 4062 4062
497 1683292717 3565 3711 3682 177 3594 3639 3639 3608 31 4063 4063 4063 4063 4063 4063 4063
498 1683292717 3565 3710 3682 164 3595 3639 3640 3608 31 4063 4063 4063 4063 4063 4063 4063
499 1683292717 3565 3710 3681 157 3594 3639 3639 3607 31 4063 4062 4062 4062 4062 4062 4062
500 1683292717 3565 3710 3682 174 3595 3639 3639 3607 31 4063 4062 4062 4062 4062 4062 4062
501 1683292717 3565 3711 3682 167 3595 3640 3639 3607 31 4061 4061 4061 4061 4061 4061 4061
502 1683292717 3565 3711 3683 175 3595 3640 3640 3608 31 4063 4062 4062 4062 4062 4062 4062
503 1683292718 3566 3711 3683 169 3596 3640 3641 3609 32 4061 4061 4061 4061 4061 4061 4061
504 1683292718 3566 3712 3684 148 3596 3641 3640 3609 31 4063 4062 4062 4062 4062 4062 4062
505 1683292718 3566 3711 3683 172 3596 3640 3640 3608 31 4063 4063 4063 4063 4063 4063 4063
506 1683292718 3565 3711 3683 182 3595 3640 3640 3608 31 4063 4062 4062 4062 4062 4062 4062
507 1683292718 3565 3710 3682 165 3594 3639 3639 3607 31 4063 4063 4063 4063 4063 4063 4063
508 1683292719 3566 3711 3683 173 3595 3640 3640 3609 31 4063 4063 4063 4063 4063 4063 4063
509 1683292719 3566 3711 3683 164 3595 3640 3640 3609 31 4063 4063 4063 4063 4063 4063 4063
510 1683292719 3565 3711 3682 174 3595 3639 3639 3607 31 4061 4061 4061 4061 4061 4061 4061
511 1683292719 3565 3710 3682 173 3595 3640 3639 3607 31 4063 4062 4062 4062 4062 4062 4062
512 1683292719 3566 3711 3683 175 3595 3640 3640 3607 31 4063 4062 4062 4062 4062 4062 4062
513 1683292719 3566 3711 3683 165 3596 3640 3641 3609 31 4063 4062 4062 4062 4062 4062 4062
514 1683292719 3565 3710 3681 160 3593 3639 3639 3607 31 4063 4063 4063 4063 4063 4063 4063
515 1683292719 3565 3711 3682 183 3595 3640 3639 3608 31 4063 4062 4062 4062 4062 4062 4062
516 1683292719 3566 3712 3683 172 3596 3640 3641 3609 31 4063 4062 4062 4062 4062 4062 4062
517 1683292719 3565 3711 3682 184 3595 3639 3640 3607 31 4063 4062 4062 4062 4062 4062 4062
518 1683292719 3566 3711 3683 142 3595 3640 3640 3608 31 4063 4063 4063 4063 4063 4063 4063
519 1683292719 3565 3711 3683 170 3595 3640 3640 3608 31 4063 4062 4062 4062 4062 4062 4062
520 1683292719 3565 3711 3682 148 3595 3640 3640 3608 31 4063 4062 4062 4062 4062 4062 4062
521 1683292720 3566 3711 3684 149 3596 3641 3641 3609 31 4061 4061 4061 4061 4061 4061 4061
522 1683292720 3566 3712 3683 178 3596 3641 3641 3609 32 4063 4063 4063 4063 4063 4063 4063
523 1683292720 3567 3712 3684 159 3596 3641 3641 3609 32 4061 4061 4061 4061 4061 4061 4061
524 1683292720 3565 3711 3683 153 3595 3640 3640 3608 31 4063 4062 4062 4062 4062 4062 4062
525 1683292720 3565 3710 3682 162 3594 3639 3639 3608 31 4063 4063 4063 4063 4063 4063 4063
526 1683292720 3566 3711 3683 206 3596 3641 3641 3609 31 4063 4062 4062 4062 4062 4062 4062
527 1683292720 3565 3711 3682 175 3595 3640 3639 3608 31 4063 4062 4062 4062 4062 4062 4062
528 1683292720 3565 3711 3683 193 3595 3640 3640 3609 31 4061 4061 4061 4061 4061 4061 4061
529 1683292720 3566 3711 3683 163 3594 3640 3641 3608 31 4063 4063 4063 4063 4063 4063 4063
530 1683292721 3565 3710 3682 170 3595 3640 3640 3608 32 4063 4063 4063 4063 4063 4063 4063
531 1683292721 3565 3711 3683 158 3596 3640 3640 3608 31 4063 4062 4062 4062 4062 4062 4062
532 1683292721 3565 3712 3683 186 3595 3640 3640 3608 31 4063 4062 4062 4062 4062 4062 4062
533 1683292721 3565 3711 3683 169 3596 3640 3640 3608 31 4063 4062 4062 4062 4062 4062 4062
534 1683292721 3566 3711 3682 160 3596 3640 3641 3608 31 4063 4063 4063 4063 4063 4063 4063
535 1683292721 3565 3711 3682 197 3595 3640 3639 3608 31 4063 4063 4063 4063 4063 4063 4063
536 1683292722 3565 3711 3683 161 3595 3640 3640 3608 31 4063 4062 4062 4062 4062 4062 4062
537 1683292722 3566 3711 3683 171 3596 3640 3639 3608 32 4063 4062 4062 4062 4062 4062 4062
538 1683292722 3566 3712 3683 180 3596 3641 3641 3609 31 4063 4062 4062 4062 4062 4062 4062
539 1683292722 3565 3711 3683 168 3596 3640 3640 3609 31 4063 4062 4062 4062 4062 4062 4062
540 1683292722 3565 3711 3682 167 3595 3639 3639 3608 31 4063 4062 4062 4062 4062 4062 4062
541 1683292722 3565 3710 3682 173 3595 3640 3640 3608 31 4061 4061 4061 4061 4061 4061 4061
542 1683292722 3565 3711 3683 177 3595 3640 3640 3608 31 4063 4062 4062 4062 4062 4062 4062
543 1683292723 3566 3712 3683 175 3596 3641 3640 3609 31 4063 4062 4062 4062 4062 4062 4062
544 1683292723 3566 3711 3683 174 3595 3641 3640 3609 31 4062 4062 4062 4062 4062 4062 4062
545 1683292723 3565 3711 3683 160 3594 3640 3640 3608 31 4063 4063 4063 4063 4063 4063 4063
546 1683292723 3565 3711 3682 179 3596 3640 3640 3608 31 4063 4062 4062 4062 4062 4062 4062
547 1683292724 3566 3711 3682 170 3595 3640 3640 3608 31 4063 4063 4063 4063 4063 4063 4063
548 1683292724 3566 3712 3684 165 3596 3641 3641 3609 31 4063 4062 4062 4062 4062 4062 4062
549 1683292724 3565 3711 3683 176 3595 3640 3640 3608 31 4063 4062 4062 4062 4062 4062 4062
550 1683292724 3566 3712 3683 174 3595 3640 3640 3608 31 4063 4063 4063 4063 4063 4063 4063
551 1683292725 3566 3713 3684 167 3596 3641 3641 3609 31 4063 4062 4062 4062 4062 4062 4062
552 1683292725 3566 3712 3683 169 3596 3641 3640 3608 31 4063 4062 4062 4062 4062 4062 4062
553 1683292725 3566 3711 3683 179 3595 3640 3640 3608 31 4063 4062 4062 4062 4062 4062 4062
554 1683292725 3566 3712 3683 168 3596 3641 3641 3609 31 4061 4061 4061 4061 4061 4061 4061
555 1683292725 3565 3711 3683 150 3596 3640 3640 3608 31 4063 4062 4062 4062 4062 4062 4062
556 1683292725 3565 3711 3683 141 3595 3640 3640 3608 31 4063 4063 4063 4063 4063 4063 4063
557 1683292725 3566 3712 3683 159 3596 3641 3640 3609 31 4063 4063 4063 4063 4063 4063 4063
558 1683292725 3565 3711 3682 177 3595 3641 3640 3608 31 4063 4062 4062 4062 4062 4062 4062
559 1683292725 3565 3711 3683 189 3596 3640 3640 3609 31 4063 4062 4062 4062 4062 4062 4062
560 1683292725 3566 3711 3683 186 3595 3640 3640 3608 31 4063 4063 4063 4063 4063 4063 4063
561 1683292725 3566 3712 3683 178 3596 3641 3640 3608 31 4063 4062 4062 4062 4062 4062 4062
562 1683292725 3567 3712 3684 168 3597 3641 3641 3610 31 4063 4062 4062 4062 4062 4062 4062
563 1683292725 3566 3712 3683 162 3596 3640 3640 3608 31 4063 4062 4062 4062 4062 4062 4062
564 1683292726 3566 3712 3683 191 3596 3641 3641 3609 31 4061 4061 4061 4061 4061 4061 4061
565 1683292726 3566 3712 3683 183 3596 3641 3641 3609 31 4063 4062 4062 4062 4062 4062 4062
566 1683292726 3567 3713 3684 167 3596 3641 3641 3609 31 4063 4062 4062 4062 4062 4062 4062
567 1683292726 3566 3711 3683 172 3596 3641 3640 3609 31 4063 4062 4062 4062 4062 4062 4062
568 1683292726 3566 3711 3682 176 3595 3640 3640 3608 31 4063 4062 4062 4062 4062 4062 4062
569 1683292726 3566 3712 3683 169 3596 3641 3640 3608 31 4063 4062 4062 4062 4062 4062 4062
570 1683292726 3566 3712 3683 174 3596 3640 3640 3608 32 4063 4063 4063 4063 4063 4063 4063
571 1683292726 3567 3713 3684 177 3596 3641 3641 3609 31 4063 4063 4063 4063 4063 4063 4063
572 1683292727 3567 3712 3684 156 3596 3641 3641 3610 31 4061 4061 4061 4061 4061 4061 4061
573 1683292727 3566 3711 3683 165 3595 3640 3640 3608 31 4063 4063 4063 4063 4063 4063 4063
574 1683292727 3566 3711 3683 174 3595 3640 3640 3609 31 4061 4061 4061 4061 4061 4061 4061
575 1683292727 3566 3712 3683 177 3596 3641 3641 3609 31 4061 4061 4061 4061 4061 4061 4061
576 1683292727 3566 3712 3684 157 3595 3641 3640 3608 31 4063 4062 4062 4062 4062 4062 4062
577 1683292727 3566 3712 3684 155 3596 3641 3641 3609 31 4063 4063 4063 4063 4063 4063 4063
578 1683292727 3566 3711 3683 156 3595 3641 3640 3608 31 4063 4062 4062 4062 4062 4062 4062
579 1683292728 3566 3712 3684 159 3596 3642 3641 3610 31 4061 4061 4061 4061 4061 4061 4061
580 1683292728 3567 3712 3684 172 3597 3641 3641 3609 31 4063 4063 4063 4063 4063 4063 4063
581 1683292728 3567 3712 3684 176 3597 3642 3642 3610 31 4063 4063 4063 4063 4063 4063 4063
582 1683292728 3566 3711 3683 179 3596 3640 3640 3608 31 4063 4062 4062 4062 4062 4062 4062
583 1683292728 3566 3712 3683 172 3596 3641 3641 3609 31 4063 4062 4062 4062 4062 4062 4062
584 1683292728 3566 3712 3683 180 3595 3640 3640 3609 31 4063 4062 4062 4062 4062 4062 4062
585 1683292728 3567 3713 3684 181 3597 3642 3642 3610 31 4063 4062 4062 4062 4062 4062 4062
586 1683292728 3566 3712 3683 192 3596 3641 3641 3609 31 4063 4062 4062 4062 4062 4062 4062
587 1683292728 3565 3710 3682 156 3595 3640 3640 3608 31 4063 4062 4062 4062 4062 4062 4062
588 1683292728 3566 3712 3683 170 3596 3641 3641 3609 31 4063 4063 4063 4063 4063 4063 4063
589 1683292728 3565 3711 3683 167 3596 3640 3640 3608 31 4063 4062 4062 4062 4062 4062 4062
590 1683292729 3566 3712 3683 166 3596 3640 3640 3608 31 4063 4062 4062 4062 4062 4062 4062
591 1683292729 3566 3711 3683 167 3596 3641 3641 3609 31 4063 4062 4062 4062 4062 4062 4062
592 1683292729 3566 3712 3684 166 3595 3641 3641 3609 32 4063 4062 4062 4062 4062 4062 4062
593 1683292729 3567 3712 3683 165 3594 3641 3641 3608 31 4061 4061 4061 4061 4061 4061 4061
594 1683292729 3566 3712 3683 145 3596 3640 3641 3608 31 4063 4062 4062 4062 4062 4062 4062
595 1683292729 3566 3712 3683 182 3596 3641 3640 3609 31 4063 4062 4062 4062 4062 4062 4062
596 1683292729 3567 3712 3684 177 3595 3641 3640 3609 31 4061 4061 4061 4061 4061 4061 4061
597 1683292729 3566 3711 3683 151 3595 3641 3640 3608 31 4063 4062 4062 4062 4062 4062 4062
598 1683292729 3566 3712 3684 167 3597 3641 3641 3609 31 4063 4063 4063 4063 4063 4063 4063
599 1683292729 3567 3712 3684 161 3596 3640 3640 3609 31 4063 4063 4063 4063 4063 4063 4063
600 1683292729 3567 3712 3684 162 3596 3641 3641 3608 31 4063 4062 4062 4062 4062 4062 4062
601 1683292729 3566 3711 3683 173 3596 3640 3640 3608 31 4063 4062 4062 4062 4062 4062 4062
602 1683292730 3566 3711 3683 178 3595 3640 3640 3609 31 4063 4063 4063 4063 4063 4063 4063
603 1683292730 3566 3712 3683 148 3596 3640 3640 3609 31 4062 4062 4062 4062 4062 4062 4062
604 1683292730 3563 3709 3680 182 3593 3638 3637 3606 31 4061 4061 4061 4061 4061 4061 4061
605 1683292730 3565 3710 3682 170 3595 3639 3639 3607 31 4061 4061 4061 4061 4061 4061 4061
606 1683292730 3564 3710 3681 186 3593 3638 3638 3606 31 4063 4063 4063 4063 4063 4063 4063
607 1683292730 3564 3709 3681 189 3594 3638 3638 3607 31 4063 4062 4062 4062 4062 4062 4062
608 1683292730 3565 3710 3681 169 3594 3639 3639 3607 31 4063 4063 4063 4063 4063 4063 4063
609 1683292731 3565 3710 3681 173 3594 3639 3639 3607 31 4061 4061 4061 4061 4061 4061 4061
610 1683292731 3565 3710 3682 190 3593 3639 3639 3607 31 4063 4063 4063 4063 4063 4063 4063
611 1683292731 3566 3711 3683 187 3596 3640 3641 3608 32 4063 4062 4062 4062 4062 4062 4062
612 1683292731 3565 3710 3682 173 3595 3639 3639 3607 31 4063 4062 4062 4062 4062 4062 4062
613 1683292731 3565 3711 3682 161 3594 3640 3639 3607 31 4063 4062 4062 4062 4062 4062 4062
614 1683292731 3563 3709 3680 168 3594 3638 3638 3607 31 4063 4063 4063 4063 4063 4063 4063
615 1683292731 3566 3711 3683 172 3596 3640 3640 3608 31 4063 4062 4062 4062 4062 4062 4062
616 1683292731 3565 3710 3682 180 3594 3639 3639 3607 31 4062 4062 4062 4062 4062 4062 4062
617 1683292731 3565 3711 3683 171 3595 3640 3640 3608 31 4063 4062 4062 4062 4062 4062 4062
618 1683292731 3565 3710 3682 173 3595 3640 3640 3608 31 4063 4062 4062 4062 4062 4062 4062
619 1683292731 3564 3710 3681 177 3594 3639 3639 3607 31 4063 4063 4063 4063 4063 4063 4063
620 1683292732 3564 3710 3681 182 3595 3640 3639 3608 31 4061 4061 4061 4061 4061 4061 4061
621 1683292732 3565 3711 3683 190 3595 3639 3639 3607 31 4061 4061 4061 4061 4061 4061 4061
622 1683292732 3564 3710 3682 169 3595 3639 3639 3608 31 4063 4062 4062 4062 4062 4062 4062
623 1683292732 3565 3710 3682 171 3595 3639 3639 3607 31 4063 4062 4062 4062 4062 4062 4062
624 1683292732 3564 3709 3681 152 3594 3639 3639 3607 31 4063 4062 4062 4062 4062 4062 4062
625 1683292732 3565 3710 3682 155 3594 3639 3639 3607 31 4063 4063 4063 4063 4063 4063 4063
626 1683292732 3564 3710 3682 170 3593 3639 3640 3608 31 4063 4062 4062 4062 4062 4062 4062
627 1683292733 3565 3711 3682 169 3595 3640 3640 3608 31 4063 4062 4062 4062 4062 4062 4062
628 1683292733 3564 3710 3681 155 3594 3639 3638 3606 31 4063 4062 4062 4062 4062 4062 4062
629 1683292733 3565 3710 3681 167 3594 3639 3639 3607 31 4063 4062 4062 4062 4062 4062 4062
630 1683292733 3565 3710 3682 159 3594 3640 3639 3607 31 4061 4061 4061 4061 4061 4061 4061
631 1683292733 3564 3709 3681 162 3594 3639 3639 3607 31 4063 4062 4062 4062 4062 4062 4062
632 1683292733 3567 3712 3683 173 3595 3640 3640 3609 31 4063 4062 4062 4062 4062 4062 4062
633 1683292734 3564 3710 3682 173 3594 3639 3639 3607 31 4063 4062 4062 4062 4062 4062 4062
634 1683292734 3565 3710 3682 184 3594 3639 3638 3607 31 4061 4061 4061 4061 4061 4061 4061
635 1683292734 3565 3710 3682 173 3595 3640 3640 3608 31 4063 4062 4062 4062 4062 4062 4062
636 1683292734 3565 3711 3682 168 3595 3640 3640 3608 31 4063 4062 4062 4062 4062 4062 4062
637 1683292734 3565 3711 3683 169 3594 3640 3640 3608 31 4063 4062 4062 4062 4062 4062 4062
638 1683292734 3566 3711 3683 154 3595 3640 3639 3607 31 4063 4063 4063 4063 4063 4063 4063
639 1683292734 3565 3711 3682 166 3595 3640 3639 3608 31 4063 4062 4062 4062 4062 4062 4062
640 1683292734 3566 3711 3683 169 3595 3640 3640 3608 31 4063 4062 4062 4062 4062 4062 4062
641 1683292734 3566 3711 3682 179 3594 3640 3640 3608 31 4063 4062 4062 4062 4062 4062 4062
642 1683292734 3565 3710 3682 166 3595 3639 3639 3607 31 4063 4062 4062 4062 4062 4062 4062
643 1683292734 3565 3711 3682 164 3595 3639 3639 3608 31 4063 4063 4063 4063 4063 4063 4063
644 1683292734 3566 3711 3683 148 3595 3640 3640 3608 31 4063 4062 4062 4062 4062 4062 4062
645 1683292734 3566 3712 3683 151 3596 3641 3640 3608 31 4063 4062 4062 4062 4062 4062 4062
646 1683292735 3566 3711 3683 166 3595 3640 3640 3608 31 4061 4061 4061 4061 4061 4061 4061
647 1683292735 3565 3711 3682 169 3595 3640 3640 3608 31 4063 4062 4062 4062 4062 4062 4062
648 1683292735 3565 3711 3683 159 3595 3640 3640 3607 31 4063 4062 4062 4062 4062 4062 4062
649 1683292735 3565 3710 3682 152 3595 3640 3639 3607 31 4063 4062 4062 4062 4062 4062 4062
650 1683292735 3563 3709 3681 178 3593 3638 3638 3606 31 4061 4061 4061 4061 4061 4061 4061
651 1683292735 3566 3711 3682 170 3596 3640 3640 3608 31 4063 4062 4062 4062 4062 4062 4062
652 1683292735 3565 3710 3682 153 3595 3639 3639 3607 31 4063 4062 4062 4062 4062 4062 4062
653 1683292735 3566 3711 3683 159 3596 3640 3640 3608 31 4063 4062 4062 4062 4062 4062 4062
654 1683292735 3565 3710 3682 145 3595 3639 3640 3608 31 4063 4062 4062 4062 4062 4062 4062
655 1683292735 3566 3712 3683 162 3596 3640 3641 3608 31 4061 4061 4061 4061 4061 4061 4061
656 1683292736 3565 3711 3683 179 3595 3640 3640 3608 31 4061 4061 4061 4061 4061 4061 4061
657 1683292736 3565 3711 3683 173 3594 3640 3639 3608 31 4063 4062 4062 4062 4062 4062 4062
658 1683292736 3566 3711 3683 165 3596 3641 3640 3609 31 4061 4061 4061 4061 4061 4061 4061
659 1683292736 3565 3711 3682 158 3594 3639 3639 3608 31 4063 4062 4062 4062 4062 4062 4062
660 1683292736 3564 3710 3682 177 3595 3639 3640 3608 32 4063 4062 4062 4062 4062 4062 4062
661 1683292736 3566 3711 3683 170 3595 3640 3639 3608 31 4063 4063 4063 4063 4063 4063 4063
662 1683292736 3565 3712 3683 168 3596 3641 3640 3608 31 4063 4062 4062 4062 4062 4062 4062
663 1683292736 3565 3710 3682 179 3595 3640 3640 3608 31 4063 4063 4063 4063 4063 4063 4063
664 1683292736 3565 3711 3682 180 3595 3639 3640 3608 31 4063 4062 4062 4062 4062 4062 4062
665 1683292736 3565 3711 3682 167 3594 3640 3640 3608 31 4061 4061 4061 4061 4061 4061 4061
666 1683292737 3566 3711 3683 166 3595 3640 3640 3608 31 4063 4062 4062 4062 4062 4062 4062
667 1683292737 3566 3711 3683 172 3596 3641 3640 3608 31 4063 4063 4063 4063 4063 4063 4063
668 1683292737 3566 3712 3683 164 3596 3640 3640 3608 31 4063 4062 4062 4062 4062 4062 4062
669 1683292737 3565 3711 3682 192 3595 3640 3639 3608 31 4063 4063 4063 4063 4063 4063 4063
670 1683292737 3566 3712 3683 164 3596 3641 3641 3609 31 4063 4062 4062 4062 4062 4062 4062
671 1683292737 3565 3711 3683 155 3595 3640 3640 3609 31 4063 4062 4062 4062 4062 4062 4062
672 1683292737 3565 3711 3682 164 3595 3639 3640 3608 31 4063 4062 4062 4062 4062 4062 4062
673 1683292737 3565 3710 3682 159 3594 3639 3639 3607 31 4063 4062 4062 4062 4062 4062 4062
674 1683292737 3566 3712 3683 170 3595 3640 3640 3608 31 4063 4062 4062 4062 4062 4062 4062
675 1683292737 3565 3711 3682 171 3595 3640 3640 3608 31 4063 4063 4063 4063 4063 4063 4063
676 1683292737 3566 3711 3683 190 3595 3640 3640 3608 31 4063 4062 4062 4062 4062 4062 4062
677 1683292738 3565 3711 3683 160 3596 3641 3640 3608 31 4063 4062 4062 4062 4062 4062 4062
678 1683292738 3565 3711 3682 182 3595 3640 3640 3608 31 4063 4063 4063 4063 4063 4063 4063
679 1683292738 3565 3711 3682 185 3596 3640 3640 3608 31 4063 4062 4062 4062 4062 4062 4062
680 1683292738 3566 3712 3684 173 3596 3641 3641 3609 31 4061 4061 4061 4061 4061 4061 4061
681 1683292738 3566 3712 3684 174 3596 3641 3640 3609 31 4061 4061 4061 4061 4061 4061 4061
682 1683292738 3566 3712 3683 154 3595 3641 3640 3608 31 4063 4063 4063 4063 4063 4063 4063
683 1683292738 3565 3710 3682 167 3594 3639 3639 3607 31 4063 4062 4062 4062 4062 4062 4062
684 1683292738 3566 3712 3683 168 3595 3640 3640 3608 31 4063 4063 4063 4063 4063 4063 4063
685 1683292738 3565 3711 3683 175 3596 3640 3639 3608 31 4063 4062 4062 4062 4062 4062 4062
686 1683292738 3565 3711 3683 180 3596 3640 3639 3608 31 4063 4062 4062 4062 4062 4062 4062
687 1683292738 3565 3710 3683 157 3595 3640 3640 3608 31 4063 4062 4062 4062 4062 4062 4062
688 1683292738 3566 3712 3684 168 3595 3641 3640 3609 31 4063 4062 4062 4062 4062 4062 4062
689 1683292738 3566 3712 3683 153 3596 3641 3640 3608 31 4063 4062 4062 4062 4062 4062 4062
690 1683292739 3565 3710 3682 183 3595 3639 3639 3608 31 4063 4062 4062 4062 4062 4062 4062
691 1683292739 3565 3711 3683 173 3595 3640 3640 3608 31 4061 4061 4061 4061 4061 4061 4061
692 1683292739 3566 3711 3683 155 3595 3640 3639 3608 31 4063 4062 4062 4062 4062 4062 4062
693 1683292739 3565 3711 3682 167 3594 3639 3639 3608 31 4063 4063 4063 4063 4063 4063 4063
694 1683292739 3566 3711 3682 169 3595 3640 3640 3608 31 4063 4063 4063 4063 4063 4063 4063
695 1683292739 3565 3710 3682 157 3595 3639 3639 3608 31 4063 4062 4062 4062 4062 4062 4062
696 1683292739 3565 3711 3682 158 3595 3640 3639 3607 31 4063 4062 4062 4062 4062 4062 4062
697 1683292739 3565 3710 3682 172 3594 3639 3639 3607 31 4063 4062 4062 4062 4062 4062 4062
698 1683292740 3565 3711 3682 173 3595 3640 3640 3608 31 4063 4062 4062 4062 4062 4062 4062
699 1683292740 3565 3711 3683 174 3595 3640 3639 3608 31 4063 4062 4062 4062 4062 4062 4062
700 1683292740 3566 3712 3683 172 3595 3640 3641 3608 31 4063 4062 4062 4062 4062 4062 4062
701 1683292740 3565 3710 3682 165 3594 3639 3639 3608 31 4063 4062 4062 4062 4062 4062 4062
702 1683292740 3565 3711 3682 164 3595 3639 3639 3607 31 4061 4061 4061 4061 4061 4061 4061
703 1683292740 3565 3711 3682 187 3595 3640 3639 3608 31 4061 4061 4061 4061 4061 4061 4061
704 1683292740 3565 3711 3683 170 3595 3640 3640 3608 31 4063 4063 4063 4063 4063 4063 4063
705 1683292740 3566 3711 3683 147 3595 3640 3640 3608 31 4062 4062 4062 4062 4062 4062 4062
706 1683292740 3565 3711 3682 164 3595 3640 3640 3608 31 4063 4063 4063 4063 4063 4063 4063
707 1683292740 3565 3711 3682 169 3596 3640 3640 3608 31 4063 4063 4063 4063 4063 4063 4063
708 1683292740 3566 3711 3682 161 3595 3640 3640 3608 31 4063 4062 4062 4062 4062 4062 4062
709 1683292740 3565 3711 3683 167 3595 3640 3640 3608 31 4063 4063 4063 4063 4063 4063 4063
710 1683292741 3565 3711 3682 202 3595 3640 3639 3607 31 4063 4063 4063 4063 4063 4063 4063
711 1683292741 3564 213 3680 170 3595 3640 3640 3607 31 4063 4063 4063 4063 4063 4063 4063
712 1683292741 3565 3710 3682 164 3595 3640 3639 3607 31 4063 4062 4062 4062 4062 4062 4062
713 1683292741 3564 3710 3682 180 3595 3640 3639 3607 32 4063 4062 4062 4062 4062 4062 4062
714 1683292741 3565 3710 3682 163 3594 3638 3638 3607 31 4063 4062 4062 4062 4062 4062 4062
715 1683292741 3566 3712 3684 163 3596 3641 3641 3609 31 4063 4062 4062 4062 4062 4062 4062
716 1683292741 3565 3711 3683 161 3595 3641 3640 3608 31 4063 4062 4062 4062 4062 4062 4062
717 1683292741 3565 3711 3682 154 3594 3639 3639 3607 31 4063 4062 4062 4062 4062 4062 4062
718 1683292742 3565 3711 3682 182 3595 3640 3639 3607 31 4063 4062 4062 4062 4062 4062 4062
719 1683292742 3565 3711 3683 157 3596 3640 3641 3608 31 4061 4061 4061 4061 4061 4061 4061
720 1683292742 3566 3711 3684 179 3595 3641 3640 3608 31 4063 4062 4062 4062 4062 4062 4062
721 1683292742 3566 3712 3683 190 3594 3640 3640 3608 31 4063 4062 4062 4062 4062 4062 4062
722 1683292742 3565 3711 3682 165 3593 3640 3640 3608 31 4061 4061 4061 4061 4061 4061 4061
723 1683292742 3565 3710 3682 170 3594 3639 3639 3608 31 4063 4062 4062 4062 4062 4062 4062
724 1683292743 3565 3711 3683 158 3595 3641 3640 3609 31 4063 4063 4063 4063 4063 4063 4063
725 1683292743 3566 3711 3683 172 3595 3640 3640 3608 31 4063 4062 4062 4062 4062 4062 4062
726 1683292743 3565 3711 3682 170 3595 3639 3639 3607 31 4061 4061 4061 4061 4061 4061 4061
727 1683292743 3566 3711 3683 160 3595 3640 3640 3608 31 4063 4063 4063 4063 4063 4063 4063
728 1683292743 3565 3711 3683 152 3595 3640 3640 3608 31 4063 4062 4062 4062 4062 4062 4062
729 1683292743 3566 3711 3683 155 3594 3639 3639 3608 32 4063 4062 4062 4062 4062 4062 4062
730 1683292743 3565 3711 3682 186 3595 3639 3639 3608 32 4063 4062 4062 4062 4062 4062 4062
731 1683292743 3565 3711 3682 157 3595 3640 3640 3609 31 4061 4061 4061 4061 4061 4061 4061
732 1683292743 3565 3711 3682 161 3595 3640 3640 3608 31 4063 4063 4063 4063 4063 4063 4063
733 1683292743 3566 3711 3683 152 3595 3640 3640 3608 31 4061 4061 4061 4061 4061 4061 4061
734 1683292744 3564 3710 3682 172 3594 3639 3639 3607 32 4063 4062 4062 4062 4062 4062 4062
735 1683292744 3565 3711 3683 166 3595 3640 3639 3608 31 4063 4063 4063 4063 4063 4063 4063
736 1683292744 3565 3711 3682 168 3595 3639 3639 3608 31 4063 4062 4062 4062 4062 4062 4062
737 1683292744 3565 3711 3682 167 3594 3639 3639 3607 31 4063 4063 4063 4063 4063 4063 4063
738 1683292744 3565 3711 3682 165 3595 3640 3640 3608 31 4063 4062 4062 4062 4062 4062 4062
739 1683292744 3566 3711 3683 147 3596 3640 3640 3608 31 4063 4062 4062 4062 4062 4062 4062
740 1683292744 3566 3712 3683 166 3596 3640 3641 3609 31 4063 4062 4062 4062 4062 4062 4062
741 1683292744 3566 3712 3683 172 3596 3640 3640 3608 31 4063 4062 4062 4062 4062 4062 4062
742 1683292744 3566 3712 3683 102 3596 3641 3640 3608 31 4063 4062 4062 4062 4062 4062 4062
743 1683292745 3566 3712 3684 193 3596 3640 3641 3608 31 4063 4062 4062 4062 4062 4062 4062
744 1683292745 3566 3712 3683 164 3595 3641 3640 3609 31 4061 4061 4061 4061 4061 4061 4061
745 1683292745 3566 3711 3683 153 3596 3640 3641 3609 31 4061 4061 4061 4061 4061 4061 4061
746 1683292745 3566 3711 3682 163 3595 3640 3640 3608 31 4063 4062 4062 4062 4062 4062 4062
747 1683292745 3566 3711 3683 164 3596 3640 3640 3608 31 4063 4063 4063 4063 4063 4063 4063
748 1683292745 3565 3711 3682 164 3595 3639 3639 3607 31 4061 4061 4061 4061 4061 4061 4061
749 1683292745 3565 3711 3683 164 3596 3640 3640 3608 31 4063 4063 4063 4063 4063 4063 4063
750 1683292746 3565 3711 3683 175 3595 3640 3640 3608 31 4063 4062 4062 4062 4062 4062 4062
751 1683292746 3565 3711 3682 165 3595 3639 3640 3608 31 4063 4062 4062 4062 4062 4062 4062
752 1683292746 3565 3711 3683 176 3595 3640 3641 3609 31 4063 4062 4062 4062 4062 4062 4062
753 1683292746 3564 3710 3682 179 3594 3640 3640 3608 31 4063 4062 4062 4062 4062 4062 4062
754 1683292746 3565 3711 3682 160 3595 3640 3640 3608 31 4063 4062 4062 4062 4062 4062 4062
755 1683292746 3566 3711 3683 193 3596 3640 3640 3608 31 4063 4062 4062 4062 4062 4062 4062
756 1683292746 3567 3712 3684 168 3597 3641 3641 3609 31 4061 4061 4061 4061 4061 4061 4061
757 1683292746 3565 3711 3683 175 3596 3640 3640 3608 31 4063 4062 4062 4062 4062 4062 4062
758 1683292747 3566 3712 3683 158 3595 3641 3641 3609 31 4063 4062 4062 4062 4062 4062 4062
759 1683292747 3566 3712 3683 171 3596 3640 3640 3609 31 4063 4062 4062 4062 4062 4062 4062
760 1683292747 3565 3710 3682 164 3595 3640 3640 3608 31 4063 4062 4062 4062 4062 4062 4062
761 1683292747 3566 3711 3683 175 3596 3641 3640 3608 31 4063 4062 4062 4062 4062 4062 4062
762 1683292747 3566 3712 3683 164 3596 3641 3640 3609 31 4063 4062 4062 4062 4062 4062 4062
763 1683292747 3566 3711 3683 157 3596 3640 3641 3608 31 4063 4062 4062 4062 4062 4062 4062
764 1683292747 3565 3711 3682 170 3595 3640 3640 3608 31 4063 4062 4062 4062 4062 4062 4062
765 1683292747 3566 3711 3683 153 3596 3640 3640 3608 31 4063 4062 4062 4062 4062 4062 4062
766 1683292747 3566 3712 3683 182 3596 3640 3640 3609 31 4063 4062 4062 4062 4062 4062 4062
767 1683292747 3568 3713 3685 153 3596 3642 3641 3610 31 4063 4063 4063 4063 4063 4063 4063
768 1683292747 3566 3711 3683 166 3595 3640 3640 3608 31 4063 4062 4062 4062 4062 4062 4062
769 1683292748 3566 3712 3684 155 3596 3641 3641 3608 31 4061 4061 4061 4061 4061 4061 4061
770 1683292748 3565 3711 3683 154 3595 3640 3640 3608 31 4063 4062 4062 4062 4062 4062 4062
771 1683292748 3566 3711 3683 175 3596 3641 3641 3609 31 4062 4062 4062 4062 4062 4062 4062
772 1683292748 3566 3711 3683 168 3595 3640 3640 3608 31 4061 4061 4061 4061 4061 4061 4061
773 1683292748 3565 3710 3683 176 3595 3640 3639 3607 31 4063 4063 4063 4063 4063 4063 4063
774 1683292748 3567 3712 3684 157 3596 3641 3641 3609 31 4063 4063 4063 4063 4063 4063 4063
775 1683292748 3568 3713 3685 153 3596 3641 3641 3610 31 4061 4061 4061 4061 4061 4061 4061
776 1683292748 3566 3712 3683 159 3596 3640 3641 3609 31 4063 4062 4062 4062 4062 4062 4062
777 1683292748 3566 3711 3683 159 3595 3641 3640 3609 31 4063 4063 4063 4063 4063 4063 4063
778 1683292748 3565 3710 3682 180 3595 3640 3640 3609 31 4063 4062 4062 4062 4062 4062 4062
779 1683292748 3566 3712 3684 177 3596 3641 3640 3608 31 4063 4062 4062 4062 4062 4062 4062
780 1683292749 3565 3711 3682 154 3595 3640 3639 3608 31 4061 4061 4061 4061 4061 4061 4061
781 1683292749 155 198 194 154 149 1440 1511 1494 31 4063 4063 4063 4063 4063 4063 4063
782 1683292749 3565 3711 3682 214 3595 3640 3639 3608 31 4063 4062 4062 4062 4062 4062 4062
783 1683292749 3566 3712 3683 151 3596 3640 3640 3609 31 4063 4062 4062 4062 4062 4062 4062
784 1683292749 3566 3711 3683 175 3595 3640 3640 3609 31 4063 4063 4063 4063 4063 4063 4063
785 1683292749 3566 3712 3683 168 3594 3641 3640 3609 31 4061 4061 4061 4061 4061 4061 4061
786 1683292749 3566 3713 3684 175 3597 3642 3641 3609 31 4061 4061 4061 4061 4061 4061 4061
787 1683292749 3566 3711 3683 175 3596 3641 3640 3609 31 4063 4062 4062 4062 4062 4062 4062
788 1683292749 3567 3712 3684 200 3596 3641 3640 3609 32 4061 4061 4061 4061 4061 4061 4061
789 1683292750 3566 3711 3683 157 3596 3641 3641 3609 31 4063 4062 4062 4062 4062 4062 4062
790 1683292750 3566 3712 3684 188 3596 3641 3641 3609 31 4063 4062 4062 4062 4062 4062 4062
791 1683292750 3565 3711 3683 173 3595 3640 3640 3608 31 4063 4062 4062 4062 4062 4062 4062
792 1683292750 3567 3713 3685 161 3597 3642 3641 3609 31 4063 4063 4063 4063 4063 4063 4063
793 1683292750 3566 3712 3684 167 3596 3641 3641 3608 31 4061 4061 4061 4061 4061 4061 4061
794 1683292750 3567 3712 3683 168 3596 3641 3641 3609 31 4063 4062 4062 4062 4062 4062 4062
795 1683292750 3567 3713 3684 163 3597 3641 3641 3609 31 4061 4061 4061 4061 4061 4061 4061
796 1683292750 3567 3712 3683 170 3597 3641 3641 3609 31 4063 4062 4062 4062 4062 4062 4062
797 1683292750 3566 3711 3683 161 3596 3641 3641 3609 31 4063 4063 4063 4063 4063 4063 4063
798 1683292751 3567 3713 3685 158 3597 3642 3642 3610 31 4063 4062 4062 4062 4062 4062 4062
799 1683292751 3566 3712 3683 165 3596 3641 3640 3608 31 4063 4062 4062 4062 4062 4062 4062
800 1683292751 3567 3712 3684 179 3595 3641 3641 3609 31 4061 4061 4061 4061 4061 4061 4061
801 1683292751 3567 3712 3684 171 3596 3641 3641 3609 31 4063 4062 4062 4062 4062 4062 4062
802 1683292751 3566 3712 3683 179 3596 3640 3641 3609 31 4063 4062 4062 4062 4062 4062 4062
803 1683292751 3567 3712 3683 161 3596 3641 3641 3609 31 4063 4062 4062 4062 4062 4062 4062
804 1683292751 3568 3713 3685 162 3598 3642 3642 3610 31 4063 4063 4063 4063 4063 4063 4063
805 1683292751 3566 3712 3684 168 3596 3641 3641 3610 31 4063 4063 4063 4063 4063 4063 4063
806 1683292752 3567 3713 3684 172 3597 3642 3641 3609 31 4063 4062 4062 4062 4062 4062 4062
807 1683292752 3567 3713 3684 167 3596 3642 3642 3610 31 4061 4061 4061 4061 4061 4061 4061
808 1683292752 3567 3712 3684 164 3596 3641 3640 3608 31 4061 4061 4061 4061 4061 4061 4061
809 1683292752 3566 3711 3683 171 3596 3640 3640 3608 31 4063 4063 4063 4063 4063 4063 4063
810 1683292752 3566 3712 3684 206 3597 3642 3641 3609 31 4063 4063 4063 4063 4063 4063 4063
811 1683292752 3566 3712 3683 158 3596 3641 3641 3609 31 4063 4063 4063 4063 4063 4063 4063
812 1683292752 3566 3712 3683 168 3596 3641 3641 3609 31 4063 4063 4063 4063 4063 4063 4063
813 1683292753 3565 3711 3682 183 3595 3640 3640 3608 31 4061 4061 4061 4061 4061 4061 4061
814 1683292753 3567 3712 3683 174 3597 3641 3641 3609 31 4061 4061 4061 4061 4061 4061 4061
815 1683292753 3566 3712 3683 151 3596 3641 3640 3609 31 4063 4062 4062 4062 4062 4062 4062
816 1683292753 3566 3712 3682 153 3595 3640 3640 3608 31 4063 4062 4062 4062 4062 4062 4062
817 1683292753 3567 3712 3684 156 3596 3641 3641 3609 31 4063 4062 4062 4062 4062 4062 4062
818 1683292753 3566 3712 3684 144 3595 3640 3640 3609 31 4063 4062 4062 4062 4062 4062 4062
819 1683292753 3566 3712 3683 149 3596 3641 3641 3609 31 4063 4063 4063 4063 4063 4063 4063
820 1683292753 3567 3712 3684 155 3597 3641 3641 3609 31 4063 4063 4063 4063 4063 4063 4063
821 1683292753 3566 3712 3683 163 3596 3641 3641 3609 32 4061 4061 4061 4061 4061 4061 4061
822 1683292753 3567 3712 3684 170 3596 3641 3641 3609 31 4063 4062 4062 4062 4062 4062 4062
823 1683292753 3566 3712 3683 159 3596 3640 3640 3608 31 4063 4063 4063 4063 4063 4063 4063
824 1683292754 3566 3711 3683 164 3595 3639 3639 3607 31 4063 4062 4062 4062 4062 4062 4062
825 1683292754 3567 3713 3684 159 3596 3642 3641 3610 31 4061 4061 4061 4061 4061 4061 4061
826 1683292754 3567 3713 3684 167 3596 3642 3642 3610 31 4061 4061 4061 4061 4061 4061 4061
827 1683292754 3566 3712 3683 175 3596 3641 3641 3609 31 4063 4062 4062 4062 4062 4062 4062
828 1683292754 3566 3712 3683 196 3597 3641 3641 3610 31 4061 4061 4061 4061 4061 4061 4061
829 1683292754 3566 3711 3683 171 3595 3640 3640 3608 31 4063 4062 4062 4062 4062 4062 4062
830 1683292754 3567 3713 3684 166 3597 3642 3641 3609 31 4063 4062 4062 4062 4062 4062 4062
831 1683292754 199 3712 165 144 3600 1419 1473 1460 31 4063 4062 4062 4062 4062 4062 4062
832 1683292754 3566 3712 3683 188 3595 3640 3640 3609 31 4063 4062 4062 4062 4062 4062 4062
833 1683292754 3566 3712 3683 172 3596 3641 3641 3609 31 4061 4061 4061 4061 4061 4061 4061
834 1683292755 3566 3711 3683 178 3595 3640 3640 3609 31 4063 4063 4063 4063 4063 4063 4063
835 1683292755 3566 3711 3684 162 3596 3641 3640 3609 31 4063 4062 4062 4062 4062 4062 4062
836 1683292755 3566 3712 3684 184 3596 3641 3641 3609 31 4063 4062 4062 4062 4062 4062 4062
837 1683292755 3567 3712 3684 187 3597 3641 3641 3609 31 4063 4062 4062 4062 4062 4062 4062
838 1683292755 3566 3712 3683 174 3596 3641 3641 3609 31 4063 4062 4062 4062 4062 4062 4062
839 1683292755 3566 3713 3684 162 3596 3641 3641 3609 31 4063 4062 4062 4062 4062 4062 4062
840 1683292755 3566 3711 3683 182 3595 3640 3640 3608 31 4063 4062 4062 4062 4062 4062 4062
841 1683292755 3567 3712 3684 148 3596 3641 3641 3609 31 4063 4062 4062 4062 4062 4062 4062
842 1683292755 3567 3712 3684 162 3596 3641 3641 3609 31 4061 4061 4061 4061 4061 4061 4061
843 1683292755 3567 3713 3684 179 3596 3642 3641 3609 31 4063 4062 4062 4062 4062 4062 4062
844 1683292756 3566 3711 3683 185 3595 3640 3640 3608 31 4061 4061 4061 4061 4061 4061 4061
845 1683292756 3566 3712 3683 159 3596 3641 3641 3609 31 4063 4063 4063 4063 4063 4063 4063
846 1683292756 3566 3712 3684 175 3597 3642 3642 3609 32 4063 4063 4063 4063 4063 4063 4063
847 1683292756 3566 3712 3684 164 3596 3641 3641 3609 31 4063 4062 4062 4062 4062 4062 4062
848 1683292756 3567 3712 3684 164 3595 3641 3640 3609 31 4063 4063 4063 4063 4063 4063 4063
849 1683292756 3567 3713 3685 145 3597 3641 3642 3610 31 4063 4062 4062 4062 4062 4062 4062
850 1683292756 3567 3713 3684 186 3597 3641 3642 3610 31 4063 4063 4063 4063 4063 4063 4063
851 1683292756 3567 3712 3684 163 3596 3641 3640 3608 31 4063 4063 4063 4063 4063 4063 4063
852 1683292756 3566 3712 3684 175 3597 3641 3641 3610 31 4061 4061 4061 4061 4061 4061 4061
853 1683292756 3567 3713 3685 183 3597 3642 3642 3610 31 4063 4062 4062 4062 4062 4062 4062
854 1683292756 3567 3713 3684 185 3597 3641 3641 3609 31 4063 4062 4062 4062 4062 4062 4062
855 1683292757 3567 3713 3685 155 3597 3642 3642 3610 31 4063 4063 4063 4063 4063 4063 4063
856 1683292757 3566 3712 3684 160 3595 3640 3640 3609 31 4063 4062 4062 4062 4062 4062 4062
857 1683292757 3567 3713 3684 167 3596 3641 3641 3610 31 4063 4063 4063 4063 4063 4063 4063
858 1683292757 3566 3712 3683 163 3596 3640 3640 3608 31 4061 4061 4061 4061 4061 4061 4061
859 1683292757 3567 3713 3684 157 3596 3641 3641 3609 31 4063 4062 4062 4062 4062 4062 4062
860 1683292757 3565 3710 3682 172 3595 3640 3640 3608 31 4063 4063 4063 4063 4063 4063 4063
861 1683292757 179 3708 145 170 3595 3640 3639 3608 31 4063 4062 4062 4062 4062 4062 4062
862 1683292758 3565 3710 3682 190 3594 3639 3639 3607 31 4063 4062 4062 4062 4062 4062 4062
863 1683292758 3565 3711 3683 160 3595 3640 3640 3608 31 4063 4062 4062 4062 4062 4062 4062
864 1683292758 3565 3711 3682 167 3595 3639 3639 3607 31 4063 4063 4063 4063 4063 4063 4063
865 1683292758 3565 3710 3682 172 3594 3640 3639 3607 31 4063 4062 4062 4062 4062 4062 4062
866 1683292758 3565 3710 3681 170 3593 3638 3638 3607 31 4063 4062 4062 4062 4062 4062 4062
867 1683292758 3565 3711 3682 154 3595 3640 3640 3608 31 4063 4063 4063 4063 4063 4063 4063
868 1683292758 3565 3710 3682 170 3595 3639 3639 3607 31 4063 4062 4062 4062 4062 4062 4062
869 1683292758 3564 3710 3682 165 3594 3639 3639 3606 31 4063 4062 4062 4062 4062 4062 4062
870 1683292758 3565 3710 3682 170 3595 3639 3639 3607 31 4063 4062 4062 4062 4062 4062 4062
871 1683292758 3565 3710 3681 173 3594 3638 3639 3607 31 4063 4062 4062 4062 4062 4062 4062
872 1683292758 3566 3711 3683 172 3595 3640 3640 3608 31 4062 4062 4062 4062 4062 4062 4062
873 1683292758 3564 3710 3682 172 3594 3639 3638 3607 31 4063 4063 4063 4063 4063 4063 4063
874 1683292758 3565 3710 3682 163 3595 3640 3640 3608 31 4063 4062 4062 4062 4062 4062 4062
875 1683292758 3565 3711 3683 157 3595 3640 3640 3607 31 4063 4063 4063 4063 4063 4063 4063
876 1683292758 3565 3711 3682 160 3595 3640 3639 3607 32 4061 4061 4061 4061 4061 4061 4061
877 1683292759 3565 3710 3682 179 3594 3640 3639 3607 31 4063 4062 4062 4062 4062 4062 4062
878 1683292759 3565 3711 3682 153 3595 3639 3640 3607 31 4063 4063 4063 4063 4063 4063 4063
879 1683292759 3565 3710 3681 178 3594 3638 3638 3606 31 4061 4061 4061 4061 4061 4061 4061
880 1683292759 3565 3711 3682 160 3595 3640 3640 3608 31 4063 4062 4062 4062 4062 4062 4062
881 1683292759 3566 3711 3683 167 3594 3640 3640 3608 31 4063 4062 4062 4062 4062 4062 4062
882 1683292759 3564 3709 3681 176 3593 3639 3639 3607 32 4063 4062 4062 4062 4062 4062 4062
883 1683292759 3565 3711 3682 185 3595 3640 3640 3608 31 4063 4062 4062 4062 4062 4062 4062
884 1683292760 3563 3709 3681 149 3593 3638 3638 3606 31 4061 4061 4061 4061 4061 4061 4061
885 1683292760 3564 3709 3681 162 3594 3639 3639 3607 31 4063 4062 4062 4062 4062 4062 4062
886 1683292760 3566 3712 3683 166 3595 3641 3640 3608 31 4063 4062 4062 4062 4062 4062 4062
887 1683292760 3565 3710 3682 178 3595 3640 3640 3607 31 4063 4062 4062 4062 4062 4062 4062
888 1683292760 3565 3710 3682 157 3594 3639 3639 3607 31 4061 4061 4061 4061 4061 4061 4061
889 1683292760 3565 3710 3682 171 3594 3639 3639 3607 31 4063 4062 4062 4062 4062 4062 4062
890 1683292760 3564 3710 3682 154 3594 3639 3639 3607 31 4063 4062 4062 4062 4062 4062 4062
891 1683292761 3565 3710 3682 173 3594 3639 3639 3607 31 4063 4062 4062 4062 4062 4062 4062
892 1683292761 3566 3710 3682 180 3595 3639 3639 3608 31 4063 4062 4062 4062 4062 4062 4062
893 1683292761 3565 3711 3682 162 3596 3640 3640 3608 31 4061 4061 4061 4061 4061 4061 4061
894 1683292761 3565 3711 3682 117 3595 3639 3639 3607 31 4063 4062 4062 4062 4062 4062 4062
895 1683292761 3566 3712 3683 172 3596 3640 3640 3608 31 4063 4062 4062 4062 4062 4062 4062
896 1683292761 3565 3711 3682 182 3595 3640 3640 3608 31 4063 4062 4062 4062 4062 4062 4062
897 1683292761 3565 3710 3682 173 3594 3639 3639 3607 31 4063 4062 4062 4062 4062 4062 4062
898 1683292761 3565 3710 3682 169 3595 3640 3639 3608 31 4063 4062 4062 4062 4062 4062 4062
899 1683292761 3565 3711 3683 167 3595 3640 3640 3608 31 4063 4062 4062 4062 4062 4062 4062
900 1683292761 3566 3711 3683 162 3595 3640 3640 3608 31 4063 4062 4062 4062 4062 4062 4062
901 1683292762 3566 3711 3683 163 3595 3640 3639 3607 31 4061 4061 4061 4061 4061 4061 4061
902 1683292762 3565 3711 3682 172 3594 3639 3639 3607 31 4063 4063 4063 4063 4063 4063 4063
903 1683292762 3565 3711 3682 179 3595 3640 3639 3607 31 4063 4062 4062 4062 4062 4062 4062
904 1683292762 3565 3710 3682 168 3595 3640 3640 3608 31 4061 4061 4061 4061 4061 4061 4061
905 1683292762 3565 3711 3682 186 3594 3639 3639 3607 31 4063 4063 4063 4063 4063 4063 4063
906 1683292762 3565 3710 3682 196 3595 3640 3639 3607 31 4061 4061 4061 4061 4061 4061 4061
907 1683292762 3566 3712 3683 178 3596 3640 3640 3609 31 4063 4063 4063 4063 4063 4063 4063
908 1683292762 3566 3711 3682 181 3595 3640 3640 3608 31 4061 4061 4061 4061 4061 4061 4061
909 1683292762 3565 3711 3682 161 3594 3639 3639 3607 31 4063 4062 4062 4062 4062 4062 4062
910 1683292762 3566 3711 3683 182 3596 3640 3640 3607 31 4063 4062 4062 4062 4062 4062 4062
911 1683292762 3564 3710 3681 171 3594 3639 3639 3607 31 4063 4062 4062 4062 4062 4062 4062
912 1683292762 3565 3710 3682 172 3594 3639 3639 3608 31 4063 4063 4063 4063 4063 4063 4063
913 1683292762 3565 3711 3683 174 3594 3639 3640 3608 31 4063 4063 4063 4063 4063 4063 4063
914 1683292763 3565 3710 3683 186 3595 3639 3640 3608 31 4063 4062 4062 4062 4062 4062 4062
915 1683292763 3565 3711 3682 164 3595 3640 3639 3608 32 4063 4062 4062 4062 4062 4062 4062
916 1683292763 3566 3712 3683 172 3595 3640 3640 3608 31 4063 4062 4062 4062 4062 4062 4062
917 1683292763 3566 3711 3683 171 3595 3639 3639 3608 31 4061 4061 4061 4061 4061 4061 4061
918 1683292763 3564 3710 3682 145 3595 3640 3639 3607 31 4063 4062 4062 4062 4062 4062 4062
919 1683292763 3565 3711 3682 182 3595 3639 3639 3607 31 4063 4062 4062 4062 4062 4062 4062
920 1683292763 3565 3710 3682 152 3595 3640 3640 3608 31 4063 4062 4062 4062 4062 4062 4062
921 1683292764 3566 3711 3683 171 3594 3640 3640 3608 31 4063 4062 4062 4062 4062 4062 4062
922 1683292764 3566 3711 3684 146 3596 3642 3641 3609 31 4063 4062 4062 4062 4062 4062 4062
923 1683292764 3565 3711 3683 168 3595 3640 3639 3608 31 4063 4063 4063 4063 4063 4063 4063
924 1683292764 3566 3711 3683 163 3595 3640 3640 3608 31 4063 4062 4062 4062 4062 4062 4062
925 1683292764 3565 3711 3682 184 3595 3639 3639 3608 31 4063 4062 4062 4062 4062 4062 4062
926 1683292764 3565 3711 3682 158 3595 3640 3639 3608 31 4063 4063 4063 4063 4063 4063 4063
927 1683292764 3566 3711 3683 150 3595 3640 3640 3608 31 4063 4062 4062 4062 4062 4062 4062
928 1683292765 3566 3712 3684 163 3595 3640 3640 3609 31 4063 4063 4063 4063 4063 4063 4063
929 1683292765 134 150 114 148 162 1406 1472 1916 31 4061 4061 4061 4061 4061 4061 4061
930 1683292765 3566 3711 3683 151 3595 3640 3640 3608 31 4063 4062 4062 4062 4062 4062 4062
931 1683292765 3566 3712 3684 163 3596 3641 3641 3609 31 4061 4061 4061 4061 4061 4061 4061
932 1683292765 3565 3711 3682 164 3595 3640 3640 3608 31 4063 4063 4063 4063 4063 4063 4063
933 1683292765 3566 3711 3683 159 3596 3640 3640 3608 31 4061 4061 4061 4061 4061 4061 4061
934 1683292765 3566 3712 3684 172 3596 3641 3641 3608 31 4061 4061 4061 4061 4061 4061 4061
935 1683292765 3564 3710 3682 163 3595 3640 3639 3608 31 4063 4063 4063 4063 4063 4063 4063
936 1683292765 3566 3711 3683 165 3595 3641 3640 3608 31 4063 4062 4062 4062 4062 4062 4062
937 1683292765 3565 3711 3682 155 3594 3639 3639 3607 31 4063 4063 4063 4063 4063 4063 4063
938 1683292765 3566 3712 3683 162 3595 3641 3640 3608 31 4063 4062 4062 4062 4062 4062 4062
939 1683292765 3565 3711 3682 188 3595 3640 3639 3608 31 4063 4062 4062 4062 4062 4062 4062
940 1683292765 3566 3712 3683 171 3595 3641 3640 3608 31 4063 4062 4062 4062 4062 4062 4062
941 1683292765 3565 3710 3682 157 3595 3640 3640 3608 31 4063 4062 4062 4062 4062 4062 4062
942 1683292765 3566 3711 3683 167 3596 3640 3640 3608 31 4063 4062 4062 4062 4062 4062 4062
943 1683292766 3564 3710 3682 161 3594 3639 3639 3607 31 4063 4063 4063 4063 4063 4063 4063
944 1683292766 3566 3711 3682 158 3595 3639 3640 3608 31 4063 4062 4062 4062 4062 4062 4062
945 1683292766 3566 3712 3684 163 3596 3641 3641 3609 31 4063 4062 4062 4062 4062 4062 4062
946 1683292766 3565 3710 3682 164 3595 3639 3640 3607 31 4063 4062 4062 4062 4062 4062 4062
947 1683292766 3565 3710 3682 137 3595 3640 3640 3608 31 4061 4061 4061 4061 4061 4061 4061
948 1683292767 3566 3710 3682 172 3595 3639 3639 3607 31 4063 4062 4062 4062 4062 4062 4062
949 1683292767 3566 3712 3683 163 3596 3641 3641 3609 31 4063 4062 4062 4062 4062 4062 4062
950 1683292767 3565 3710 3682 160 3595 3640 3640 3608 31 4061 4061 4061 4061 4061 4061 4061
951 1683292767 3566 3712 3684 188 3596 3641 3641 3609 31 4063 4062 4062 4062 4062 4062 4062
952 1683292767 3565 3711 3683 156 3595 3639 3639 3608 31 4063 4063 4063 4063 4063 4063 4063
953 1683292767 3566 3712 3683 153 3596 3640 3640 3608 31 4063 4063 4063 4063 4063 4063 4063
954 1683292767 3566 3712 3683 169 3596 3641 3640 3608 31 4061 4061 4061 4061 4061 4061 4061
955 1683292767 3566 3712 3683 185 3596 3641 3641 3609 31 4061 4061 4061 4061 4061 4061 4061
956 1683292767 3566 3712 3683 170 3596 3640 3640 3608 31 4063 4062 4062 4062 4062 4062 4062
957 1683292767 3565 3711 3683 165 3595 3640 3640 3608 31 4063 4062 4062 4062 4062 4062 4062
958 1683292768 3566 3712 3683 192 3596 3640 3640 3609 31 4063 4063 4063 4063 4063 4063 4063
959 1683292768 3566 3711 3683 167 3596 3640 3640 3608 31 4063 4062 4062 4062 4062 4062 4062
960 1683292768 3565 3710 3682 151 3595 3639 3640 3608 31 4063 4063 4063 4063 4063 4063 4063
961 1683292768 3566 3711 3683 162 3594 3640 3640 3608 31 4063 4062 4062 4062 4062 4062 4062
962 1683292768 3564 3710 3682 155 3594 3640 3638 3607 31 4061 4061 4061 4061 4061 4061 4061
963 1683292768 3565 3711 3683 161 3595 3640 3640 3607 31 4063 4062 4062 4062 4062 4062 4062
964 1683292768 3565 3711 3682 158 3595 3639 3639 3607 31 4063 4062 4062 4062 4062 4062 4062
965 1683292769 3564 3710 3682 179 3594 3639 3639 3607 31 4063 4062 4062 4062 4062 4062 4062
966 1683292769 3566 3712 3683 169 3596 3641 3641 3609 31 4063 4062 4062 4062 4062 4062 4062
967 1683292769 3566 3711 3683 143 3595 3640 3640 3608 31 4063 4063 4063 4063 4063 4063 4063
968 1683292769 3564 3709 3681 175 3594 3639 3639 3607 31 4063 4062 4062 4062 4062 4062 4062
969 1683292769 3566 3711 3682 173 3594 3639 3639 3608 32 4063 4063 4063 4063 4063 4063 4063
970 1683292769 3566 3712 3683 187 3597 3641 3642 3609 31 4063 4062 4062 4062 4062 4062 4062
971 1683292769 3565 3711 3683 157 3596 3640 3640 3608 31 4063 4062 4062 4062 4062 4062 4062
972 1683292770 3566 3712 3683 184 3596 3641 3641 3609 31 4063 4062 4062 4062 4062 4062 4062
973 1683292770 3566 3712 3683 179 3596 3640 3640 3608 31 4063 4062 4062 4062 4062 4062 4062
974 1683292770 3565 3710 3682 162 3594 3639 3639 3607 31 4063 4063 4063 4063 4063 4063 4063
975 1683292770 3565 3711 3683 161 3595 3640 3640 3608 31 4063 4062 4062 4062 4062 4062 4062
976 1683292770 3566 3712 3683 164 3595 3641 3640 3608 31 4063 4063 4063 4063 4063 4063 4063
977 1683292770 3564 3710 3682 171 3594 3639 3639 3607 31 4063 4063 4063 4063 4063 4063 4063
978 1683292770 3566 3712 3683 178 3596 3641 3641 3609 31 4061 4061 4061 4061 4061 4061 4061
979 1683292770 3566 3711 3683 181 3596 3640 3640 3608 31 4063 4063 4063 4063 4063 4063 4063
980 1683292770 3566 3712 3683 162 3596 3641 3640 3609 31 4063 4062 4062 4062 4062 4062 4062
981 1683292771 3565 3711 3683 152 3595 3640 3640 3608 31 4061 4061 4061 4061 4061 4061 4061
982 1683292771 3565 3710 3682 156 3595 3639 3639 3608 31 4063 4063 4063 4063 4063 4063 4063
983 1683292771 3565 3711 3682 163 3596 3640 3640 3608 31 4063 4063 4063 4063 4063 4063 4063
984 1683292771 3565 3711 3682 173 3595 3640 3640 3608 31 4063 4062 4062 4062 4062 4062 4062
985 1683292771 3566 3711 3683 176 3596 3640 3640 3608 31 4063 4062 4062 4062 4062 4062 4062
986 1683292771 3565 3711 3682 173 3595 3640 3640 3608 31 4063 4062 4062 4062 4062 4062 4062
987 1683292771 3566 3711 3683 177 3595 3640 3639 3608 31 4063 4062 4062 4062 4062 4062 4062
988 1683292771 3566 3712 3683 145 3595 3640 3641 3609 31 4063 4062 4062 4062 4062 4062 4062
989 1683292771 3566 3712 3683 175 3597 3642 3641 3609 31 4063 4062 4062 4062 4062 4062 4062
990 1683292772 3566 3711 3683 175 3595 3640 3640 3608 31 4063 4062 4062 4062 4062 4062 4062
991 1683292772 3566 3711 3683 157 3596 3641 3641 3609 31 4063 4062 4062 4062 4062 4062 4062
992 1683292772 3566 3711 3683 156 3595 3640 3640 3608 32 4063 4062 4062 4062 4062 4062 4062
993 1683292772 3565 3711 3682 157 3594 3640 3640 3608 31 4063 4063 4063 4063 4063 4063 4063
994 1683292772 3565 3711 3682 171 3596 3640 3640 3608 32 4063 4062 4062 4062 4062 4062 4062
995 1683292772 3566 3712 3683 171 3596 3640 3640 3608 31 4063 4063 4063 4063 4063 4063 4063
996 1683292773 3566 3711 3683 184 3596 3641 3640 3608 31 4063 4062 4062 4062 4062 4062 4062
997 1683292773 3566 3712 3683 159 3596 3641 3640 3610 31 4063 4062 4062 4062 4062 4062 4062
998 1683292773 3567 3712 3683 206 3596 3641 3641 3609 31 4063 4063 4063 4063 4063 4063 4063
999 1683292773 3566 3711 3683 184 3596 3640 3640 3608 31 4061 4061 4061 4061 4061 4061 4061
1000 1683292773 3565 3711 3683 166 3596 3641 3641 3609 31 4063 4063 4063 4063 4063 4063 4063
