1 1683104759 374 3681 3657 3636 3572 3614 3614 3582 4067 4067 4066 4066 4066 4066 4066 4066
2 1683104759 373 3683 3658 3637 3573 3615 3615 3583 4065 4065 4065 4065 4065 4065 4065 4065
3 1683104759 373 3683 3659 3637 3574 3615 3615 3583 4065 4065 4065 4065 4065 4065 4065 4065
4 1683104759 373 3682 3658 3637 3573 3615 3615 3582 4065 4065 4065 4065 4065 4065 4065 4065
5 1683104759 373 3683 3658 3637 3573 3615 3615 3583 4065 4065 4065 4065 4065 4065 4065 4065
6 1683104759 374 3683 3658 3637 3573 3616 3615 3583 4065 4065 4064 4064 4064 4064 4064 4064
7 1683104759 374 3682 3657 3637 3573 3615 3615 3583 4063 4063 4062 4062 4062 4062 4062 4062
8 1683104759 374 3683 3658 3637 3574 3616 3616 3584 4065 4065 4065 4065 4065 4065 4065 4065
9 1683104759 374 3682 3657 3636 3572 3615 3614 3582 4065 4065 4065 4065 4065 4065 4065 4065
10 1683104759 373 3684 3659 3638 3574 3617 3616 3584 4065 4065 4065 4065 4065 4065 4065 4065
11 1683104759 373 3684 3659 3638 3574 3616 3616 3584 4065 4065 4064 4064 4064 4064 4064 4064
12 1683104759 373 3683 3658 3637 3573 3615 3615 3583 4065 4065 4065 4065 4065 4065 4065 4065
13 1683104759 374 3684 3659 3638 3574 3616 3616 3584 4065 4065 4064 4064 4064 4064 4064 4064
14 1683104759 374 3683 3657 3637 3573 3615 3615 3583 4065 4065 4065 4065 4065 4065 4065 4065
15 1683104759 374 3684 3659 3638 3575 3618 3617 3585 4065 4065 4065 4065 4065 4065 4065 4065
16 1683104759 374 3683 3658 3638 3574 3616 3616 3584 4065 4065 4064 4064 4064 4064 4064 4064
17 1683104759 374 3684 3659 3638 3574 3616 3616 3584 4065 4065 4065 4065 4065 4065 4065 4065
18 1683104759 374 3683 3658 3638 3575 3616 3616 3584 4065 4065 4065 4065 4065 4065 4065 4065
19 1683104759 374 3683 3659 3637 3574 3616 3616 3584 4065 4065 4065 4065 4065 4065 4065 4065
20 1683104759 374 3685 3660 3639 3575 3618 3617 3585 4065 4065 4064 4064 4064 4064 4064 4064
21 1683104759 374 3683 3658 3638 3574 3616 3615 3584 4067 4067 4066 4066 4066 4066 4066 4066
22 1683104760 374 3683 3659 3638 3574 3616 3616 3584 4065 4065 4065 4065 4065 4065 4065 4065
23 1683104760 374 3683 3658 3638 3574 3616 3616 3584 4061 4061 4061 4061 4061 4061 4061 4061
24 1683104760 374 3683 3658 3637 3574 3616 3615 3583 4065 4065 4065 4065 4065 4065 4065 4065
25 1683104760 374 3683 3658 3638 3573 3616 3616 3584 4065 4065 4064 4064 4064 4064 4064 4064
26 1683104760 374 3683 3658 3638 3574 3616 3616 3584 4067 4067 4066 4066 4066 4066 4066 4066
27 1683104760 374 3682 3659 3638 3574 3616 3616 3584 4065 4065 4064 4064 4064 4064 4064 4064
28 1683104760 373 3685 3659 3639 3575 3617 3617 3585 4065 4065 4064 4064 4064 4064 4064 4064
29 1683104760 374 3684 3659 3638 3574 3616 3616 3584 4067 4067 4066 4066 4066 4066 4066 4066
30 1683104760 374 3684 3659 3639 3575 3617 3617 3585 4065 4065 4065 4065 4065 4065 4065 4065
31 1683104760 374 3684 3659 3638 3574 3616 3616 3584 4065 4065 4065 4065 4065 4065 4065 4065
32 1683104775 373 3682 3657 3636 3572 3615 3615 3582 4065 4065 4065 4065 4065 4065 4065 4065
33 1683104775 373 3682 3657 3636 3572 3615 3615 3582 4067 4065 4065 4065 4065 4065 4065 4065
34 1683104775 373 3683 3658 3637 3573 3615 3614 3583 4067 4067 4066 4066 4066 4066 4066 4066
35 1683104775 374 3684 3659 3638 3574 3616 3615 3583 4067 4067 4066 4066 4066 4066 4066 4066
36 1683104775 374 3683 3658 3637 3574 3616 3616 3583 4067 4065 4065 4065 4065 4065 4065 4065
37 1683104775 374 3682 3658 3637 3573 3615 3615 3583 4065 4065 4064 4064 4064 4064 4064 4064
38 1683104775 373 3683 3658 3637 3573 3615 3615 3583 4065 4065 4065 4065 4065 4065 4065 4065
39 1683104776 374 3683 3658 3638 3574 3616 3616 3584 4067 4067 4066 4066 4066 4066 4066 4066
40 1683104776 374 3682 3657 3637 3573 3615 3615 3583 4065 4065 4065 4065 4065 4065 4065 4065
41 1683104776 374 3684 3659 3637 3573 3616 3616 3584 4065 4065 4065 4065 4065 4065 4065 4065
42 1683104776 374 3683 3658 3637 3573 3616 3616 3583 4065 4065 4065 4065 4065 4065 4065 4065
43 1683104776 374 3684 3659 3637 3574 3616 3616 3584 4065 4065 4065 4065 4065 4065 4065 4065
44 1683104776 373 3684 3659 3638 3574 3616 3616 3584 4065 4065 4065 4065 4065 4065 4065 4065
45 1683104776 374 3684 3659 3637 3574 3616 3616 3584 4067 4067 4066 4066 4066 4066 4066 4066
46 1683104776 374 3684 3659 3638 3574 3616 3616 3583 4065 4065 4065 4065 4065 4065 4065 4065
47 1683104776 374 3684 3659 3638 3574 3617 3616 3583 4065 4065 4064 4064 4064 4064 4064 4064
48 1683104776 374 3684 3659 3638 3575 3616 3616 3584 4065 4065 4065 4065 4065 4065 4065 4065
49 1683104776 374 3683 3658 3638 3574 3616 3616 3585 4065 4065 4064 4064 4064 4064 4064 4064
50 1683104776 374 3683 3658 3637 3573 3616 3615 3584 4065 4065 4065 4065 4065 4065 4065 4065
51 1683104776 374 3683 3658 3638 3574 3616 3616 3584 4065 4065 4064 4064 4064 4064 4064 4064
52 1683104776 374 3683 3659 3638 3574 3616 3616 3583 4067 4065 4065 4065 4065 4065 4065 4065
53 1683104776 374 3682 3658 3637 3574 3616 3615 3583 4065 4065 4065 4065 4065 4065 4065 4065
54 1683104776 374 3684 3659 3638 3574 3616 3616 3584 4067 4067 4066 4066 4066 4066 4066 4066
55 1683104776 374 3683 3658 3637 3574 3616 3616 3583 4065 4065 4065 4065 4065 4065 4065 4065
56 1683104776 374 3683 3658 3637 3573 3615 3616 3583 4067 4065 4065 4065 4065 4065 4065 4065
57 1683104776 374 3682 3658 3637 3574 3616 3615 3584 4065 4065 4064 4064 4064 4064 4064 4064
58 1683104776 374 3684 3659 3638 3574 3617 3616 3584 4065 4065 4065 4065 4065 4065 4065 4065
59 1683104776 373 3684 3659 3638 3575 3617 3616 3584 4065 4065 4064 4064 4064 4064 4064 4064
60 1683104776 374 3683 3658 3638 3574 3616 3616 3584 4067 4067 4066 4066 4066 4066 4066 4066
61 1683104776 374 3683 3658 3637 3574 3616 3616 3584 4065 4065 4064 4064 4064 4064 4064 4064
62 1683104776 374 3684 3658 3638 3574 3616 3615 3584 4065 4065 4065 4065 4065 4065 4065 4065
63 1683104776 374 3684 3659 3638 3574 3617 3616 3584 4067 4065 4065 4065 4065 4065 4065 4065
64 1683104776 374 3684 3660 3639 3575 3617 3617 3585 4065 4065 4065 4065 4065 4065 4065 4065
65 1683104776 374 3682 3658 3637 3574 3616 3615 3584 4065 4065 4065 4065 4065 4065 4065 4065
66 1683104776 374 3684 3659 3638 3575 3617 3616 3585 4065 4065 4065 4065 4065 4065 4065 4065
67 1683104776 374 3684 3659 3638 3574 3616 3616 3584 4067 4067 4066 4066 4066 4066 4066 4066
68 1683104776 374 3683 3658 3638 3574 3616 3616 3584 4065 4065 4064 4064 4064 4064 4064 4064
69 1683104776 374 3684 3659 3638 3574 3616 3616 3584 4067 4067 4066 4066 4066 4066 4066 4066
70 1683104776 374 3683 3659 3638 3574 3617 3616 3585 4065 4065 4065 4065 4065 4065 4065 4065
71 1683104776 374 3684 3659 3638 3574 3617 3616 3584 4065 4065 4065 4065 4065 4065 4065 4065
72 1683104776 374 3683 3659 3639 3574 3617 3616 3584 4067 4067 4066 4066 4066 4066 4066 4066
73 1683104776 374 3684 3659 3638 3574 3617 3616 3584 4065 4065 4064 4064 4064 4064 4064 4064
74 1683104776 374 3684 3660 3639 3575 3617 3616 3584 4065 4065 4064 4064 4064 4064 4064 4064
75 1683104776 374 3683 3658 3637 3573 3616 3615 3583 4067 4067 4066 4066 4066 4066 4066 4066
76 1683104776 374 3683 3659 3638 3574 3616 3616 3584 4065 4065 4064 4064 4064 4064 4064 4064
77 1683104776 374 3684 3660 3639 3575 3618 3617 3584 4067 4065 4065 4065 4065 4065 4065 4065
78 1683104776 374 3683 3659 3638 3574 3616 3616 3585 4065 4065 4065 4065 4065 4065 4065 4065
79 1683104776 374 3684 3660 3638 3575 3617 3617 3585 4065 4065 4064 4064 4064 4064 4064 4064
80 1683104784 374 3683 3658 3638 3574 3616 3615 3584 4065 4065 4064 4064 4064 4064 4064 4064
81 1683104784 375 3684 3659 3638 3575 3617 3617 3585 4065 4065 4064 4064 4064 4064 4064 4064
82 1683104784 374 3684 3659 3638 3575 3617 3617 3585 4065 4065 4065 4065 4065 4065 4065 4065
83 1683104784 374 3684 3659 3638 3575 3617 3616 3584 4065 4065 4065 4065 4065 4065 4065 4065
84 1683104784 374 3684 3659 3638 3575 3617 3616 3585 4065 4065 4065 4065 4065 4065 4065 4065
85 1683104784 374 3683 3659 3638 3574 3617 3616 3584 4065 4065 4065 4065 4065 4065 4065 4065
86 1683104784 374 3684 3659 3639 3575 3617 3617 3584 4065 4065 4064 4064 4064 4064 4064 4064
87 1683104784 374 3684 3660 3639 3575 3617 3617 3585 4065 4065 4064 4064 4064 4064 4064 4064
88 1683104784 374 3685 3660 3639 3575 3618 3617 3585 4067 4067 4066 4066 4066 4066 4066 4066
89 1683104784 374 3684 3659 3638 3574 3616 3616 3584 4065 4065 4065 4065 4065 4065 4065 4065
90 1683104784 374 3684 3659 3638 3575 3617 3617 3585 4065 4065 4065 4065 4065 4065 4065 4065
91 1683104784 374 3685 3660 3639 3576 3617 3617 3585 4065 4065 4065 4065 4065 4065 4065 4065
92 1683104784 374 3685 3660 3639 3575 3617 3617 3585 4065 4065 4065 4065 4065 4065 4065 4065
93 1683104784 374 3684 3659 3638 3575 3617 3617 3585 4065 4065 4064 4064 4064 4064 4064 4064
94 1683104784 374 3685 3659 3639 3575 3617 3617 3585 4065 4065 4065 4065 4065 4065 4065 4065
95 1683104784 374 3685 3660 3639 3575 3618 3617 3585 4065 4065 4064 4064 4064 4064 4064 4064
96 1683104784 374 3685 3660 3639 3576 3619 3617 3586 4065 4065 4065 4065 4065 4065 4065 4065
97 1683104784 374 3685 3660 3639 3575 3617 3617 3585 4065 4065 4064 4064 4064 4064 4064 4064
98 1683104784 374 3686 3660 3639 3575 3617 3617 3585 4065 4065 4065 4065 4065 4065 4065 4065
99 1683104784 374 3685 3660 3639 3575 3617 3617 3585 4065 4065 4065 4065 4065 4065 4065 4065
100 1683104784 374 3685 3660 3639 3576 3618 3618 3586 4067 4067 4066 4066 4066 4066 4066 4066
101 1683104784 374 3685 3660 3640 3576 3618 3618 3586 4065 4065 4064 4064 4064 4064 4064 4064
102 1683104784 374 3685 3661 3640 3576 3618 3617 3586 4065 4065 4065 4065 4065 4065 4065 4065
103 1683104784 374 3685 3661 3639 3576 3618 3617 3585 4065 4065 4065 4065 4065 4065 4065 4065
104 1683104784 374 3684 3660 3639 3575 3617 3617 3585 4067 4067 4066 4066 4066 4066 4066 4066
105 1683104784 374 3684 3659 3639 3575 3617 3617 3585 4065 4065 4064 4064 4064 4064 4064 4064
106 1683104784 375 3684 3659 3639 3575 3617 3617 3585 4065 4065 4064 4064 4064 4064 4064 4064
107 1683104784 375 3686 3661 3640 3576 3618 3617 3586 4067 4067 4066 4066 4066 4066 4066 4066
108 1683104784 374 3685 3659 3639 3575 3617 3616 3585 4063 4063 4063 4063 4063 4063 4063 4063
109 1683104784 374 3685 3660 3639 3575 3617 3617 3585 4067 4065 4065 4065 4065 4065 4065 4065
110 1683104784 375 3684 3660 3639 3576 3618 3618 3586 4065 4065 4065 4065 4065 4065 4065 4065
111 1683104784 375 3685 3660 3639 3576 3618 3617 3586 4067 4067 4066 4066 4066 4066 4066 4066
112 1683104784 375 3685 3660 3640 3576 3618 3617 3585 4065 4065 4065 4065 4065 4065 4065 4065
113 1683104784 374 3685 3660 3639 3576 3617 3617 3585 4065 4065 4065 4065 4065 4065 4065 4065
114 1683104784 374 3684 3660 3639 3575 3617 3617 3585 4065 4065 4065 4065 4065 4065 4065 4065
115 1683104784 374 3685 3660 3639 3575 3617 3617 3585 4065 4065 4065 4065 4065 4065 4065 4065
116 1683104784 374 3685 3661 3639 3576 3618 3617 3585 4065 4065 4065 4065 4065 4065 4065 4065
117 1683104784 374 3685 3661 3640 3577 3618 3618 3586 4067 4066 4066 4066 4066 4066 4066 4066
118 1683104784 374 3684 3661 3639 3575 3618 3617 3585 4065 4065 4064 4064 4064 4064 4064 4064
119 1683104784 375 3683 3660 3639 3575 3618 3618 3585 4065 4065 4065 4065 4065 4065 4065 4065
120 1683104784 374 3684 3660 3639 3575 3617 3617 3585 4065 4065 4064 4064 4064 4064 4064 4064
121 1683104784 374 3685 3661 3640 3576 3618 3618 3586 4065 4065 4065 4065 4065 4065 4065 4065
122 1683104784 374 3686 3662 3641 3577 3619 3619 3586 4065 4065 4064 4064 4064 4064 4064 4064
123 1683104784 374 3685 3660 3639 3576 3618 3617 3585 4065 4065 4065 4065 4065 4065 4065 4065
124 1683104784 374 3685 3660 3639 3575 3617 3617 3585 4065 4065 4065 4065 4065 4065 4065 4065
125 1683104784 374 3685 3660 3639 3575 3617 3616 3585 4065 4065 4065 4065 4065 4065 4065 4065
126 1683104784 375 3684 3659 3638 3574 3617 3616 3584 4065 4065 4064 4064 4064 4064 4064 4064
127 1683104784 375 3685 3660 3639 3575 3618 3618 3585 4065 4065 4064 4064 4064 4064 4064 4064
128 1683104784 374 3685 3661 3640 3576 3618 3617 3585 4065 4065 4065 4065 4065 4065 4065 4065
129 1683104785 375 3685 3660 3640 3576 3619 3618 3586 4065 4065 4064 4064 4064 4064 4064 4064
130 1683104785 375 3685 3660 3639 3576 3618 3617 3585 4067 4067 4066 4066 4066 4066 4066 4066
131 1683104785 375 3686 3661 3640 3576 3618 3617 3585 4065 4065 4065 4065 4065 4065 4065 4065
132 1683104785 375 3685 3660 3639 3576 3618 3618 3586 4067 4067 4066 4066 4066 4066 4066 4066
133 1683104785 374 3685 3660 3640 3576 3618 3618 3586 4067 4065 4065 4065 4065 4065 4065 4065
134 1683104785 374 3686 3661 3641 3577 3619 3619 3587 4065 4065 4065 4065 4065 4065 4065 4065
135 1683104785 374 3685 3660 3639 3576 3618 3616 3585 4065 4065 4065 4065 4065 4065 4065 4065
136 1683104785 374 3685 3660 3639 3576 3617 3617 3585 4067 4067 4066 4066 4066 4066 4066 4066
137 1683104785 375 3685 3660 3639 3576 3618 3617 3585 4065 4065 4064 4064 4064 4064 4064 4064
138 1683104785 374 3684 3659 3638 3575 3617 3616 3584 4065 4065 4064 4064 4064 4064 4064 4064
139 1683104785 375 3685 3661 3640 3576 3618 3618 3586 4065 4065 4065 4065 4065 4065 4065 4065
140 1683104785 374 3686 3661 3640 3577 3619 3618 3586 4067 4065 4065 4065 4065 4065 4065 4065
141 1683104785 374 3685 3660 3639 3575 3617 3617 3586 4065 4065 4065 4065 4065 4065 4065 4065
142 1683104785 375 3686 3661 3640 3576 3618 3618 3586 4067 4065 4065 4065 4065 4065 4065 4065
143 1683104785 374 3685 3660 3640 3575 3618 3617 3586 4065 4065 4065 4065 4065 4065 4065 4065
144 1683104785 374 3685 3660 3639 3575 3618 3617 3586 4067 4067 4066 4066 4066 4066 4066 4066
145 1683104785 375 3685 3660 3640 3576 3619 3618 3586 4065 4065 4065 4065 4065 4065 4065 4065
146 1683104785 375 3684 3660 3640 3576 3618 3617 3586 4067 4067 4065 4065 4065 4065 4065 4065
147 1683104785 375 3685 3660 3640 3576 3618 3617 3586 4065 4065 4065 4065 4065 4065 4065 4065
148 1683104785 375 3685 3660 3639 3575 3618 3617 3585 4063 4063 4063 4063 4063 4063 4063 4063
149 1683104785 375 3685 3661 3640 3577 3619 3618 3587 4067 4067 4066 4066 4066 4066 4066 4066
150 1683104785 375 3684 3661 3640 3576 3618 3618 3586 4065 4065 4065 4065 4065 4065 4065 4065
151 1683104785 374 3685 3660 3639 3576 3617 3618 3585 4065 4065 4064 4064 4064 4064 4064 4064
152 1683104785 375 3685 3660 3639 3575 3618 3617 3585 4067 4067 4066 4066 4066 4066 4066 4066
153 1683104785 375 3685 3660 3640 3576 3618 3617 3586 4065 4065 4065 4065 4065 4065 4065 4065
154 1683104785 375 3686 3661 3640 3576 3618 3618 3586 4067 4065 4065 4065 4065 4065 4065 4065
155 1683104785 375 3685 3661 3640 3576 3619 3618 3586 4065 4065 4065 4065 4065 4065 4065 4065
156 1683104785 375 3685 3660 3639 3576 3618 3618 3586 4067 4067 4066 4066 4066 4066 4066 4066
157 1683104785 375 3686 3661 3640 3576 3618 3618 3586 4065 4065 4065 4065 4065 4065 4065 4065
158 1683104785 375 3686 3661 3640 3576 3619 3618 3586 4065 4065 4065 4065 4065 4065 4065 4065
159 1683104785 375 3685 3660 3639 3575 3618 3617 3586 4065 4065 4064 4064 4064 4064 4064 4064
160 1683104785 375 3686 3661 3640 3576 3618 3618 3586 4065 4065 4064 4064 4064 4064 4064 4064
161 1683104785 375 3685 3661 3640 3576 3618 3618 3587 4067 4065 4065 4065 4065 4065 4065 4065
162 1683104785 375 3685 3660 3639 3575 3618 3617 3585 4065 4065 4064 4064 4064 4064 4064 4064
163 1683104785 375 3685 3660 3640 3576 3618 3618 3586 4065 4065 4065 4065 4065 4065 4065 4065
164 1683104785 375 3685 3661 3640 3576 3618 3618 3586 4063 4063 4063 4063 4063 4063 4063 4063
165 1683104785 375 3685 3660 3639 3576 3618 3618 3586 4065 4065 4065 4065 4065 4065 4065 4065
166 1683104785 375 3686 3661 3640 3576 3618 3618 3586 4065 4065 4065 4065 4065 4065 4065 4065
167 1683104785 375 3685 3660 3639 3575 3617 3617 3585 4065 4065 4064 4064 4064 4064 4064 4064
168 1683104785 375 3684 3659 3639 3576 3618 3617 3585 4065 4065 4065 4065 4065 4065 4065 4065
169 1683104785 374 3685 3661 3640 3576 3619 3618 3586 4065 4065 4065 4065 4065 4065 4065 4065
170 1683104785 375 3686 3662 3641 3577 3619 3619 3587 4067 4067 4066 4066 4066 4066 4066 4066
171 1683104785 375 3685 3660 3639 3576 3618 3617 3585 4065 4065 4065 4065 4065 4065 4065 4065
172 1683104785 375 3686 3660 3640 3576 3618 3618 3586 4065 4065 4065 4065 4065 4065 4065 4065
173 1683104785 375 3685 3660 3639 3576 3617 3618 3585 4065 4065 4065 4065 4065 4065 4065 4065
174 1683104785 375 3686 3661 3640 3576 3619 3618 3587 4065 4065 4065 4065 4065 4065 4065 4065
175 1683104785 375 3685 3660 3640 3576 3618 3618 3586 4067 4067 4066 4066 4066 4066 4066 4066
176 1683104785 375 3686 3661 3640 3576 3618 3618 3586 4065 4065 4064 4064 4064 4064 4064 4064
177 1683104785 374 3686 3661 3641 3576 3618 3618 3586 4065 4065 4064 4064 4064 4064 4064 4064
178 1683104785 375 3684 3660 3639 3575 3617 3618 3586 4065 4065 4065 4065 4065 4065 4065 4065
179 1683104785 375 3685 3660 3640 3576 3618 3618 3586 4065 4065 4065 4065 4065 4065 4065 4065
180 1683104785 374 3686 3661 3640 3576 3618 3617 3586 4065 4065 4065 4065 4065 4065 4065 4065
181 1683104785 375 3685 3661 3640 3576 3618 3618 3586 4065 4065 4064 4064 4064 4064 4064 4064
182 1683104785 375 3686 3661 3640 3577 3619 3619 3587 4067 4067 4066 4066 4066 4066 4066 4066
183 1683104785 375 3686 3661 3640 3576 3618 3618 3586 4065 4065 4064 4064 4064 4064 4064 4064
184 1683104785 375 3686 3661 3640 3576 3619 3619 3586 4065 4065 4065 4065 4065 4065 4065 4065
185 1683104785 376 3685 3660 3639 3576 3618 3618 3586 4067 4065 4065 4065 4065 4065 4065 4065
186 1683104785 375 3686 3660 3639 3575 3617 3617 3585 4067 4067 4066 4066 4066 4066 4066 4066
187 1683104785 375 3686 3661 3641 3577 3619 3619 3587 4065 4065 4064 4064 4064 4064 4064 4064
188 1683104785 375 3686 3661 3641 3577 3619 3618 3586 4065 4065 4065 4065 4065 4065 4065 4065
189 1683104785 375 3685 3660 3639 3576 3619 3618 3586 4067 4067 4066 4066 4066 4066 4066 4066
190 1683104785 375 3685 3660 3640 3576 3618 3618 3585 4065 4065 4065 4065 4065 4065 4065 4065
191 1683104785 375 3685 3661 3640 3576 3618 3618 3586 4065 4065 4064 4064 4064 4064 4064 4064
192 1683104785 375 3686 3661 3640 3576 3619 3619 3586 4065 4065 4065 4065 4065 4065 4065 4065
193 1683104785 375 3687 3661 3640 3577 3618 3618 3586 4065 4065 4064 4064 4064 4064 4064 4064
194 1683104785 375 3685 3660 3640 3576 3618 3617 3585 4065 4065 4065 4065 4065 4065 4065 4065
195 1683104793 375 3683 3658 3638 3575 3617 3616 3584 4065 4065 4065 4065 4065 4065 4065 4065
196 1683104793 375 3684 3659 3639 3575 3617 3617 3585 4067 4067 4066 4066 4066 4066 4066 4066
197 1683104793 375 3684 3659 3638 3574 3616 3616 3584 4065 4065 4064 4064 4064 4064 4064 4064
198 1683104793 375 3683 3659 3638 3574 3616 3616 3584 4063 4063 4063 4063 4063 4063 4063 4063
199 1683104793 375 3684 3660 3639 3575 3618 3617 3585 4065 4065 4064 4064 4064 4064 4064 4064
200 1683104793 375 3684 3659 3638 3575 3617 3616 3584 4065 4065 4065 4065 4065 4065 4065 4065
201 1683104793 375 3684 3659 3639 3575 3618 3617 3585 4065 4065 4064 4064 4064 4064 4064 4064
202 1683104793 374 3685 3660 3639 3575 3617 3617 3585 4065 4065 4065 4065 4065 4065 4065 4065
203 1683104793 375 3685 3660 3639 3575 3618 3617 3585 4065 4065 4065 4065 4065 4065 4065 4065
204 1683104793 375 3683 3659 3638 3574 3616 3616 3584 4065 4065 4064 4064 4064 4064 4064 4064
205 1683104793 376 3684 3660 3639 3575 3617 3617 3586 4065 4065 4064 4064 4064 4064 4064 4064
206 1683104793 376 3685 3660 3640 3576 3618 3618 3586 4065 4065 4064 4064 4064 4064 4064 4064
207 1683104793 375 3685 3660 3639 3576 3618 3617 3586 4063 4063 4063 4063 4063 4063 4063 4063
208 1683104793 375 3685 3660 3639 3576 3618 3617 3585 4067 4067 4066 4066 4066 4066 4066 4066
209 1683104793 375 3684 3659 3639 3574 3617 3616 3585 4065 4065 4065 4065 4065 4065 4065 4065
210 1683104793 374 3684 3659 3639 3575 3617 3617 3585 4065 4065 4064 4064 4064 4064 4064 4064
211 1683104794 375 3684 3659 3639 3575 3618 3616 3585 4065 4065 4064 4064 4064 4064 4064 4064
212 1683104794 375 3685 3660 3639 3576 3617 3617 3585 4063 4063 4063 4063 4063 4063 4063 4063
213 1683104794 375 3684 3660 3639 3575 3617 3617 3585 4067 4067 4066 4066 4066 4066 4066 4066
214 1683104794 375 3685 3660 3639 3576 3618 3618 3586 4065 4065 4065 4065 4065 4065 4065 4065
215 1683104794 375 3686 3661 3641 3577 3618 3618 3586 4065 4065 4065 4065 4065 4065 4065 4065
216 1683104794 375 3685 3660 3639 3576 3618 3617 3585 4065 4065 4065 4065 4065 4065 4065 4065
217 1683104794 375 3686 3661 3641 3577 3618 3618 3586 4065 4065 4064 4064 4064 4064 4064 4064
218 1683104794 374 3683 3657 3637 3574 3616 3615 3584 4065 4065 4065 4065 4065 4065 4065 4065
219 1683104794 373 3683 3658 3638 3574 3616 3615 3583 4065 4065 4064 4064 4064 4064 4064 4064
220 1683104794 374 3683 3658 3637 3574 3615 3615 3583 4065 4065 4065 4065 4065 4065 4065 4065
221 1683104794 373 3684 3658 3638 3573 3615 3616 3583 4065 4065 4064 4064 4064 4064 4064 4064
222 1683104794 373 3683 3658 3638 3574 3616 3616 3584 4065 4065 4065 4065 4065 4065 4065 4065
223 1683104794 374 3684 3659 3638 3575 3617 3617 3584 4065 4065 4065 4065 4065 4065 4065 4065
224 1683104794 373 3683 3658 3638 3573 3616 3616 3584 4065 4065 4065 4065 4065 4065 4065 4065
225 1683104794 373 3683 3658 3638 3574 3616 3616 3584 4065 4065 4065 4065 4065 4065 4065 4065
226 1683104794 373 3683 3658 3637 3573 3615 3615 3583 4065 4065 4064 4064 4064 4064 4064 4064
227 1683104794 373 3683 3658 3637 3573 3615 3615 3583 4065 4065 4065 4065 4065 4065 4065 4065
228 1683104794 374 3683 3658 3638 3574 3616 3615 3584 4065 4065 4065 4065 4065 4065 4065 4065
229 1683104794 374 3683 3658 3638 3574 3616 3616 3584 4065 4065 4065 4065 4065 4065 4065 4065
230 1683104794 373 3683 3658 3637 3573 3615 3615 3582 4065 4065 4065 4065 4065 4065 4065 4065
231 1683104794 374 3684 3659 3638 3574 3616 3616 3584 4065 4065 4065 4065 4065 4065 4065 4065
232 1683104794 374 3683 3658 3637 3573 3616 3615 3584 4065 4065 4065 4065 4065 4065 4065 4065
233 1683104794 373 3683 3658 3637 3574 3616 3615 3583 4067 4067 4066 4066 4066 4066 4066 4066
234 1683104794 373 3683 3658 3637 3574 3616 3616 3584 4065 4065 4065 4065 4065 4065 4065 4065
235 1683104794 374 3682 3658 3637 3574 3616 3615 3583 4065 4065 4065 4065 4065 4065 4065 4065
236 1683104794 374 3684 3659 3638 3574 3617 3616 3584 4067 4067 4066 4066 4066 4066 4066 4066
237 1683104794 374 3684 3659 3638 3574 3616 3616 3584 4065 4065 4065 4065 4065 4065 4065 4065
238 1683104794 373 3683 3659 3638 3574 3616 3616 3584 4065 4065 4065 4065 4065 4065 4065 4065
239 1683104794 373 3684 3659 3638 3574 3616 3615 3584 4065 4065 4064 4064 4064 4064 4064 4064
240 1683104794 373 3683 3658 3638 3574 3616 3615 3583 4065 4065 4065 4065 4065 4065 4065 4065
241 1683104794 374 3684 3659 3638 3575 3617 3616 3584 4067 4067 4066 4066 4066 4066 4066 4066
242 1683104794 374 3683 3658 3637 3573 3616 3615 3583 4067 4067 4066 4066 4066 4066 4066 4066
243 1683104794 374 3683 3658 3638 3573 3616 3616 3584 4065 4065 4065 4065 4065 4065 4065 4065
244 1683104794 374 3684 3659 3639 3575 3617 3617 3585 4065 4065 4065 4065 4065 4065 4065 4065
245 1683104794 373 3684 3659 3638 3574 3616 3616 3584 4065 4065 4064 4064 4064 4064 4064 4064
246 1683104794 373 3683 3659 3639 3575 3617 3617 3585 4065 4065 4064 4064 4064 4064 4064 4064
247 1683104794 373 3682 3658 3637 3574 3616 3615 3583 4067 4067 4066 4066 4066 4066 4066 4066
248 1683104794 373 3681 3658 3637 3574 3616 3615 3584 4065 4065 4064 4064 4064 4064 4064 4064
249 1683104794 373 3684 3659 3639 3575 3617 3617 3585 4065 4065 4064 4064 4064 4064 4064 4064
250 1683104794 373 3683 3659 3638 3574 3616 3615 3584 4065 4065 4065 4065 4065 4065 4065 4065
251 1683104794 374 3684 3659 3639 3574 3616 3616 3584 4065 4065 4065 4065 4065 4065 4065 4065
252 1683104794 374 3684 3659 3638 3574 3616 3617 3584 4063 4063 4062 4062 4062 4062 4062 4062
253 1683104794 374 3684 3658 3638 3574 3616 3616 3584 4065 4065 4064 4064 4064 4064 4064 4064
254 1683104794 373 3685 3659 3638 3575 3617 3617 3584 4065 4065 4065 4065 4065 4065 4065 4065
255 1683104794 373 3684 3660 3639 3575 3617 3617 3585 4065 4065 4065 4065 4065 4065 4065 4065
256 1683104794 374 3683 3658 3638 3574 3616 3616 3583 4065 4065 4064 4064 4064 4064 4064 4064
257 1683104794 373 3684 3659 3638 3574 3617 3616 3584 4065 4065 4065 4065 4065 4065 4065 4065
258 1683104794 374 3683 3658 3638 3574 3616 3616 3583 4065 4065 4065 4065 4065 4065 4065 4065
259 1683104794 373 3683 3658 3637 3574 3616 3615 3584 4065 4065 4065 4065 4065 4065 4065 4065
260 1683104794 374 3683 3658 3637 3574 3616 3615 3584 4065 4065 4064 4064 4064 4064 4064 4064
261 1683104794 373 3683 3659 3637 3573 3616 3616 3584 4067 4067 4066 4066 4066 4066 4066 4066
262 1683104794 374 3683 3658 3638 3574 3616 3616 3584 4067 4067 4066 4066 4066 4066 4066 4066
263 1683104794 374 3684 3659 3638 3575 3617 3616 3584 4065 4065 4064 4064 4064 4064 4064 4064
264 1683104794 374 3684 3659 3638 3574 3616 3616 3584 4067 4067 4066 4066 4066 4066 4066 4066
265 1683104794 374 3684 3659 3639 3574 3617 3616 3584 4065 4065 4065 4065 4065 4065 4065 4065
266 1683104794 373 3684 3659 3638 3575 3617 3616 3584 4065 4065 4065 4065 4065 4065 4065 4065
267 1683104794 374 3683 3659 3639 3575 3617 3616 3584 4065 4065 4064 4064 4064 4064 4064 4064
268 1683104794 373 3684 3659 3638 3574 3616 3616 3584 4065 4065 4065 4065 4065 4065 4065 4065
269 1683104794 374 3685 3660 3639 3576 3617 3617 3585 4067 4067 4066 4066 4066 4066 4066 4066
270 1683104794 374 3683 3659 3638 3574 3616 3616 3583 4067 4067 4066 4066 4066 4066 4066 4066
271 1683104794 373 3685 3660 3639 3575 3617 3617 3585 4065 4065 4064 4064 4064 4064 4064 4064
272 1683104794 374 3684 3660 3639 3575 3617 3617 3585 4067 4067 4066 4066 4066 4066 4066 4066
273 1683104794 374 3684 3659 3637 3574 3616 3616 3584 4065 4065 4065 4065 4065 4065 4065 4065
274 1683104794 374 3684 3659 3639 3575 3617 3617 3585 4065 4065 4064 4064 4064 4064 4064 4064
275 1683104794 374 3684 3659 3639 3575 3617 3617 3585 4067 4065 4065 4065 4065 4065 4065 4065
276 1683104794 374 3684 3658 3637 3574 3616 3616 3583 4065 4065 4065 4065 4065 4065 4065 4065
277 1683104794 374 3684 3659 3638 3575 3617 3616 3584 4065 4065 4064 4064 4064 4064 4064 4064
278 1683104794 374 3683 3658 3638 3574 3616 3616 3584 4065 4065 4065 4065 4065 4065 4065 4065
279 1683104794 374 3684 3659 3638 3575 3617 3616 3584 4065 4065 4064 4064 4064 4064 4064 4064
280 1683104794 373 3684 3659 3638 3574 3617 3617 3585 4065 4065 4065 4065 4065 4065 4065 4065
281 1683104794 374 3684 3658 3638 3574 3616 3616 3583 4067 4067 4066 4066 4066 4066 4066 4066
282 1683104794 374 3684 3660 3638 3575 3617 3616 3584 4065 4065 4065 4065 4065 4065 4065 4065
283 1683104794 374 3684 3659 3639 3575 3617 3617 3585 4067 4067 4066 4066 4066 4066 4066 4066
284 1683104794 374 3683 3658 3638 3574 3616 3615 3584 4065 4065 4064 4064 4064 4064 4064 4064
285 1683104794 374 3684 3659 3639 3575 3617 3617 3585 4065 4065 4065 4065 4065 4065 4065 4065
286 1683104794 373 3685 3659 3638 3574 3617 3617 3585 4063 4063 4063 4063 4063 4063 4063 4063
287 1683104794 374 3684 3659 3638 3575 3617 3616 3584 4067 4067 4066 4066 4066 4066 4066 4066
288 1683104795 373 3684 3659 3638 3574 3616 3616 3584 4067 4067 4066 4066 4066 4066 4066 4066
289 1683104795 374 3684 3659 3638 3574 3616 3616 3585 4065 4065 4064 4064 4064 4064 4064 4064
290 1683104795 374 3684 3659 3639 3574 3616 3616 3585 4065 4065 4065 4065 4065 4065 4065 4065
291 1683104795 374 3684 3659 3638 3574 3616 3616 3584 4065 4065 4065 4065 4065 4065 4065 4065
292 1683104795 374 3683 3658 3638 3574 3616 3616 3584 4065 4065 4065 4065 4065 4065 4065 4065
293 1683104795 374 3684 3659 3638 3574 3617 3617 3585 4065 4065 4064 4064 4064 4064 4064 4064
294 1683104795 374 3683 3659 3638 3574 3616 3615 3584 4065 4065 4064 4064 4064 4064 4064 4064
295 1683104795 374 3685 3660 3639 3576 3618 3618 3585 4067 4067 4066 4066 4066 4066 4066 4066
296 1683104795 374 3685 3659 3639 3574 3617 3616 3584 4067 4067 4066 4066 4066 4066 4066 4066
297 1683104795 374 3684 3659 3639 3575 3617 3617 3584 4065 4065 4065 4065 4065 4065 4065 4065
298 1683104795 374 3683 3659 3638 3574 3617 3616 3585 4067 4067 4066 4066 4066 4066 4066 4066
299 1683104795 373 3684 3659 3639 3575 3617 3616 3584 4065 4065 4065 4065 4065 4065 4065 4065
300 1683104795 374 3684 3659 3638 3574 3616 3616 3584 4065 4065 4064 4064 4064 4064 4064 4064
301 1683104795 374 3684 3659 3639 3575 3617 3617 3585 4067 4067 4066 4066 4066 4066 4066 4066
302 1683104795 374 3684 3659 3639 3575 3617 3616 3585 4067 4065 4065 4065 4065 4065 4065 4065
303 1683104795 374 3684 3659 3638 3575 3616 3616 3584 4065 4065 4064 4064 4064 4064 4064 4064
304 1683104795 374 3684 3659 3638 3574 3616 3616 3584 4065 4065 4064 4064 4064 4064 4064 4064
305 1683104795 374 3684 3659 3638 3574 3617 3616 3584 4065 4065 4065 4065 4065 4065 4065 4065
306 1683104795 374 3684 3659 3638 3575 3617 3617 3584 4063 4063 4063 4063 4063 4063 4063 4063
307 1683104795 374 3684 3659 3639 3575 3617 3617 3585 4065 4065 4065 4065 4065 4065 4065 4065
308 1683104795 374 3683 3658 3638 3574 3616 3616 3584 4067 4065 4065 4065 4065 4065 4065 4065
309 1683104795 374 3684 3659 3638 3574 3616 3616 3584 4065 4065 4065 4065 4065 4065 4065 4065
310 1683104795 374 3683 3659 3638 3574 3616 3616 3584 4065 4065 4065 4065 4065 4065 4065 4065
311 1683104795 374 3685 3660 3640 3576 3618 3617 3585 4065 4065 4065 4065 4065 4065 4065 4065
312 1683104795 373 3684 3659 3638 3575 3617 3616 3584 4065 4065 4065 4065 4065 4065 4065 4065
313 1683104795 374 3684 3660 3639 3575 3617 3617 3585 4065 4065 4064 4064 4064 4064 4064 4064
314 1683104795 374 3684 3660 3639 3575 3616 3617 3584 4065 4065 4064 4064 4064 4064 4064 4064
315 1683104795 374 3684 3659 3638 3575 3617 3616 3585 4065 4065 4065 4065 4065 4065 4065 4065
316 1683104795 374 3685 3660 3640 3576 3618 3618 3586 4067 4067 4066 4066 4066 4066 4066 4066
317 1683104795 374 3685 3660 3639 3576 3617 3616 3585 4065 4065 4065 4065 4065 4065 4065 4065
318 1683104795 374 3683 3659 3638 3574 3617 3616 3584 4065 4065 4064 4064 4064 4064 4064 4064
319 1683104795 374 3685 3660 3639 3575 3617 3617 3585 4065 4065 4065 4065 4065 4065 4065 4065
320 1683104795 374 3684 3659 3638 3574 3617 3616 3584 4065 4065 4065 4065 4065 4065 4065 4065
321 1683104795 374 3684 3659 3639 3575 3617 3617 3585 4065 4065 4065 4065 4065 4065 4065 4065
322 1683104795 374 3684 3660 3639 3575 3617 3616 3585 4065 4065 4065 4065 4065 4065 4065 4065
323 1683104795 374 3684 3660 3639 3575 3617 3617 3585 4065 4065 4065 4065 4065 4065 4065 4065
324 1683104795 374 3683 3659 3638 3574 3617 3617 3585 4067 4067 4066 4066 4066 4066 4066 4066
325 1683104795 375 3683 3658 3637 3573 3616 3616 3584 4065 4065 4064 4064 4064 4064 4064 4064
326 1683104795 374 3683 3659 3638 3575 3617 3616 3584 4067 4067 4066 4066 4066 4066 4066 4066
327 1683104795 374 3685 3659 3639 3575 3617 3617 3585 4065 4065 4065 4065 4065 4065 4065 4065
328 1683104795 374 3685 3660 3639 3576 3617 3617 3585 4065 4065 4064 4064 4064 4064 4064 4064
329 1683104795 374 3684 3660 3639 3575 3617 3617 3585 4061 4061 4061 4061 4061 4061 4061 4061
330 1683104795 374 3686 3661 3639 3575 3618 3617 3585 4067 4065 4065 4065 4065 4065 4065 4065
331 1683104795 374 3684 3659 3639 3575 3617 3616 3584 4065 4065 4065 4065 4065 4065 4065 4065
332 1683104795 374 3684 3660 3638 3575 3617 3616 3585 4065 4065 4065 4065 4065 4065 4065 4065
333 1683104795 374 3686 3661 3640 3576 3618 3617 3586 4065 4065 4065 4065 4065 4065 4065 4065
334 1683104795 375 3684 3660 3639 3575 3617 3617 3584 4067 4067 4066 4066 4066 4066 4066 4066
335 1683104795 374 3684 3659 3638 3575 3617 3616 3584 4065 4065 4064 4064 4064 4064 4064 4064
336 1683104795 374 3685 3660 3639 3575 3617 3617 3585 4065 4065 4065 4065 4065 4065 4065 4065
337 1683104795 374 3686 3661 3640 3576 3618 3617 3586 4065 4065 4064 4064 4064 4064 4064 4064
338 1683104795 374 3684 3660 3639 3576 3617 3617 3585 4065 4065 4064 4064 4064 4064 4064 4064
339 1683104795 374 3685 3661 3640 3576 3618 3618 3586 4067 4065 4065 4065 4065 4065 4065 4065
340 1683104795 375 3683 3659 3638 3575 3617 3616 3585 4067 4067 4066 4066 4066 4066 4066 4066
341 1683104795 374 3684 3660 3639 3575 3617 3617 3585 4067 4067 4066 4066 4066 4066 4066 4066
342 1683104795 374 3683 3659 3639 3575 3616 3616 3584 4065 4065 4065 4065 4065 4065 4065 4065
343 1683104795 374 3684 3659 3639 3575 3617 3617 3585 4065 4065 4065 4065 4065 4065 4065 4065
344 1683104795 374 3684 3659 3638 3574 3617 3616 3584 4065 4065 4065 4065 4065 4065 4065 4065
345 1683104795 374 3685 3660 3639 3576 3618 3617 3586 4065 4065 4065 4065 4065 4065 4065 4065
346 1683104795 374 3685 3660 3639 3576 3617 3617 3586 4063 4063 4063 4063 4063 4063 4063 4063
347 1683104795 374 3684 3660 3639 3575 3617 3617 3585 4065 4065 4065 4065 4065 4065 4065 4065
348 1683104795 375 3685 3660 3640 3576 3618 3617 3585 4065 4065 4065 4065 4065 4065 4065 4065
349 1683104795 374 3684 3660 3640 3576 3617 3617 3585 4065 4065 4065 4065 4065 4065 4065 4065
350 1683104795 374 3685 3659 3639 3575 3617 3617 3585 4065 4065 4064 4064 4064 4064 4064 4064
351 1683104795 374 3685 3660 3639 3575 3617 3617 3585 4065 4065 4065 4065 4065 4065 4065 4065
352 1683104795 374 3685 3660 3639 3576 3618 3617 3585 4065 4065 4065 4065 4065 4065 4065 4065
353 1683104795 375 3684 3660 3639 3575 3618 3617 3585 4065 4065 4065 4065 4065 4065 4065 4065
354 1683104795 375 3684 3660 3639 3576 3618 3617 3585 4065 4065 4065 4065 4065 4065 4065 4065
355 1683104795 375 3685 3660 3639 3576 3618 3618 3586 4065 4065 4064 4064 4064 4064 4064 4064
356 1683104795 374 3685 3660 3639 3575 3618 3617 3585 4065 4065 4065 4065 4065 4065 4065 4065
357 1683104795 374 3684 3659 3639 3575 3617 3617 3585 4065 4065 4065 4065 4065 4065 4065 4065
358 1683104795 374 3685 3660 3639 3576 3618 3617 3585 4065 4065 4065 4065 4065 4065 4065 4065
359 1683104795 374 3685 3659 3639 3575 3617 3617 3585 4065 4065 4065 4065 4065 4065 4065 4065
360 1683104795 374 3684 3659 3638 3574 3617 3616 3585 4063 4063 4062 4062 4062 4062 4062 4062
361 1683104795 374 3684 3659 3639 3575 3617 3617 3584 4065 4065 4065 4065 4065 4065 4065 4065
362 1683104795 374 3685 3660 3639 3575 3617 3617 3585 4065 4065 4065 4065 4065 4065 4065 4065
363 1683104795 375 3684 3659 3638 3575 3617 3616 3585 4064 4065 4064 4064 4064 4064 4064 4064
364 1683104803 374 3683 3657 3636 3572 3614 3614 3582 4065 4065 4065 4065 4065 4065 4065 4065
365 1683104803 374 3684 3659 3638 3575 3617 3616 3584 4065 4065 4065 4065 4065 4065 4065 4065
366 1683104803 375 3684 3659 3638 3574 3617 3616 3585 4067 4067 4066 4066 4066 4066 4066 4066
367 1683104803 374 3683 3657 3637 3573 3615 3615 3583 4067 4067 4066 4066 4066 4066 4066 4066
368 1683104803 374 3685 3660 3640 3576 3617 3617 3585 4065 4065 4064 4064 4064 4064 4064 4064
369 1683104803 375 3683 3658 3638 3574 3616 3616 3584 4065 4065 4064 4064 4064 4064 4064 4064
370 1683104803 374 3684 3659 3638 3575 3617 3616 3584 4065 4065 4065 4065 4065 4065 4065 4065
371 1683104803 373 3685 3660 3639 3575 3617 3617 3585 4065 4065 4065 4065 4065 4065 4065 4065
372 1683104803 374 3684 3659 3638 3575 3617 3617 3585 4065 4065 4064 4064 4064 4064 4064 4064
373 1683104803 374 3683 3660 3639 3575 3617 3617 3585 4067 4065 4065 4065 4065 4065 4065 4065
374 1683104803 375 3682 3658 3638 3574 3616 3616 3584 4065 4065 4064 4064 4064 4064 4064 4064
375 1683104803 374 3684 3659 3638 3574 3617 3617 3584 4065 4065 4065 4065 4065 4065 4065 4065
376 1683104803 374 3684 3660 3639 3575 3617 3617 3585 4065 4065 4065 4065 4065 4065 4065 4065
377 1683104803 374 3685 3660 3639 3575 3617 3617 3585 4067 4067 4066 4066 4066 4066 4066 4066
378 1683104804 375 3684 3659 3639 3575 3617 3617 3585 4065 4065 4065 4065 4065 4065 4065 4065
379 1683104804 374 3684 3659 3638 3575 3616 3616 3584 4063 4063 4063 4063 4063 4063 4063 4063
380 1683104804 374 3684 3660 3639 3575 3617 3616 3585 4065 4065 4065 4065 4065 4065 4065 4065
381 1683104804 374 3684 3660 3639 3575 3616 3616 3585 4065 4065 4065 4065 4065 4065 4065 4065
382 1683104804 374 3684 3659 3639 3574 3617 3616 3584 4065 4065 4064 4064 4064 4064 4064 4064
383 1683104804 374 3685 3660 3639 3575 3617 3617 3585 4065 4065 4064 4064 4064 4064 4064 4064
384 1683104804 375 3684 3659 3638 3575 3617 3616 3584 4065 4065 4065 4065 4065 4065 4065 4065
385 1683104804 375 3684 3659 3639 3575 3617 3616 3584 4067 4067 4066 4066 4066 4066 4066 4066
386 1683104804 374 3684 3659 3639 3575 3617 3617 3585 4065 4065 4064 4064 4064 4064 4064 4064
387 1683104804 374 3684 3659 3638 3574 3617 3616 3584 4065 4065 4064 4064 4064 4064 4064 4064
388 1683104804 374 3684 3659 3638 3574 3616 3617 3584 4065 4065 4065 4065 4065 4065 4065 4065
389 1683104804 375 3683 3659 3638 3575 3617 3617 3584 4065 4065 4065 4065 4065 4065 4065 4065
390 1683104804 374 3684 3660 3639 3575 3617 3617 3585 4065 4065 4065 4065 4065 4065 4065 4065
391 1683104804 375 3683 3658 3638 3574 3616 3615 3584 4067 4067 4066 4066 4066 4066 4066 4066
392 1683104804 374 3685 3661 3640 3576 3617 3618 3586 4065 4065 4065 4065 4065 4065 4065 4065
393 1683104804 374 3684 3660 3639 3575 3617 3616 3585 4065 4065 4065 4065 4065 4065 4065 4065
394 1683104804 375 3684 3659 3639 3576 3617 3617 3585 4067 4065 4065 4065 4065 4065 4065 4065
395 1683104804 375 3684 3660 3639 3576 3617 3618 3585 4067 4067 4066 4066 4066 4066 4066 4066
396 1683104804 376 3684 3660 3639 3575 3617 3617 3585 4065 4065 4065 4065 4065 4065 4065 4065
397 1683104804 374 3684 3660 3638 3575 3617 3617 3585 4065 4065 4065 4065 4065 4065 4065 4065
398 1683104804 374 3685 3660 3639 3576 3618 3617 3585 4067 4067 4066 4066 4066 4066 4066 4066
399 1683104804 375 3684 3659 3638 3574 3616 3616 3584 4065 4065 4064 4064 4064 4064 4064 4064
400 1683104804 375 3684 3659 3639 3575 3617 3617 3585 4065 4065 4065 4065 4065 4065 4065 4065
401 1683104804 375 3685 3660 3639 3575 3617 3617 3585 4065 4065 4065 4065 4065 4065 4065 4065
402 1683104804 375 3684 3659 3639 3576 3617 3617 3585 4067 4065 4065 4065 4065 4065 4065 4065
403 1683104804 374 3685 3661 3640 3577 3618 3618 3586 4065 4065 4065 4065 4065 4065 4065 4065
404 1683104804 374 3684 3661 3640 3576 3618 3618 3586 4065 4065 4065 4065 4065 4065 4065 4065
405 1683104804 375 3683 3660 3639 3575 3617 3616 3585 4065 4065 4065 4065 4065 4065 4065 4065
406 1683104804 375 3684 3659 3639 3575 3618 3617 3585 4065 4065 4065 4065 4065 4065 4065 4065
407 1683104804 374 3685 3660 3639 3575 3617 3616 3584 4065 4065 4064 4064 4064 4064 4064 4064
408 1683104804 375 3684 3659 3638 3575 3617 3617 3585 4065 4065 4065 4065 4065 4065 4065 4065
409 1683104804 375 3685 3659 3639 3575 3617 3617 3585 4065 4065 4065 4065 4065 4065 4065 4065
410 1683104804 375 3685 3660 3639 3576 3618 3617 3585 4067 4067 4066 4066 4066 4066 4066 4066
411 1683104804 375 3684 3660 3639 3575 3617 3617 3585 4065 4065 4064 4064 4064 4064 4064 4064
412 1683104804 375 3684 3659 3638 3574 3616 3616 3584 4067 4067 4066 4066 4066 4066 4066 4066
413 1683104804 375 3685 3660 3639 3576 3618 3617 3585 4065 4065 4065 4065 4065 4065 4065 4065
414 1683104804 375 3686 3660 3640 3576 3618 3617 3586 4065 4065 4065 4065 4065 4065 4065 4065
415 1683104804 375 3685 3660 3639 3575 3617 3617 3585 4065 4065 4065 4065 4065 4065 4065 4065
416 1683104804 375 3684 3659 3638 3575 3617 3617 3584 4065 4065 4064 4064 4064 4064 4064 4064
417 1683104804 375 3685 3660 3639 3575 3617 3616 3585 4065 4065 4065 4065 4065 4065 4065 4065
418 1683104804 374 3685 3659 3639 3575 3618 3617 3585 4065 4065 4064 4064 4064 4064 4064 4064
419 1683104804 375 3684 3660 3639 3576 3618 3618 3585 4063 4063 4063 4063 4063 4063 4063 4063
420 1683104804 374 3684 3660 3639 3575 3617 3616 3584 4067 4067 4066 4066 4066 4066 4066 4066
421 1683104804 375 3685 3660 3639 3576 3618 3618 3586 4065 4065 4064 4064 4064 4064 4064 4064
422 1683104804 375 3686 3661 3641 3577 3619 3619 3586 4067 4067 4066 4066 4066 4066 4066 4066
423 1683104804 375 3684 3659 3639 3575 3617 3617 3585 4065 4065 4065 4065 4065 4065 4065 4065
424 1683104804 375 3684 3659 3639 3575 3617 3617 3584 4065 4065 4064 4064 4064 4064 4064 4064
425 1683104804 375 3685 3660 3639 3575 3617 3617 3585 4065 4065 4065 4065 4065 4065 4065 4065
426 1683104804 375 3685 3661 3640 3575 3618 3617 3585 4065 4065 4064 4064 4064 4064 4064 4064
427 1683104804 375 3685 3660 3639 3576 3618 3618 3585 4065 4065 4065 4065 4065 4065 4065 4065
428 1683104804 374 3686 3661 3640 3576 3618 3617 3586 4065 4065 4064 4064 4064 4064 4064 4064
429 1683104804 375 3686 3661 3640 3576 3618 3618 3586 4065 4065 4064 4064 4064 4064 4064 4064
430 1683104804 375 3684 3660 3639 3575 3618 3617 3585 4065 4065 4065 4065 4065 4065 4065 4065
431 1683104804 375 3685 3660 3639 3576 3618 3617 3585 4065 4065 4064 4064 4064 4064 4064 4064
432 1683104804 375 3684 3660 3639 3575 3617 3617 3585 4065 4065 4065 4065 4065 4065 4065 4065
433 1683104804 375 3684 3659 3638 3575 3616 3616 3584 4065 4065 4065 4065 4065 4065 4065 4065
434 1683104804 375 3685 3660 3639 3576 3618 3618 3586 4067 4067 4066 4066 4066 4066 4066 4066
435 1683104804 375 3685 3660 3640 3575 3618 3617 3586 4067 4065 4065 4065 4065 4065 4065 4065
436 1683104804 375 3684 3660 3639 3576 3617 3617 3585 4065 4065 4064 4064 4064 4064 4064 4064
437 1683104804 375 3685 3661 3640 3576 3618 3617 3585 4065 4065 4064 4064 4064 4064 4064 4064
438 1683104804 375 3684 3659 3639 3575 3618 3617 3585 4067 4065 4065 4065 4065 4065 4065 4065
439 1683104804 375 3685 3660 3638 3575 3618 3617 3585 4065 4065 4064 4064 4064 4064 4064 4064
440 1683104804 375 3684 3659 3638 3575 3617 3617 3585 4065 4065 4064 4064 4064 4064 4064 4064
441 1683104804 375 3685 3660 3640 3576 3619 3618 3586 4065 4065 4065 4065 4065 4065 4065 4065
442 1683104804 375 3684 3659 3638 3575 3617 3617 3585 4067 4067 4066 4066 4066 4066 4066 4066
443 1683104804 375 3685 3660 3639 3575 3617 3617 3585 4065 4065 4065 4065 4065 4065 4065 4065
444 1683104804 375 3684 3660 3639 3575 3617 3617 3585 4065 4065 4064 4064 4064 4064 4064 4064
445 1683104804 375 3686 3660 3640 3576 3618 3618 3586 4065 4065 4064 4064 4064 4064 4064 4064
446 1683104804 375 3685 3660 3639 3576 3617 3617 3585 4065 4065 4065 4065 4065 4065 4065 4065
447 1683104804 375 3685 3660 3639 3576 3618 3617 3585 4067 4067 4066 4066 4066 4066 4066 4066
448 1683104804 375 3685 3660 3639 3576 3618 3617 3585 4065 4065 4064 4064 4064 4064 4064 4064
449 1683104804 375 3685 3660 3640 3576 3618 3618 3586 4065 4065 4065 4065 4065 4065 4065 4065
450 1683104804 375 3686 3661 3640 3576 3618 3618 3586 4065 4065 4065 4065 4065 4065 4065 4065
451 1683104804 375 3685 3661 3640 3576 3618 3618 3586 4065 4065 4065 4065 4065 4065 4065 4065
452 1683104804 375 3684 3660 3639 3575 3617 3617 3585 4065 4065 4064 4064 4064 4064 4064 4064
453 1683104804 375 3683 3659 3639 3575 3617 3617 3585 4065 4065 4064 4064 4064 4064 4064 4064
454 1683104804 375 3685 3660 3639 3575 3618 3617 3585 4065 4065 4064 4064 4064 4064 4064 4064
455 1683104804 375 3685 3659 3639 3576 3618 3617 3586 4065 4065 4065 4065 4065 4065 4065 4065
456 1683104804 375 410 3658 3639 3576 3618 3618 3585 4065 4065 4064 4064 4064 4064 4064 4064
457 1683104804 375 3686 3661 3640 3576 3618 3618 3586 4067 4067 4066 4066 4066 4066 4066 4066
458 1683104804 375 3686 3660 3640 3576 3619 3618 3585 4067 4065 4065 4065 4065 4065 4065 4065
459 1683104804 375 3687 3662 3641 3577 3619 3619 3587 4065 4065 4065 4065 4065 4065 4065 4065
460 1683104804 375 3684 3660 3639 3575 3617 3617 3585 4065 4065 4064 4064 4064 4064 4064 4064
461 1683104804 376 3685 3660 3640 3576 3618 3618 3586 4065 4065 4064 4064 4064 4064 4064 4064
462 1683104805 375 3686 3661 3640 3576 3618 3617 3585 4067 4067 4066 4066 4066 4066 4066 4066
463 1683104805 375 3685 3660 3640 3576 3618 3618 3586 4065 4065 4065 4065 4065 4065 4065 4065
464 1683104805 375 3685 3660 3639 3576 3618 3618 3586 4065 4065 4064 4064 4064 4064 4064 4064
465 1683104805 375 3686 3661 3640 3576 3618 3618 3586 4065 4065 4065 4065 4065 4065 4065 4065
466 1683104805 375 3684 3659 3639 3575 3617 3617 3585 4065 4065 4064 4064 4064 4064 4064 4064
467 1683104805 375 3685 3661 3641 3576 3619 3619 3587 4065 4065 4064 4064 4064 4064 4064 4064
468 1683104805 375 3684 3660 3640 3576 3618 3618 3586 4065 4065 4065 4065 4065 4065 4065 4065
469 1683104805 375 3685 3660 3639 3576 3617 3617 3585 4067 4065 4065 4065 4065 4065 4065 4065
470 1683104805 375 3686 3660 3640 3576 3618 3617 3586 4065 4065 4065 4065 4065 4065 4065 4065
471 1683104805 375 3685 3660 3639 3575 3618 3617 3586 4065 4065 4064 4064 4064 4064 4064 4064
472 1683104805 375 3685 3660 3639 3576 3618 3617 3585 4065 4065 4064 4064 4064 4064 4064 4064
473 1683104805 374 3683 3658 3637 3574 3616 3616 3584 4067 4067 4066 4066 4066 4066 4066 4066
474 1683104805 373 3683 3658 3638 3574 3616 3616 3584 4067 4067 4066 4066 4066 4066 4066 4066
475 1683104805 373 3684 3659 3638 3574 3616 3616 3584 4065 4065 4064 4064 4064 4064 4064 4064
476 1683104805 374 3684 3658 3638 3574 3616 3615 3584 4067 4067 4066 4066 4066 4066 4066 4066
477 1683104805 374 3683 3658 3637 3573 3615 3615 3583 4067 4067 4066 4066 4066 4066 4066 4066
478 1683104805 374 3683 3658 3638 3574 3616 3616 3584 4065 4065 4065 4065 4065 4065 4065 4065
479 1683104805 374 3683 3659 3638 3574 3616 3616 3584 4065 4065 4065 4065 4065 4065 4065 4065
480 1683104805 373 3683 3658 3637 3574 3616 3616 3584 4065 4065 4064 4064 4064 4064 4064 4064
481 1683104805 374 3683 3659 3638 3574 3616 3616 3584 4067 4067 4066 4066 4066 4066 4066 4066
482 1683104805 373 3682 3658 3636 3573 3614 3615 3583 4065 4065 4064 4064 4064 4064 4064 4064
483 1683104805 374 3683 3658 3637 3574 3616 3615 3583 4065 4065 4064 4064 4064 4064 4064 4064
484 1683104805 373 3684 3659 3638 3574 3616 3616 3584 4065 4065 4064 4064 4064 4064 4064 4064
485 1683104805 373 3683 3659 3638 3574 3616 3616 3584 4065 4065 4064 4064 4064 4064 4064 4064
486 1683104805 374 3684 3659 3638 3575 3617 3616 3584 4063 4063 4063 4063 4063 4063 4063 4063
487 1683104805 373 3684 3659 3638 3574 3616 3616 3584 4067 4067 4066 4066 4066 4066 4066 4066
488 1683104805 373 3684 3659 3638 3574 3616 3615 3584 4065 4065 4064 4064 4064 4064 4064 4064
489 1683104805 373 3683 3658 3638 3573 3616 3615 3584 4065 4065 4065 4065 4065 4065 4065 4065
490 1683104805 373 3684 3659 3639 3574 3617 3616 3584 4065 4065 4064 4064 4064 4064 4064 4064
491 1683104805 373 3683 3658 3637 3573 3616 3616 3583 4065 4065 4065 4065 4065 4065 4065 4065
492 1683104805 373 3683 3658 3637 3573 3616 3615 3583 4067 4067 4066 4066 4066 4066 4066 4066
493 1683104805 374 3684 3658 3638 3574 3616 3616 3584 4065 4065 4065 4065 4065 4065 4065 4065
494 1683104805 374 3683 3659 3638 3574 3616 3616 3584 4065 4065 4064 4064 4064 4064 4064 4064
495 1683104805 374 3683 3658 3638 3574 3616 3616 3584 4067 4065 4065 4065 4065 4065 4065 4065
496 1683104805 373 3684 3659 3638 3575 3616 3617 3585 4067 4067 4066 4066 4066 4066 4066 4066
497 1683104805 374 3683 3658 3637 3574 3616 3616 3583 4065 4065 4065 4065 4065 4065 4065 4065
498 1683104805 373 3684 3659 3639 3575 3617 3616 3585 4067 4065 4065 4065 4065 4065 4065 4065
499 1683104805 373 3683 3658 3637 3574 3616 3615 3584 4065 4065 4065 4065 4065 4065 4065 4065
500 1683104805 373 3684 3659 3638 3574 3616 3616 3584 4065 4065 4065 4065 4065 4065 4065 4065
501 1683104805 374 3683 3659 3638 3575 3617 3616 3584 4065 4065 4064 4064 4064 4064 4064 4064
502 1683104805 374 3682 3659 3638 3575 3617 3617 3585 4065 4065 4064 4064 4064 4064 4064 4064
503 1683104805 373 3681 3658 3638 3574 3616 3616 3583 4065 4065 4065 4065 4065 4065 4065 4065
504 1683104805 373 3684 3659 3638 3574 3616 3616 3584 4066 4067 4066 4066 4066 4066 4066 4066
505 1683104805 373 3683 3659 3638 3574 3616 3616 3584 4065 4065 4065 4065 4065 4065 4065 4065
506 1683104805 374 3684 3659 3639 3575 3616 3616 3584 4065 4065 4065 4065 4065 4065 4065 4065
507 1683104805 373 3684 3659 3638 3574 3616 3616 3584 4067 4067 4066 4066 4066 4066 4066 4066
508 1683104805 373 3684 3659 3638 3574 3616 3616 3584 4065 4065 4065 4065 4065 4065 4065 4065
509 1683104805 373 3683 3659 3638 3574 3616 3615 3584 4065 4065 4065 4065 4065 4065 4065 4065
510 1683104805 374 3683 3658 3637 3574 3616 3616 3583 4063 4063 4063 4063 4063 4063 4063 4063
511 1683104805 373 3685 3659 3639 3575 3617 3617 3584 4065 4065 4064 4064 4064 4064 4064 4064
512 1683104805 374 3684 3659 3638 3575 3616 3616 3584 4067 4067 4066 4066 4066 4066 4066 4066
513 1683104805 373 3683 3659 3638 3574 3616 3616 3583 4065 4065 4065 4065 4065 4065 4065 4065
514 1683104805 373 3683 3658 3637 3573 3615 3615 3584 4065 4063 4063 4063 4063 4063 4063 4063
515 1683104805 373 3684 3659 3638 3574 3617 3616 3585 4065 4065 4064 4064 4064 4064 4064 4064
516 1683104805 374 3683 3658 3638 3574 3615 3615 3583 4065 4065 4064 4064 4064 4064 4064 4064
517 1683104805 373 3685 3660 3638 3575 3617 3616 3584 4065 4065 4064 4064 4064 4064 4064 4064
518 1683104805 373 3682 3659 3638 3574 3616 3616 3584 4067 4067 4066 4066 4066 4066 4066 4066
519 1683104805 374 3683 3658 3638 3574 3616 3616 3584 4065 4065 4065 4065 4065 4065 4065 4065
520 1683104805 373 3683 3658 3637 3573 3616 3615 3583 4065 4065 4064 4064 4064 4064 4064 4064
521 1683104805 374 3684 3659 3639 3575 3617 3617 3585 4065 4064 4064 4064 4064 4064 4064 4064
522 1683104805 373 3684 3659 3638 3574 3617 3616 3584 4065 4065 4065 4065 4065 4065 4065 4065
523 1683104805 374 3685 3660 3639 3575 3617 3617 3585 4067 4067 4066 4066 4066 4066 4066 4066
524 1683104805 374 3684 3659 3638 3575 3617 3616 3584 4065 4065 4064 4064 4064 4064 4064 4064
525 1683104805 374 3683 3658 3637 3574 3616 3615 3583 4065 4065 4065 4065 4065 4065 4065 4065
526 1683104805 375 3682 3658 3637 3574 3616 3615 3584 4063 4063 4063 4063 4063 4063 4063 4063
527 1683104805 374 3683 3658 3637 3573 3616 3615 3583 4065 4065 4064 4064 4064 4064 4064 4064
528 1683104805 373 3684 3659 3638 3574 3616 3616 3584 4067 4065 4065 4065 4065 4065 4065 4065
529 1683104805 374 3683 3658 3638 3573 3616 3615 3583 4065 4065 4065 4065 4065 4065 4065 4065
530 1683104805 374 3684 3659 3638 3575 3616 3616 3584 4065 4065 4065 4065 4065 4065 4065 4065
531 1683104805 374 3684 3659 3638 3574 3616 3616 3584 4059 4059 4059 4059 4059 4059 4059 4059
532 1683104805 374 3684 3659 3638 3574 3616 3616 3584 4065 4065 4064 4064 4064 4064 4064 4064
533 1683104805 374 3683 3658 3638 3574 3616 3616 3584 4065 4065 4064 4064 4064 4064 4064 4064
534 1683104805 374 3684 3659 3638 3574 3617 3616 3585 4065 4065 4064 4064 4064 4064 4064 4064
535 1683104806 374 3683 3658 3637 3574 3616 3615 3583 4065 4065 4064 4064 4064 4064 4064 4064
536 1683104806 374 3683 3658 3637 3574 3616 3616 3584 4065 4065 4065 4065 4065 4065 4065 4065
537 1683104806 374 3683 3659 3638 3574 3616 3616 3584 4065 4065 4064 4064 4064 4064 4064 4064
538 1683104806 374 3683 3658 3637 3574 3615 3615 3583 4065 4065 4064 4064 4064 4064 4064 4064
539 1683104806 373 3684 3659 3638 3574 3617 3617 3584 4065 4065 4065 4065 4065 4065 4065 4065
540 1683104806 374 3684 3659 3639 3574 3617 3617 3584 4065 4065 4065 4065 4065 4065 4065 4065
541 1683104806 373 3683 3659 3639 3575 3617 3616 3584 4067 4067 4066 4066 4066 4066 4066 4066
542 1683104806 374 3684 3659 3639 3575 3617 3616 3584 4067 4067 4066 4066 4066 4066 4066 4066
543 1683104806 373 3685 3659 3639 3575 3617 3617 3585 4065 4065 4065 4065 4065 4065 4065 4065
544 1683104806 374 3684 3658 3637 3573 3616 3615 3584 4065 4065 4065 4065 4065 4065 4065 4065
545 1683104806 373 3683 3658 3637 3573 3616 3615 3583 4065 4065 4065 4065 4065 4065 4065 4065
546 1683104806 374 3684 3659 3638 3574 3616 3616 3584 4065 4065 4065 4065 4065 4065 4065 4065
547 1683104806 373 3684 3659 3639 3575 3617 3616 3585 4065 4065 4065 4065 4065 4065 4065 4065
548 1683104806 374 3684 3660 3639 3575 3617 3617 3585 4065 4065 4064 4064 4064 4064 4064 4064
549 1683104806 374 3683 3658 3638 3574 3616 3616 3583 4065 4065 4064 4064 4064 4064 4064 4064
550 1683104806 374 3684 3658 3638 3574 3616 3615 3584 4067 4067 4066 4066 4066 4066 4066 4066
551 1683104806 374 3684 3659 3638 3574 3616 3616 3584 4065 4065 4065 4065 4065 4065 4065 4065
552 1683104806 374 3684 3659 3638 3575 3617 3617 3584 4067 4067 4066 4066 4066 4066 4066 4066
553 1683104806 374 3684 3659 3638 3575 3616 3616 3584 4065 4065 4065 4065 4065 4065 4065 4065
554 1683104806 373 3685 3660 3639 3575 3617 3617 3585 4065 4065 4065 4065 4065 4065 4065 4065
555 1683104806 373 3685 3660 3639 3575 3617 3616 3585 4067 4067 4066 4066 4066 4066 4066 4066
556 1683104806 373 3684 3658 3638 3574 3616 3615 3583 4065 4065 4065 4065 4065 4065 4065 4065
557 1683104806 373 3684 3659 3638 3575 3617 3617 3585 4065 4065 4064 4064 4064 4064 4064 4064
558 1683104806 374 3684 3659 3638 3574 3616 3616 3584 4065 4065 4065 4065 4065 4065 4065 4065
559 1683104806 374 3683 3658 3638 3574 3616 3616 3583 4065 4065 4065 4065 4065 4065 4065 4065
560 1683104806 373 3684 3659 3637 3574 3616 3616 3583 4065 4065 4065 4065 4065 4065 4065 4065
561 1683104806 374 3684 3659 3639 3575 3617 3616 3584 4065 4065 4064 4064 4064 4064 4064 4064
562 1683104806 373 3684 3659 3638 3574 3616 3616 3584 4067 4065 4065 4065 4065 4065 4065 4065
563 1683104806 374 3683 3658 3638 3574 3616 3616 3584 4065 4065 4065 4065 4065 4065 4065 4065
564 1683104806 374 3684 3658 3638 3574 3616 3616 3584 4065 4065 4064 4064 4064 4064 4064 4064
565 1683104806 374 3683 3659 3638 3575 3616 3616 3585 4065 4065 4064 4064 4064 4064 4064 4064
566 1683104806 374 3682 3659 3638 3574 3617 3616 3585 4067 4067 4066 4066 4066 4066 4066 4066
567 1683104806 374 3684 3659 3638 3575 3617 3617 3585 4065 4065 4065 4065 4065 4065 4065 4065
568 1683104806 374 3684 3659 3638 3574 3617 3616 3584 4065 4065 4065 4065 4065 4065 4065 4065
569 1683104806 374 3684 3659 3639 3575 3617 3616 3584 4065 4065 4065 4065 4065 4065 4065 4065
570 1683104806 374 3685 3661 3639 3575 3618 3617 3585 4065 4065 4064 4064 4064 4064 4064 4064
571 1683104806 374 3685 3659 3639 3575 3617 3617 3585 4065 4065 4065 4065 4065 4065 4065 4065
572 1683104806 374 3684 3660 3639 3575 3617 3617 3585 4065 4065 4065 4065 4065 4065 4065 4065
573 1683104806 374 3685 3660 3638 3574 3616 3616 3584 4065 4065 4064 4064 4064 4064 4064 4064
574 1683104806 374 3684 3660 3639 3575 3617 3617 3585 4065 4065 4065 4065 4065 4065 4065 4065
575 1683104806 374 3685 3659 3639 3575 3617 3617 3585 4065 4065 4065 4065 4065 4065 4065 4065
576 1683104806 374 3685 3660 3639 3575 3617 3617 3585 4065 4065 4064 4064 4064 4064 4064 4064
577 1683104806 374 3685 3660 3639 3575 3617 3616 3585 4065 4065 4065 4065 4065 4065 4065 4065
578 1683104806 374 3684 3659 3638 3574 3616 3616 3584 4067 4067 4066 4066 4066 4066 4066 4066
579 1683104806 374 3685 3661 3640 3576 3618 3617 3586 4065 4065 4064 4064 4064 4064 4064 4064
580 1683104806 374 3683 3658 3638 3574 3616 3615 3584 4067 4067 4066 4066 4066 4066 4066 4066
581 1683104806 374 3683 3659 3638 3574 3617 3616 3584 4065 4065 4064 4064 4064 4064 4064 4064
582 1683104806 374 3684 3659 3638 3574 3617 3616 3584 4067 4065 4065 4065 4065 4065 4065 4065
583 1683104806 374 3685 3659 3638 3575 3617 3617 3585 4067 4065 4065 4065 4065 4065 4065 4065
584 1683104806 374 3684 3660 3639 3575 3618 3617 3585 4067 4067 4066 4066 4066 4066 4066 4066
585 1683104806 374 3684 3659 3638 3574 3617 3616 3584 4067 4065 4065 4065 4065 4065 4065 4065
586 1683104806 374 3685 3661 3640 3576 3618 3617 3585 4065 4065 4065 4065 4065 4065 4065 4065
587 1683104806 373 3685 3660 3639 3575 3617 3617 3585 4065 4065 4065 4065 4065 4065 4065 4065
588 1683104806 374 3684 3659 3638 3574 3616 3616 3584 4065 4065 4065 4065 4065 4065 4065 4065
589 1683104806 374 3685 3660 3639 3575 3617 3616 3584 4065 4065 4065 4065 4065 4065 4065 4065
590 1683104806 374 3684 3659 3639 3575 3617 3617 3584 4065 4065 4064 4064 4064 4064 4064 4064
591 1683104806 374 3685 3660 3640 3575 3617 3617 3585 4065 4065 4065 4065 4065 4065 4065 4065
592 1683104806 374 3684 3659 3638 3575 3617 3617 3585 4065 4065 4065 4065 4065 4065 4065 4065
593 1683104806 374 3684 3660 3639 3574 3617 3617 3585 4065 4065 4065 4065 4065 4065 4065 4065
594 1683104806 374 3685 3660 3639 3575 3617 3617 3585 4065 4065 4064 4064 4064 4064 4064 4064
595 1683104806 374 3684 3659 3638 3574 3617 3616 3584 4065 4065 4065 4065 4065 4065 4065 4065
596 1683104806 374 3684 3660 3639 3576 3617 3617 3585 4067 4067 4066 4066 4066 4066 4066 4066
597 1683104806 374 3685 3659 3638 3575 3616 3616 3584 4065 4065 4064 4064 4064 4064 4064 4064
598 1683104806 374 3684 3659 3639 3575 3617 3616 3585 4067 4067 4066 4066 4066 4066 4066 4066
599 1683104806 374 3685 3660 3640 3576 3617 3617 3585 4065 4065 4065 4065 4065 4065 4065 4065
600 1683104806 374 3685 3660 3639 3575 3617 3617 3585 4065 4065 4064 4064 4064 4064 4064 4064
601 1683104806 374 3684 3659 3638 3575 3616 3616 3584 4067 4067 4066 4066 4066 4066 4066 4066
602 1683104806 374 3685 3660 3639 3576 3618 3618 3586 4065 4065 4065 4065 4065 4065 4065 4065
603 1683104806 375 3684 3659 3639 3575 3617 3617 3585 4065 4065 4064 4064 4064 4064 4064 4064
604 1683104806 375 3684 3660 3640 3576 3618 3617 3586 4067 4067 4066 4066 4066 4066 4066 4066
605 1683104806 374 3683 3659 3639 3575 3616 3616 3584 4065 4065 4065 4065 4065 4065 4065 4065
606 1683104806 375 3684 3659 3638 3575 3617 3617 3585 4065 4065 4065 4065 4065 4065 4065 4065
607 1683104806 374 3684 3660 3639 3575 3617 3617 3585 4065 4065 4064 4064 4064 4064 4064 4064
608 1683104806 374 3684 3659 3638 3574 3617 3616 3585 4065 4065 4064 4064 4064 4064 4064 4064
609 1683104806 374 3683 3659 3638 3574 3616 3616 3584 4065 4065 4065 4065 4065 4065 4065 4065
610 1683104806 374 3684 3659 3638 3574 3617 3616 3584 4063 4063 4063 4063 4063 4063 4063 4063
611 1683104806 374 3684 3659 3638 3574 3617 3616 3584 4065 4065 4065 4065 4065 4065 4065 4065
612 1683104807 374 3684 3659 3638 3574 3617 3616 3584 4065 4065 4065 4065 4065 4065 4065 4065
613 1683104807 374 3685 3660 3639 3575 3618 3617 3585 4065 4065 4065 4065 4065 4065 4065 4065
614 1683104807 374 3685 3660 3639 3575 3617 3617 3585 4065 4065 4065 4065 4065 4065 4065 4065
615 1683104807 374 3685 3660 3639 3575 3618 3617 3585 4065 4065 4064 4064 4064 4064 4064 4064
616 1683104807 374 3684 3659 3638 3574 3616 3616 3584 4065 4065 4065 4065 4065 4065 4065 4065
617 1683104807 375 3685 3659 3639 3575 3617 3617 3585 4067 4065 4065 4065 4065 4065 4065 4065
618 1683104807 374 3685 3659 3638 3575 3617 3616 3584 4065 4065 4065 4065 4065 4065 4065 4065
619 1683104807 375 3685 3660 3639 3576 3618 3617 3586 4065 4065 4065 4065 4065 4065 4065 4065
620 1683104807 374 3684 3660 3639 3575 3617 3617 3584 4065 4065 4064 4064 4064 4064 4064 4064
621 1683104807 374 3685 3660 3639 3575 3617 3616 3585 4065 4065 4065 4065 4065 4065 4065 4065
622 1683104807 374 3685 3660 3639 3576 3618 3617 3585 4065 4065 4065 4065 4065 4065 4065 4065
623 1683104807 374 3685 3660 3639 3576 3618 3617 3585 4065 4065 4065 4065 4065 4065 4065 4065
624 1683104815 375 3683 3659 3638 3575 3617 3616 3585 4067 4065 4065 4065 4065 4065 4065 4065
625 1683104815 374 3684 3659 3638 3574 3616 3616 3584 4065 4065 4064 4064 4064 4064 4064 4064
626 1683104815 374 3684 3659 3638 3575 3617 3616 3584 4065 4065 4064 4064 4064 4064 4064 4064
627 1683104815 375 3684 3659 3638 3574 3616 3616 3584 4067 4065 4065 4065 4065 4065 4065 4065
628 1683104815 374 3683 3659 3638 3575 3617 3616 3584 4065 4065 4064 4064 4064 4064 4064 4064
629 1683104815 374 3682 3659 3638 3574 3616 3616 3584 4065 4065 4065 4065 4065 4065 4065 4065
630 1683104815 375 3684 3659 3638 3575 3617 3616 3584 4065 4065 4064 4064 4064 4064 4064 4064
631 1683104815 375 3684 3660 3639 3575 3617 3617 3585 4067 4067 4066 4066 4066 4066 4066 4066
632 1683104815 374 3684 3659 3639 3575 3617 3616 3584 4067 4067 4066 4066 4066 4066 4066 4066
633 1683104815 375 3684 3658 3638 3574 3616 3616 3584 4065 4065 4065 4065 4065 4065 4065 4065
634 1683104815 374 3684 3659 3639 3575 3617 3617 3585 4065 4065 4064 4064 4064 4064 4064 4064
635 1683104815 374 3684 3659 3639 3574 3616 3616 3584 4067 4065 4065 4065 4065 4065 4065 4065
636 1683104815 374 3685 3660 3639 3575 3617 3617 3585 4065 4065 4065 4065 4065 4065 4065 4065
637 1683104815 375 3684 3659 3639 3575 3617 3617 3585 4067 4067 4066 4066 4066 4066 4066 4066
638 1683104815 375 3685 3660 3638 3575 3617 3616 3585 4065 4065 4064 4064 4064 4064 4064 4064
639 1683104815 375 3684 3660 3640 3576 3618 3617 3585 4067 4067 4066 4066 4066 4066 4066 4066
640 1683104815 374 3684 3659 3638 3574 3616 3616 3584 4065 4065 4064 4064 4064 4064 4064 4064
641 1683104815 374 3684 3660 3639 3576 3618 3617 3586 4065 4065 4064 4064 4064 4064 4064 4064
642 1683104815 374 3685 3660 3639 3575 3617 3617 3585 4065 4065 4064 4064 4064 4064 4064 4064
643 1683104815 374 3684 3660 3639 3575 3617 3617 3585 4067 4067 4066 4066 4066 4066 4066 4066
644 1683104815 374 3683 3659 3638 3574 3617 3616 3584 4065 4065 4065 4065 4065 4065 4065 4065
645 1683104815 375 3685 3660 3640 3576 3619 3618 3586 4065 4065 4064 4064 4064 4064 4064 4064
646 1683104815 374 3685 3660 3639 3575 3617 3616 3584 4065 4065 4065 4065 4065 4065 4065 4065
647 1683104815 374 3684 3659 3638 3574 3617 3616 3585 4065 4065 4065 4065 4065 4065 4065 4065
648 1683104815 374 3684 3659 3638 3574 3616 3615 3584 4067 4067 4066 4066 4066 4066 4066 4066
649 1683104815 374 3684 3659 3638 3574 3617 3617 3584 4065 4065 4064 4064 4064 4064 4064 4064
650 1683104815 374 3685 3660 3639 3575 3618 3617 3585 4065 4065 4065 4065 4065 4065 4065 4065
651 1683104815 374 3684 3660 3639 3575 3617 3616 3585 4067 4067 4066 4066 4066 4066 4066 4066
652 1683104815 375 3685 3660 3639 3575 3617 3616 3584 4065 4065 4065 4065 4065 4065 4065 4065
653 1683104815 374 3685 3660 3639 3575 3617 3617 3585 4067 4067 4066 4066 4066 4066 4066 4066
654 1683104815 374 3685 3660 3638 3575 3617 3617 3585 4065 4065 4064 4064 4064 4064 4064 4064
655 1683104815 374 3686 3660 3640 3577 3618 3618 3586 4065 4065 4064 4064 4064 4064 4064 4064
656 1683104815 375 3685 3660 3640 3576 3617 3617 3585 4065 4065 4065 4065 4065 4065 4065 4065
657 1683104815 375 3685 3660 3639 3575 3617 3617 3585 4065 4065 4064 4064 4064 4064 4064 4064
658 1683104815 375 3684 3660 3639 3575 3618 3617 3585 4067 4067 4066 4066 4066 4066 4066 4066
659 1683104815 375 3684 3660 3639 3575 3617 3617 3585 4065 4065 4065 4065 4065 4065 4065 4065
660 1683104815 375 3685 3660 3639 3575 3618 3617 3585 4065 4065 4065 4065 4065 4065 4065 4065
661 1683104815 375 3685 3660 3639 3575 3617 3617 3585 4065 4065 4064 4064 4064 4064 4064 4064
662 1683104815 375 3684 3659 3638 3575 3617 3616 3585 4065 4065 4064 4064 4064 4064 4064 4064
663 1683104815 374 3684 3660 3640 3576 3617 3617 3585 4065 4065 4064 4064 4064 4064 4064 4064
664 1683104815 374 3685 3660 3639 3576 3617 3617 3585 4065 4065 4065 4065 4065 4065 4065 4065
665 1683104815 374 3684 3659 3639 3575 3617 3617 3585 4065 4065 4064 4064 4064 4064 4064 4064
666 1683104815 375 3685 3661 3639 3576 3618 3617 3585 4065 4065 4065 4065 4065 4065 4065 4065
667 1683104815 374 3684 3660 3639 3576 3618 3617 3585 4067 4067 4066 4066 4066 4066 4066 4066
668 1683104815 375 3685 3661 3640 3576 3618 3618 3586 4065 4065 4065 4065 4065 4065 4065 4065
669 1683104815 374 3684 3660 3639 3575 3618 3617 3585 4065 4065 4064 4064 4064 4064 4064 4064
670 1683104815 375 3685 3661 3640 3576 3618 3618 3586 4065 4065 4064 4064 4064 4064 4064 4064
671 1683104815 375 3686 3660 3640 3576 3618 3618 3586 4065 4065 4065 4065 4065 4065 4065 4065
672 1683104815 375 3685 3660 3639 3575 3618 3618 3586 4065 4065 4064 4064 4064 4064 4064 4064
673 1683104815 374 3684 3660 3639 3575 3617 3616 3584 4067 4067 4066 4066 4066 4066 4066 4066
674 1683104815 374 3685 3661 3639 3575 3617 3617 3586 4067 4067 4066 4066 4066 4066 4066 4066
675 1683104815 375 3685 3660 3639 3576 3618 3617 3586 4065 4065 4065 4065 4065 4065 4065 4065
676 1683104815 374 3685 3660 3639 3575 3617 3617 3585 4065 4065 4065 4065 4065 4065 4065 4065
677 1683104815 375 3685 3660 3639 3576 3618 3617 3586 4065 4065 4064 4064 4064 4064 4064 4064
678 1683104815 375 3685 3659 3639 3576 3618 3617 3585 4065 4065 4065 4065 4065 4065 4065 4065
679 1683104815 375 3685 3660 3639 3575 3618 3617 3585 4065 4065 4065 4065 4065 4065 4065 4065
680 1683104815 375 3685 3660 3639 3575 3617 3617 3585 4065 4065 4064 4064 4064 4064 4064 4064
681 1683104815 374 3686 3661 3640 3576 3618 3618 3586 4067 4067 4066 4066 4066 4066 4066 4066
682 1683104815 375 3684 3660 3639 3575 3617 3617 3585 4065 4065 4064 4064 4064 4064 4064 4064
683 1683104815 375 3684 3660 3638 3575 3617 3616 3585 4065 4065 4065 4065 4065 4065 4065 4065
684 1683104815 375 3685 3660 3639 3575 3617 3617 3585 4065 4065 4064 4064 4064 4064 4064 4064
685 1683104815 375 3684 3660 3639 3575 3617 3617 3585 4067 4065 4065 4065 4065 4065 4065 4065
686 1683104815 375 3684 3659 3639 3576 3618 3617 3586 4067 4065 4065 4065 4065 4065 4065 4065
687 1683104815 375 3684 3660 3639 3575 3617 3617 3585 4065 4065 4065 4065 4065 4065 4065 4065
688 1683104815 375 3685 3660 3640 3576 3618 3618 3586 4067 4067 4066 4066 4066 4066 4066 4066
689 1683104815 374 3685 3660 3639 3576 3618 3617 3585 4065 4065 4065 4065 4065 4065 4065 4065
690 1683104815 375 3685 3661 3640 3576 3618 3618 3586 4065 4065 4065 4065 4065 4065 4065 4065
691 1683104815 375 3684 3659 3638 3575 3617 3617 3585 4065 4065 4065 4065 4065 4065 4065 4065
692 1683104815 375 3685 3660 3640 3576 3618 3617 3586 4065 4065 4065 4065 4065 4065 4065 4065
693 1683104815 375 3684 3660 3639 3576 3618 3617 3585 4065 4065 4065 4065 4065 4065 4065 4065
694 1683104815 375 3685 3661 3640 3576 3618 3618 3586 4067 4067 4066 4066 4066 4066 4066 4066
695 1683104815 375 3685 3661 3640 3576 3618 3617 3585 4065 4065 4065 4065 4065 4065 4065 4065
696 1683104815 375 3685 3660 3640 3576 3618 3618 3585 4067 4067 4066 4066 4066 4066 4066 4066
697 1683104815 375 3685 3660 3639 3576 3618 3617 3585 4065 4065 4065 4065 4065 4065 4065 4065
698 1683104815 375 3685 3660 3639 3575 3618 3617 3585 4065 4065 4064 4064 4064 4064 4064 4064
699 1683104816 375 3684 3659 3640 3575 3618 3617 3586 4067 4067 4066 4066 4066 4066 4066 4066
700 1683104816 375 3686 3661 3640 3576 3618 3618 3586 4065 4065 4065 4065 4065 4065 4065 4065
701 1683104816 375 3685 3661 3640 3576 3619 3618 3586 4065 4065 4065 4065 4065 4065 4065 4065
702 1683104816 374 3686 3661 3640 3576 3618 3618 3585 4065 4065 4065 4065 4065 4065 4065 4065
703 1683104816 374 3685 3660 3639 3576 3618 3617 3585 4065 4065 4065 4065 4065 4065 4065 4065
704 1683104816 375 3685 3660 3639 3576 3617 3616 3585 4067 4067 4066 4066 4066 4066 4066 4066
705 1683104816 375 3685 3660 3639 3576 3618 3618 3586 4065 4065 4064 4064 4064 4064 4064 4064
706 1683104816 375 3685 3661 3640 417 3617 3618 3586 4065 4065 4065 4065 4065 4065 4065 4065
707 1683104816 375 3684 3660 3639 3576 3618 3618 3586 4065 4065 4065 4065 4065 4065 4065 4065
708 1683104816 375 3685 3660 3639 3575 3618 3617 3585 4065 4065 4064 4064 4064 4064 4064 4064
709 1683104816 375 3685 3660 3640 3576 3618 3617 3585 4065 4065 4065 4065 4065 4065 4065 4065
710 1683104816 375 3685 3660 3640 3576 3618 3617 3586 4067 4067 4066 4066 4066 4066 4066 4066
711 1683104816 375 3684 3660 3639 3576 3617 3618 3586 4065 4065 4065 4065 4065 4065 4065 4065
712 1683104816 375 3685 3660 3639 3576 3618 3617 3585 4065 4065 4065 4065 4065 4065 4065 4065
713 1683104816 375 3685 3661 3640 3576 3618 3618 3586 4067 4067 4066 4066 4066 4066 4066 4066
714 1683104816 375 3685 3661 3640 3576 3619 3618 3586 4063 4063 4063 4063 4063 4063 4063 4063
715 1683104816 375 3686 3662 3641 3577 3619 3619 3587 4067 4067 4066 4066 4066 4066 4066 4066
716 1683104816 375 3685 3660 3640 3576 3618 3618 3586 4067 4067 4066 4066 4066 4066 4066 4066
717 1683104816 375 3684 3660 3639 3575 3617 3617 3585 4065 4065 4065 4065 4065 4065 4065 4065
718 1683104816 375 3686 3661 3641 3577 3619 3618 3586 4061 4061 4061 4061 4061 4061 4061 4061
719 1683104816 375 3686 3661 3641 3577 3619 3618 3586 4065 4065 4065 4065 4065 4065 4065 4065
720 1683104816 375 3685 3661 3640 3576 3618 3617 3586 4067 4065 4065 4065 4065 4065 4065 4065
721 1683104816 375 3685 3660 3639 3575 3617 3617 3585 4065 4065 4064 4064 4064 4064 4064 4064
722 1683104816 375 3685 3660 3639 3575 3618 3617 3585 4065 4065 4065 4065 4065 4065 4065 4065
723 1683104816 375 3686 3661 3640 3576 3619 3618 3586 4065 4065 4065 4065 4065 4065 4065 4065
724 1683104816 375 3686 3661 3640 3576 3618 3618 3586 4065 4065 4064 4064 4064 4064 4064 4064
725 1683104816 375 3686 3661 3640 3576 3618 3618 3587 4065 4065 4064 4064 4064 4064 4064 4064
726 1683104816 375 3686 3662 3641 3577 3619 3619 3587 4065 4065 4065 4065 4065 4065 4065 4065
727 1683104816 375 3685 3660 3639 3575 3617 3617 3585 4065 4065 4065 4065 4065 4065 4065 4065
728 1683104816 374 3684 3659 3638 3575 3617 3616 3584 4065 4065 4065 4065 4065 4065 4065 4065
729 1683104816 373 3683 3658 3638 3574 3616 3615 3584 4065 4065 4065 4065 4065 4065 4065 4065
730 1683104816 373 3684 3659 3638 3575 3616 3616 3584 4065 4065 4065 4065 4065 4065 4065 4065
731 1683104816 373 3683 3659 3638 3574 3616 3616 3584 4065 4065 4065 4065 4065 4065 4065 4065
732 1683104824 374 3682 3657 3637 3573 3615 3615 3583 4065 4065 4064 4064 4064 4064 4064 4064
733 1683104824 373 3683 3658 3638 3575 3617 3616 3584 4065 4065 4065 4065 4065 4065 4065 4065
734 1683104824 373 3684 3659 3638 3575 3617 3617 3585 4065 4065 4064 4064 4064 4064 4064 4064
735 1683104824 374 3683 3658 3637 3574 3616 3616 3584 4065 4065 4065 4065 4065 4065 4065 4065
736 1683104824 373 3683 3658 3637 3573 3615 3615 3583 4065 4065 4064 4064 4064 4064 4064 4064
737 1683104824 373 3685 3659 3638 3574 3617 3616 3584 4065 4065 4065 4065 4065 4065 4065 4065
738 1683104824 373 3684 3659 3638 3574 3616 3615 3583 4065 4065 4064 4064 4064 4064 4064 4064
739 1683104824 373 3683 3659 3638 3574 3616 3616 3584 4065 4065 4065 4065 4065 4065 4065 4065
740 1683104824 373 3683 3659 3638 3574 3616 3615 3584 4065 4065 4064 4064 4064 4064 4064 4064
741 1683104824 374 3683 3659 3638 3574 3616 3616 3583 4065 4065 4065 4065 4065 4065 4065 4065
742 1683104824 374 3684 3659 3639 3575 3617 3617 3584 4067 4067 4066 4066 4066 4066 4066 4066
743 1683104824 373 3683 3659 3638 3574 3616 3616 3583 4065 4065 4065 4065 4065 4065 4065 4065
744 1683104832 374 3682 3657 3637 3573 3615 3614 3583 4065 4065 4065 4065 4065 4065 4065 4065
745 1683104832 373 3683 3658 3637 3573 3616 3616 3584 4065 4065 4065 4065 4065 4065 4065 4065
746 1683104832 374 3683 3658 3637 3574 3615 3615 3583 4065 4065 4065 4065 4065 4065 4065 4065
747 1683104832 374 3683 3659 3638 3574 3616 3616 3584 4067 4067 4066 4066 4066 4066 4066 4066
748 1683104832 373 3683 3658 3638 3574 3616 3615 3583 4067 4067 4066 4066 4066 4066 4066 4066
749 1683104832 373 3683 3658 3637 3573 3615 3615 3583 4065 4065 4065 4065 4065 4065 4065 4065
750 1683104832 373 3683 3658 3637 3574 3616 3615 3583 4065 4065 4064 4064 4064 4064 4064 4064
751 1683104832 374 3684 3658 3638 3574 3616 3616 3584 4065 4065 4064 4064 4064 4064 4064 4064
752 1683104832 374 3683 3658 3637 3573 3616 3616 3583 4067 4065 4065 4065 4065 4065 4065 4065
753 1683104832 374 3683 3659 3637 3574 3615 3615 3584 4067 4067 4066 4066 4066 4066 4066 4066
754 1683104832 374 3683 3659 3638 3574 3616 3616 3584 4067 4065 4065 4065 4065 4065 4065 4065
755 1683104832 374 3682 3658 3637 3573 3615 3615 3582 4063 4063 4063 4063 4063 4063 4063 4063
756 1683104832 373 3681 3658 3638 3573 3616 3615 3583 4065 4065 4065 4065 4065 4065 4065 4065
757 1683104832 374 3683 3658 3637 3573 3616 3615 3583 4065 4065 4065 4065 4065 4065 4065 4065
758 1683104832 373 3684 3659 3638 3575 3617 3616 3584 4067 4065 4065 4065 4065 4065 4065 4065
759 1683104832 373 3683 3658 3637 3573 3616 3615 3583 4065 4065 4065 4065 4065 4065 4065 4065
760 1683104832 374 3683 3659 3638 3574 3616 3616 3584 4067 4067 4066 4066 4066 4066 4066 4066
761 1683104832 374 3683 3658 3637 3574 3616 3616 3583 4065 4065 4064 4064 4064 4064 4064 4064
762 1683104832 373 3683 3658 3638 3574 3616 3616 3584 4067 4067 4066 4066 4066 4066 4066 4066
763 1683104832 374 3682 3658 3637 3574 3615 3615 3583 4065 4065 4065 4065 4065 4065 4065 4065
764 1683104832 374 3683 3658 3638 3574 3616 3616 3584 4067 4065 4065 4065 4065 4065 4065 4065
765 1683104832 373 3684 3658 3637 3574 3616 3615 3583 4065 4065 4064 4064 4064 4064 4064 4064
766 1683104832 373 3683 3658 3637 3573 3616 3615 3583 4065 4065 4065 4065 4065 4065 4065 4065
767 1683104832 374 3683 3658 3637 3573 3616 3616 3583 4065 4065 4064 4064 4064 4064 4064 4064
768 1683104832 374 3683 3659 3638 3574 3616 3616 3584 4065 4065 4064 4064 4064 4064 4064 4064
769 1683104832 374 3683 3658 3637 3574 3616 3615 3584 4067 4067 4066 4066 4066 4066 4066 4066
770 1683104832 374 3683 3658 3638 3573 3616 3615 3584 4065 4065 4065 4065 4065 4065 4065 4065
771 1683104832 374 3684 3659 3638 3575 3617 3617 3584 4065 4065 4065 4065 4065 4065 4065 4065
772 1683104832 373 3683 3658 3638 3574 3616 3616 3583 4065 4065 4064 4064 4064 4064 4064 4064
773 1683104832 374 3683 3658 3637 3573 3616 3615 3583 4065 4065 4064 4064 4064 4064 4064 4064
774 1683104832 374 3683 3659 3638 3574 3617 3616 3584 4067 4067 4066 4066 4066 4066 4066 4066
775 1683104832 373 3684 3659 3638 3575 3616 3616 3584 4065 4065 4065 4065 4065 4065 4065 4065
776 1683104832 374 3683 3658 3638 3573 3616 3615 3583 4065 4065 4065 4065 4065 4065 4065 4065
777 1683104832 374 3682 3657 3637 3573 3616 3615 3583 4065 4065 4065 4065 4065 4065 4065 4065
778 1683104832 374 3683 3658 3637 3574 3616 3616 3584 4067 4067 4066 4066 4066 4066 4066 4066
779 1683104832 374 3683 3658 3637 3574 3616 3615 3583 4065 4065 4064 4064 4064 4064 4064 4064
780 1683104832 374 3684 3658 3638 3574 3616 3616 3583 4067 4065 4065 4065 4065 4065 4065 4065
781 1683104832 374 3683 3659 3638 3574 3616 3616 3584 4065 4065 4065 4065 4065 4065 4065 4065
782 1683104832 374 3683 3658 3638 3574 3616 3616 3584 4065 4065 4065 4065 4065 4065 4065 4065
783 1683104832 374 3683 3659 3637 3574 3616 3616 3584 4065 4065 4064 4064 4064 4064 4064 4064
784 1683104832 374 3683 3658 3638 3574 3616 3615 3584 4065 4065 4065 4065 4065 4065 4065 4065
785 1683104832 374 3683 3658 3638 3574 3616 3616 3584 4065 4065 4064 4064 4064 4064 4064 4064
786 1683104832 374 3683 3658 3637 3574 3616 3615 3584 4065 4065 4065 4065 4065 4065 4065 4065
787 1683104832 374 3682 3658 3638 3574 3616 3616 3584 4067 4065 4065 4065 4065 4065 4065 4065
788 1683104832 374 3683 3658 3639 3575 3617 3617 3584 4065 4065 4064 4064 4064 4064 4064 4064
789 1683104832 374 3684 3659 3638 3575 3617 3617 3584 4065 4065 4064 4064 4064 4064 4064 4064
790 1683104832 374 3682 3657 3636 3572 3615 3614 3583 4065 4065 4064 4064 4064 4064 4064 4064
791 1683104832 374 3684 3659 3638 3575 3617 3616 3584 4065 4065 4064 4064 4064 4064 4064 4064
792 1683104832 374 3684 3659 3638 3575 3617 3616 3584 4063 4063 4063 4063 4063 4063 4063 4063
793 1683104832 374 3684 3659 3638 3574 3617 3616 3584 4065 4065 4065 4065 4065 4065 4065 4065
794 1683104832 373 3683 3659 3638 3574 3616 3616 3584 4065 4065 4064 4064 4064 4064 4064 4064
795 1683104832 374 3683 3658 3637 3574 3616 3615 3584 4067 4067 4066 4066 4066 4066 4066 4066
796 1683104832 374 3683 3659 3638 3574 3617 3616 3585 4067 4065 4065 4065 4065 4065 4065 4065
797 1683104833 374 3684 3659 3638 3574 3616 3616 3584 4067 4067 4066 4066 4066 4066 4066 4066
798 1683104833 374 3685 3660 3639 3575 3617 3617 3585 4065 4065 4065 4065 4065 4065 4065 4065
799 1683104833 375 3684 3659 3639 3575 3618 3617 3586 4067 4067 4066 4066 4066 4066 4066 4066
800 1683104833 374 3684 3659 3638 3574 3616 3616 3584 4065 4065 4064 4064 4064 4064 4064 4064
801 1683104833 374 3684 3659 3639 3574 3617 3617 3585 4065 4065 4065 4065 4065 4065 4065 4065
802 1683104833 374 3683 3659 3638 3575 3617 3616 3584 4065 4065 4064 4064 4064 4064 4064 4064
803 1683104833 374 3685 3660 3639 3575 3618 3617 3585 4065 4065 4064 4064 4064 4064 4064 4064
804 1683104841 374 3682 3658 3637 3573 3615 3615 3583 4065 4065 4065 4065 4065 4065 4065 4065
805 1683104841 374 3683 3659 3638 3575 3616 3616 3584 4065 4065 4065 4065 4065 4065 4065 4065
806 1683104841 374 3683 3658 3637 3574 3616 3615 3584 4065 4065 4065 4065 4065 4065 4065 4065
807 1683104841 374 3683 3658 3638 3574 3616 3615 3583 4063 4063 4062 4062 4062 4062 4062 4062
808 1683104841 374 3683 3658 3638 3574 3616 3616 3584 4065 4065 4065 4065 4065 4065 4065 4065
809 1683104841 374 3683 3658 3637 3574 3616 3615 3583 4065 4065 4065 4065 4065 4065 4065 4065
810 1683104841 374 3684 3659 3638 3574 3616 3616 3584 4065 4065 4065 4065 4065 4065 4065 4065
811 1683104841 374 3683 3658 3638 3574 3616 3616 3583 4065 4065 4065 4065 4065 4065 4065 4065
812 1683104841 374 3683 3658 3637 3574 3615 3616 3584 4065 4065 4064 4064 4064 4064 4064 4064
813 1683104841 374 3683 3659 3638 3575 3617 3616 3584 4067 4067 4066 4066 4066 4066 4066 4066
814 1683104841 374 3683 3657 3637 3573 3615 3615 3583 4065 4065 4064 4064 4064 4064 4064 4064
815 1683104841 374 3683 3658 3637 3574 3615 3615 3583 4065 4065 4065 4065 4065 4065 4065 4065
816 1683104841 374 3683 3658 3637 3574 3616 3615 3584 4065 4065 4064 4064 4064 4064 4064 4064
817 1683104841 374 3683 3659 3639 3575 3618 3617 3585 4065 4065 4065 4065 4065 4065 4065 4065
818 1683104841 374 3684 3660 3638 3575 3617 3616 3584 4065 4065 4065 4065 4065 4065 4065 4065
819 1683104841 374 3684 3659 3638 3574 3616 3616 3584 4065 4065 4065 4065 4065 4065 4065 4065
820 1683104841 374 3683 3658 3637 3573 3616 3616 3583 4065 4065 4064 4064 4064 4064 4064 4064
821 1683104841 374 3683 3659 3638 3574 3616 3616 3584 4065 4065 4065 4065 4065 4065 4065 4065
822 1683104841 374 3684 3660 3639 3575 3617 3617 3585 4065 4065 4065 4065 4065 4065 4065 4065
823 1683104841 374 3684 3659 3638 3574 3616 3616 3584 4065 4065 4065 4065 4065 4065 4065 4065
824 1683104841 374 3683 3658 3637 3574 3616 3615 3583 4065 4065 4064 4064 4064 4064 4064 4064
825 1683104841 375 3683 3658 3637 3573 3616 3615 3584 4065 4065 4065 4065 4065 4065 4065 4065
826 1683104841 374 3684 3659 3638 3574 3616 3617 3585 4065 4065 4065 4065 4065 4065 4065 4065
827 1683104841 374 3684 3659 3638 3575 3617 3616 3584 4065 4065 4064 4064 4064 4064 4064 4064
828 1683104841 374 3684 3660 3639 3575 3617 3617 3585 4065 4065 4065 4065 4065 4065 4065 4065
829 1683104841 374 3684 3659 3638 3575 3617 3617 3585 4065 4065 4064 4064 4064 4064 4064 4064
830 1683104841 374 3684 3659 3638 3574 3616 3616 3584 4065 4065 4065 4065 4065 4065 4065 4065
831 1683104841 374 3684 3660 3638 3574 3617 3616 3584 4065 4065 4064 4064 4064 4064 4064 4064
832 1683104841 374 3684 3659 3639 3575 3617 3617 3585 4065 4065 4065 4065 4065 4065 4065 4065
833 1683104841 374 3684 3660 3639 3575 3617 3617 3585 4065 4065 4065 4065 4065 4065 4065 4065
834 1683104841 374 3684 3658 3638 3574 3616 3616 3584 4065 4065 4065 4065 4065 4065 4065 4065
835 1683104841 374 3685 3659 3639 3575 3617 3617 3585 4065 4065 4065 4065 4065 4065 4065 4065
836 1683104841 374 3684 3659 3639 3574 3616 3616 3584 4065 4065 4065 4065 4065 4065 4065 4065
837 1683104841 374 3684 3659 3638 3574 3617 3616 3584 4065 4065 4064 4064 4064 4064 4064 4064
838 1683104841 374 3685 3659 3639 3575 3617 3617 3585 4065 4065 4065 4065 4065 4065 4065 4065
839 1683104841 374 3684 3659 3638 3575 3616 3616 3584 4065 4065 4065 4065 4065 4065 4065 4065
840 1683104841 373 3684 3659 3638 3574 3616 3616 3584 4063 4063 4062 4062 4062 4062 4062 4062
841 1683104841 374 3684 3659 3638 3574 3617 3616 3584 4065 4065 4064 4064 4064 4064 4064 4064
842 1683104841 374 3685 3659 3640 3576 3618 3617 3585 4065 4065 4064 4064 4064 4064 4064 4064
843 1683104841 374 3684 3659 3638 3575 3616 3616 3584 4065 4065 4065 4065 4065 4065 4065 4065
844 1683104841 374 3684 3659 3638 3574 3616 3616 3585 4065 4065 4064 4064 4064 4064 4064 4064
845 1683104841 375 3684 3659 3638 3575 3617 3616 3585 4065 4065 4065 4065 4065 4065 4065 4065
846 1683104841 374 3684 3659 3639 3575 3617 3617 3584 4065 4065 4065 4065 4065 4065 4065 4065
847 1683104841 374 3683 3658 3638 3574 3616 3616 3584 4065 4065 4065 4065 4065 4065 4065 4065
848 1683104841 374 3684 3660 3639 3575 3618 3618 3586 4065 4065 4064 4064 4064 4064 4064 4064
849 1683104841 374 3683 3660 3639 3575 3617 3617 3585 4063 4063 4062 4062 4062 4062 4062 4062
850 1683104841 374 3685 3660 3639 3575 3617 3617 3585 4065 4065 4065 4065 4065 4065 4065 4065
851 1683104841 374 3684 3659 3639 3575 3617 3617 3585 4065 4065 4065 4065 4065 4065 4065 4065
852 1683104841 374 3685 3660 3639 3575 3617 3617 3585 4065 4065 4064 4064 4064 4064 4064 4064
853 1683104841 374 3685 3659 3639 3575 3618 3617 3585 4065 4065 4065 4065 4065 4065 4065 4065
854 1683104841 374 3684 3659 3639 3575 3618 3617 3585 4065 4065 4065 4065 4065 4065 4065 4065
855 1683104841 374 3684 3660 3638 3575 3617 3616 3585 4065 4065 4065 4065 4065 4065 4065 4065
856 1683104841 374 3684 3660 3639 3575 3617 3617 3585 4065 4065 4065 4065 4065 4065 4065 4065
857 1683104841 375 3683 3658 3638 3574 3616 3616 3584 4065 4065 4065 4065 4065 4065 4065 4065
858 1683104841 374 3685 3659 3639 3575 3617 3617 3585 4065 4065 4064 4064 4064 4064 4064 4064
859 1683104841 374 3683 3658 3637 3574 3616 3616 3584 4065 4065 4065 4065 4065 4065 4065 4065
860 1683104841 374 3685 3660 3638 3575 3616 3616 3584 4065 4065 4065 4065 4065 4065 4065 4065
861 1683104841 374 3684 3659 3639 3575 3617 3617 3585 4067 4067 4066 4066 4066 4066 4066 4066
862 1683104841 375 3685 3660 3639 3575 3617 3617 3585 4067 4067 4066 4066 4066 4066 4066 4066
863 1683104841 374 3683 3658 3638 3574 3616 3616 3584 4067 4065 4065 4065 4065 4065 4065 4065
864 1683104841 374 3684 3659 3638 3574 3616 3616 3584 4065 4065 4064 4064 4064 4064 4064 4064
865 1683104841 374 3685 3660 3639 3574 3617 3617 3584 4065 4065 4065 4065 4065 4065 4065 4065
866 1683104841 374 3684 3659 3638 3575 3617 3617 3585 4065 4065 4065 4065 4065 4065 4065 4065
867 1683104841 374 3685 3660 3639 3575 3617 3616 3585 4065 4065 4065 4065 4065 4065 4065 4065
868 1683104841 374 3685 3660 3640 3576 3618 3617 3585 4065 4065 4065 4065 4065 4065 4065 4065
869 1683104841 374 3684 3659 3639 3575 3617 3617 3585 4065 4065 4065 4065 4065 4065 4065 4065
870 1683104842 374 3685 3660 3639 3575 3616 3616 3585 4065 4065 4065 4065 4065 4065 4065 4065
871 1683104842 375 3685 3660 3639 3575 3617 3617 3585 4065 4065 4065 4065 4065 4065 4065 4065
872 1683104842 375 3685 3660 3639 3576 3618 3617 3586 4065 4065 4065 4065 4065 4065 4065 4065
873 1683104842 375 3685 3660 3640 3576 3618 3618 3586 4065 4065 4064 4064 4064 4064 4064 4064
874 1683104842 374 3685 3661 3640 3576 3618 3618 3586 4065 4065 4065 4065 4065 4065 4065 4065
875 1683104842 374 3685 3661 3640 3575 3617 3617 3585 4067 4067 4066 4066 4066 4066 4066 4066
876 1683104842 375 3686 3661 3639 3576 3618 3618 3586 4065 4065 4064 4064 4064 4064 4064 4064
877 1683104842 374 3684 3659 3639 3575 3617 3616 3585 4065 4065 4065 4065 4065 4065 4065 4065
878 1683104842 374 3685 3660 3639 3575 3618 3617 3586 4065 4065 4064 4064 4064 4064 4064 4064
879 1683104842 374 3685 3660 3638 3575 3617 3616 3584 4065 4065 4065 4065 4065 4065 4065 4065
880 1683104842 374 3683 3658 3638 3574 3617 3616 3584 4065 4065 4064 4064 4064 4064 4064 4064
881 1683104842 375 3683 3659 3638 3575 3617 3617 3585 4065 4065 4064 4064 4064 4064 4064 4064
882 1683104842 374 3684 3660 3639 3576 3618 3617 3585 4065 4065 4065 4065 4065 4065 4065 4065
883 1683104842 374 3685 3660 3640 3576 3618 3617 3586 4067 4065 4065 4065 4065 4065 4065 4065
884 1683104842 375 3684 3660 3639 3575 3617 3617 3585 4065 4065 4065 4065 4065 4065 4065 4065
885 1683104842 374 3685 3661 3640 3576 3618 3617 3585 4065 4065 4064 4064 4064 4064 4064 4064
886 1683104842 375 3684 3660 3639 3575 3617 3616 3584 4065 4065 4064 4064 4064 4064 4064 4064
887 1683104842 374 3685 3660 3639 3575 3617 3617 3585 4065 4065 4064 4064 4064 4064 4064 4064
888 1683104842 374 3684 3660 3638 3575 3617 3617 3585 4067 4067 4066 4066 4066 4066 4066 4066
889 1683104842 375 3685 3660 3640 3576 3618 3617 3586 4067 4065 4065 4065 4065 4065 4065 4065
890 1683104842 374 3685 3660 3640 3576 3618 3618 3586 4067 4067 4066 4066 4066 4066 4066 4066
891 1683104842 374 3685 3660 3639 3575 3617 3617 3585 4065 4065 4065 4065 4065 4065 4065 4065
892 1683104842 375 3684 3659 3638 3575 3617 3617 3585 4067 4067 4066 4066 4066 4066 4066 4066
893 1683104842 375 3684 3659 3639 3575 3617 3617 3585 4065 4065 4065 4065 4065 4065 4065 4065
894 1683104842 375 3685 3659 3639 3575 3617 3617 3585 4065 4065 4065 4065 4065 4065 4065 4065
895 1683104842 374 3685 3660 3640 3576 3618 3618 3586 4065 4065 4065 4065 4065 4065 4065 4065
896 1683104842 375 3684 3660 3639 3575 3617 3617 3585 4065 4065 4065 4065 4065 4065 4065 4065
897 1683104842 375 3685 3660 3639 3575 3617 3617 3585 4065 4065 4064 4064 4064 4064 4064 4064
898 1683104842 374 3684 3659 3638 3574 3616 3616 3584 4065 4065 4065 4065 4065 4065 4065 4065
899 1683104842 374 3685 3660 3639 3575 3617 3617 3585 4065 4065 4065 4065 4065 4065 4065 4065
900 1683104842 374 3685 3660 3639 3575 3617 3617 3585 4065 4065 4064 4064 4064 4064 4064 4064
901 1683104842 375 3684 3659 3639 3575 3617 3617 3585 4067 4065 4065 4065 4065 4065 4065 4065
902 1683104842 374 3685 3660 3639 3575 3617 3617 3585 4065 4065 4065 4065 4065 4065 4065 4065
903 1683104842 374 3685 3660 3639 3575 3617 3617 3585 4065 4065 4064 4064 4064 4064 4064 4064
904 1683104842 374 3684 3660 3639 3575 3617 3617 3585 4067 4067 4066 4066 4066 4066 4066 4066
905 1683104842 374 3686 3661 3640 3576 3618 3618 3586 4065 4065 4065 4065 4065 4065 4065 4065
906 1683104842 374 3684 3660 3639 3575 3618 3617 3585 4065 4065 4065 4065 4065 4065 4065 4065
907 1683104842 374 3686 3661 3640 3576 3618 3617 3586 4067 4065 4065 4065 4065 4065 4065 4065
908 1683104842 374 3685 3660 3639 3575 3617 3617 3585 4065 4065 4064 4064 4064 4064 4064 4064
909 1683104842 374 3685 3660 3639 3576 3618 3617 3585 4067 4067 4066 4066 4066 4066 4066 4066
910 1683104842 375 3686 3661 3640 3576 3618 3618 3586 4067 4067 4066 4066 4066 4066 4066 4066
911 1683104842 374 3685 3660 3640 3575 3618 3617 3585 4065 4065 4064 4064 4064 4064 4064 4064
912 1683104842 375 3684 3660 3640 3576 3618 3618 3586 4065 4065 4065 4065 4065 4065 4065 4065
913 1683104842 375 3685 3661 3640 3576 3619 3618 3587 4065 4065 4064 4064 4064 4064 4064 4064
914 1683104842 374 3685 3660 3639 3575 3618 3617 3586 4065 4063 4063 4063 4063 4063 4063 4063
915 1683104842 374 3685 3659 3639 3575 3617 3617 3585 4065 4065 4065 4065 4065 4065 4065 4065
916 1683104842 375 3686 3661 3640 3577 3618 3618 3586 4065 4065 4064 4064 4064 4064 4064 4064
917 1683104842 375 3684 3660 3639 3575 3618 3617 3585 4065 4065 4065 4065 4065 4065 4065 4065
918 1683104842 375 3686 3661 3640 3576 3618 3618 3586 4067 4065 4065 4065 4065 4065 4065 4065
919 1683104842 375 3684 3659 3638 3574 3617 3617 3586 4065 4065 4064 4064 4064 4064 4064 4064
920 1683104842 374 3686 3661 3640 3576 3618 3618 3586 4065 4065 4065 4065 4065 4065 4065 4065
921 1683104842 375 3685 3660 3640 3576 3618 3618 3586 4065 4065 4065 4065 4065 4065 4065 4065
922 1683104842 375 3684 3660 3639 3575 3617 3617 3585 4065 4065 4065 4065 4065 4065 4065 4065
923 1683104842 374 3685 3660 3640 3576 3618 3617 3586 4065 4065 4065 4065 4065 4065 4065 4065
924 1683104842 375 3684 3659 3638 3575 3617 3616 3585 4065 4065 4064 4064 4064 4064 4064 4064
925 1683104842 375 3685 3660 3640 3576 3618 3618 3586 4067 4067 4066 4066 4066 4066 4066 4066
926 1683104842 374 3685 3660 3640 3576 3618 3618 3586 4065 4065 4065 4065 4065 4065 4065 4065
927 1683104842 375 3685 3661 3639 3576 3618 3618 3585 4065 4065 4065 4065 4065 4065 4065 4065
928 1683104842 375 3684 3660 3639 3575 3617 3617 3585 4065 4065 4065 4065 4065 4065 4065 4065
929 1683104842 375 3685 3660 3639 3575 3617 3617 3585 4065 4065 4065 4065 4065 4065 4065 4065
930 1683104842 375 3686 3660 3640 3577 3619 3618 3586 4065 4065 4065 4065 4065 4065 4065 4065
931 1683104842 374 3685 3660 3639 3575 3618 3618 3585 4065 4065 4064 4064 4064 4064 4064 4064
932 1683104842 375 3685 3660 3639 3576 3617 3617 3585 4065 4065 4064 4064 4064 4064 4064 4064
933 1683104842 375 3685 3660 3640 3576 3618 3618 3586 4065 4065 4064 4064 4064 4064 4064 4064
934 1683104842 374 3685 3660 3640 3576 3618 3618 3586 4065 4065 4065 4065 4065 4065 4065 4065
935 1683104843 374 3685 3661 3640 3576 3618 3617 3586 4065 4065 4065 4065 4065 4065 4065 4065
936 1683104843 375 3685 3661 3640 3576 3618 3618 3586 4065 4065 4065 4065 4065 4065 4065 4065
937 1683104843 374 3684 3660 3639 3575 3618 3617 3585 4067 4065 4065 4065 4065 4065 4065 4065
938 1683104843 375 3685 3660 3639 3576 3618 3617 3585 4065 4065 4065 4065 4065 4065 4065 4065
939 1683104843 375 3686 3661 3640 3577 3619 3618 3586 4065 4065 4065 4065 4065 4065 4065 4065
940 1683104843 375 3685 3660 3639 3576 3618 3618 3586 4065 4065 4065 4065 4065 4065 4065 4065
941 1683104843 374 3686 3660 3640 3576 3618 3618 3585 4065 4065 4065 4065 4065 4065 4065 4065
942 1683104843 375 3685 3660 3640 3576 3618 3618 3586 4065 4065 4064 4064 4064 4064 4064 4064
943 1683104843 375 3685 3660 3639 3575 3617 3617 3585 4065 4065 4065 4065 4065 4065 4065 4065
944 1683104843 374 3684 3661 3639 3576 3618 3617 3585 4065 4065 4064 4064 4064 4064 4064 4064
945 1683104843 375 3685 3660 3639 3576 3618 3618 3585 4065 4065 4065 4065 4065 4065 4065 4065
946 1683104843 375 3684 3659 3639 3575 3617 3617 3584 4067 4067 4066 4066 4066 4066 4066 4066
947 1683104843 375 3684 3660 3639 3575 3618 3617 3585 4067 4067 4066 4066 4066 4066 4066 4066
948 1683104843 375 3685 3660 3640 3576 3618 3618 3586 4065 4065 4064 4064 4064 4064 4064 4064
949 1683104843 375 3685 3660 3639 3576 3618 3617 3585 4067 4065 4065 4065 4065 4065 4065 4065
950 1683104843 375 3686 3660 3640 3576 3618 3618 3586 4065 4065 4065 4065 4065 4065 4065 4065
951 1683104843 375 3685 3660 3640 3576 3618 3617 3585 4065 4065 4064 4064 4064 4064 4064 4064
952 1683104843 375 3684 3659 3639 3575 3617 3617 3585 4065 4065 4064 4064 4064 4064 4064 4064
953 1683104843 375 3685 3660 3639 3576 3618 3618 3586 4065 4065 4065 4065 4065 4065 4065 4065
954 1683104843 375 3686 3661 3640 3577 3619 3618 3586 4067 4067 4066 4066 4066 4066 4066 4066
955 1683104843 375 3685 3660 3640 3575 3618 3617 3585 4065 4065 4065 4065 4065 4065 4065 4065
956 1683104843 375 3685 3660 3639 3576 3618 3617 3585 4065 4065 4065 4065 4065 4065 4065 4065
957 1683104843 375 3686 3661 3640 3576 3618 3618 3586 4067 4065 4065 4065 4065 4065 4065 4065
958 1683104843 375 3685 3660 3639 3575 3617 3617 3586 4065 4065 4064 4064 4064 4064 4064 4064
959 1683104843 375 3685 3661 3640 3576 3619 3618 1728 4065 4065 4064 4064 4064 4064 4064 4064
960 1683104843 374 3686 3661 3640 3576 3618 3618 3586 4065 4065 4065 4065 4065 4065 4065 4065
961 1683104843 375 3685 3660 3639 3576 3618 3618 3586 4065 4065 4065 4065 4065 4065 4065 4065
962 1683104843 375 3686 3661 3640 3576 3618 3618 3586 4065 4065 4064 4064 4064 4064 4064 4064
963 1683104843 375 3686 3661 3640 3576 3619 3618 3586 4065 4065 4065 4065 4065 4065 4065 4065
964 1683104843 375 3684 3660 3639 3576 3618 3617 3585 4065 4065 4065 4065 4065 4065 4065 4065
965 1683104843 375 3686 3660 3640 3576 3619 3618 3586 4065 4065 4065 4065 4065 4065 4065 4065
966 1683104843 375 3685 3661 3639 3576 3618 3617 3585 4065 4065 4065 4065 4065 4065 4065 4065
967 1683104843 375 3685 3660 3640 3576 3618 3618 3585 4065 4065 4065 4065 4065 4065 4065 4065
968 1683104843 375 3686 3661 3640 3576 3618 3618 3586 4067 4067 4066 4066 4066 4066 4066 4066
969 1683104843 375 3685 3660 3639 3576 3617 3618 3585 4065 4065 4064 4064 4064 4064 4064 4064
970 1683104843 375 3686 3661 3640 3576 3618 3618 3586 4065 4065 4065 4065 4065 4065 4065 4065
971 1683104843 375 3686 3661 3640 3577 3619 3618 3587 4067 4067 4066 4066 4066 4066 4066 4066
972 1683104843 375 3685 3660 3640 3575 3618 3618 3586 4067 4065 4065 4065 4065 4065 4065 4065
973 1683104843 375 3686 3661 3640 3576 3618 3618 3586 4065 4065 4065 4065 4065 4065 4065 4065
974 1683104843 375 3685 3660 3640 3576 3619 3618 3586 4065 4065 4065 4065 4065 4065 4065 4065
975 1683104843 375 3685 3660 3639 3575 3617 3617 3585 4065 4065 4065 4065 4065 4065 4065 4065
976 1683104843 375 3684 3660 3639 3576 3618 3617 3586 4065 4065 4064 4064 4064 4064 4064 4064
977 1683104843 375 3685 3661 3640 3576 3618 3618 3586 4065 4065 4064 4064 4064 4064 4064 4064
978 1683104843 375 3686 3661 3640 3576 3618 3618 3585 4067 4067 4066 4066 4066 4066 4066 4066
979 1683104843 375 3685 3661 3640 3576 3618 3618 3586 4065 4065 4065 4065 4065 4065 4065 4065
980 1683104843 375 3686 3661 3640 3576 3618 3618 3586 4065 4065 4064 4064 4064 4064 4064 4064
981 1683104843 373 3684 3659 3638 3574 3616 3616 3584 4065 4065 4065 4065 4065 4065 4065 4065
982 1683104843 373 3685 3659 3638 3575 3617 3617 3585 4065 4065 4064 4064 4064 4064 4064 4064
983 1683104843 373 3659 3635 3614 3551 3592 3592 3561 4065 4065 4065 4065 4065 4065 4065 4065
984 1683104843 374 3684 3659 3639 3575 3617 3617 3584 4065 4065 4065 4065 4065 4065 4065 4065
985 1683104843 373 3685 3660 3639 3574 3617 3616 3584 4065 4065 4064 4064 4064 4064 4064 4064
986 1683104843 373 3684 3659 3639 3575 3617 3617 3585 4065 4065 4065 4065 4065 4065 4065 4065
987 1683104843 373 3683 3658 3638 3574 3616 3616 3584 4065 4065 4065 4065 4065 4065 4065 4065
988 1683104843 374 3683 3658 3637 3574 3615 3615 3583 4065 4065 4065 4065 4065 4065 4065 4065
989 1683104843 373 3684 3659 3638 3574 3617 3617 3584 4065 4065 4064 4064 4064 4064 4064 4064
990 1683104843 373 3683 3659 3638 3574 3616 3615 3583 4065 4065 4065 4065 4065 4065 4065 4065
991 1683104843 374 3684 3660 3638 3575 3617 3617 3585 4065 4065 4064 4064 4064 4064 4064 4064
992 1683104843 373 3683 3659 3638 3574 3616 3616 3584 4065 4065 4065 4065 4065 4065 4065 4065
993 1683104843 373 3683 3658 3638 3574 3616 3616 3584 4065 4065 4064 4064 4064 4064 4064 4064
994 1683104843 373 3684 3659 3638 3574 3617 3616 3584 4065 4065 4064 4064 4064 4064 4064 4064
995 1683104843 373 3684 3659 3638 3574 3617 3616 3584 4065 4065 4065 4065 4065 4065 4065 4065
996 1683104843 373 3683 3658 3638 3574 3617 3616 3583 4065 4065 4064 4064 4064 4064 4064 4064
997 1683104843 374 3684 3659 3638 3574 3616 3616 3584 4065 4065 4064 4064 4064 4064 4064 4064
998 1683104843 373 3684 3658 3638 3574 3617 3616 3584 4065 4065 4064 4064 4064 4064 4064 4064
999 1683104843 373 3683 3659 3638 3574 3616 3615 3584 4065 4065 4064 4064 4064 4064 4064 4064
1000 1683104843 373 3684 3660 3638 3575 3617 3617 3584 4065 4065 4065 4065 4065 4065 4065 4065
