1 1683102189 375 3689 3664 3644 3579 3621 3621 3589 4067 4067 4066 4066 4066 4066 4066 4066
2 1683102189 376 3688 3663 3643 3579 3622 3621 3589 4067 4067 4066 4066 4066 4066 4066 4066
3 1683102189 375 3689 3664 3644 3580 3622 3622 3589 4067 4067 4066 4066 4066 4066 4066 4066
4 1683102189 375 3690 3664 3644 3580 3622 3622 3590 4067 4065 4065 4065 4065 4065 4065 4065
5 1683102189 376 3689 3665 3644 3580 3622 3622 3590 4067 4067 4066 4066 4066 4066 4066 4066
6 1683102189 375 3689 3664 3644 3580 3622 3621 3589 4067 4067 4066 4066 4066 4066 4066 4066
7 1683102189 375 3689 3664 3644 3580 3621 3621 3589 4065 4065 4065 4065 4065 4065 4065 4065
8 1683102189 375 3689 3665 3643 3580 3622 3621 3590 4067 4067 4066 4066 4066 4066 4066 4066
9 1683102189 375 3689 3665 3644 3580 3622 3622 3589 4067 4067 4066 4066 4066 4066 4066 4066
10 1683102189 375 3689 3665 3644 3580 3622 3621 3590 4067 4067 4066 4066 4066 4066 4066 4066
11 1683102189 375 3690 3665 3643 3580 3622 3621 3589 4065 4065 4065 4065 4065 4065 4065 4065
12 1683102189 375 3688 3664 3643 3579 3621 3621 3589 4067 4065 4065 4065 4065 4065 4065 4065
13 1683102189 375 3690 3664 3644 3580 3622 3622 3591 4067 4065 4065 4065 4065 4065 4065 4065
14 1683102189 375 3689 3664 3643 3579 3622 3621 3589 4065 4065 4065 4065 4065 4065 4065 4065
15 1683102189 376 3690 3664 3644 3580 3622 3622 3590 4065 4065 4064 4064 4064 4064 4064 4064
16 1683102189 376 3690 3665 3644 3581 3622 3622 3590 4067 4067 4066 4066 4066 4066 4066 4066
17 1683102189 376 3688 3664 3644 3580 3622 3622 3589 4065 4065 4065 4065 4065 4065 4065 4065
18 1683102189 375 3690 3665 3644 3579 3622 3622 3590 4065 4065 4065 4065 4065 4065 4065 4065
19 1683102189 375 3689 3665 3644 3580 3622 3621 3590 4067 4067 4066 4066 4066 4066 4066 4066
20 1683102189 376 3690 3665 3645 3581 3623 3623 3590 4065 4065 4065 4065 4065 4065 4065 4065
21 1683102189 376 3689 3664 3643 3580 3622 3622 3590 4067 4067 4066 4066 4066 4066 4066 4066
22 1683102189 375 3690 3665 3643 3580 3622 3621 3589 4065 4065 4065 4065 4065 4065 4065 4065
23 1683102189 375 3690 3665 3644 3580 3623 3622 3590 4065 4065 4065 4065 4065 4065 4065 4065
24 1683102189 376 3690 3665 3644 3580 3622 3622 3590 4067 4067 4066 4066 4066 4066 4066 4066
25 1683102189 376 3689 3665 3644 3580 3623 3622 3590 4065 4065 4065 4065 4065 4065 4065 4065
26 1683102189 375 3691 3667 3646 3582 3624 3623 3591 4067 4067 4066 4066 4066 4066 4066 4066
27 1683102189 375 3689 3664 3643 3579 3621 3621 3589 4067 4067 4066 4066 4066 4066 4066 4066
28 1683102189 375 3690 3665 3644 3580 3622 3621 3590 4067 4067 4066 4066 4066 4066 4066 4066
29 1683102189 374 3688 3663 3643 3579 3621 3620 3588 4065 4065 4065 4065 4065 4065 4065 4065
30 1683102189 374 3686 3662 3642 3578 3620 3619 3587 4065 4065 4065 4065 4065 4065 4065 4065
31 1683102189 373 3687 3663 3642 3578 3620 3620 3588 4067 4067 4066 4066 4066 4066 4066 4066
32 1683102189 374 3688 3662 3642 3578 3620 3620 3588 4065 4065 4065 4065 4065 4065 4065 4065
33 1683102189 373 3687 3662 3642 3578 3620 3619 3588 4065 4065 4065 4065 4065 4065 4065 4065
34 1683102189 374 3687 3662 3642 3577 3620 3619 3588 4067 4067 4066 4066 4066 4066 4066 4066
35 1683102189 374 3688 3663 3642 3578 3621 3620 3589 4067 4067 4066 4066 4066 4066 4066 4066
36 1683102189 374 3688 3664 3643 3579 3621 3621 3589 4067 4067 4066 4066 4066 4066 4066 4066
37 1683102189 373 3688 3664 3643 3579 3621 3621 3589 4067 4067 4066 4066 4066 4066 4066 4066
38 1683102189 374 3689 3664 3643 3579 3621 3621 3588 4065 4065 4065 4065 4065 4065 4065 4065
39 1683102189 374 3687 3662 3641 3578 3620 3620 3588 4065 4065 4065 4065 4065 4065 4065 4065
40 1683102189 373 3688 3663 3642 3578 3620 3619 3587 4067 4067 4066 4066 4066 4066 4066 4066
41 1683102189 374 3687 3662 3642 3578 3620 3619 3587 4065 4065 4065 4065 4065 4065 4065 4065
42 1683102189 374 3688 3663 3642 3578 3620 3620 3588 4065 4065 4065 4065 4065 4065 4065 4065
43 1683102189 373 3688 3663 3642 3578 3620 3620 3587 4065 4065 4064 4064 4064 4064 4064 4064
44 1683102190 374 3689 3664 3643 3579 3621 3621 3588 4067 4067 4066 4066 4066 4066 4066 4066
45 1683102190 374 3688 3663 3643 3579 3621 3620 3588 4065 4065 4065 4065 4065 4065 4065 4065
46 1683102190 374 3688 3663 3643 3578 3621 3620 3588 4067 4067 4066 4066 4066 4066 4066 4066
47 1683102190 374 3688 3663 3642 3578 3621 3620 3588 4067 4067 4066 4066 4066 4066 4066 4066
48 1683102190 374 3687 3662 3641 3577 3620 3619 3588 4067 4067 4066 4066 4066 4066 4066 4066
49 1683102190 374 3687 3662 3641 3577 3620 3620 3587 4065 4065 4064 4064 4064 4064 4064 4064
50 1683102190 374 3688 3663 3642 3579 3621 3620 3588 4065 4065 4065 4065 4065 4065 4065 4065
51 1683102190 374 3688 3663 3642 3579 3621 3620 3588 4065 4065 4065 4065 4065 4065 4065 4065
52 1683102190 373 3688 3663 3643 3578 3620 3620 3588 4063 4063 4063 4063 4063 4063 4063 4063
53 1683102190 374 3687 3663 3642 3578 3620 3620 3588 4067 4065 4065 4065 4065 4065 4065 4065
54 1683102190 373 3688 3663 3642 3578 3620 3620 3588 4065 4065 4065 4065 4065 4065 4065 4065
55 1683102190 374 3689 3663 3642 3579 3621 3621 3588 4063 4063 4062 4062 4062 4062 4062 4062
56 1683102190 374 3688 3663 3642 3579 3621 3620 3588 4067 4067 4066 4066 4066 4066 4066 4066
57 1683102190 373 3688 3663 3642 3578 3621 3620 3589 4067 4067 4066 4066 4066 4066 4066 4066
58 1683102190 374 3687 3662 3641 3578 3620 3620 3588 4065 4065 4065 4065 4065 4065 4065 4065
59 1683102190 374 3689 3663 3643 3579 3621 3620 3589 4069 4067 4067 4067 4067 4067 4067 4067
60 1683102190 374 3688 3663 3643 3579 3621 3621 3588 4063 4063 4063 4063 4063 4063 4063 4063
61 1683102190 374 3687 3663 3642 3579 3621 3620 3588 4067 4067 4066 4066 4066 4066 4066 4066
62 1683102190 374 3687 3662 3642 3578 3620 3620 3588 4065 4065 4065 4065 4065 4065 4065 4065
63 1683102190 374 3688 3663 3642 3578 3621 3620 3588 4067 4065 4065 4065 4065 4065 4065 4065
64 1683102190 374 3688 3663 3642 3578 3620 3619 3587 4067 4067 4066 4066 4066 4066 4066 4066
65 1683102190 374 3688 3663 3642 3578 3621 3621 3588 4067 4067 4066 4066 4066 4066 4066 4066
66 1683102190 374 3688 3663 3642 3578 3621 3620 3588 4065 4065 4065 4065 4065 4065 4065 4065
67 1683102190 374 3688 3663 3643 3579 3621 3621 3589 4065 4065 4065 4065 4065 4065 4065 4065
68 1683102190 374 3688 3663 3643 3579 3621 3620 3588 4067 4067 4066 4066 4066 4066 4066 4066
69 1683102190 374 3687 3663 3642 3578 3620 3620 3588 4067 4067 4066 4066 4066 4066 4066 4066
70 1683102190 374 3689 3663 3642 3578 3620 3620 3588 4065 4065 4065 4065 4065 4065 4065 4065
71 1683102190 374 3689 3664 3643 3579 3622 3621 3589 4065 4065 4065 4065 4065 4065 4065 4065
72 1683102190 374 3689 3664 3643 3579 3622 3621 3589 4065 4065 4065 4065 4065 4065 4065 4065
73 1683102190 374 3688 3664 3643 3579 3621 3620 3588 4065 4065 4064 4064 4064 4064 4064 4064
74 1683102190 374 3688 3664 3643 3580 3621 3621 3589 4067 4067 4066 4066 4066 4066 4066 4066
75 1683102190 374 3689 3664 3642 3579 3621 3621 3589 4067 4067 4066 4066 4066 4066 4066 4066
76 1683102198 374 3686 3661 3640 3576 3618 3618 3586 4067 4067 4066 4066 4066 4066 4066 4066
77 1683102198 374 3686 3662 3641 3577 3619 3618 3587 4065 4065 4065 4065 4065 4065 4065 4065
78 1683102198 374 3687 3663 3642 3578 3620 3620 3588 4067 4067 4066 4066 4066 4066 4066 4066
79 1683102198 374 3686 3662 3641 3577 3619 3619 3587 4067 4067 4066 4066 4066 4066 4066 4066
80 1683102198 374 3687 3662 3642 3578 3620 3620 3587 4065 4065 4065 4065 4065 4065 4065 4065
81 1683102198 374 3688 3664 3643 3579 3621 3620 3588 4065 4065 4065 4065 4065 4065 4065 4065
82 1683102198 374 3688 3663 3642 3578 3621 3620 3588 4065 4065 4064 4064 4064 4064 4064 4064
83 1683102198 374 3688 3663 3643 3578 3621 3620 3588 4067 4067 4066 4066 4066 4066 4066 4066
84 1683102198 374 3687 3663 3642 3579 3621 3620 3588 4067 4067 4066 4066 4066 4066 4066 4066
85 1683102198 374 3686 3662 3641 3577 3619 3619 3587 4065 4065 4065 4065 4065 4065 4065 4065
86 1683102198 374 3687 3662 3641 3578 3620 3619 3587 4065 4065 4065 4065 4065 4065 4065 4065
87 1683102198 374 3687 3662 3641 3577 3619 3619 3587 4065 4065 4065 4065 4065 4065 4065 4065
88 1683102198 374 3687 3663 3642 3578 3620 3619 3587 4067 4067 4066 4066 4066 4066 4066 4066
89 1683102198 374 3687 3662 3642 3578 3620 3620 3588 4065 4065 4065 4065 4065 4065 4065 4065
90 1683102198 374 3688 3663 3642 3578 3620 3621 3588 4067 4067 4066 4066 4066 4066 4066 4066
91 1683102198 374 3687 3662 3641 3577 3620 3619 3587 4065 4065 4065 4065 4065 4065 4065 4065
92 1683102198 374 3687 3662 3641 3577 3620 3619 3587 4067 4067 4066 4066 4066 4066 4066 4066
93 1683102198 374 3687 3663 3642 3578 3619 3619 3588 4067 4067 4066 4066 4066 4066 4066 4066
94 1683102198 374 3687 3662 3642 3578 3620 3619 3587 4067 4065 4065 4065 4065 4065 4065 4065
95 1683102198 374 3687 3662 3641 3577 3619 3620 3588 4067 4067 4066 4066 4066 4066 4066 4066
96 1683102198 374 3687 3662 3641 3577 3619 3619 3587 4065 4065 4065 4065 4065 4065 4065 4065
97 1683102198 374 3688 3662 3642 3578 3620 3620 3587 4065 4065 4065 4065 4065 4065 4065 4065
98 1683102198 374 3687 3662 3642 3577 3620 3619 3587 4065 4065 4065 4065 4065 4065 4065 4065
99 1683102198 374 3687 3663 3642 3578 3620 3619 3587 4067 4067 4066 4066 4066 4066 4066 4066
100 1683102198 375 3687 3663 3642 3578 3621 3620 3588 4067 4067 4066 4066 4066 4066 4066 4066
101 1683102198 374 3686 3662 3642 3577 3620 3619 3587 4067 4067 4066 4066 4066 4066 4066 4066
102 1683102198 374 3689 3664 3643 3579 3621 3621 3588 4067 4067 4066 4066 4066 4066 4066 4066
103 1683102206 374 3686 3661 3640 3576 3619 3618 3586 4065 4065 4065 4065 4065 4065 4065 4065
104 1683102206 374 3686 3661 3640 3576 3619 3618 3586 4065 4065 4065 4065 4065 4065 4065 4065
105 1683102206 374 3686 3661 3641 3577 3619 3619 3587 4067 4067 4066 4066 4066 4066 4066 4066
106 1683102206 374 3687 3662 3641 3577 3620 3619 3587 4067 4067 4066 4066 4066 4066 4066 4066
107 1683102206 375 3686 3662 3641 3577 3619 3619 3587 4065 4065 4065 4065 4065 4065 4065 4065
108 1683102206 374 3686 3662 3641 3577 3619 3619 3586 4065 4065 4065 4065 4065 4065 4065 4065
109 1683102206 374 3686 3662 3641 3577 3619 3619 3587 4065 4065 4065 4065 4065 4065 4065 4065
110 1683102206 374 3687 3662 3641 3578 3620 3619 3587 4065 4065 4065 4065 4065 4065 4065 4065
111 1683102206 374 3686 3661 3640 3576 3619 3619 3587 4067 4067 4066 4066 4066 4066 4066 4066
112 1683102206 374 3688 3663 3642 3578 3620 3620 3588 4067 4067 4066 4066 4066 4066 4066 4066
113 1683102206 374 3687 3662 3641 3577 3620 3619 3587 4067 4067 4066 4066 4066 4066 4066 4066
114 1683102206 374 3687 3662 3641 3577 3619 3618 3587 4067 4067 4066 4066 4066 4066 4066 4066
115 1683102206 374 3686 3661 3641 3577 3620 3619 3587 4067 4067 4066 4066 4066 4066 4066 4066
116 1683102206 374 3686 3662 3641 3577 3620 3619 3587 4065 4065 4064 4064 4064 4064 4064 4064
117 1683102206 374 3685 3661 3640 3576 3619 3618 3586 4067 4067 4066 4066 4066 4066 4066 4066
118 1683102206 374 3687 3661 3641 3577 3619 3619 3587 4067 4067 4066 4066 4066 4066 4066 4066
119 1683102206 374 3687 3661 3641 3576 3619 3619 3587 4067 4067 4066 4066 4066 4066 4066 4066
120 1683102206 374 3686 3661 3641 3577 3619 3618 3587 4065 4065 4065 4065 4065 4065 4065 4065
121 1683102206 374 3687 3662 3641 3577 3619 3619 3587 4067 4067 4066 4066 4066 4066 4066 4066
122 1683102206 374 3688 3663 3642 3578 3620 3620 3588 4065 4065 4065 4065 4065 4065 4065 4065
123 1683102206 374 3687 3662 3641 3577 3619 3619 3586 4065 4065 4065 4065 4065 4065 4065 4065
124 1683102206 375 3686 3662 3641 3577 3619 3618 3586 4065 4065 4065 4065 4065 4065 4065 4065
125 1683102206 375 3686 3662 3641 3578 3620 3619 3588 4067 4067 4066 4066 4066 4066 4066 4066
126 1683102206 374 3686 3662 3641 3577 3619 3619 3587 4067 4067 4066 4066 4066 4066 4066 4066
127 1683102206 374 3687 3662 3642 3578 3620 3620 3587 4067 4067 4066 4066 4066 4066 4066 4066
128 1683102206 374 3688 3663 3642 3578 3620 3620 3587 4067 4067 4066 4066 4066 4066 4066 4066
129 1683102206 375 3687 3662 3642 3578 3620 3619 3587 4067 4067 4067 4067 4067 4067 4067 4067
130 1683102206 374 3687 3662 3641 3577 3620 3619 3587 4067 4067 4066 4066 4066 4066 4066 4066
131 1683102206 374 3688 3664 3643 3579 3621 3621 3589 4065 4065 4065 4065 4065 4065 4065 4065
132 1683102206 374 3686 3662 3641 3578 3620 3619 3588 4067 4067 4066 4066 4066 4066 4066 4066
133 1683102206 374 3688 3663 3642 3578 3621 3621 3589 4067 4065 4065 4065 4065 4065 4065 4065
134 1683102206 374 3686 3662 3641 3577 3619 3619 3587 4067 4067 4066 4066 4066 4066 4066 4066
135 1683102206 374 3686 3661 3640 3576 3619 3619 3587 4065 4065 4065 4065 4065 4065 4065 4065
136 1683102206 374 3688 3663 3641 3578 3620 3619 3588 4065 4065 4065 4065 4065 4065 4065 4065
137 1683102206 374 3688 3662 3641 3578 3620 3618 3587 4067 4067 4066 4066 4066 4066 4066 4066
138 1683102206 374 3687 3662 3641 3578 3620 3619 3588 4065 4065 4065 4065 4065 4065 4065 4065
139 1683102206 374 3688 3663 3642 3578 3620 3620 3588 4067 4067 4066 4066 4066 4066 4066 4066
140 1683102206 374 3687 3662 3642 3578 3620 3619 3587 4067 4067 4066 4066 4066 4066 4066 4066
141 1683102206 374 3687 3662 3642 3578 3620 3620 3588 4067 4067 4066 4066 4066 4066 4066 4066
142 1683102206 375 3687 3661 3641 3577 3620 3619 3587 4065 4065 4065 4065 4065 4065 4065 4065
143 1683102206 374 3687 3663 3642 3578 3620 3620 3588 4065 4065 4065 4065 4065 4065 4065 4065
144 1683102206 375 3687 3662 3641 3578 3620 3620 3588 4065 4065 4065 4065 4065 4065 4065 4065
145 1683102206 374 3687 3662 3642 3578 3620 3620 3588 4065 4065 4065 4065 4065 4065 4065 4065
146 1683102206 374 3687 3663 3642 3578 3621 3620 3588 4065 4065 4064 4064 4064 4064 4064 4064
147 1683102206 375 3686 3662 3641 3577 3619 3618 3587 4067 4067 4066 4066 4066 4066 4066 4066
148 1683102206 374 3686 3662 3641 3578 3620 3620 3588 4067 4067 4067 4067 4067 4067 4067 4067
149 1683102207 375 3685 3661 3641 3577 3619 3618 3587 4067 4067 4066 4066 4066 4066 4066 4066
150 1683102207 374 3688 3663 3642 3578 3620 3620 3588 4065 4065 4065 4065 4065 4065 4065 4065
151 1683102207 374 3687 3662 3641 3578 3620 3620 3587 4067 4067 4066 4066 4066 4066 4066 4066
152 1683102207 374 3687 3662 3642 3578 3620 3620 3588 4067 4067 4066 4066 4066 4066 4066 4066
153 1683102207 375 3688 3663 3643 3579 3621 3620 3588 4067 4067 4066 4066 4066 4066 4066 4066
154 1683102207 375 3687 3663 3642 3578 3620 3620 3588 4067 4067 4066 4066 4066 4066 4066 4066
155 1683102207 374 3687 3662 3641 3578 3620 3619 3587 4067 4067 4066 4066 4066 4066 4066 4066
156 1683102207 375 3687 3663 3642 3578 3620 3620 3589 4067 4067 4066 4066 4066 4066 4066 4066
157 1683102207 375 3688 3663 3642 3578 3621 3621 3589 4065 4065 4065 4065 4065 4065 4065 4065
158 1683102207 374 3687 3662 3641 3578 3619 3619 3587 4067 4067 4066 4066 4066 4066 4066 4066
159 1683102207 375 3687 3661 3641 3577 3619 3619 3587 4065 4065 4064 4064 4064 4064 4064 4064
160 1683102207 375 3687 3663 3642 3578 3620 3619 3588 4067 4067 4067 4067 4067 4067 4067 4067
161 1683102207 374 3688 3663 3642 3578 3620 3620 3588 4067 4067 4066 4066 4066 4066 4066 4066
162 1683102207 374 3688 3663 3642 3578 3620 3619 3587 4067 4067 4066 4066 4066 4066 4066 4066
163 1683102207 374 3687 3663 3642 3578 3620 3620 3588 4067 4067 4066 4066 4066 4066 4066 4066
164 1683102207 375 3688 3663 3642 3578 3620 3620 3588 4067 4067 4066 4066 4066 4066 4066 4066
165 1683102207 374 3687 3663 3642 3578 3620 3620 3588 4067 4067 4066 4066 4066 4066 4066 4066
166 1683102207 375 3688 3663 3642 3578 3620 3620 3588 4065 4065 4065 4065 4065 4065 4065 4065
167 1683102207 375 3687 3662 3641 3577 3620 3619 3587 4067 4067 4066 4066 4066 4066 4066 4066
168 1683102207 375 3688 3663 3642 3578 3621 3620 3588 4067 4067 4066 4066 4066 4066 4066 4066
169 1683102207 375 3688 3662 3642 3578 3620 3619 3587 4067 4067 4066 4066 4066 4066 4066 4066
170 1683102207 375 3688 3663 3642 3578 3620 3620 3588 4067 4067 4066 4066 4066 4066 4066 4066
171 1683102207 375 3688 3663 3642 3579 3621 3620 3588 4067 4067 4066 4066 4066 4066 4066 4066
172 1683102207 374 3686 3662 3641 3578 3620 3619 3588 4065 4065 4065 4065 4065 4065 4065 4065
173 1683102207 375 3687 3663 3642 3578 3621 3620 3589 4067 4065 4065 4065 4065 4065 4065 4065
174 1683102207 375 3688 3664 3643 3579 3621 3621 3589 4067 4067 4066 4066 4066 4066 4066 4066
175 1683102207 374 3687 3663 3642 3578 3620 3620 3588 4065 4065 4065 4065 4065 4065 4065 4065
176 1683102207 375 3688 3662 3642 3579 3620 3620 3588 4065 4065 4065 4065 4065 4065 4065 4065
177 1683102207 375 3688 3663 3642 3578 3620 3620 3588 4065 4065 4064 4064 4064 4064 4064 4064
178 1683102207 375 3687 3662 3641 3577 3619 3620 3587 4065 4065 4065 4065 4065 4065 4065 4065
179 1683102207 375 3687 3663 3642 3578 3620 3620 3588 4065 4065 4065 4065 4065 4065 4065 4065
180 1683102207 375 3686 3663 3642 3579 3621 3620 3588 4067 4067 4066 4066 4066 4066 4066 4066
181 1683102207 375 3685 3662 3641 3578 3620 3620 3588 4065 4065 4065 4065 4065 4065 4065 4065
182 1683102207 374 3688 3664 3643 3579 3621 3621 3589 4067 4067 4066 4066 4066 4066 4066 4066
183 1683102207 375 3688 3663 3642 3578 3621 3620 3588 4067 4067 4066 4066 4066 4066 4066 4066
184 1683102207 374 3688 3664 3643 3579 3621 3620 3588 4065 4065 4065 4065 4065 4065 4065 4065
185 1683102207 375 3688 3663 3642 3578 3620 3619 3588 4065 4065 4065 4065 4065 4065 4065 4065
186 1683102207 374 3687 3662 3642 3578 3620 3619 3587 4067 4067 4066 4066 4066 4066 4066 4066
187 1683102207 375 3687 3662 3642 3578 3620 3619 3588 4065 4065 4065 4065 4065 4065 4065 4065
188 1683102207 375 3688 3663 3642 3579 3621 3621 3589 4065 4065 4065 4065 4065 4065 4065 4065
189 1683102207 375 3687 3663 3642 3578 3620 3620 3588 4067 4067 4066 4066 4066 4066 4066 4066
190 1683102207 374 3688 3663 3642 3578 3621 3620 3588 4067 4067 4066 4066 4066 4066 4066 4066
191 1683102207 375 3688 3663 3642 3578 3620 3620 3588 4067 4067 4066 4066 4066 4066 4066 4066
192 1683102207 375 3688 3663 3642 3578 3620 3620 3588 4067 4067 4066 4066 4066 4066 4066 4066
193 1683102207 375 3688 3663 3642 3579 3621 3621 3589 4067 4067 4066 4066 4066 4066 4066 4066
194 1683102207 374 3688 3664 3643 3579 3621 3620 3589 4065 4065 4065 4065 4065 4065 4065 4065
195 1683102207 375 3687 3663 3642 3578 3620 3620 3588 4065 4065 4064 4064 4064 4064 4064 4064
196 1683102207 374 3689 3664 3643 3579 3621 3621 3589 4067 4067 4066 4066 4066 4066 4066 4066
197 1683102207 375 3687 3663 3642 3578 3620 3620 3588 4065 4065 4065 4065 4065 4065 4065 4065
198 1683102207 375 3688 3662 3642 3578 3620 3620 3588 4067 4065 4065 4065 4065 4065 4065 4065
199 1683102207 374 3689 3664 3643 3579 3621 3621 3589 4067 4067 4066 4066 4066 4066 4066 4066
200 1683102207 374 3688 3663 3642 3578 3620 3619 3588 4065 4065 4065 4065 4065 4065 4065 4065
201 1683102207 375 3688 3663 3642 3578 3621 3620 3588 4067 4065 4065 4065 4065 4065 4065 4065
202 1683102207 375 3689 3663 3643 3579 3621 3621 3589 4067 4067 4066 4066 4066 4066 4066 4066
203 1683102207 375 3687 3663 3642 3579 3621 3620 3588 4065 4065 4065 4065 4065 4065 4065 4065
204 1683102207 374 3687 3663 3642 3578 3620 3619 3587 4067 4067 4066 4066 4066 4066 4066 4066
205 1683102207 375 3687 3663 3642 3578 3620 3620 3588 4067 4067 4066 4066 4066 4066 4066 4066
206 1683102207 375 3688 3663 3642 3578 3620 3620 3588 4067 4067 4066 4066 4066 4066 4066 4066
207 1683102207 375 3689 3664 3643 3580 3621 3621 3589 4065 4065 4065 4065 4065 4065 4065 4065
208 1683102207 375 3688 3663 3643 3579 3621 3621 3589 4067 4067 4066 4066 4066 4066 4066 4066
209 1683102207 375 3687 3662 3642 3578 3620 3620 3588 4065 4065 4065 4065 4065 4065 4065 4065
210 1683102207 375 3688 3663 3642 3579 3621 3621 3589 4067 4067 4066 4066 4066 4066 4066 4066
211 1683102207 375 3687 3663 3642 3578 3621 3620 3588 4065 4065 4065 4065 4065 4065 4065 4065
212 1683102207 374 3688 3664 3642 3579 3621 3620 3588 4067 4067 4066 4066 4066 4066 4066 4066
213 1683102207 375 3689 3664 3643 3580 3621 3622 3590 4067 4067 4066 4066 4066 4066 4066 4066
214 1683102207 375 3688 3663 3642 3578 3621 3620 3588 4065 4065 4065 4065 4065 4065 4065 4065
215 1683102207 375 3688 3663 3643 3579 3620 3620 3588 4065 4065 4065 4065 4065 4065 4065 4065
216 1683102207 375 3688 3663 3643 3578 3620 3620 3588 4067 4067 4066 4066 4066 4066 4066 4066
217 1683102207 375 3687 3663 3642 3578 3620 3620 3588 4067 4067 4066 4066 4066 4066 4066 4066
218 1683102207 374 3688 3663 3642 3578 3620 3620 3588 4067 4067 4066 4066 4066 4066 4066 4066
219 1683102207 375 3689 3664 3643 3580 3622 3621 3589 4067 4067 4066 4066 4066 4066 4066 4066
220 1683102208 375 3688 3664 3643 3579 3621 3621 3589 4067 4065 4065 4065 4065 4065 4065 4065
221 1683102208 375 3689 3663 3643 3579 3621 3621 3589 4067 4067 4066 4066 4066 4066 4066 4066
222 1683102208 375 3688 3664 3643 3579 3621 3621 3589 4067 4067 4066 4066 4066 4066 4066 4066
223 1683102208 375 3688 3663 3642 3579 3621 3621 3589 4067 4067 4066 4066 4066 4066 4066 4066
224 1683102208 375 3689 3663 3643 3579 3620 3620 3588 4067 4067 4066 4066 4066 4066 4066 4066
225 1683102208 375 3689 3664 3643 3579 3622 3621 3589 4067 4067 4066 4066 4066 4066 4066 4066
226 1683102208 375 3688 3664 3643 3579 3621 3621 3589 4065 4065 4065 4065 4065 4065 4065 4065
227 1683102208 375 3689 3664 3643 3579 3621 3621 3589 4065 4065 4065 4065 4065 4065 4065 4065
228 1683102208 375 3688 3664 3643 3578 3620 3620 3588 4065 4065 4065 4065 4065 4065 4065 4065
229 1683102208 375 3689 3664 3644 3579 3622 3621 3589 4065 4065 4065 4065 4065 4065 4065 4065
230 1683102208 375 3688 3663 3642 3578 3621 3621 3588 4067 4067 4066 4066 4066 4066 4066 4066
231 1683102208 375 3688 3663 3643 3579 3621 3620 3589 4065 4065 4065 4065 4065 4065 4065 4065
232 1683102208 375 3689 3664 3643 3579 3622 3622 3590 4067 4065 4065 4065 4065 4065 4065 4065
233 1683102208 375 3688 3663 3642 3578 3621 3620 3588 4065 4065 4065 4065 4065 4065 4065 4065
234 1683102208 375 3688 3663 3641 3578 3620 3619 3587 4067 4067 4066 4066 4066 4066 4066 4066
235 1683102208 375 3688 3664 3643 3579 3621 3620 3588 4067 4067 4066 4066 4066 4066 4066 4066
236 1683102208 375 3688 3663 3643 3579 3621 3620 3589 4067 4067 4066 4066 4066 4066 4066 4066
237 1683102208 375 3689 3664 3643 3579 3621 3621 3589 4067 4067 4066 4066 4066 4066 4066 4066
238 1683102208 375 3688 3664 3643 3579 3621 3621 3589 4067 4067 4066 4066 4066 4066 4066 4066
239 1683102208 375 3689 3663 3642 3579 3621 3621 3589 4065 4065 4065 4065 4065 4065 4065 4065
240 1683102208 375 3689 3663 3643 3579 3621 3621 3589 4067 4067 4066 4066 4066 4066 4066 4066
241 1683102208 375 3689 3664 3643 3580 3622 3622 3589 4065 4065 4065 4065 4065 4065 4065 4065
242 1683102208 375 3688 3663 3642 3578 3621 3621 3589 4065 4065 4065 4065 4065 4065 4065 4065
243 1683102208 375 3688 3664 3643 3579 3621 3620 3589 4067 4067 4066 4066 4066 4066 4066 4066
244 1683102208 375 3688 3663 3643 3579 3621 3621 3589 4065 4065 4065 4065 4065 4065 4065 4065
245 1683102208 375 3689 3664 3643 3580 3621 3621 3589 4065 4065 4065 4065 4065 4065 4065 4065
246 1683102208 375 3688 3663 3643 3579 3621 3621 3589 4063 4063 4063 4063 4063 4063 4063 4063
247 1683102208 375 3689 3664 3644 3580 3622 3621 3589 4067 4067 4066 4066 4066 4066 4066 4066
248 1683102208 375 3689 3664 3643 3579 3621 3621 3589 4065 4065 4065 4065 4065 4065 4065 4065
249 1683102208 375 3689 3664 3643 3579 3622 3621 3589 4067 4067 4066 4066 4066 4066 4066 4066
250 1683102208 375 3688 3663 3642 3578 3621 3620 3588 4065 4065 4064 4064 4064 4064 4064 4064
251 1683102208 375 3689 3664 3644 3580 3622 3621 3589 4065 4065 4065 4065 4065 4065 4065 4065
252 1683102208 375 3688 3663 3642 3578 3620 3620 3589 4065 4065 4065 4065 4065 4065 4065 4065
253 1683102208 375 3689 3663 3643 3579 3622 3621 3589 4067 4067 4066 4066 4066 4066 4066 4066
254 1683102208 375 3688 3663 3643 3579 3621 3620 3588 4067 4067 4066 4066 4066 4066 4066 4066
255 1683102208 375 3688 3663 3643 3579 3621 3620 3588 4067 4067 4066 4066 4066 4066 4066 4066
256 1683102208 375 3689 3663 3643 3579 3622 3622 3589 4067 4067 4066 4066 4066 4066 4066 4066
257 1683102208 375 3688 3664 3643 3579 3621 3621 3589 4065 4065 4065 4065 4065 4065 4065 4065
258 1683102208 375 3688 3663 3642 3579 3621 3620 3589 4067 4067 4066 4066 4066 4066 4066 4066
259 1683102208 376 3687 3664 3643 3579 3622 3621 3589 4067 4067 4066 4066 4066 4066 4066 4066
260 1683102208 375 3689 3664 3643 3580 3621 3621 3589 4067 4067 4066 4066 4066 4066 4066 4066
261 1683102208 376 3687 3662 3641 3578 3620 3619 3588 4067 4065 4065 4065 4065 4065 4065 4065
262 1683102208 375 3689 3664 3643 3579 3621 3621 3589 4067 4067 4066 4066 4066 4066 4066 4066
263 1683102208 375 3688 3663 3643 3579 3621 3620 3588 4067 4067 4066 4066 4066 4066 4066 4066
264 1683102208 375 3689 3664 3644 3580 3622 3622 3589 4067 4067 4066 4066 4066 4066 4066 4066
265 1683102208 375 3689 3664 3644 3579 3621 3621 3589 4067 4067 4066 4066 4066 4066 4066 4066
266 1683102208 375 3689 3664 3643 3579 3621 3621 3589 4067 4067 4066 4066 4066 4066 4066 4066
267 1683102208 375 3689 3664 3643 3579 3621 3621 3588 4065 4065 4065 4065 4065 4065 4065 4065
268 1683102208 375 3688 3664 3643 3579 3621 3621 3589 4067 4065 4065 4065 4065 4065 4065 4065
269 1683102208 375 3689 3664 3643 3580 3621 3621 3589 4067 4067 4066 4066 4066 4066 4066 4066
270 1683102208 376 3689 3665 3644 3580 3623 3622 3590 4067 4067 4066 4066 4066 4066 4066 4066
271 1683102208 375 3688 3663 3643 3579 3621 3620 3589 4065 4065 4065 4065 4065 4065 4065 4065
272 1683102208 375 3688 3663 3643 3579 3621 3620 3589 4065 4065 4065 4065 4065 4065 4065 4065
273 1683102208 376 3688 3663 3642 3579 3621 3621 3589 4065 4065 4065 4065 4065 4065 4065 4065
274 1683102208 375 3688 3664 3643 3580 3621 3622 3590 4067 4067 4066 4066 4066 4066 4066 4066
275 1683102208 376 3689 3664 3643 3580 3622 3622 3590 4067 4067 4066 4066 4066 4066 4066 4066
276 1683102208 375 3690 3664 3643 3580 3622 3622 3589 4065 4065 4064 4064 4064 4064 4064 4064
277 1683102208 375 3689 3664 3643 3580 3622 3621 3590 4065 4065 4065 4065 4065 4065 4065 4065
278 1683102208 375 3688 3664 3643 3578 3620 3620 3588 4067 4067 4066 4066 4066 4066 4066 4066
279 1683102208 375 3689 3663 3642 3579 3621 3621 3588 4067 4067 4066 4066 4066 4066 4066 4066
280 1683102208 375 3688 3663 3643 3579 3622 3621 3589 4065 4065 4065 4065 4065 4065 4065 4065
281 1683102208 375 3689 3664 3643 3580 3622 3622 3590 4067 4065 4065 4065 4065 4065 4065 4065
282 1683102208 375 3688 3664 3644 3580 3622 3621 3589 4067 4067 4066 4066 4066 4066 4066 4066
283 1683102208 374 3687 3662 3641 3578 3620 3619 3587 4065 4065 4064 4064 4064 4064 4064 4064
284 1683102208 373 3687 3662 3641 3577 3619 3619 3587 4065 4065 4065 4065 4065 4065 4065 4065
285 1683102208 373 3687 3662 3641 3577 3620 3619 3587 4065 4065 4065 4065 4065 4065 4065 4065
286 1683102208 374 3686 3662 3641 3577 3620 3619 3587 4067 4067 4066 4066 4066 4066 4066 4066
287 1683102208 374 3687 3663 3642 3578 3620 3619 3588 4065 4065 4065 4065 4065 4065 4065 4065
288 1683102208 374 3687 3663 3642 3579 3620 3620 3588 4065 4065 4065 4065 4065 4065 4065 4065
289 1683102208 374 3687 3662 3641 3578 3620 3619 3587 4065 4065 4065 4065 4065 4065 4065 4065
290 1683102208 374 3687 3662 3641 3578 3620 3619 3588 4067 4067 4066 4066 4066 4066 4066 4066
291 1683102208 374 3687 3662 3641 3577 3619 3619 3587 4065 4065 4065 4065 4065 4065 4065 4065
292 1683102209 374 3686 3662 3641 3578 3620 3620 3587 4067 4067 4066 4066 4066 4066 4066 4066
293 1683102209 373 3688 3663 3642 3578 3620 3620 3588 4067 4067 4066 4066 4066 4066 4066 4066
294 1683102209 373 3687 3662 3641 3577 3619 3619 3586 4067 4065 4065 4065 4065 4065 4065 4065
295 1683102209 374 3686 3662 3641 3577 3619 3619 3587 4067 4067 4066 4066 4066 4066 4066 4066
296 1683102209 374 3686 3662 3641 3577 3619 3619 3587 4067 4067 4066 4066 4066 4066 4066 4066
297 1683102209 374 3687 3662 3641 3578 3620 3619 3587 4065 4065 4065 4065 4065 4065 4065 4065
298 1683102209 373 3687 3662 3641 3577 3620 3619 3588 4067 4067 4066 4066 4066 4066 4066 4066
299 1683102209 374 3688 3663 3642 3578 3620 3620 3587 4065 4065 4065 4065 4065 4065 4065 4065
300 1683102209 374 3688 3663 3642 3578 3621 3620 3588 4067 4067 4066 4066 4066 4066 4066 4066
301 1683102209 373 3687 3662 3641 3577 3619 3619 3587 4065 4065 4065 4065 4065 4065 4065 4065
302 1683102209 374 3687 3662 3641 3577 3620 3619 3587 4067 4067 4066 4066 4066 4066 4066 4066
303 1683102209 374 3687 3662 3641 3578 3620 3620 3588 4067 4065 4065 4065 4065 4065 4065 4065
304 1683102209 374 3687 3662 3642 3577 3619 3619 3587 4065 4065 4065 4065 4065 4065 4065 4065
305 1683102209 374 3687 3662 3641 3577 3620 3619 3587 4067 4067 4066 4066 4066 4066 4066 4066
306 1683102209 374 3687 3662 3641 3577 3619 3619 3587 4065 4065 4064 4064 4064 4064 4064 4064
307 1683102209 373 3687 3663 3642 3578 3620 3619 3588 4065 4065 4065 4065 4065 4065 4065 4065
308 1683102209 373 3686 3662 3641 3578 3619 3619 3587 4065 4065 4065 4065 4065 4065 4065 4065
309 1683102209 374 3688 3663 3642 3578 3620 3620 3588 4067 4067 4066 4066 4066 4066 4066 4066
310 1683102209 374 3687 3662 3640 3577 3619 3619 3586 4065 4065 4065 4065 4065 4065 4065 4065
311 1683102209 374 3687 3663 3641 3578 3619 3619 3587 4067 4067 4066 4066 4066 4066 4066 4066
312 1683102209 374 3687 3662 3642 3578 3620 3619 3587 4067 4067 4066 4066 4066 4066 4066 4066
313 1683102209 374 3687 3662 3641 3577 3619 3618 3587 4067 4067 4066 4066 4066 4066 4066 4066
314 1683102209 374 3687 3662 3641 3577 3619 3619 3587 4067 4067 4066 4066 4066 4066 4066 4066
315 1683102209 374 3687 3662 3642 3577 3619 3619 3587 4065 4065 4064 4064 4064 4064 4064 4064
316 1683102209 374 3687 3662 3642 3578 3619 3619 3587 4063 4063 4063 4063 4063 4063 4063 4063
317 1683102209 374 3686 3662 3641 3578 3619 3619 3587 4067 4067 4066 4066 4066 4066 4066 4066
318 1683102209 374 3687 3662 3641 3577 3620 3619 3588 4067 4067 4066 4066 4066 4066 4066 4066
319 1683102209 374 3687 3662 3641 3577 3619 3619 3587 4065 4065 4065 4065 4065 4065 4065 4065
320 1683102209 374 3687 3662 3641 3578 3620 3619 3587 4065 4065 4065 4065 4065 4065 4065 4065
321 1683102209 374 3688 3663 3642 3578 3621 3619 3588 4067 4067 4066 4066 4066 4066 4066 4066
322 1683102209 373 3687 3662 3641 3577 3620 3619 3587 4065 4065 4065 4065 4065 4065 4065 4065
323 1683102209 374 3687 3662 3642 3578 3620 3619 3587 4067 4067 4066 4066 4066 4066 4066 4066
324 1683102209 374 3686 3662 3642 3578 3619 3619 3587 4067 4067 4066 4066 4066 4066 4066 4066
325 1683102209 374 3687 3662 3642 3578 3620 3619 3588 4067 4067 4066 4066 4066 4066 4066 4066
326 1683102209 374 3687 3662 3641 3577 3620 3619 3587 4065 4065 4065 4065 4065 4065 4065 4065
327 1683102209 373 3689 3664 3643 3578 3621 3620 3588 4065 4065 4065 4065 4065 4065 4065 4065
328 1683102209 374 3688 3663 3643 3578 3620 3620 3588 4067 4067 4066 4066 4066 4066 4066 4066
329 1683102209 374 3688 3663 3642 3578 3620 3619 3587 4067 4067 4066 4066 4066 4066 4066 4066
330 1683102209 374 3688 3663 3642 3578 3620 3620 3587 4065 4065 4065 4065 4065 4065 4065 4065
331 1683102209 374 3688 3664 3643 3579 3621 3621 3589 4065 4065 4065 4065 4065 4065 4065 4065
332 1683102209 374 3686 3661 3641 3578 3620 3619 3587 4067 4067 4066 4066 4066 4066 4066 4066
333 1683102209 374 3688 3663 3642 3579 3621 3620 3589 4065 4065 4065 4065 4065 4065 4065 4065
334 1683102209 374 3686 3662 3641 3577 3619 3618 3587 4067 4065 4065 4065 4065 4065 4065 4065
335 1683102209 374 3687 3662 3641 3577 3620 3619 3587 4067 4067 4066 4066 4066 4066 4066 4066
336 1683102209 374 3686 3662 3641 3577 3620 3619 3587 4067 4067 4066 4066 4066 4066 4066 4066
337 1683102209 374 3686 3661 3641 3577 3619 3619 3587 4065 4065 4065 4065 4065 4065 4065 4065
338 1683102209 374 3688 503 3640 3578 3621 3621 3588 4065 4065 4065 4065 4065 4065 4065 4065
339 1683102209 374 3687 3663 3642 3579 3621 3620 3588 4065 4065 4065 4065 4065 4065 4065 4065
340 1683102209 374 3686 3662 3642 3578 3621 3620 3588 4065 4065 4065 4065 4065 4065 4065 4065
341 1683102209 375 3687 3663 3642 3578 3620 3620 3588 4067 4067 4066 4066 4066 4066 4066 4066
342 1683102209 374 3686 3662 3641 3577 3620 3619 3588 4067 4067 4066 4066 4066 4066 4066 4066
343 1683102209 374 3687 3661 3641 3577 3620 3619 3587 4067 4065 4065 4065 4065 4065 4065 4065
344 1683102209 374 3687 3662 3642 3578 3620 3619 3587 4063 4063 4063 4063 4063 4063 4063 4063
345 1683102209 374 3688 3663 3642 3578 3621 3620 3588 4067 4065 4065 4065 4065 4065 4065 4065
346 1683102209 374 3687 3662 3641 3578 3620 3619 3588 4065 4065 4065 4065 4065 4065 4065 4065
347 1683102209 374 3687 3663 3642 3578 3621 3620 3589 4065 4065 4065 4065 4065 4065 4065 4065
348 1683102209 374 3687 3662 3641 3578 3620 3619 3587 4065 4065 4065 4065 4065 4065 4065 4065
349 1683102209 374 3688 3663 3642 3579 3621 3621 3588 4067 4067 4066 4066 4066 4066 4066 4066
350 1683102209 374 3688 3663 3642 3578 3620 3620 3588 4065 4065 4065 4065 4065 4065 4065 4065
351 1683102209 374 3687 3662 3641 3578 3620 3619 3588 4067 4065 4065 4065 4065 4065 4065 4065
352 1683102209 374 3690 3664 3643 3580 3622 3621 3590 4065 4065 4065 4065 4065 4065 4065 4065
353 1683102209 374 3688 3663 3642 3578 3621 3620 3588 4065 4065 4065 4065 4065 4065 4065 4065
354 1683102209 374 3686 3661 3641 3577 3619 3619 3587 4065 4065 4065 4065 4065 4065 4065 4065
355 1683102209 374 3687 3662 3641 3578 3620 3619 3588 4065 4065 4065 4065 4065 4065 4065 4065
356 1683102209 374 3688 3663 3642 3578 3621 3620 3588 4067 4067 4066 4066 4066 4066 4066 4066
357 1683102209 374 3688 3663 3642 3578 3621 3620 3589 4067 4067 4066 4066 4066 4066 4066 4066
358 1683102209 374 3687 3662 3642 3578 3621 3620 3588 4067 4067 4066 4066 4066 4066 4066 4066
359 1683102209 374 3687 3662 3642 3578 3620 3619 3587 4067 4067 4066 4066 4066 4066 4066 4066
360 1683102209 374 3687 3663 3642 3578 3620 3619 3588 4065 4065 4065 4065 4065 4065 4065 4065
361 1683102209 374 3686 3661 3640 3576 3619 3618 3586 4067 4067 4066 4066 4066 4066 4066 4066
362 1683102209 374 3688 3663 3642 3579 3621 3620 3588 4067 4067 4066 4066 4066 4066 4066 4066
363 1683102209 374 3687 3662 3641 3578 3620 3619 3587 4065 4065 4065 4065 4065 4065 4065 4065
364 1683102209 374 3688 3662 3642 3578 3620 3620 3588 4067 4067 4066 4066 4066 4066 4066 4066
365 1683102209 374 3687 3662 3641 3577 3620 3619 3587 4065 4065 4065 4065 4065 4065 4065 4065
366 1683102209 374 3688 3663 3642 3578 3620 3620 3588 4067 4067 4066 4066 4066 4066 4066 4066
367 1683102209 374 3687 3662 3642 3578 3620 3620 3588 4065 4065 4065 4065 4065 4065 4065 4065
368 1683102209 375 3686 3662 3641 3577 3620 3619 3588 4065 4065 4065 4065 4065 4065 4065 4065
369 1683102209 374 3687 3662 3641 3577 3619 3619 3587 4065 4065 4065 4065 4065 4065 4065 4065
370 1683102209 374 3688 3663 3642 3578 3621 3620 3588 4065 4065 4065 4065 4065 4065 4065 4065
371 1683102209 374 3687 3663 3643 3578 3620 3620 3588 4067 4067 4066 4066 4066 4066 4066 4066
372 1683102209 375 3688 3663 3643 3579 3621 3620 3588 4067 4067 4066 4066 4066 4066 4066 4066
373 1683102210 374 3687 3663 3641 3578 3620 3619 3587 4067 4067 4066 4066 4066 4066 4066 4066
374 1683102210 374 3688 3663 3643 3578 3621 3620 3588 4067 4065 4065 4065 4065 4065 4065 4065
375 1683102210 374 3688 3663 3642 3578 3621 3620 3588 4067 4067 4066 4066 4066 4066 4066 4066
376 1683102210 374 3688 3663 3642 3579 3620 3620 3589 4067 4067 4066 4066 4066 4066 4066 4066
377 1683102210 374 3688 3663 3642 3578 3620 3620 3589 4065 4065 4065 4065 4065 4065 4065 4065
378 1683102210 374 3688 3663 3642 3578 3620 3620 3588 4065 4065 4065 4065 4065 4065 4065 4065
379 1683102210 374 3687 3663 3642 3578 3620 3620 3588 4065 4065 4065 4065 4065 4065 4065 4065
380 1683102210 374 3686 3663 3642 3578 3621 3620 3588 4065 4065 4065 4065 4065 4065 4065 4065
381 1683102210 374 3687 3662 3642 3578 3620 3619 3588 4067 4067 4066 4066 4066 4066 4066 4066
382 1683102217 374 3687 3662 3641 3577 3619 3619 3587 4067 4067 4066 4066 4066 4066 4066 4066
383 1683102218 374 3688 3664 3643 3579 3621 3620 3589 4067 4067 4066 4066 4066 4066 4066 4066
384 1683102218 374 3688 3662 3642 3578 3620 3619 3587 4067 4067 4066 4066 4066 4066 4066 4066
385 1683102218 374 3687 3662 3641 3578 3620 3619 3588 4067 4067 4066 4066 4066 4066 4066 4066
386 1683102218 374 3687 3662 3641 3578 3620 3620 3588 4065 4065 4065 4065 4065 4065 4065 4065
387 1683102218 374 3686 3662 3641 3577 3619 3619 3587 4067 4067 4066 4066 4066 4066 4066 4066
388 1683102218 374 3687 3662 3641 3577 3619 3618 3587 4067 4067 4066 4066 4066 4066 4066 4066
389 1683102218 375 3688 3663 3642 3578 3620 3620 3588 4065 4064 4064 4064 4064 4064 4064 4064
390 1683102218 374 3687 3663 3642 3578 3621 3620 3588 4067 4067 4066 4066 4066 4066 4066 4066
391 1683102218 374 3687 3662 3642 3578 3620 3620 3588 4067 4067 4066 4066 4066 4066 4066 4066
392 1683102218 374 3688 3662 3642 3578 3620 3619 3587 4067 4067 4066 4066 4066 4066 4066 4066
393 1683102218 375 3687 3663 3642 3578 3620 3620 3588 4065 4065 4065 4065 4065 4065 4065 4065
394 1683102218 374 3688 3663 3642 3578 3620 3619 3587 4067 4067 4066 4066 4066 4066 4066 4066
395 1683102218 374 3688 3663 3642 3578 3620 3620 3588 4067 4067 4066 4066 4066 4066 4066 4066
396 1683102218 374 3687 3663 3642 3579 3621 3620 3588 4067 4067 4066 4066 4066 4066 4066 4066
397 1683102218 375 3687 3663 3641 3578 3621 3620 3588 4067 4067 4066 4066 4066 4066 4066 4066
398 1683102218 375 3688 3663 3643 3579 3621 3621 3589 4067 4067 4066 4066 4066 4066 4066 4066
399 1683102218 374 3687 3662 3642 3578 3620 3620 3588 4065 4065 4065 4065 4065 4065 4065 4065
400 1683102218 374 3687 3662 3642 3578 3620 3619 3588 4067 4067 4066 4066 4066 4066 4066 4066
401 1683102218 374 3688 3664 3643 3579 3621 3620 3589 4067 4067 4066 4066 4066 4066 4066 4066
402 1683102218 374 3687 3663 3642 3579 3620 3620 3588 4067 4067 4066 4066 4066 4066 4066 4066
403 1683102218 375 3688 3663 3642 3579 3620 3620 3588 4067 4067 4066 4066 4066 4066 4066 4066
404 1683102218 374 3688 3663 3643 3579 3621 3621 3588 4065 4065 4065 4065 4065 4065 4065 4065
405 1683102218 375 3688 3663 3642 3578 3621 3621 3588 4065 4065 4065 4065 4065 4065 4065 4065
406 1683102218 375 3688 3664 3643 3579 3621 3621 3588 4067 4067 4066 4066 4066 4066 4066 4066
407 1683102218 374 3688 3663 3641 3578 3620 3619 3588 4067 4067 4066 4066 4066 4066 4066 4066
408 1683102218 375 3687 3662 3642 3578 3621 3620 3588 4067 4067 4066 4066 4066 4066 4066 4066
409 1683102218 375 3688 3663 3642 3578 3620 3620 3588 4065 4065 4064 4064 4064 4064 4064 4064
410 1683102218 375 3687 3663 3642 3578 3621 3620 3588 4065 4065 4065 4065 4065 4065 4065 4065
411 1683102218 375 3688 3663 3642 3578 3621 3620 3588 4065 4065 4065 4065 4065 4065 4065 4065
412 1683102218 374 3687 3662 3642 3578 3620 3620 3587 4067 4067 4066 4066 4066 4066 4066 4066
413 1683102218 374 3688 3663 3642 3579 3620 3620 3588 4065 4065 4065 4065 4065 4065 4065 4065
414 1683102218 374 3687 3662 3641 3577 3619 3619 3587 4067 4067 4066 4066 4066 4066 4066 4066
415 1683102218 374 3688 3663 3643 3579 3621 3620 3588 4065 4065 4065 4065 4065 4065 4065 4065
416 1683102218 374 3688 3663 3642 3578 3620 3620 3587 4065 4065 4065 4065 4065 4065 4065 4065
417 1683102218 375 3688 3663 3642 3578 3620 3620 3588 4065 4065 4065 4065 4065 4065 4065 4065
418 1683102218 375 3688 3664 3643 3579 3621 3620 3588 4067 4067 4066 4066 4066 4066 4066 4066
419 1683102218 374 3688 3663 3642 3578 3619 3619 3587 4067 4067 4066 4066 4066 4066 4066 4066
420 1683102218 375 3688 3663 3642 3579 3621 3620 3588 4067 4067 4066 4066 4066 4066 4066 4066
421 1683102218 375 3688 3664 3643 3579 3621 3621 3588 4067 4067 4066 4066 4066 4066 4066 4066
422 1683102218 375 3687 3662 3642 3578 3620 3619 3587 4065 4065 4065 4065 4065 4065 4065 4065
423 1683102218 374 3690 3664 3643 3579 3622 3621 3589 4065 4065 4065 4065 4065 4065 4065 4065
424 1683102218 374 3688 3662 3642 3578 3620 3620 3587 4067 4067 4066 4066 4066 4066 4066 4066
425 1683102218 375 3688 3664 3642 3578 3620 3620 3588 4067 4067 4066 4066 4066 4066 4066 4066
426 1683102218 375 3688 3663 3642 3579 3621 3620 3589 4065 4065 4065 4065 4065 4065 4065 4065
427 1683102218 375 3688 3664 3643 3579 3621 3620 3588 4065 4065 4065 4065 4065 4065 4065 4065
428 1683102218 375 3687 3662 3641 3578 3620 3620 3588 4065 4065 4064 4064 4064 4064 4064 4064
429 1683102218 374 3688 3663 3642 3579 3621 3621 3589 4067 4067 4066 4066 4066 4066 4066 4066
430 1683102218 374 3688 3663 3642 3578 3620 3620 3588 4067 4067 4066 4066 4066 4066 4066 4066
431 1683102218 375 3688 3664 3643 3579 3621 3620 3588 4065 4065 4065 4065 4065 4065 4065 4065
432 1683102218 375 3688 3663 3643 3579 3621 3621 3589 4067 4067 4066 4066 4066 4066 4066 4066
433 1683102218 375 3688 3663 3642 3579 3620 3620 3588 4067 4067 4066 4066 4066 4066 4066 4066
434 1683102218 375 3687 3664 3643 3579 3621 3620 3589 4067 4067 4066 4066 4066 4066 4066 4066
435 1683102218 374 3686 3662 3642 3578 3620 3620 3588 4067 4067 4066 4066 4066 4066 4066 4066
436 1683102218 375 3688 3664 3643 3579 3621 3621 3589 4067 4065 4065 4065 4065 4065 4065 4065
437 1683102218 375 3688 3664 3643 3579 3621 3621 3589 4065 4065 4065 4065 4065 4065 4065 4065
438 1683102218 375 3689 3664 3643 3579 3621 3621 3589 4067 4067 4066 4066 4066 4066 4066 4066
439 1683102218 375 3689 3664 3643 3579 3621 3621 3589 4067 4067 4066 4066 4066 4066 4066 4066
440 1683102218 375 3688 3663 3642 3579 3621 3620 3588 4067 4067 4066 4066 4066 4066 4066 4066
441 1683102218 375 3689 3664 3643 3579 3621 3621 3589 4067 4067 4066 4066 4066 4066 4066 4066
442 1683102218 375 3687 3663 3642 3579 3620 3621 3589 4067 4067 4066 4066 4066 4066 4066 4066
443 1683102218 375 3689 3664 3643 3579 3622 3621 3589 4065 4065 4065 4065 4065 4065 4065 4065
444 1683102218 375 3687 3663 3642 3579 3621 3620 3588 4065 4065 4065 4065 4065 4065 4065 4065
445 1683102218 374 3689 3664 3643 3580 3621 3621 3588 4067 4067 4066 4066 4066 4066 4066 4066
446 1683102218 375 3689 3664 3643 3579 3621 3621 3588 4065 4065 4064 4064 4064 4064 4064 4064
447 1683102226 375 3687 3663 3642 3578 3620 3620 3588 4065 4065 4065 4065 4065 4065 4065 4065
448 1683102226 375 3688 3663 3642 3578 3620 3620 3588 4065 4065 4065 4065 4065 4065 4065 4065
449 1683102226 375 3689 3664 3643 3580 3622 3622 3590 4067 4067 4066 4066 4066 4066 4066 4066
450 1683102226 375 3688 3663 3642 3579 3621 3620 3588 4065 4065 4065 4065 4065 4065 4065 4065
451 1683102226 375 3689 3664 3643 3580 3622 3621 3589 4067 4065 4065 4065 4065 4065 4065 4065
452 1683102226 375 3687 3662 3642 3578 3620 3619 3588 4065 4065 4065 4065 4065 4065 4065 4065
453 1683102226 375 3688 3663 3643 3579 3621 3620 3588 4067 4067 4066 4066 4066 4066 4066 4066
454 1683102226 375 3688 3663 3642 3578 3620 3620 3588 4067 4067 4066 4066 4066 4066 4066 4066
455 1683102226 375 3689 3664 3643 3579 3621 3621 3589 4065 4065 4065 4065 4065 4065 4065 4065
456 1683102226 375 3688 3663 3642 3579 3621 3621 3589 4065 4065 4065 4065 4065 4065 4065 4065
457 1683102226 375 3688 3664 3642 3579 3620 3620 3588 4067 4067 4066 4066 4066 4066 4066 4066
458 1683102226 375 3689 3664 3643 3579 3621 3621 3588 4067 4067 4066 4066 4066 4066 4066 4066
459 1683102226 374 3689 3664 3643 3579 3621 3621 3588 4065 4065 4065 4065 4065 4065 4065 4065
460 1683102226 374 3688 3664 3643 3579 3621 3621 3589 4067 4067 4066 4066 4066 4066 4066 4066
461 1683102226 375 3687 3663 3642 3578 3621 3620 3588 4067 4067 4066 4066 4066 4066 4066 4066
462 1683102226 375 3688 3663 3643 3579 3621 3620 3588 4067 4067 4066 4066 4066 4066 4066 4066
463 1683102226 375 3688 3663 3642 3579 3621 3621 3588 4063 4063 4063 4063 4063 4063 4063 4063
464 1683102226 375 3688 3664 3643 3580 3622 3622 3590 4065 4065 4065 4065 4065 4065 4065 4065
465 1683102226 375 3687 3663 3642 3578 3621 3620 3589 4065 4065 4065 4065 4065 4065 4065 4065
466 1683102226 375 3688 3663 3643 3579 3621 3621 3589 4065 4065 4065 4065 4065 4065 4065 4065
467 1683102226 375 3689 3664 3644 3579 3622 3621 3589 4067 4067 4066 4066 4066 4066 4066 4066
468 1683102226 375 3689 3664 3643 3580 3622 3621 3589 4067 4067 4066 4066 4066 4066 4066 4066
469 1683102226 375 3687 3663 3642 3578 3620 3620 3588 4067 4067 4066 4066 4066 4066 4066 4066
470 1683102226 375 3689 3665 3644 3580 3622 3622 3590 4067 4067 4066 4066 4066 4066 4066 4066
471 1683102227 375 3689 3665 3644 3580 3622 3622 3590 4065 4065 4065 4065 4065 4065 4065 4065
472 1683102227 375 3690 3665 3644 3580 3622 3622 3589 4065 4065 4065 4065 4065 4065 4065 4065
473 1683102227 375 3689 3665 3644 3580 3622 3621 3589 4067 4067 4066 4066 4066 4066 4066 4066
474 1683102227 375 3689 3664 3643 3579 3621 3621 3589 4065 4065 4065 4065 4065 4065 4065 4065
475 1683102227 375 3690 3666 3645 3581 3623 3623 3591 4067 4065 4065 4065 4065 4065 4065 4065
476 1683102227 376 3688 3663 3643 3579 3621 3621 3589 4065 4065 4065 4065 4065 4065 4065 4065
477 1683102227 375 3689 3664 3644 3580 3622 3621 3589 4065 4065 4065 4065 4065 4065 4065 4065
478 1683102227 375 3690 3665 3644 3580 3622 3622 3590 4067 4065 4065 4065 4065 4065 4065 4065
479 1683102227 375 3689 3664 3643 3579 3622 3621 3589 4065 4065 4065 4065 4065 4065 4065 4065
480 1683102227 375 3688 3664 3643 3580 3622 3621 3590 4067 4067 4066 4066 4066 4066 4066 4066
481 1683102227 375 3689 3664 3643 3579 3621 3621 3589 4067 4067 4066 4066 4066 4066 4066 4066
482 1683102227 375 3690 3664 3643 3579 3621 3621 3589 4065 4065 4065 4065 4065 4065 4065 4065
483 1683102227 375 3689 3665 3643 3580 3622 3621 3590 4067 4067 4066 4066 4066 4066 4066 4066
484 1683102227 376 3690 3665 3644 3581 3623 3622 3590 4065 4065 4065 4065 4065 4065 4065 4065
485 1683102227 375 3689 3664 3643 3579 3621 3621 3589 4065 4065 4065 4065 4065 4065 4065 4065
486 1683102227 375 3688 3664 3643 3579 3621 3621 3589 4067 4067 4066 4066 4066 4066 4066 4066
487 1683102227 375 3689 3665 3644 3580 3622 3622 3590 4067 4067 4066 4066 4066 4066 4066 4066
488 1683102227 375 3689 3664 3644 3580 3622 3622 3590 4065 4065 4065 4065 4065 4065 4065 4065
489 1683102227 375 3689 3665 3643 3580 3622 3621 3589 4065 4065 4065 4065 4065 4065 4065 4065
490 1683102227 375 3689 3664 3643 3579 3622 3621 3589 4065 4065 4065 4065 4065 4065 4065 4065
491 1683102227 375 3689 3665 3643 3580 3622 3621 3590 4067 4067 4066 4066 4066 4066 4066 4066
492 1683102227 375 3689 3665 3644 3580 3622 3622 3590 4065 4065 4065 4065 4065 4065 4065 4065
493 1683102227 375 3689 3664 3643 3580 3622 3621 3589 4067 4067 4066 4066 4066 4066 4066 4066
494 1683102227 375 3689 3665 3644 3580 3623 3622 3590 4065 4065 4065 4065 4065 4065 4065 4065
495 1683102227 376 3689 3665 3644 3580 3623 3622 3590 4067 4067 4066 4066 4066 4066 4066 4066
496 1683102227 375 3688 3665 3644 3580 3623 3622 3590 4065 4065 4065 4065 4065 4065 4065 4065
497 1683102227 375 3690 3664 3644 3579 3621 3621 3589 4067 4067 4066 4066 4066 4066 4066 4066
498 1683102227 375 3690 3664 3644 3580 3623 3621 3590 4065 4065 4065 4065 4065 4065 4065 4065
499 1683102227 376 3689 3663 3643 3579 3621 3620 3589 4067 4065 4065 4065 4065 4065 4065 4065
500 1683102227 375 3690 3665 3644 3581 3622 3622 3590 4067 4067 4066 4066 4066 4066 4066 4066
501 1683102227 375 3689 3664 3644 3580 3622 3621 3590 4067 4067 4066 4066 4066 4066 4066 4066
502 1683102227 375 3690 3664 3644 3580 3622 3622 3590 4067 4067 4066 4066 4066 4066 4066 4066
503 1683102227 375 3689 3664 3644 3580 3623 3622 3590 4067 4067 4066 4066 4066 4066 4066 4066
504 1683102227 375 3690 3665 3644 3580 3623 3622 3590 4065 4065 4065 4065 4065 4065 4065 4065
505 1683102227 376 3689 3665 3644 3580 3622 3622 3589 4067 4067 4066 4066 4066 4066 4066 4066
506 1683102227 375 3690 3666 3645 3580 3623 3622 3590 4067 4067 4066 4066 4066 4066 4066 4066
507 1683102227 375 3690 3665 3644 3580 3622 3622 3590 4067 4065 4065 4065 4065 4065 4065 4065
508 1683102227 375 3689 3664 3643 3579 3622 3622 3590 4067 4065 4065 4065 4065 4065 4065 4065
509 1683102227 375 3689 3664 3644 3580 3622 3621 3589 4067 4067 4066 4066 4066 4066 4066 4066
510 1683102227 375 3690 3665 3644 3580 3623 3622 3590 4065 4065 4065 4065 4065 4065 4065 4065
511 1683102227 375 3689 3665 3644 3580 3622 3622 3590 4067 4067 4066 4066 4066 4066 4066 4066
512 1683102227 375 3690 3665 3644 3580 3622 3622 3590 4067 4067 4067 4067 4067 4067 4067 4067
513 1683102227 375 3689 3664 3643 3580 3622 3621 3590 4065 4065 4065 4065 4065 4065 4065 4065
514 1683102227 375 3689 3664 3643 3580 3622 3622 3589 4066 4067 4066 4066 4066 4066 4066 4066
515 1683102227 375 3690 3665 3644 3581 3623 3622 3590 4067 4067 4066 4066 4066 4066 4066 4066
516 1683102227 376 3690 3664 3644 3580 3622 3622 3590 4065 4065 4064 4064 4064 4064 4064 4064
517 1683102227 375 3689 3664 3643 3580 3621 3621 3590 4063 4063 4063 4063 4063 4063 4063 4063
518 1683102227 376 3689 3664 3644 3580 3622 3622 3590 4067 4067 4066 4066 4066 4066 4066 4066
519 1683102227 375 3690 3665 3645 3581 3622 3622 3590 4065 4065 4065 4065 4065 4065 4065 4065
520 1683102227 376 3689 3664 3644 3580 3622 3621 3589 4067 4067 4066 4066 4066 4066 4066 4066
521 1683102227 375 3690 3665 3644 3580 3622 3622 3590 4065 4065 4065 4065 4065 4065 4065 4065
522 1683102227 375 3690 3665 3644 3580 3622 3622 3590 4065 4065 4065 4065 4065 4065 4065 4065
523 1683102227 375 3689 3664 3643 3579 3622 3621 3589 4065 4065 4065 4065 4065 4065 4065 4065
524 1683102227 376 3690 3665 3645 3581 3623 3622 3590 4067 4067 4066 4066 4066 4066 4066 4066
525 1683102227 375 3691 3665 3644 3580 1658 3621 3590 4065 4065 4065 4065 4065 4065 4065 4065
526 1683102235 375 3687 3663 3642 3578 3620 3620 3587 4067 4067 4066 4066 4066 4066 4066 4066
527 1683102235 375 3688 3663 3643 3578 3621 3621 3588 4067 4067 4066 4066 4066 4066 4066 4066
528 1683102235 375 3689 3663 3643 3579 3621 3621 3589 4067 4067 4066 4066 4066 4066 4066 4066
529 1683102235 375 3688 3663 3643 3578 3621 3620 3588 4065 4065 4065 4065 4065 4065 4065 4065
530 1683102235 376 3689 3664 3642 3579 3621 3621 3590 4065 4065 4065 4065 4065 4065 4065 4065
531 1683102235 375 3688 3663 3642 3579 3621 3621 3589 4065 4065 4065 4065 4065 4065 4065 4065
532 1683102235 376 3687 3663 3642 3578 3620 3620 3589 4063 4063 4063 4063 4063 4063 4063 4063
533 1683102235 375 3688 3663 3642 3579 3621 3620 3589 4067 4067 4067 4067 4067 4067 4067 4067
534 1683102235 376 3688 3663 3643 3579 3621 3620 3588 4065 4065 4065 4065 4065 4065 4065 4065
535 1683102235 375 3688 3663 3642 3579 3621 3620 3588 4067 4065 4065 4065 4065 4065 4065 4065
536 1683102235 373 3687 3662 3641 3577 3619 3620 3587 4065 4065 4065 4065 4065 4065 4065 4065
537 1683102235 374 3686 3661 3641 3577 3619 3619 3586 4067 4065 4065 4065 4065 4065 4065 4065
538 1683102235 374 3686 3662 3641 3577 3619 3619 3587 4067 4067 4066 4066 4066 4066 4066 4066
539 1683102235 374 3687 3662 3641 3577 3619 3619 3587 4065 4065 4065 4065 4065 4065 4065 4065
540 1683102235 373 3687 3663 3641 3578 3620 3619 3587 4067 4067 4066 4066 4066 4066 4066 4066
541 1683102235 374 3687 3662 3641 3578 3620 3619 3587 4067 4067 4066 4066 4066 4066 4066 4066
542 1683102235 373 3687 3663 3642 3578 3620 3620 3587 4067 4067 4066 4066 4066 4066 4066 4066
543 1683102235 374 3688 3663 3642 3578 3620 3621 3589 4065 4065 4065 4065 4065 4065 4065 4065
544 1683102235 373 3687 3662 3641 3577 3619 3619 3587 4067 4067 4066 4066 4066 4066 4066 4066
545 1683102235 373 3688 3663 3642 3578 3620 3620 3588 4067 4067 4066 4066 4066 4066 4066 4066
546 1683102235 374 3687 3662 3641 3577 3619 3619 3587 4065 4065 4065 4065 4065 4065 4065 4065
547 1683102235 374 3687 3663 3641 3578 3620 3619 3587 4067 4067 4066 4066 4066 4066 4066 4066
548 1683102235 373 3687 3662 3641 3577 3620 3619 3587 4067 4067 4066 4066 4066 4066 4066 4066
549 1683102235 374 3686 3662 3641 3577 3619 3619 3587 4067 4067 4066 4066 4066 4066 4066 4066
550 1683102235 374 3687 3662 3641 3577 3619 3619 3587 4065 4065 4065 4065 4065 4065 4065 4065
551 1683102235 374 3688 3663 3641 3578 3620 3619 3588 4067 4067 4066 4066 4066 4066 4066 4066
552 1683102235 374 3687 3663 3642 3578 3620 3620 3588 4067 4065 4065 4065 4065 4065 4065 4065
553 1683102236 374 3687 3663 3641 3578 3620 3619 3587 4067 4067 4066 4066 4066 4066 4066 4066
554 1683102236 374 3688 3662 3642 3578 3620 3620 3588 4067 4067 4066 4066 4066 4066 4066 4066
555 1683102236 374 3687 3661 3641 3577 3619 3619 3587 4067 4067 4066 4066 4066 4066 4066 4066
556 1683102236 374 3687 3662 3642 3578 3620 3620 3588 4067 4067 4066 4066 4066 4066 4066 4066
557 1683102236 374 3687 3662 3642 3578 3620 3619 3587 4065 4065 4065 4065 4065 4065 4065 4065
558 1683102236 374 3688 3663 3642 3579 3620 3620 3588 4065 4065 4065 4065 4065 4065 4065 4065
559 1683102236 374 3687 3662 3641 3578 3620 3620 3588 4065 4065 4065 4065 4065 4065 4065 4065
560 1683102236 374 3687 3662 3641 3578 3619 3619 3587 4067 4065 4065 4065 4065 4065 4065 4065
561 1683102236 374 3686 3662 3641 3577 3620 3619 3587 4067 4067 4066 4066 4066 4066 4066 4066
562 1683102236 373 3689 3663 3642 3578 3620 3620 3587 4067 4067 4067 4067 4067 4067 4067 4067
563 1683102236 374 3687 3662 3641 3578 3620 3619 3588 4067 4065 4065 4065 4065 4065 4065 4065
564 1683102236 374 3687 3662 3641 3577 3619 3619 3587 4067 4067 4066 4066 4066 4066 4066 4066
565 1683102236 374 3686 3662 3641 3577 3619 3619 3587 4065 4065 4065 4065 4065 4065 4065 4065
566 1683102236 374 3687 3662 3642 3578 3620 3619 3588 4067 4067 4066 4066 4066 4066 4066 4066
567 1683102236 374 3687 3662 3641 3577 3620 3619 3587 4065 4065 4065 4065 4065 4065 4065 4065
568 1683102236 374 3687 3663 3642 3579 3621 3620 3589 4067 4067 4066 4066 4066 4066 4066 4066
569 1683102236 373 3688 3663 3642 3578 3620 3619 3588 4067 4067 4066 4066 4066 4066 4066 4066
570 1683102236 373 3688 3663 3642 3578 3620 3619 3587 4067 4067 4067 4067 4067 4067 4067 4067
571 1683102236 374 3688 3663 3642 3578 3620 3620 3588 4067 4067 4066 4066 4066 4066 4066 4066
572 1683102236 374 3688 3663 3642 3579 3621 3620 3588 4065 4065 4065 4065 4065 4065 4065 4065
573 1683102236 373 3688 3662 3642 3577 3620 3619 3587 4067 4067 4066 4066 4066 4066 4066 4066
574 1683102236 374 3687 3662 3642 3578 3620 3619 3587 4065 4065 4065 4065 4065 4065 4065 4065
575 1683102236 374 3688 3663 3641 3578 3620 3619 3588 4065 4065 4065 4065 4065 4065 4065 4065
576 1683102236 374 3688 3664 3643 3579 3621 3620 3588 4067 4067 4066 4066 4066 4066 4066 4066
577 1683102236 374 3688 3663 3643 3579 3621 3620 3588 4067 4067 4066 4066 4066 4066 4066 4066
578 1683102236 374 3687 3661 3641 3577 3619 3619 3587 4067 4067 4066 4066 4066 4066 4066 4066
579 1683102236 375 3687 3662 3642 3578 3620 3619 3587 4067 4067 4066 4066 4066 4066 4066 4066
580 1683102236 374 3687 3663 3642 3579 3621 3620 3588 4065 4065 4065 4065 4065 4065 4065 4065
581 1683102236 374 3687 3663 3642 3578 3620 3619 3588 4065 4065 4065 4065 4065 4065 4065 4065
582 1683102236 374 3688 3663 3642 3578 3620 3620 3588 4067 4067 4066 4066 4066 4066 4066 4066
583 1683102236 374 3687 3662 3642 3578 3620 3619 3588 4067 4067 4066 4066 4066 4066 4066 4066
584 1683102236 374 3688 3663 3642 3578 3620 3620 3588 4067 4067 4067 4067 4067 4067 4067 4067
585 1683102236 373 3688 3662 3642 3578 3620 3619 3588 4067 4065 4065 4065 4065 4065 4065 4065
586 1683102236 374 3687 3662 3642 3578 3620 3620 3588 4065 4065 4065 4065 4065 4065 4065 4065
587 1683102236 374 3687 3662 3641 3577 3620 3619 3587 4065 4065 4065 4065 4065 4065 4065 4065
588 1683102236 374 3688 3662 3641 3577 3620 3619 3588 4067 4067 4066 4066 4066 4066 4066 4066
589 1683102236 374 3688 3663 3642 3578 3620 3619 3588 4065 4065 4065 4065 4065 4065 4065 4065
590 1683102236 374 3687 3663 3642 3578 3621 3621 3588 4065 4065 4065 4065 4065 4065 4065 4065
591 1683102236 374 3688 3662 3641 3578 3620 3620 3588 4067 4067 4066 4066 4066 4066 4066 4066
592 1683102236 374 3687 3663 3643 3579 3622 3621 3589 4067 4067 4066 4066 4066 4066 4066 4066
593 1683102236 374 3686 3662 3642 3578 3620 3620 3588 4065 4065 4065 4065 4065 4065 4065 4065
594 1683102236 374 3688 3663 3642 3579 3621 3620 3588 4067 4067 4066 4066 4066 4066 4066 4066
595 1683102236 374 3688 3663 3642 3578 3621 3620 3588 4067 4067 4066 4066 4066 4066 4066 4066
596 1683102236 374 3689 3664 3644 3580 3622 3621 3589 4065 4065 4065 4065 4065 4065 4065 4065
597 1683102236 374 3688 3663 3642 3578 3620 3619 3588 4065 4065 4065 4065 4065 4065 4065 4065
598 1683102236 374 3687 3662 3642 3578 3620 3619 3587 4067 4067 4066 4066 4066 4066 4066 4066
599 1683102236 374 3687 3662 3642 3578 3620 3619 3587 4067 4067 4066 4066 4066 4066 4066 4066
600 1683102236 374 3687 3662 3641 3577 3620 3620 3588 4067 4065 4065 4065 4065 4065 4065 4065
601 1683102236 374 3687 3662 3642 3577 3620 3620 3588 4065 4065 4065 4065 4065 4065 4065 4065
602 1683102236 374 3687 3662 3641 3577 3620 3619 3587 4065 4065 4065 4065 4065 4065 4065 4065
603 1683102236 375 3688 3664 3643 3579 3621 3621 3588 4067 4067 4066 4066 4066 4066 4066 4066
604 1683102236 374 3687 3662 3641 3577 3619 3619 3587 4065 4065 4065 4065 4065 4065 4065 4065
605 1683102236 374 3688 3663 3642 3578 3620 3620 3588 4067 4067 4066 4066 4066 4066 4066 4066
606 1683102236 375 3688 3662 3642 3578 3620 3620 3588 4065 4065 4065 4065 4065 4065 4065 4065
607 1683102236 374 3689 3664 3643 3579 3622 3621 3589 4067 4067 4066 4066 4066 4066 4066 4066
608 1683102236 374 3687 3662 3641 3578 3620 3620 3587 4067 4067 4066 4066 4066 4066 4066 4066
609 1683102236 374 3688 3663 3642 3579 3620 3620 3588 4065 4065 4065 4065 4065 4065 4065 4065
610 1683102236 374 3687 3662 3642 3578 3620 3619 3588 4065 4065 4065 4065 4065 4065 4065 4065
611 1683102236 374 3688 3663 3642 3578 3620 3620 3588 4067 4065 4065 4065 4065 4065 4065 4065
612 1683102236 375 3680 3655 3635 3571 3613 3612 3580 4065 4065 4065 4065 4065 4065 4065 4065
613 1683102236 374 3688 3662 3641 3578 3620 3619 3587 4069 4067 4067 4067 4067 4067 4067 4067
614 1683102236 374 3689 3663 3643 3579 3621 3621 3589 4065 4065 4065 4065 4065 4065 4065 4065
615 1683102236 374 3687 3662 3642 3577 3620 3619 3587 4067 4067 4066 4066 4066 4066 4066 4066
616 1683102236 374 3687 3662 3641 3577 3619 3619 3587 4067 4067 4066 4066 4066 4066 4066 4066
617 1683102236 375 3688 3663 3643 3579 3621 3621 3588 4067 4067 4066 4066 4066 4066 4066 4066
618 1683102236 374 3688 3663 3642 3578 3621 3620 3588 4065 4065 4065 4065 4065 4065 4065 4065
619 1683102236 374 3688 3664 3643 3579 3621 3621 3589 4065 4065 4065 4065 4065 4065 4065 4065
620 1683102236 374 3688 3663 3642 3579 3621 3620 3588 4067 4067 4066 4066 4066 4066 4066 4066
621 1683102236 374 3687 3662 3641 3578 3620 3620 3588 4065 4065 4065 4065 4065 4065 4065 4065
622 1683102236 374 3688 3663 3642 3578 3620 3620 3588 4067 4067 4066 4066 4066 4066 4066 4066
623 1683102236 374 3688 3663 3642 3578 3620 3619 3588 4067 4067 4066 4066 4066 4066 4066 4066
624 1683102236 374 3687 3663 3642 3578 3620 3619 3587 4065 4065 4065 4065 4065 4065 4065 4065
625 1683102236 374 3688 3663 3642 3579 3621 3620 3588 4067 4067 4066 4066 4066 4066 4066 4066
626 1683102236 374 3688 3663 3642 3579 3620 3620 3587 4067 4067 4066 4066 4066 4066 4066 4066
627 1683102236 374 3688 3662 3642 3578 3620 3620 3588 4065 4065 4065 4065 4065 4065 4065 4065
628 1683102236 375 3688 3663 3642 3578 3620 3620 3588 4065 4065 4065 4065 4065 4065 4065 4065
629 1683102236 374 3688 3663 3643 3578 3620 3620 3588 4065 4065 4065 4065 4065 4065 4065 4065
630 1683102236 374 3688 3663 3642 3578 3619 3619 3588 4067 4067 4066 4066 4066 4066 4066 4066
631 1683102237 374 3688 3664 3643 3579 3621 3621 3589 4067 4067 4066 4066 4066 4066 4066 4066
632 1683102237 374 3688 3663 3642 3578 3620 3619 3588 4067 4067 4066 4066 4066 4066 4066 4066
633 1683102237 374 3688 3663 3641 3578 3620 3620 3587 4065 4065 4065 4065 4065 4065 4065 4065
634 1683102237 374 3688 3663 3642 3578 3621 3620 3588 4067 4067 4066 4066 4066 4066 4066 4066
635 1683102237 375 3686 3661 3641 3577 3620 3619 3587 4067 4067 4066 4066 4066 4066 4066 4066
636 1683102237 375 3688 3664 3643 3579 3621 3621 3589 4063 4063 4063 4063 4063 4063 4063 4063
637 1683102237 375 3688 3663 3642 3578 3620 3620 3588 4065 4065 4065 4065 4065 4065 4065 4065
638 1683102237 374 3689 3663 3643 3579 3621 3621 3589 4065 4065 4065 4065 4065 4065 4065 4065
639 1683102237 375 3688 3663 3642 3578 3621 3620 3589 4065 4065 4065 4065 4065 4065 4065 4065
640 1683102237 374 3687 3663 3642 3578 3620 3620 3588 4067 4067 4066 4066 4066 4066 4066 4066
641 1683102237 374 3688 3663 3642 3578 3620 3620 3588 4067 4067 4066 4066 4066 4066 4066 4066
642 1683102237 374 3689 3664 3642 3579 3621 3620 3588 4067 4065 4065 4065 4065 4065 4065 4065
643 1683102237 374 3688 3663 3642 3579 3621 3620 3588 4067 4067 4066 4066 4066 4066 4066 4066
644 1683102237 374 3690 3665 3644 3580 3622 3622 1715 4067 4067 4066 4066 4066 4066 4066 4066
645 1683102237 374 3688 3663 3642 3578 3620 3620 3588 4065 4065 4064 4064 4064 4064 4064 4064
646 1683102237 374 3688 3663 3643 3579 3621 3621 3588 4067 4067 4066 4066 4066 4066 4066 4066
647 1683102237 375 3688 3663 3642 3579 3621 3620 3589 4067 4067 4066 4066 4066 4066 4066 4066
648 1683102237 375 3687 3663 3642 3578 3621 3620 3588 4067 4067 4066 4066 4066 4066 4066 4066
649 1683102237 374 3688 3664 3643 3579 3621 3621 3588 4065 4065 4065 4065 4065 4065 4065 4065
650 1683102237 375 331 3661 3643 3579 3622 3621 3589 4065 4065 4065 4065 4065 4065 4065 4065
651 1683102237 374 3688 3663 3643 3578 3620 3620 3588 4065 4065 4065 4065 4065 4065 4065 4065
652 1683102237 374 3688 3663 3643 3579 3621 3620 3589 4065 4065 4064 4064 4064 4064 4064 4064
653 1683102237 374 3688 3663 3643 3579 3621 3620 3588 4067 4067 4066 4066 4066 4066 4066 4066
654 1683102237 375 3687 3663 3642 3578 3621 3620 3588 4067 4067 4066 4066 4066 4066 4066 4066
655 1683102237 375 3687 3663 3642 3578 3620 3620 3588 4065 4065 4065 4065 4065 4065 4065 4065
656 1683102237 374 3688 3663 3643 3579 3621 3620 3588 4067 4067 4066 4066 4066 4066 4066 4066
657 1683102237 374 3688 3664 3643 3579 3621 3621 3589 4065 4065 4064 4064 4064 4064 4064 4064
658 1683102237 374 3689 3663 3642 3578 3620 3620 3588 4067 4067 4066 4066 4066 4066 4066 4066
659 1683102237 375 3688 3663 3642 3578 3620 3620 3588 4067 4067 4066 4066 4066 4066 4066 4066
660 1683102237 374 3688 3663 3642 3578 3620 3620 3588 4065 4065 4065 4065 4065 4065 4065 4065
661 1683102237 374 3687 3663 3641 3578 3620 3619 3587 4065 4065 4065 4065 4065 4065 4065 4065
662 1683102237 375 3689 3664 3643 3579 3621 3621 3589 4065 4065 4065 4065 4065 4065 4065 4065
663 1683102237 375 3688 3663 3642 3578 3621 3620 3588 4067 4067 4066 4066 4066 4066 4066 4066
664 1683102237 375 3687 3664 3643 3579 3621 3620 3588 4067 4067 4066 4066 4066 4066 4066 4066
665 1683102237 374 3687 3663 3642 3578 3621 3620 3588 4065 4065 4065 4065 4065 4065 4065 4065
666 1683102237 374 3689 3664 3643 3580 3622 3621 3589 4067 4067 4066 4066 4066 4066 4066 4066
667 1683102237 374 3688 3662 3642 3578 3621 3619 3587 4067 4067 4067 4067 4067 4067 4067 4067
668 1683102237 374 3688 3663 3642 3578 3620 3620 3588 4065 4065 4065 4065 4065 4065 4065 4065
669 1683102237 375 3689 3663 3643 3579 3621 3620 3588 4067 4067 4066 4066 4066 4066 4066 4066
670 1683102237 374 3689 3664 3643 3579 3621 3621 3589 4067 4067 4066 4066 4066 4066 4066 4066
671 1683102237 375 3688 3664 3643 3579 3621 3621 3589 4067 4067 4066 4066 4066 4066 4066 4066
672 1683102237 375 3691 3666 3645 3582 3624 3623 3591 4067 4067 4066 4066 4066 4066 4066 4066
673 1683102237 375 3689 3663 3642 3579 3621 3621 3589 4067 4067 4066 4066 4066 4066 4066 4066
674 1683102237 375 3688 3663 3642 3578 3620 3620 3588 4065 4065 4065 4065 4065 4065 4065 4065
675 1683102237 375 3688 3664 3642 3579 3621 3620 3588 4065 4065 4065 4065 4065 4065 4065 4065
676 1683102237 375 3688 3663 3642 3579 3620 3620 3588 4065 4065 4064 4064 4064 4064 4064 4064
677 1683102237 375 3686 3662 3641 3577 3620 3619 3588 4065 4065 4065 4065 4065 4065 4065 4065
678 1683102237 374 3689 3664 3643 3579 3621 3621 3589 4065 4065 4065 4065 4065 4065 4065 4065
679 1683102237 375 3688 3664 3643 3579 3621 3620 3588 4063 4063 4063 4063 4063 4063 4063 4063
680 1683102237 375 3688 3663 3643 3579 3620 3621 3588 4067 4067 4066 4066 4066 4066 4066 4066
681 1683102237 375 3688 3663 3642 3578 3621 3621 3588 4065 4065 4065 4065 4065 4065 4065 4065
682 1683102237 375 3689 3664 3643 3579 3621 3621 3589 4065 4065 4065 4065 4065 4065 4065 4065
683 1683102237 375 3688 3663 3642 3578 3620 3620 3588 4067 4067 4066 4066 4066 4066 4066 4066
684 1683102237 375 3689 3664 3643 3579 3621 3621 3588 4065 4065 4064 4064 4064 4064 4064 4064
685 1683102237 375 3689 3663 3643 3579 3621 3620 3588 4063 4063 4062 4062 4062 4062 4062 4062
686 1683102237 374 3687 3663 3642 3578 3620 3620 3588 4065 4065 4064 4064 4064 4064 4064 4064
687 1683102237 375 3688 3663 3642 3578 3621 3620 3588 4065 4065 4065 4065 4065 4065 4065 4065
688 1683102237 375 3687 3664 3643 3579 3621 3620 3589 4067 4067 4066 4066 4066 4066 4066 4066
689 1683102237 374 3686 3663 3642 3578 3621 3620 3588 4067 4067 4066 4066 4066 4066 4066 4066
690 1683102237 375 3689 3664 3643 3579 3621 3620 3588 4067 4067 4066 4066 4066 4066 4066 4066
691 1683102237 374 3689 337 3640 3580 3622 3621 3589 4067 4067 4066 4066 4066 4066 4066 4066
692 1683102237 375 3688 3663 3642 3579 3621 3620 3588 4067 4065 4065 4065 4065 4065 4065 4065
693 1683102237 375 3689 3664 3643 3580 3622 3621 3589 4067 4067 4066 4066 4066 4066 4066 4066
694 1683102237 375 3689 3664 3643 3579 3621 3621 3589 4065 4065 4065 4065 4065 4065 4065 4065
695 1683102237 375 3689 3664 3644 3580 3622 3621 3589 4065 4065 4065 4065 4065 4065 4065 4065
696 1683102237 375 3688 3663 3643 3579 3621 3621 3589 4065 4065 4065 4065 4065 4065 4065 4065
697 1683102237 375 3688 3663 3642 3579 3620 3620 3588 4067 4067 4066 4066 4066 4066 4066 4066
698 1683102237 375 3688 3663 3642 3579 3620 3620 3588 4065 4065 4065 4065 4065 4065 4065 4065
699 1683102237 375 3688 3664 3643 3579 3621 3621 3589 4065 4065 4065 4065 4065 4065 4065 4065
700 1683102237 375 3689 3664 3644 3580 3621 3621 3589 4065 4065 4065 4065 4065 4065 4065 4065
701 1683102237 375 3688 3663 3643 3579 3621 3620 3588 4067 4067 4066 4066 4066 4066 4066 4066
702 1683102237 374 3688 3663 3642 3578 3620 3620 3588 4065 4065 4064 4064 4064 4064 4064 4064
703 1683102237 374 3688 3663 3642 3578 3621 3620 3588 4065 4065 4065 4065 4065 4065 4065 4065
704 1683102237 375 3687 3663 3643 3579 3621 3621 3588 4065 4065 4065 4065 4065 4065 4065 4065
705 1683102237 375 3688 3663 3643 3579 3621 3621 3589 4067 4067 4066 4066 4066 4066 4066 4066
706 1683102237 375 3688 3663 3642 3578 3621 3620 3588 4065 4065 4065 4065 4065 4065 4065 4065
707 1683102237 375 3688 3664 3643 3579 3621 3621 3589 4065 4065 4065 4065 4065 4065 4065 4065
708 1683102238 375 3688 3663 3643 3579 3621 3621 3588 4065 4065 4065 4065 4065 4065 4065 4065
709 1683102238 375 3688 3663 3643 3579 3621 3620 3588 4067 4065 4065 4065 4065 4065 4065 4065
710 1683102238 374 3688 3663 3642 3578 3621 3621 3588 4067 4067 4066 4066 4066 4066 4066 4066
711 1683102238 375 3689 3665 3643 3579 3622 3621 3589 4065 4065 4065 4065 4065 4065 4065 4065
712 1683102238 375 3688 3663 3642 3579 3621 3621 3589 4067 4067 4066 4066 4066 4066 4066 4066
713 1683102238 375 3689 3664 3643 3580 3622 3621 3590 4065 4065 4065 4065 4065 4065 4065 4065
714 1683102238 375 3689 3664 3643 3579 3622 3621 3589 4067 4067 4066 4066 4066 4066 4066 4066
715 1683102238 375 3689 3664 3643 3580 3621 3621 3589 4065 4065 4065 4065 4065 4065 4065 4065
716 1683102238 375 3689 3664 3643 3579 3621 3621 3589 4067 4067 4066 4066 4066 4066 4066 4066
717 1683102238 375 3688 3663 3642 3579 3621 3621 3589 4067 4067 4067 4067 4067 4067 4067 4067
718 1683102238 375 3689 3664 3644 3579 3621 3622 3589 4067 4067 4066 4066 4066 4066 4066 4066
719 1683102238 375 3688 3663 3642 3578 3621 3621 3589 4065 4065 4065 4065 4065 4065 4065 4065
720 1683102238 375 3689 3664 3643 3579 3621 3621 3589 4067 4067 4066 4066 4066 4066 4066 4066
721 1683102238 375 3688 3663 3642 3578 3621 3621 3589 4067 4067 4066 4066 4066 4066 4066 4066
722 1683102238 375 3688 3663 3642 3578 3621 3620 3588 4067 4067 4066 4066 4066 4066 4066 4066
723 1683102238 375 3690 3664 3644 3580 3622 3622 3590 4067 4065 4065 4065 4065 4065 4065 4065
724 1683102238 375 3689 3664 3643 3579 3621 3621 3589 4065 4065 4065 4065 4065 4065 4065 4065
725 1683102238 375 3688 3663 3642 3578 3620 3620 3588 4067 4067 4066 4066 4066 4066 4066 4066
726 1683102238 375 3689 3664 3643 3579 3621 3621 3589 4065 4065 4065 4065 4065 4065 4065 4065
727 1683102238 375 3688 3664 3643 3579 3621 3621 3589 4065 4065 4065 4065 4065 4065 4065 4065
728 1683102238 375 3689 3663 3643 3579 3622 3621 3589 4067 4067 4066 4066 4066 4066 4066 4066
729 1683102238 375 3689 3665 3643 3580 3621 3621 3589 4067 4067 4066 4066 4066 4066 4066 4066
730 1683102238 375 3688 3663 3642 3579 3621 3621 3589 4067 4067 4066 4066 4066 4066 4066 4066
731 1683102238 375 3688 3663 3643 3579 3621 3620 3589 4067 4065 4065 4065 4065 4065 4065 4065
732 1683102238 375 3688 3663 3644 3580 3622 3621 3589 4067 4067 4066 4066 4066 4066 4066 4066
733 1683102238 375 3688 3663 3643 3579 3620 3620 3589 4065 4065 4065 4065 4065 4065 4065 4065
734 1683102238 376 3689 3664 3643 3580 3622 3621 3590 4065 4065 4064 4064 4064 4064 4064 4064
735 1683102238 375 3688 3663 3642 3578 3620 3620 3588 4067 4067 4066 4066 4066 4066 4066 4066
736 1683102238 375 3687 3663 3642 3578 3621 3620 3589 4067 4067 4066 4066 4066 4066 4066 4066
737 1683102238 375 3688 3663 3642 3579 3621 3621 3589 4065 4065 4064 4064 4064 4064 4064 4064
738 1683102238 375 3689 3664 3643 3579 3622 3621 3589 4065 4065 4065 4065 4065 4065 4065 4065
739 1683102238 375 3688 3664 3643 3579 3621 3621 3589 4065 4065 4065 4065 4065 4065 4065 4065
740 1683102238 375 3689 3664 316 3577 3622 3621 3589 4063 4063 4063 4063 4063 4063 4063 4063
741 1683102238 375 3689 3664 3643 3579 3622 3622 3590 4065 4065 4065 4065 4065 4065 4065 4065
742 1683102238 375 3688 3663 3642 3579 3621 3621 3589 4065 4065 4065 4065 4065 4065 4065 4065
743 1683102238 375 3689 3664 3644 3580 3621 3621 3589 4065 4065 4065 4065 4065 4065 4065 4065
744 1683102238 375 3688 3664 3643 3579 3622 3621 3589 4063 4063 4063 4063 4063 4063 4063 4063
745 1683102238 375 3689 3664 3643 3580 3622 3621 3590 4067 4067 4066 4066 4066 4066 4066 4066
746 1683102238 375 3687 3663 3642 3578 3620 3620 3588 4065 4065 4065 4065 4065 4065 4065 4065
747 1683102238 375 3689 3665 3644 3580 3622 3621 3589 4065 4065 4065 4065 4065 4065 4065 4065
748 1683102238 375 3688 3663 3643 3579 3621 3620 3588 4067 4067 4066 4066 4066 4066 4066 4066
749 1683102238 375 3690 3665 3644 3580 3622 3622 3590 4067 4067 4066 4066 4066 4066 4066 4066
750 1683102238 375 3689 3665 3644 3580 3622 3622 3590 4067 4067 4066 4066 4066 4066 4066 4066
751 1683102238 375 3688 3664 3643 3578 3621 3620 3589 4067 4067 4066 4066 4066 4066 4066 4066
752 1683102238 375 3687 3663 3643 3579 3621 3621 3589 4067 4067 4066 4066 4066 4066 4066 4066
753 1683102238 375 3688 3663 3643 3579 3621 3621 3589 4067 4067 4066 4066 4066 4066 4066 4066
754 1683102238 375 3689 3664 3643 3580 3622 3622 3590 4067 4067 4066 4066 4066 4066 4066 4066
755 1683102238 376 3688 3664 3643 3579 3621 3621 3588 4067 4067 4066 4066 4066 4066 4066 4066
756 1683102238 375 3687 3663 3641 3578 3620 3620 3588 4065 4065 4065 4065 4065 4065 4065 4065
757 1683102238 376 3689 3664 3644 3580 3622 3622 3590 4065 4065 4065 4065 4065 4065 4065 4065
758 1683102238 375 3688 3664 3643 3579 3621 3621 3589 4067 4067 4066 4066 4066 4066 4066 4066
759 1683102238 375 3688 3663 3642 3578 3621 3620 3589 4067 4067 4066 4066 4066 4066 4066 4066
760 1683102238 375 3688 3664 3642 3579 3621 3621 3589 4067 4067 4066 4066 4066 4066 4066 4066
761 1683102238 375 3689 3664 3644 3580 3622 3621 3589 4065 4065 4065 4065 4065 4065 4065 4065
762 1683102238 375 3688 3663 3643 3579 3622 3621 3588 4065 4065 4065 4065 4065 4065 4065 4065
763 1683102238 375 3689 3664 3643 3579 3621 3621 3589 4067 4067 4066 4066 4066 4066 4066 4066
764 1683102238 375 3689 3664 3643 3579 3621 3621 3589 4065 4065 4065 4065 4065 4065 4065 4065
765 1683102238 375 3689 3664 3643 3579 3621 3621 3589 4065 4065 4065 4065 4065 4065 4065 4065
766 1683102238 375 3689 3664 3643 3580 3622 3621 3590 4065 4065 4065 4065 4065 4065 4065 4065
767 1683102238 375 3688 3664 3643 3580 3621 3621 3589 4067 4067 4066 4066 4066 4066 4066 4066
768 1683102238 375 3687 3664 3643 3579 3621 3620 3589 4067 4067 4066 4066 4066 4066 4066 4066
769 1683102238 376 3689 3664 3643 3579 3622 3621 3589 4067 4067 4066 4066 4066 4066 4066 4066
770 1683102238 375 3689 3665 3643 3580 3622 3622 3590 4063 4063 4063 4063 4063 4063 4063 4063
771 1683102238 375 3688 3664 3643 3579 3621 3620 3589 4065 4065 4065 4065 4065 4065 4065 4065
772 1683102238 375 3689 3664 3644 3580 3621 3622 3590 4067 4067 4066 4066 4066 4066 4066 4066
773 1683102238 376 3689 3664 3644 3580 3622 3621 3590 4067 4067 4066 4066 4066 4066 4066 4066
774 1683102238 376 3689 3664 3644 3580 3622 3622 3590 4067 4067 4066 4066 4066 4066 4066 4066
775 1683102238 375 3689 3664 3643 3580 3622 3621 3589 4065 4065 4065 4065 4065 4065 4065 4065
776 1683102238 375 3688 3664 3643 3580 3621 3621 3589 4067 4067 4066 4066 4066 4066 4066 4066
777 1683102238 376 3688 3663 3643 3579 3621 3621 3589 4065 4065 4065 4065 4065 4065 4065 4065
778 1683102238 375 3690 3665 3644 3580 3622 3622 3589 4065 4065 4065 4065 4065 4065 4065 4065
779 1683102238 376 3689 3664 3644 3580 3622 3621 3589 4067 4067 4066 4066 4066 4066 4066 4066
780 1683102238 376 3689 3665 3644 3581 3622 3622 3590 4065 4065 4065 4065 4065 4065 4065 4065
781 1683102239 375 3690 3665 3643 3580 3622 3621 3589 4067 4065 4065 4065 4065 4065 4065 4065
782 1683102239 375 3689 3665 3644 3580 3622 3622 3590 4067 4067 4066 4066 4066 4066 4066 4066
783 1683102239 375 3687 3663 3642 3578 3620 3620 3588 4067 4065 4065 4065 4065 4065 4065 4065
784 1683102239 375 3689 3664 3643 3579 3621 3621 3589 4067 4067 4066 4066 4066 4066 4066 4066
785 1683102239 376 3689 3664 3643 3579 3622 3622 3590 4067 4067 4066 4066 4066 4066 4066 4066
786 1683102239 375 3689 3663 3642 3579 3621 3621 3589 4065 4065 4065 4065 4065 4065 4065 4065
787 1683102239 375 3689 3665 3644 3580 3622 3622 3589 4065 4065 4065 4065 4065 4065 4065 4065
788 1683102239 375 3689 3664 3644 3579 3621 3620 3589 4065 4065 4065 4065 4065 4065 4065 4065
789 1683102239 375 3690 3665 3644 3580 3623 3622 3590 4065 4065 4065 4065 4065 4065 4065 4065
790 1683102239 375 3690 3665 3644 3580 3622 3622 3590 4065 4065 4064 4064 4064 4064 4064 4064
791 1683102239 376 3688 3664 3643 3579 3622 3621 3590 4067 4067 4066 4066 4066 4066 4066 4066
792 1683102239 374 3687 3662 3641 3577 3620 3619 3587 4067 4067 4066 4066 4066 4066 4066 4066
793 1683102239 373 3687 3662 3641 3577 3620 3619 3587 4067 4067 4066 4066 4066 4066 4066 4066
794 1683102239 374 3687 3662 3642 3578 3620 3620 3588 4065 4065 4065 4065 4065 4065 4065 4065
795 1683102239 374 3687 3662 3641 3577 3619 3618 3587 4067 4065 4065 4065 4065 4065 4065 4065
796 1683102239 373 3687 3662 3641 3578 3620 3619 3588 4067 4065 4065 4065 4065 4065 4065 4065
797 1683102239 373 3687 3662 3641 3577 3620 3619 3588 4063 4063 4062 4062 4062 4062 4062 4062
798 1683102239 373 3687 3662 3641 3578 3620 3619 3587 4067 4067 4066 4066 4066 4066 4066 4066
799 1683102239 374 3688 3663 3642 3579 3621 3621 3589 4067 4067 4066 4066 4066 4066 4066 4066
800 1683102239 374 3687 3662 3641 3577 3619 3619 3587 4067 4067 4066 4066 4066 4066 4066 4066
801 1683102239 374 3686 3661 3641 3576 3619 3618 3587 4067 4067 4066 4066 4066 4066 4066 4066
802 1683102239 374 3687 3662 3641 3577 3620 3620 3588 4067 4067 4066 4066 4066 4066 4066 4066
803 1683102239 374 3687 3662 3641 3577 3619 3619 3587 4067 4067 4066 4066 4066 4066 4066 4066
804 1683102239 374 3688 3663 3642 3578 3620 3620 3587 4065 4065 4065 4065 4065 4065 4065 4065
805 1683102239 374 3687 3662 3641 3578 3620 3619 3587 4065 4065 4065 4065 4065 4065 4065 4065
806 1683102239 374 3687 3662 3641 3578 3620 3620 3587 4067 4067 4066 4066 4066 4066 4066 4066
807 1683102239 373 3688 3663 3642 3578 3620 3620 3588 4067 4067 4066 4066 4066 4066 4066 4066
808 1683102239 374 3688 3663 3642 3578 3621 3620 3589 4065 4065 4065 4065 4065 4065 4065 4065
809 1683102239 374 3688 3663 3642 3579 3621 3621 3589 4065 4065 4065 4065 4065 4065 4065 4065
810 1683102239 374 3687 3662 3642 3578 3620 3619 3588 4065 4065 4065 4065 4065 4065 4065 4065
811 1683102239 374 3687 3662 3641 3577 3619 3619 3587 4067 4067 4066 4066 4066 4066 4066 4066
812 1683102239 373 3688 3662 3642 3578 3620 3620 3588 4067 4067 4066 4066 4066 4066 4066 4066
813 1683102239 374 3688 3664 3643 3578 3621 3620 3588 4065 4065 4064 4064 4064 4064 4064 4064
814 1683102239 374 3687 3662 3642 3578 3620 3620 3588 4065 4065 4065 4065 4065 4065 4065 4065
815 1683102239 374 3688 3663 3642 3578 3620 3620 3588 4065 4065 4065 4065 4065 4065 4065 4065
816 1683102239 374 3687 3662 3642 3578 3620 3620 3587 4067 4065 4065 4065 4065 4065 4065 4065
817 1683102239 374 3686 3661 3641 3577 3619 3619 3587 4065 4065 4065 4065 4065 4065 4065 4065
818 1683102239 374 3688 3662 3642 3578 3620 3620 3588 4065 4065 4065 4065 4065 4065 4065 4065
819 1683102239 374 3687 3662 3641 3577 3619 3619 3587 4067 4067 4066 4066 4066 4066 4066 4066
820 1683102239 374 3687 3663 3642 3578 3621 3620 3588 4067 4067 4066 4066 4066 4066 4066 4066
821 1683102239 374 3686 3662 3641 3577 3620 3619 3587 4067 4067 4066 4066 4066 4066 4066 4066
822 1683102239 374 3688 3662 3642 3578 3621 3620 3588 4065 4065 4065 4065 4065 4065 4065 4065
823 1683102239 374 3687 3662 3641 3577 3619 3619 3586 4067 4067 4066 4066 4066 4066 4066 4066
824 1683102239 374 3687 3662 3642 3578 3620 3620 3588 4065 4065 4065 4065 4065 4065 4065 4065
825 1683102239 374 3686 3662 3641 3578 3619 3619 3588 4067 4067 4066 4066 4066 4066 4066 4066
826 1683102239 374 3688 3664 3642 3579 3620 3620 3588 4067 4067 4066 4066 4066 4066 4066 4066
827 1683102239 374 3688 3663 3642 3578 3621 3620 3588 4065 4065 4065 4065 4065 4065 4065 4065
828 1683102239 374 3687 3663 3642 3578 3620 3620 3587 4067 4067 4066 4066 4066 4066 4066 4066
829 1683102239 374 3687 3662 3642 3577 3620 3620 3588 4067 4067 4066 4066 4066 4066 4066 4066
830 1683102239 374 3688 3662 3642 3578 3620 3620 3588 4065 4065 4065 4065 4065 4065 4065 4065
831 1683102239 373 3687 3662 3641 3577 3620 3619 3587 4065 4065 4065 4065 4065 4065 4065 4065
832 1683102239 374 3687 3663 3642 3578 3620 3620 3588 4067 4067 4066 4066 4066 4066 4066 4066
833 1683102239 374 3686 3662 3641 3578 3620 3619 3587 4067 4067 4066 4066 4066 4066 4066 4066
834 1683102239 374 3687 3662 3642 3578 3620 3619 3587 4067 4067 4066 4066 4066 4066 4066 4066
835 1683102239 374 3688 3662 3642 3578 3620 3620 3589 4065 4065 4065 4065 4065 4065 4065 4065
836 1683102239 374 3687 3662 3641 3578 3620 3619 3588 4067 4065 4065 4065 4065 4065 4065 4065
837 1683102239 374 3687 3663 3642 3578 3620 3619 3588 4067 4067 4066 4066 4066 4066 4066 4066
838 1683102239 374 3687 3662 3641 3577 3620 3619 3587 4065 4065 4065 4065 4065 4065 4065 4065
839 1683102239 374 3688 3663 3642 3578 3620 3620 3588 4065 4065 4065 4065 4065 4065 4065 4065
840 1683102239 374 3688 3663 3642 3578 3621 3620 3588 4067 4065 4065 4065 4065 4065 4065 4065
841 1683102239 374 3688 3663 3642 3578 3620 3619 3588 4065 4065 4065 4065 4065 4065 4065 4065
842 1683102239 374 3687 3662 3642 3578 3620 3620 3587 4065 4065 4065 4065 4065 4065 4065 4065
843 1683102239 374 3688 3663 3642 3578 3620 3620 3587 4067 4067 4066 4066 4066 4066 4066 4066
844 1683102239 374 3689 3664 3643 3579 3621 3621 3589 4067 4067 4066 4066 4066 4066 4066 4066
845 1683102239 374 3688 3663 3642 3578 3620 3620 3588 4067 4067 4066 4066 4066 4066 4066 4066
846 1683102239 373 3688 3663 3642 3578 3620 3619 3587 4065 4065 4065 4065 4065 4065 4065 4065
847 1683102239 374 3688 3663 3642 3578 3620 3619 3587 4067 4067 4066 4066 4066 4066 4066 4066
848 1683102239 374 3687 3664 3643 3579 3621 3620 3589 4065 4065 4065 4065 4065 4065 4065 4065
849 1683102239 374 3688 3663 3642 3578 3620 3620 3588 4067 4065 4065 4065 4065 4065 4065 4065
850 1683102239 374 3688 3662 3641 3577 3620 3619 3587 4065 4065 4065 4065 4065 4065 4065 4065
851 1683102239 373 3688 3663 3642 3579 3621 3621 3588 4061 4061 4060 4060 4060 4060 4060 4060
852 1683102239 374 3687 3663 3642 3578 3620 3620 3587 4065 4065 4065 4065 4065 4065 4065 4065
853 1683102239 374 3688 3663 3643 3579 3621 3621 3588 4067 4067 4066 4066 4066 4066 4066 4066
854 1683102239 374 3687 3662 3641 3577 3620 3619 3587 4065 4065 4065 4065 4065 4065 4065 4065
855 1683102239 374 3687 3662 3642 3577 3619 3619 3587 4065 4065 4065 4065 4065 4065 4065 4065
856 1683102240 374 3689 3664 3643 3579 3622 3621 3589 4065 4065 4065 4065 4065 4065 4065 4065
857 1683102240 374 3689 3664 3643 3579 3621 3621 3589 4067 4067 4066 4066 4066 4066 4066 4066
858 1683102240 374 3688 3663 3643 3579 3621 3620 3589 4067 4067 4066 4066 4066 4066 4066 4066
859 1683102240 374 3688 3664 3642 3579 3621 3620 3589 4065 4065 4065 4065 4065 4065 4065 4065
860 1683102240 374 3688 3663 3642 3578 3620 3620 3588 4067 4067 4066 4066 4066 4066 4066 4066
861 1683102240 374 3688 3663 3642 3578 3620 3620 3588 4065 4065 4065 4065 4065 4065 4065 4065
862 1683102240 374 3688 3663 3641 3577 3620 3620 3588 4067 4067 4066 4066 4066 4066 4066 4066
863 1683102240 374 3690 3665 3644 3581 3623 3622 1356 4065 4065 4065 4065 4065 4065 4065 4065
864 1683102240 374 3689 3664 3643 3579 3621 3620 3588 4065 4065 4065 4065 4065 4065 4065 4065
865 1683102240 374 3688 3663 3642 3578 3620 3620 3588 4067 4067 4066 4066 4066 4066 4066 4066
866 1683102240 374 3689 3664 3643 3579 3622 3621 3589 4067 4067 4066 4066 4066 4066 4066 4066
867 1683102240 374 3688 3664 3643 3579 3622 3621 3589 4065 4065 4065 4065 4065 4065 4065 4065
868 1683102240 373 3689 3663 3643 3578 3620 3620 3588 4065 4065 4065 4065 4065 4065 4065 4065
869 1683102240 374 3688 3663 3642 3578 3621 3620 3589 4065 4065 4065 4065 4065 4065 4065 4065
870 1683102240 374 3689 3664 3643 3579 3621 3621 3589 4065 4065 4065 4065 4065 4065 4065 4065
871 1683102240 375 3688 3663 3642 3579 3621 3621 3589 4065 4065 4065 4065 4065 4065 4065 4065
872 1683102240 374 3689 3664 3643 3579 3621 3620 3588 4067 4067 4066 4066 4066 4066 4066 4066
873 1683102240 374 3688 3663 3642 3578 3620 3620 3588 4067 4067 4066 4066 4066 4066 4066 4066
874 1683102240 374 3689 3664 3643 3579 3621 3621 3589 4067 4067 4066 4066 4066 4066 4066 4066
875 1683102240 374 3688 3663 3642 3579 3621 3621 3589 4067 4067 4066 4066 4066 4066 4066 4066
876 1683102240 374 3689 3664 3643 3580 3622 3621 3589 4067 4067 4066 4066 4066 4066 4066 4066
877 1683102240 375 3688 3663 3642 3578 3621 3620 3588 4065 4065 4065 4065 4065 4065 4065 4065
878 1683102240 374 3689 3663 3642 3579 3621 3620 3588 4067 4067 4066 4066 4066 4066 4066 4066
879 1683102240 374 3688 3664 3643 3579 3621 3621 3589 4061 4061 4061 4061 4061 4061 4061 4061
880 1683102240 374 3687 3663 3642 3578 3620 3620 3588 4065 4065 4065 4065 4065 4065 4065 4065
881 1683102240 374 3689 3664 3643 3579 3621 3621 3589 4067 4067 4066 4066 4066 4066 4066 4066
882 1683102240 374 3687 3662 3641 3578 3620 3620 3588 4067 4067 4066 4066 4066 4066 4066 4066
883 1683102240 375 3688 3663 3643 3579 3621 3620 3589 4067 4067 4066 4066 4066 4066 4066 4066
884 1683102240 374 3689 3664 3643 3579 3621 3620 3589 4065 4065 4065 4065 4065 4065 4065 4065
885 1683102248 374 3686 3662 3641 3577 3619 3619 3587 4065 4065 4065 4065 4065 4065 4065 4065
886 1683102248 374 3687 3662 3641 3578 3620 3619 3587 4065 4065 4065 4065 4065 4065 4065 4065
887 1683102248 374 3687 3662 3641 3578 3620 3619 3587 4065 4065 4065 4065 4065 4065 4065 4065
888 1683102248 374 3687 3662 3642 3578 3620 3620 3588 4065 4065 4065 4065 4065 4065 4065 4065
889 1683102248 374 3687 3662 3642 3578 3620 3619 3587 4065 4065 4065 4065 4065 4065 4065 4065
890 1683102248 374 3688 3663 3642 3578 3620 3619 3588 4067 4067 4066 4066 4066 4066 4066 4066
891 1683102248 374 3688 3663 3642 3578 3620 3620 3588 4067 4067 4066 4066 4066 4066 4066 4066
892 1683102248 374 3687 3662 3642 3577 3620 3619 3587 4067 4067 4066 4066 4066 4066 4066 4066
893 1683102248 374 3687 3662 3641 3578 3619 3619 3587 4067 4067 4066 4066 4066 4066 4066 4066
894 1683102248 374 3686 3662 3641 3577 3620 3618 3587 4065 4065 4065 4065 4065 4065 4065 4065
895 1683102248 375 3686 3661 3641 3577 3619 3619 3587 4067 4067 4066 4066 4066 4066 4066 4066
896 1683102248 374 3686 3662 3642 3578 3620 3620 3588 4067 4067 4066 4066 4066 4066 4066 4066
897 1683102248 374 3687 3663 3642 3578 3620 3620 3587 4067 4067 4066 4066 4066 4066 4066 4066
898 1683102248 374 3687 3663 3642 3577 3620 3620 3588 4065 4065 4065 4065 4065 4065 4065 4065
899 1683102248 374 3686 3661 3641 3577 3619 3619 3587 4065 4065 4065 4065 4065 4065 4065 4065
900 1683102248 375 3687 3662 3642 3578 3620 3620 3588 4067 4067 4066 4066 4066 4066 4066 4066
901 1683102248 375 3687 3661 3641 3577 3619 3619 3587 4067 4067 4066 4066 4066 4066 4066 4066
902 1683102248 374 3688 3663 3642 3578 3620 3620 3588 4065 4065 4065 4065 4065 4065 4065 4065
903 1683102248 374 3687 3662 3641 3577 3620 3619 3587 4067 4067 4066 4066 4066 4066 4066 4066
904 1683102248 374 3688 3663 3642 3579 3620 3621 3589 4067 4065 4065 4065 4065 4065 4065 4065
905 1683102248 374 3687 3662 3641 3578 3620 3619 3587 4067 4067 4066 4066 4066 4066 4066 4066
906 1683102248 374 3687 3662 3642 3578 3620 3619 3587 4067 4067 4066 4066 4066 4066 4066 4066
907 1683102248 374 3687 3663 3642 3578 3620 3620 3588 4067 4067 4066 4066 4066 4066 4066 4066
908 1683102248 374 3686 3662 3641 3577 3619 3619 3587 4067 4067 4066 4066 4066 4066 4066 4066
909 1683102248 374 3688 3663 3642 3578 3621 3621 3588 4067 4067 4066 4066 4066 4066 4066 4066
910 1683102248 374 3687 3662 3641 3578 3620 3620 3587 4067 4067 4066 4066 4066 4066 4066 4066
911 1683102248 374 3687 3663 3643 3579 3621 3620 3588 4067 4067 4066 4066 4066 4066 4066 4066
912 1683102248 375 3688 3663 3642 3578 3620 3620 3589 4067 4067 4066 4066 4066 4066 4066 4066
913 1683102248 374 3687 3662 3641 3578 3621 3620 3588 4065 4065 4065 4065 4065 4065 4065 4065
914 1683102248 374 3688 3663 3643 3579 3620 3620 3588 4065 4065 4065 4065 4065 4065 4065 4065
915 1683102248 375 3687 3662 3642 3578 3620 3619 3588 4065 4065 4065 4065 4065 4065 4065 4065
916 1683102248 374 3687 3662 3641 3578 3620 3620 3588 4067 4065 4065 4065 4065 4065 4065 4065
917 1683102248 374 3689 3664 3643 3579 3621 3621 3589 4067 4067 4066 4066 4066 4066 4066 4066
918 1683102248 375 3687 3662 3641 3577 3619 3619 3587 4065 4065 4065 4065 4065 4065 4065 4065
919 1683102248 375 3687 3662 3641 3577 3620 3620 3588 4067 4067 4066 4066 4066 4066 4066 4066
920 1683102248 374 3688 3663 3642 3578 3620 3619 3588 4067 4067 4066 4066 4066 4066 4066 4066
921 1683102248 374 3688 3663 3643 3578 3620 3620 3587 4065 4065 4065 4065 4065 4065 4065 4065
922 1683102248 375 3688 3663 3642 3578 3620 3620 3588 4063 4063 4063 4063 4063 4063 4063 4063
923 1683102248 375 3688 3664 3643 3579 3621 3621 3589 4067 4067 4066 4066 4066 4066 4066 4066
924 1683102248 375 3688 3663 3643 3578 3620 3619 3588 4065 4065 4065 4065 4065 4065 4065 4065
925 1683102248 374 3687 3663 3642 3578 3620 3620 3588 4065 4065 4065 4065 4065 4065 4065 4065
926 1683102248 374 3687 3663 3642 3578 3620 3619 3588 4067 4067 4066 4066 4066 4066 4066 4066
927 1683102248 374 3687 3663 3643 3579 3621 3620 3588 4063 4063 4063 4063 4063 4063 4063 4063
928 1683102248 374 3688 3663 3642 3579 3621 3621 3589 4065 4065 4065 4065 4065 4065 4065 4065
929 1683102248 375 3687 3662 3641 3577 3619 3619 3587 4065 4065 4065 4065 4065 4065 4065 4065
930 1683102248 374 3688 3664 3643 3579 3621 3621 3589 4065 4065 4065 4065 4065 4065 4065 4065
931 1683102248 375 3687 3663 3642 3578 3620 3620 3588 4065 4065 4065 4065 4065 4065 4065 4065
932 1683102248 375 3689 3663 3643 3579 3621 3621 3589 4069 4067 4066 4066 4066 4066 4066 4066
933 1683102248 375 3687 3663 3642 3578 3620 3620 3588 4067 4067 4066 4066 4066 4066 4066 4066
934 1683102248 375 3688 3663 3642 3578 3621 3621 3589 4065 4065 4065 4065 4065 4065 4065 4065
935 1683102248 375 3688 3664 3643 3579 3621 3620 3588 4067 4067 4066 4066 4066 4066 4066 4066
936 1683102248 374 3688 3663 3643 3579 3621 3620 3588 4067 4067 4067 4067 4067 4067 4067 4067
937 1683102248 374 3687 3663 3642 3578 3621 3620 3588 4067 4067 4066 4066 4066 4066 4066 4066
938 1683102248 375 3688 3663 3642 3579 3621 3620 3588 4067 4067 4066 4066 4066 4066 4066 4066
939 1683102248 375 3687 3663 3642 3578 3620 3620 3588 4067 4067 4066 4066 4066 4066 4066 4066
940 1683102248 374 3687 3662 3641 3578 3620 3620 3588 4065 4065 4065 4065 4065 4065 4065 4065
941 1683102248 374 3687 3662 3641 3578 3620 3619 3587 4065 4065 4065 4065 4065 4065 4065 4065
942 1683102249 375 3688 3663 3642 3578 3621 3620 3588 4067 4065 4065 4065 4065 4065 4065 4065
943 1683102249 375 3687 3662 3642 3578 3620 3620 3588 4065 4065 4065 4065 4065 4065 4065 4065
944 1683102249 374 3688 3663 3643 3578 3621 3620 3588 4065 4065 4065 4065 4065 4065 4065 4065
945 1683102249 374 3688 3663 3642 3578 3621 3620 3589 4065 4065 4065 4065 4065 4065 4065 4065
946 1683102249 374 3688 3663 3642 3579 3621 3620 3588 4065 4065 4065 4065 4065 4065 4065 4065
947 1683102249 375 3687 3662 3641 3578 3620 3620 3588 4065 4065 4064 4064 4064 4064 4064 4064
948 1683102249 375 3688 3663 3643 3579 3621 3620 3588 4067 4067 4066 4066 4066 4066 4066 4066
949 1683102249 375 3688 3663 3642 3578 3620 3620 3588 4067 4067 4066 4066 4066 4066 4066 4066
950 1683102249 375 3688 3663 3642 3578 3621 3620 3588 4065 4065 4065 4065 4065 4065 4065 4065
951 1683102249 375 3687 3663 3642 3579 3621 3620 3588 4061 4061 4060 4060 4060 4060 4060 4060
952 1683102249 375 3688 3663 3643 3579 3621 3620 3589 4065 4065 4065 4065 4065 4065 4065 4065
953 1683102249 375 3689 3663 3643 3579 3621 3621 3589 4067 4067 4066 4066 4066 4066 4066 4066
954 1683102249 374 3688 3664 3642 3579 3621 3621 3589 4065 4065 4065 4065 4065 4065 4065 4065
955 1683102249 375 3687 3662 3642 3578 3620 3619 3587 4067 4067 4066 4066 4066 4066 4066 4066
956 1683102249 376 3688 3664 3643 3579 3621 3621 3588 4067 4067 4066 4066 4066 4066 4066 4066
957 1683102249 375 3688 3663 3642 3578 3621 3621 3588 4065 4065 4065 4065 4065 4065 4065 4065
958 1683102249 375 3686 3662 3641 3577 3619 3619 3586 4065 4065 4065 4065 4065 4065 4065 4065
959 1683102249 375 3688 3664 3643 3579 3621 3620 3588 4067 4067 4066 4066 4066 4066 4066 4066
960 1683102249 374 3687 3663 3642 3578 3620 3620 3588 4067 4067 4066 4066 4066 4066 4066 4066
961 1683102249 375 3688 3663 3643 3579 3621 3620 3588 4065 4065 4065 4065 4065 4065 4065 4065
962 1683102249 375 3688 3663 3642 3579 3621 3621 3589 4065 4065 4064 4064 4064 4064 4064 4064
963 1683102249 375 3688 3663 3642 3578 3621 3620 3588 4067 4067 4066 4066 4066 4066 4066 4066
964 1683102249 375 3688 3663 3642 3578 3620 3620 3588 4067 4067 4066 4066 4066 4066 4066 4066
965 1683102249 374 3689 3664 3643 3579 3622 3621 3589 4065 4065 4065 4065 4065 4065 4065 4065
966 1683102249 375 3688 3664 3643 3579 3621 3621 3588 4067 4067 4066 4066 4066 4066 4066 4066
967 1683102249 375 3687 3662 3641 3578 3620 3620 3587 4067 4067 4066 4066 4066 4066 4066 4066
968 1683102249 375 3688 3663 3643 3579 3621 3620 3589 4065 4065 4065 4065 4065 4065 4065 4065
969 1683102249 375 3688 3664 3643 3579 3621 3621 3588 4067 4067 4066 4066 4066 4066 4066 4066
970 1683102249 375 3688 3663 3643 3579 3621 3621 3588 4067 4067 4066 4066 4066 4066 4066 4066
971 1683102249 375 3689 3664 3643 3579 3621 3621 3589 4067 4067 4066 4066 4066 4066 4066 4066
972 1683102249 375 3688 3663 3643 3579 3621 3621 3589 4067 4065 4065 4065 4065 4065 4065 4065
973 1683102249 375 3689 3663 3643 3579 3621 3621 3588 4067 4067 4066 4066 4066 4066 4066 4066
974 1683102249 375 3688 3664 3644 3579 3621 3621 3589 4065 4065 4065 4065 4065 4065 4065 4065
975 1683102249 374 3687 3664 3643 3578 3620 3620 3588 4067 4067 4066 4066 4066 4066 4066 4066
976 1683102249 375 3688 3664 3643 3579 3622 3622 3589 4067 4067 4066 4066 4066 4066 4066 4066
977 1683102249 375 3689 3664 3643 3579 3622 3621 3589 4063 4063 4063 4063 4063 4063 4063 4063
978 1683102249 375 3688 3664 3643 3579 3621 3621 3589 4067 4067 4066 4066 4066 4066 4066 4066
979 1683102249 375 3689 3664 3643 3579 3621 3621 3589 4067 4067 4066 4066 4066 4066 4066 4066
980 1683102249 375 3689 3664 3643 3579 3622 3621 3589 4067 4067 4066 4066 4066 4066 4066 4066
981 1683102249 375 3687 3662 3642 3578 3620 3620 3588 4067 4067 4066 4066 4066 4066 4066 4066
982 1683102249 375 3688 3663 3642 3578 3620 3620 3588 4065 4065 4065 4065 4065 4065 4065 4065
983 1683102249 375 3688 3663 3643 3579 3621 3621 3588 4067 4067 4066 4066 4066 4066 4066 4066
984 1683102249 375 3688 3664 3643 3579 3622 3621 3589 4065 4065 4065 4065 4065 4065 4065 4065
985 1683102249 375 3689 3664 3643 3579 3621 3621 3588 4067 4067 4066 4066 4066 4066 4066 4066
986 1683102249 375 3688 3663 3643 3578 3621 3621 3589 4067 4067 4066 4066 4066 4066 4066 4066
987 1683102249 375 3689 3664 3642 3578 3620 3620 3588 4065 4065 4065 4065 4065 4065 4065 4065
988 1683102249 375 3688 3663 3642 3578 3620 3620 3588 4067 4067 4066 4066 4066 4066 4066 4066
989 1683102249 375 3688 3663 3642 3579 3621 3621 3588 4067 4067 4067 4067 4067 4067 4067 4067
990 1683102249 375 3688 3664 3643 3579 3621 3621 3588 4067 4067 4066 4066 4066 4066 4066 4066
991 1683102249 375 3688 3664 3642 3578 3621 3620 3588 4067 4067 4066 4066 4066 4066 4066 4066
992 1683102249 375 3689 3664 3643 3579 3622 3622 3590 4065 4065 4065 4065 4065 4065 4065 4065
993 1683102249 375 3689 3664 3643 3579 3621 3621 3589 4065 4065 4065 4065 4065 4065 4065 4065
994 1683102249 375 3688 3663 3643 3579 3621 3621 3589 4065 4065 4065 4065 4065 4065 4065 4065
995 1683102249 375 3688 3663 3643 3578 3621 3620 3588 4067 4067 4066 4066 4066 4066 4066 4066
996 1683102249 375 3688 3663 3642 3578 3621 3620 3588 4067 4067 4066 4066 4066 4066 4066 4066
997 1683102249 375 3689 3664 3643 3579 3621 3621 3589 4067 4067 4066 4066 4066 4066 4066 4066
998 1683102249 375 3688 3664 3643 3579 3621 3621 3589 4065 4065 4065 4065 4065 4065 4065 4065
999 1683102249 374 3688 3663 3642 3579 3620 3620 3588 4067 4067 4066 4066 4066 4066 4066 4066
1000 1683102249 375 3688 3664 3643 3579 3621 3621 3589 4065 4065 4065 4065 4065 4065 4065 4065
